0.9867304880347672 0.048304873556244174 0.16026807772391247 0.0
0.9964308503187852 0.04755199774430459 0.14841176937033695 0.0
0.99537367624413 0.04573491960120929 0.15635521264315133 0.0
0.9949724144849031 0.05039113220017168 0.14926524406974326 0.0
0.9941031129826232 0.04552963819190579 0.15641254193027573 0.0
0.9957693334885537 0.04879446036722671 0.1566476538162958 0.0
0.9951128306451835 0.04654021416007489 0.15436327122479812 0.018780788177339903
0.9884597150485316 0.043448861734899646 0.15615936509699366 0.0022342802425789976
0.9937573215746083 0.04458381197801856 0.16028790172245536 0.02383592017738359
0.9908190727947646 0.0460622864920219 0.1670910941576259 0.10792741165234002
0.9961766558773054 0.047981875217845936 0.16062947933608143 0.0
0.9905031295137218 0.046236468237900945 0.17140568006268375 0.07156726768377254
0.9881201415930132 0.04809306563648732 0.16448938126778592 0.0
0.9849352191093583 0.04513089395494364 0.1746030510706453 0.03370473537604457
0.9942860642747589 0.04701503546515197 0.17450107025066877 0.0
0.9915998020816678 0.047734762118784885 0.18177218694140362 0.03547671840354767
0.9954224227991916 0.04497451469166855 0.17967034730692688 0.0760039827414537
0.994565204017098 0.04858892376052077 0.17929371619308318 0.0
0.9946478976502071 0.048303198029060905 0.181504976973425 0.0
0.9937376127935799 0.04927372944496995 0.1858525210881373 0.0
0.9890251563538537 0.04532708751522803 0.18918069184581351 0.04132231404958678
0.9964207360722731 0.04749434101015362 0.18643332122225934 0.03796745646588638
0.9937284522141683 0.047083138415761096 0.18720373566135418 0.02118522759805325
0.9950072955268348 0.04300144051037417 0.18877692251657238 0.09334735734946095
0.9865364689859915 0.043265519342949185 0.19612613538218512 0.05561926605504587
0.993696180576761 0.043387344628372466 0.20078108074024012 0.07500691945751453
0.9935106621032205 0.04006508880900854 0.19633377304462532 0.000854457419538593
0.9971847237487357 0.04507895407453405 0.20226932990633467 0.15955903684363215
0.9918717678023246 0.04732366428704695 0.20686883365884542 0.1937732342007435
0.9970055581513063 0.04369051960426788 0.20569969997302032 0.2647374062165059
0.9898797974741514 0.0412009275440514 0.21464691467134797 0.12119688207191351
0.9897089831390533 0.04258337500935249 0.20910227520652042 0.22361546499477533
0.9950451351845736 0.04234683103501859 0.22212230505418068 0.26565414335198506
0.9947977233893471 0.04015164655944142 0.2234723731371212 0.20368004088934322
0.9949042466665023 0.036815395821846966 0.23180753144767252 0.24449220849005912
0.9937306245148403 0.037190381849814456 0.23288814025416363 0.10406158747013539
0.9944674672893824 0.036857236033414446 0.23391277271434677 0.22377430840865517
0.9953723947856984 0.03923766138216708 0.2389354966457494 0.29223504721930743
0.9946552491521492 0.042020573318542594 0.25367367631028187 0.25549872122762146
0.9917547849014502 0.036800852695270864 0.24611086488539952 0.051393505497315264
0.9950167220294343 0.03810812860020533 0.2565874180670377 0.08328995314940135
0.9922636655705389 0.037597594177046036 0.25245690222605155 0.2192256341789052
0.9963965429174788 0.03643238397408886 0.2657184173050019 0.21341197029270423
0.9867060131205485 0.03437216407682497 0.2637356377005337 0.17740384615384616
0.9887308875091585 0.03610005923017516 0.2739266063503249 0.23834745762711865
0.9943228410231735 0.038962969412099466 0.28287698727215227 0.4217870257037944
0.9921028801849082 0.040493638786211636 0.2877914936790606 0.4268060836501901
0.9951744153666219 0.03767915818221806 0.29676292512293145 0.43184681279919374
0.9945472220621749 0.037731596815229626 0.2991066458978189 0.3422756706753006
0.9893325112888958 0.040290431691157216 0.3029571786268274 0.436046511627907
0.9946636844888259 0.040371730900131075 0.30923012513824255 0.4890703186726363
0.9939106126189362 0.039610494327715 0.3200028921586349 0.4419270212258526
0.9946963579543653 0.038036404921679576 0.3280214851169466 0.4062196307094266
0.9946468472412979 0.04058827880198128 0.3407466019955076 0.41595887349128297
0.9953391094313053 0.040157627850274887 0.34674308148891825 0.31329423264907136
0.9960202354319351 0.039799315600109825 0.3459231401836639 0.40786993402450517
0.9925092453022233 0.03903240106149486 0.3501782061014681 0.3889143380668804
0.9970336484553223 0.04002451768732666 0.3564687025899382 0.38199827734711456
0.9943847850453773 0.03974238276151725 0.36721526512361236 0.3945414847161572
0.9913264471163565 0.04191908318981055 0.37381368454814784 0.44493392070484583
0.9946080857146623 0.043133983806700624 0.3987008987589959 0.3855773238849521
0.9937333814673602 0.044001807975955466 0.39272130561580515 0.4478945129732029
0.9955126758761986 0.042604509938029805 0.3981619487483896 0.4136191677175284
0.9955932786297628 0.04458637030622309 0.4188530233917232 0.34347323835194454
0.9954257261249296 0.046813663793396694 0.430121902630827 0.3401384697319368
0.9946779174269352 0.045086151445893605 0.4331198960429161 0.30575161435651
0.9945701203217509 0.04551734579934515 0.4263758271679153 0.38013150879687224
0.9954673580495418 0.04118269951273372 0.4318575500085526 0.30664302277997546
0.9962049105200075 0.04495125843522745 0.44446804077768154 0.18483643152853316
0.9964364699834131 0.044618486025553676 0.44253443579484153 0.171
0.9932580786190143 0.04013657710927561 0.4366648249987151 0.2068725792034959
0.9962154001493985 0.04231920129761172 0.44121528315523206 0.19706781795286923
0.9953274813008582 0.041123444079404006 0.46050051207826237 0.15370384074594834
0.9920452558148573 0.04344641920770558 0.4678058585866691 0.1973292343164569
0.9960343970561474 0.04205903404722842 0.4751978489445381 0.2018280016618197
0.9976106075287942 0.03945969826737762 0.4697591594853482 0.149326179983394
0.9931999050863628 0.04271417296331116 0.4661107533959286 0.256906922214293
0.995612298432999 0.04035121045188797 0.45607689816754926 0.5454545454545454
0.9934484901205418 0.04339765520605009 0.4636378521657347 0.49333820040153314
0.9843423409508197 0.039782012404738984 0.4695188238770454 0.5408672294704528
0.9881069269030845 0.03928125896815682 0.47693045412739465 0.5484303215926493
0.9899502961802955 0.040450305123725175 0.4850638114035192 0.5242626070409134
0.9880650241913537 0.044259386216074524 0.5034365580739123 0.5529814665592264
0.994603105406271 0.04596575626967293 0.5118577740711932 0.5161065645133206
0.9943623249032177 0.043289403272176216 0.5184502334785284 0.5975188122839129
0.9957809449340158 0.04476255090479646 0.5373364456133911 0.45535714285714285
0.9948863833229189 0.042836648269218486 0.5462216406721324 0.4878808864265928
0.9936372910692327 0.040524508721770235 0.562653520894219 0.5690165361183638
0.9952937162462824 0.03845614363194315 0.5634655714502678 0.5343642611683849
0.9922514247034401 0.03996557934909953 0.5790347845746399 0.5199364855328158
0.9932510614696095 0.03867188595559865 0.6087371797244516 0.4853906762967827
0.9919408322769667 0.03407645807342048 0.6082902043927466 0.5291037881121035
0.993374464848997 0.032751115011070045 0.6328827699899194 0.44937671024627546
0.9944520669069267 0.023485068764836844 0.6390412077701436 0.5540828762949421
0.9953512415721301 0.021732514676126292 0.6643459574260863 0.6012871590560833
0.9934396551724138 0.018253842578166903 0.6930657839068378 0.507286432160804
0.9944424134327421 0.0076375578044367 0.7054673762616452 0.5142929420693144
0.9945831014876204 0.002798932871214885 0.7201034421175687 0.46781648066734305
0.9899433037119838 1.2712416535040187e-05 0.7442161258086737 0.4416685009905349
0.9914064613363218 0.00028260163061140863 0.7673861853976092 0.4228450874020494
0.9935490376374161 0.0 0.782291567864934 0.3576702895544678
0.9959179642884337 0.0006968912800869409 0.8212923181855849 0.20005620872171997
0.9851309006725767 0.0 0.8327274144739564 0.2162754638293322
0.9920682117337345 0.0 0.8808750397334079 0.31942265453404456
0.9908468850674336 0.0 0.9042960575624639 0.48052719069104727
0.9939814482913326 0.0 0.9307571611019887 0.31428362893219475
0.9935642545013613 0.0 0.9112366274849834 0.11719788542986985
0.9910304140355468 0.0 0.9162637427786597 0.1513287775246773
0.990017587578042 0.0 0.9247101206033549 0.24694066035557607
0.9961692792361911 0.0 0.9360516861966368 0.5494744937195591
0.9948893856298653 0.0 0.9354687542842329 0.5811748998664886
0.9925124903149964 0.0 0.9357369406867846 0.5676100628930818
0.9943821479628306 0.0 0.93533984522477 0.5206241683803072
0.9950908954872197 0.0 0.940693781537227 0.5517039465979623
0.9960330674557324 0.0 0.9424327027078787 0.5746428571428571
0.988775594571705 0.0 0.9362873682126786 0.6118554095045501
0.9944882180623915 0.0 0.940452226447197 0.5615885124523222
0.9967277124187442 0.0 0.939957807161879 0.6129218012207762
0.9919291582146073 0.0 0.9374294122913581 0.5942235888425215
0.9928666652946516 0.0 0.9436624207986504 0.6091703056768559
0.993741239289906 0.0 0.9433321398346461 0.5775834825661014
0.9945411513208123 0.0 0.9417146922572136 0.645518843027552
0.9946062793333007 0.0 0.9430729288063605 0.671437461107654
0.9922797868458909 0.0 0.9440565208496241 0.7031635388739946
0.9894403808196912 0.0 0.9478432316470338 0.6403084928451961
0.9953139339025382 0.0 0.9525112555913108 0.6904123199205167
0.9945103733152911 0.0 0.9454374980602649 0.6259856630824373
0.9951314574701771 0.0 0.950377236082936 0.6521077597780364
0.9934227206131465 0.0 0.9536571534374577 0.6480567274032851
0.9952922420255725 0.0 0.9495209448259432 0.6991593632623859
0.9948825619140458 0.0 0.9492855280001773 0.6617065062529682
0.9951307222869289 0.0 0.9525891348199396 0.72052913596785
0.9948574529543474 0.0 0.9480672223850923 0.7545386095540868
0.9970844073720084 0.0 0.9483654052877928 0.718384697130712
0.9945086500054849 0.0 0.9515114660868399 0.7567860180960483
0.9953843399573589 0.0 0.9528501187959164 0.795279307631786
0.9965153969050589 0.0 0.9532751481174747 0.7888947487380397
0.994223034166785 0.0 0.9523844717074941 0.7634631910627327
0.9946590067800348 0.0 0.9525101233434151 0.7362223268959021
0.9964578087445842 0.0 0.9538468626792779 0.7541841680129241
0.9959233605688528 0.0 0.9558386446542677 0.7860858257477243
0.9967879322532965 0.0 0.9610736663238966 0.8130388270089988
0.9937495013212054 0.0 0.9581928954042025 0.8158998322549724
0.9908140728965915 0.0 0.9592825586017666 0.8365875109938434
0.9945865788143948 0.0 0.9574432681915772 0.8052729460671699
0.9954352346184335 0.0 0.9602093278425714 0.7734869131485577
0.9961447678077642 0.0 0.959441460058469 0.7937162643853753
0.9964679245630683 0.0 0.9629600987248046 0.7914916220000966
0.9952245746709074 0.0 0.9643409836935698 0.8131011690425689
0.9967394712795862 0.0 0.9679198495040474 0.8699377334993773
0.9972019402829911 0.0 0.9695118582936669 0.872927406994566
0.9951241334474791 0.0 0.9634050376395379 0.8711535227845972
0.9938589021528307 0.0 0.9635897440403645 0.8672310796376153
0.9955771163387825 0.0 0.9646503018208543 0.8533959751405741
0.9953518913918965 0.0 0.9620298086895728 0.838730952133014
0.9963057245418877 0.0 0.9658047094960036 0.8592624556046071
0.9945392993504293 0.0 0.9637394286196995 0.8647608920026272
0.9910163132207304 0.0 0.9569845164123242 0.8507374631268436
0.9941237642717906 0.0 0.9627294559066847 0.896088782924614
0.9909587018387113 0.0 0.9595894721303578 0.8661235189801846
0.9900308870905247 0.0 0.9600167015043357 0.8914264687844965
0.9949790263832176 0.0 0.9649740082689653 0.9190053980117731
0.9933440955632165 0.0 0.9646567091835211 0.8910330948121645
0.9848496303810839 0.0 0.9595120678585163 0.8799959750452807
0.9886249589379368 0.0 0.9609118944265286 0.8627541080027938
0.9947353296297011 0.0 0.9661871313700366 0.8700267602388927
0.9919939777506258 0.0 0.9655050975336055 0.885675441848968
0.9923139774820313 0.0 0.9682534256233981 0.8635633203491586
0.9949293040246254 0.0 0.9679790129653009 0.8865119342366845
0.9865120498449378 0.0 0.9627136485068625 0.8865359243274671
0.9868806952901035 0.0 0.95941389356258 0.8678509574941857
0.9913932572026842 0.0 0.9612200394515309 0.86094934184284
0.9913379247782858 0.0 0.9626739885031296 0.8872868948060649
0.991585484452919 0.0 0.9639638699261671 0.8705726409016521
0.9921583852792377 0.0 0.9627515001609671 0.8842195368246474
0.9959270829214283 0.0 0.9612690062461253 0.8714968088015406
0.9965948960727641 0.0 0.9626748067918942 0.8807799615920161
0.9899897160397229 0.0 0.9499540803787399 0.8637340682667523
0.9959764536431098 0.0 0.946996702568636 0.862194219948651
0.9943016599199981 0.0 0.9382692061767473 0.8752216740416731
0.9953980835627373 0.0 0.9131276472045209 0.8218284236305338
0.9912818394732025 0.0 0.8835270231333299 0.8189525612344404
0.9921410147350272 0.0 0.8756849007455313 0.8841521687922738
0.989854355105867 0.006052179602519015 0.20065758954367519 0.462427167015901
