0.9869150785413655 0.02656956928795768 0.1731836361991608 0.0
0.9959811876555977 0.02657943582986576 0.16017133060663938 0.0
0.9958179953723181 0.028413054018055883 0.17083943603401408 0.0
0.9946609652782235 0.02805737270233462 0.15966813909824223 0.0
0.994293211776084 0.025629608646772953 0.16853583652821233 0.0
0.9952917538627464 0.026002040237131437 0.16799515953105346 0.0
0.9954524978199266 0.025748850583215337 0.16280434035858368 0.0
0.9885171549601899 0.024333001469350364 0.16852704741426985 0.0
0.9937433618173808 0.024259147581448186 0.16938461823367099 0.0
0.9906108038678454 0.02543056370106888 0.1754733500904931 0.0
0.9957013488730453 0.025819439051636226 0.16928063955811476 0.0
0.9895340787289606 0.0252079545382554 0.1808875363836941 0.0
0.9882567825734639 0.02551216334290209 0.1704854339404584 0.0
0.9851719893761741 0.02303253904407889 0.18327759044337896 0.0
0.9942103853365477 0.024577429720822927 0.1839170987987039 0.0
0.9917669777758755 0.024520642319364284 0.19153012489384413 0.0
0.9957701211091572 0.02266707994563792 0.1890686711683017 0.0036508463325589115
0.9949109633864912 0.02204498413664884 0.18679910031944033 0.0
0.9948372562936973 0.02600526990112892 0.19193392609602308 0.0
0.9938963672794646 0.0221801471159977 0.19341454514521852 0.0
0.9884886039851437 0.0223956326457378 0.19876371206915977 0.0
0.9960649598572268 0.022665852511270113 0.19614109019612835 0.01598629745932058
0.9942210541187017 0.023506965693509487 0.19476513784245758 0.0
0.9955648011485371 0.021187749054918468 0.19651417885807174 0.0
0.9863234367062654 0.024817485185134127 0.20627842710774244 0.0
0.9940907309102766 0.023052051298764146 0.20804951446831244 0.0
0.9931656883573449 0.020506103042058948 0.20649992878958112 0.0
0.9977637671884543 0.02222235410954297 0.20789235823836327 0.0
0.9920354412533272 0.02377457678490686 0.2100376287745146 0.020446096654275093
0.9971992748774227 0.022748093726836074 0.21153251292321332 0.011254019292604502
0.9899354112781845 0.01906638457290557 0.21725199194050906 0.01684686949962283
0.9903744569525342 0.021730434747998996 0.21297220828830082 0.12573999526403032
0.9959191738689668 0.022157206629442667 0.2258259632444278 0.1508162736460223
0.9957073103570357 0.02195342525426808 0.22443655738599647 0.18225238813474107
0.9959330105211786 0.02054122244584187 0.2312689783466384 0.20123589468027941
0.994796095959496 0.021495975491945943 0.23104594512031895 0.04220865410140696
0.9946380797086578 0.019645820688153223 0.23320326173522246 0.23883867433579842
0.9952403789712424 0.019122864734910792 0.2380194698984814 0.11358866736621197
0.9955645677052375 0.020801219125128844 0.2561606268669747 0.062148337595907925
0.9922839718530102 0.01896666495980337 0.24807974013897985 0.0
0.9956271119061817 0.021051456012508026 0.2580745075760524 0.0010062893081761006
0.9927861314227443 0.02429298715175925 0.2549710569692857 0.03391188251001335
0.9967959671364306 0.022659122290429372 0.2666360644755084 0.190694626474443
0.9874709624331424 0.01980271044599988 0.2625406729214894 0.152651696129957
0.9886841578209493 0.023204221318668155 0.27274307298948686 0.08170699973978662
0.9943704047011529 0.024510420553275413 0.28114995562889705 0.2645390070921986
0.9930230725252674 0.025519543099600923 0.28615103610373077 0.1788675669272684
0.9955370016720773 0.021110162254483346 0.2968646220041612 0.30483361671119746
0.9942090833438529 0.0223361080005254 0.2992025861387266 0.28762541806020064
0.9888242093813302 0.02449875410115376 0.3010919175270482 0.4739020464474592
0.9942014544968498 0.02433712378212609 0.3074307614744443 0.4335577162802294
0.9934793465947157 0.02323724494198455 0.31982686828318724 0.4191088873004527
0.9944796924138756 0.024392227104771926 0.32719049601352446 0.4205949656750572
0.9941838646862307 0.022768063781751544 0.33798575450071466 0.3174366616989568
0.9950738735656063 0.019403253915900146 0.3450320875145655 0.40205178309721545
0.9954817758479719 0.018831657840945766 0.34383549358195437 0.48059280169371915
0.9924359198076624 0.020637821631722692 0.34921870408288075 0.44983089064261556
0.9962892859170428 0.020771549582261465 0.3554478626955922 0.3813723381372338
0.9940245596742728 0.019913092010843566 0.36666464698969803 0.40643776824034333
0.9907328783763955 0.02108183707042707 0.37097642243946544 0.4282839370654958
0.9948166480591479 0.023885727290444008 0.39532594279864147 0.4051130776794494
0.9937416900554016 0.026323894414551515 0.3888356759942225 0.3893381746162733
0.9949091338894169 0.027673880218816727 0.39663647896257664 0.42525481313703284
0.9949332523170142 0.02904176686206169 0.41752567432567433 0.48995897214424533
0.9945270511707954 0.029860522357445646 0.4289478257680724 0.5321905521227825
0.9939414395819471 0.02571129445203397 0.4286951735372584 0.3420436817472699
0.9945577088575084 0.025664513029707164 0.42132144279053724 0.3291242838770022
0.9946802824224578 0.0240096930977984 0.4223716726373529 0.17393969110076
0.995406435121515 0.023177247348047922 0.43805151864545233 0.1829320854627178
0.9958007736756379 0.023055630093069893 0.43735419469274656 0.19145498028569582
0.9927834415030199 0.019772912913584944 0.43179830097048844 0.24760668505597924
0.9963534888225716 0.020434150231367087 0.4361018420444862 0.2601888667992048
0.9950699918538233 0.020605299751097393 0.4549782678493557 0.19265830529213826
0.9907418530126593 0.014684687735083817 0.46055586737936166 0.30394219335955364
0.9959767567653368 0.014354279422276883 0.46698309219580253 0.2532570932252461
0.9976688118666183 0.014115221268008822 0.4648073822944533 0.18703322870440525
0.9926703642573337 0.01445405197394889 0.4607160985268978 0.3296198054818745
0.9955229456765932 0.013449989528677275 0.45120004253196544 0.7718040621266428
0.9929010103268193 0.01335369163757826 0.4578462118192237 0.6841098748261474
0.9844111084548569 0.012381805079378944 0.4650644644500757 0.760389367278173
0.9889409386885442 0.0117846432702864 0.4721474598666289 0.715738665747285
0.9902934255010194 0.013724823723011915 0.4788183309165614 0.569927482610626
0.9874894638077952 0.01733998568258063 0.49816923676907215 0.6794632240529981
0.9949209533803904 0.013288387705264228 0.50492400007258 0.6645345901363406
0.994450264437106 0.011399263656075322 0.5113457045152412 0.7216703458425313
0.9959740922830577 0.007455786828505049 0.5296648484091772 0.6939593013940074
0.9941034456833189 0.007251441247852906 0.5387901925931589 0.5734425349087003
0.9942090133310488 0.006111769459634779 0.5553092916292153 0.5090653877646508
0.9948066186415935 0.0050875841876212415 0.5563887191490684 0.476404741000878
0.9928209720984961 0.0025122137146590864 0.5711140669809288 0.623612960497115
0.9931303325912691 0.00014537319520187693 0.6000918364676427 0.5816546306854175
0.9916051169723781 0.0 0.5980594972621267 0.42869214158294994
0.9923040050807572 0.0 0.6234979994316702 0.4660775370581528
0.9939712795069803 0.0 0.631952127676246 0.4259665709944285
0.9940709305106677 0.0 0.6577450297470235 0.44836852207293665
0.9932215865450893 0.0 0.6886080401384428 0.49295774647887325
0.994253304964923 0.0 0.7034638441597288 0.4926600117439812
0.9946324848892781 0.0 0.7195595531563017 0.48065395095367847
0.9893177905457261 0.0 0.7422755988870117 0.39241684112584324
0.9915979074489455 0.0 0.7644636550275704 0.3435082584152206
0.9928652351532085 0.0 0.7747176979437224 0.22882020026121028
0.995869892084277 0.0 0.812575007021934 0.15087415113422917
0.9854615992358761 0.0 0.8254603612833992 0.18822179183702747
0.9919032098115567 0.0 0.8777538981241066 0.3031202733740407
0.9907927056457312 0.0 0.8929155572154841 0.21928284365367356
0.9937016814787578 0.0 0.9080680477262509 0.13053170022056407
0.9936038431843528 0.0 0.8818638803891 0.07521259480579177
0.9911308429025881 0.0 0.8980902855088311 0.11205480549657465
0.9900474402722699 0.0 0.9252805097430232 0.3132193541177785
0.9957766069830806 0.0 0.936400348036318 0.680258280521344
0.9941952884401334 0.0 0.9328477275996272 0.5015526572619998
0.9920851112147628 0.0 0.9347716328128906 0.5867504636307439
0.9947594028556842 0.0 0.9349240148664212 0.5565636518287497
0.9950986304307041 0.0 0.9352421358547035 0.36332756916996045
0.9953682348250216 0.0 0.9396208957463302 0.5005173099880621
0.9880549276773669 0.0 0.9356893055124874 0.6773156089193825
0.9937102556501994 0.0 0.9387553391693276 0.551909851686138
0.995550031075202 0.0 0.9385158735934058 0.6318757511324766
0.9913095554058377 0.0 0.9375616122284742 0.6375634517766497
0.991554829646043 0.0 0.9394639113825723 0.49938398357289526
0.9926798646218007 0.0 0.9428918323195202 0.6679511881824021
0.994880425667274 0.0 0.9426587966563302 0.764095981040782
0.9935896541621908 0.00030208598321037906 0.9436980871515878 0.7810083210964268
0.991925556722006 0.0 0.9445833977718706 0.8225939694341181
0.9893490986940201 0.0 0.9487890549791205 0.7688709529487298
0.9946920753718332 0.0 0.9531466039021087 0.8361075544174136
0.9945154343144292 0.0 0.9470048439203932 0.7957885304659498
0.995117359577194 0.0 0.9509636802516265 0.7503259452411994
0.9921131475924876 0.0 0.9532589873127141 0.7501198657503596
0.9947106879857687 0.0 0.9501124114554312 0.8224662746454514
0.9949687228789507 0.0 0.9504393664107538 0.7739945333853964
0.9956909322787174 0.0 0.9537674983314391 0.804996361872423
0.9946912634921041 0.0 0.9484428679185153 0.8333857524768046
0.9963039507422112 0.0 0.9484962399514453 0.8011860851956317
0.9942036526018526 0.0 0.9509953134864956 0.7700476514635807
0.9959030622873412 0.0 0.9538111416300782 0.8577707054633629
0.9962873604885352 0.0 0.9539165724600143 0.8705692013531402
0.9938131042843532 0.0 0.9533817634216825 0.8835136855506047
0.9948702661049458 0.0 0.9541772078038453 0.8683443708609272
0.996034258329603 0.0 0.9553475296581175 0.8725809542057865
0.995654303490105 0.0 0.9567014084138671 0.87764196587726
0.9967467020042139 0.0 0.9619514392730691 0.8895377428079666
0.9928046838165787 0.0 0.9585664625731964 0.895688786099745
0.9905743979031816 0.0 0.9602135576767513 0.919242792636332
0.9945462876474004 0.0 0.9586004750924263 0.8803861295367524
0.9953383463913338 0.0 0.9612975320436855 0.8520077063475968
0.9946452647728857 0.0 0.9582974976701714 0.8055909713368277
0.9953427981426444 0.0 0.9604620651770176 0.7424976586994585
0.9946742360342213 0.0 0.9643605626221589 0.8506837845380966
0.995973877936065 0.0 0.9668803194636663 0.85761846125781
0.9962895642613658 0.0 0.9691089931029084 0.8962222023756363
0.9935678017142526 8.683068017366137e-05 0.9620156673066939 0.8549896253376659
0.9925499660591915 0.0 0.9575550064589251 0.7177682139563479
0.9955406243756769 0.0 0.9640822656908579 0.8444681436631347
0.9950111762269142 0.0 0.9613516909912744 0.8351921504497138
0.9962293756031838 0.0 0.9625411865819865 0.779716994561968
0.9939873656952967 0.0 0.9610893946847356 0.8129200688774093
0.9898641963625101 0.0 0.9547639543431458 0.7986753574432296
0.9930823396007546 0.0 0.9565023318947515 0.7679805239972177
0.9913580463078273 0.0 0.9563014165914879 0.7894003714513134
0.9886981982330504 0.0 0.9568398837679722 0.8377836085815712
0.9941926660588405 0.0 0.9623697933459725 0.8476113466497661
0.992631453920815 0.0 0.9626996735451898 0.8601683522574507
0.9830860186466112 0.0 0.957967889297083 0.8810896760474338
0.988074689388443 0.0 0.9594506602886289 0.8425965720572813
0.9942619527519021 0.0 0.9593422293925432 0.7716926262580125
0.9912671043020942 0.0 0.9631700003160127 0.8623673802956672
0.9915291464464959 0.0 0.9667518086608503 0.8557954980902113
0.9940925195891215 0.0 0.9673730521513169 0.8874524168641815
0.9851763237891676 0.0 0.9580527875606579 0.8471723234287163
0.9850891704135207 0.0003845496496325414 0.9540684082455622 0.8278450408576356
0.9907775272178302 0.0 0.9594666483029327 0.8502308947605985
0.9897761186914195 0.0 0.9551056102909183 0.8265280541497579
0.9908665063461848 0.0 0.9595527989556861 0.8380369174108121
0.9907589242440017 0.0 0.9579889994839937 0.8557324487947293
0.9940894173050854 0.0 0.9566876557094276 0.8486020036693425
0.994860844051418 0.0 0.955624163407844 0.846818696592196
0.9886394969831753 0.0 0.944094526589514 0.8400049704436121
0.9950201587918441 0.0 0.9405837835784756 0.8383193277310924
0.9929352300358025 0.0 0.9313541808266892 0.8528592179262755
0.9939244873490007 0.0 0.908549153473975 0.8126042611314502
0.9902474704376447 0.0 0.8736214080189254 0.7994216439678701
0.9911988178502785 0.0 0.8568296723002061 0.8594000511970683
0.9885677218713053 0.0 0.19255235219938252 0.4274610956229087
