0.9868739931358128 0.030891573635112402 0.1729276164417153 0.0
0.9960363288991545 0.030229776428413874 0.1599329693496946 0.0
0.9956615538736407 0.032354762744942714 0.17050111248398 0.0
0.9947571382345154 0.03261201524018071 0.15961849125937094 0.0
0.9942142734428793 0.03086390277202998 0.16843256014748972 0.0
0.995199980290766 0.0303342001585035 0.16764235020674306 0.0
0.9951920030198078 0.029988050698434066 0.16289866924946983 0.0012315270935960591
0.9885366918742072 0.028389806458936375 0.16827850422066895 0.0
0.9938689971292871 0.028167620675224436 0.169105897706885 0.0
0.9906715167301197 0.03035181153510669 0.1755529426529295 0.0
0.9954669748364204 0.0307163646838237 0.16909603873345458 0.0031285551763367463
0.9899137758171245 0.030081468383541435 0.18082684296391563 0.0
0.9880789578921836 0.029228938806902503 0.17024269815161233 0.0
0.9850642233214741 0.028349403722221656 0.1834018127582338 0.0
0.9942093734411936 0.029143558492609266 0.1843222463647 0.0
0.9915775136860682 0.028849762143926615 0.19102283229265868 0.0
0.9955903974727054 0.02802296642694077 0.18915504841115352 0.02057749751078659
0.994734854402732 0.02838074777100649 0.18713001064488965 0.0
0.9947855706428116 0.030912904562832053 0.19206408718056536 0.0
0.9936868118156198 0.02753238833175207 0.19354841285175706 0.0
0.9886804417518954 0.0264851182170258 0.1986752119740456 0.006493506493506494
0.995962398618048 0.027355759171220444 0.19637266751289514 0.0676562946046246
0.9939262034326024 0.027846328870219657 0.19495221289812603 0.0
0.9954143449447914 0.026506042856155793 0.1967351897378012 0.000784313725490196
0.986185968567417 0.028428968898928403 0.2061692451715404 0.0
0.9937594188809942 0.02679878614245068 0.20792605007225404 0.05646277331857182
0.9932262825129269 0.025751094094058607 0.20682208924298232 0.0
0.9973205485452842 0.028051713859468565 0.20846321957779965 0.0
0.9918130745224192 0.028673667818076003 0.21106853089187802 0.061934585942936674
0.9969325078725403 0.027598513276937423 0.21220276571474314 0.0672561629153269
0.9897770037389324 0.02581595775370216 0.2182941074036938 0.06789036962534574
0.9902476681861934 0.025829289895829916 0.21314918776116748 0.1673609409458466
0.9959624355511908 0.027070296030421128 0.22650734160475813 0.16813216093791633
0.995372823327658 0.02690381862269544 0.22510593220338984 0.22310045894951555
0.9955977377400324 0.025800056383626924 0.23210771497837143 0.2630306286942504
0.994355792729282 0.02665209408590496 0.23195060565148243 0.10326519777010884
0.9948052820638521 0.025182223861926176 0.23439046224086366 0.32484250890167077
0.9946631528988584 0.023730628471491263 0.23870260649119798 0.2064533053515215
0.9955297508626302 0.026209573198847858 0.25745291187721464 0.17800511508951405
0.9919459460135686 0.02519119690439694 0.24913820486861438 0.035827443334145746
0.995490530617586 0.02695197732230865 0.25905981923750154 0.05632716049382716
0.9923503824808759 0.028727895107320447 0.2553895885265841 0.07850467289719626
0.9968528647570404 0.027562372778857834 0.26745522235837993 0.25229357798165136
0.986900022154002 0.02521480275927352 0.26316828356966976 0.2503597122302158
0.9880007554985973 0.027310814074361856 0.2732016633466367 0.15476190476190477
0.993878861921735 0.029074536053702943 0.2816999829601502 0.30593939393939396
0.9927755464634711 0.030571199579442675 0.28689896799440556 0.24458058435438265
0.9954730630540298 0.026092821915637648 0.29735984169464996 0.3810722376038258
0.9941476450829921 0.028762481553601036 0.3001885875160466 0.33456306202444086
0.9891297327400994 0.03134870295707202 0.3023496355937201 0.5175763182238667
0.994437508888924 0.031514442142177655 0.3086912798964912 0.46553398058252426
0.9939004326366462 0.030730007218689508 0.3212028675734652 0.46822185194001426
0.994972599999024 0.030048035106681543 0.3280459247380032 0.4847984916332783
0.9945473732866535 0.02997237601643757 0.33955206653410364 0.3652455272173582
0.9955090772150166 0.030104602859478486 0.3473356274075236 0.4528578407425501
0.9956225048459917 0.029144489392508806 0.3456069707888015 0.5218823529411765
0.9921955002938806 0.02881882277998427 0.35036569794044864 0.4961728950923008
0.9964682029520652 0.029958643688500312 0.35671828424393115 0.4114987080103359
0.9944222569667541 0.030080012734386076 0.3682533618827185 0.43551523007128967
0.9911811633789055 0.031307624670267556 0.3732047085716487 0.5091197462331483
0.9951787678833797 0.03259471144112903 0.3971944670358752 0.4629930866205775
0.9934927199279607 0.03417254329095269 0.3906946123050956 0.47974335472043994
0.9948499003517848 0.033440246703142995 0.3976264609578064 0.48263002944062805
0.9947686004644214 0.035102018893133614 0.4186367905649012 0.5305597254986061
0.995078468451487 0.03639193798788621 0.43064302340100596 0.5724097331240189
0.9943414975473344 0.03453716135894818 0.43098482304210844 0.3966198718822407
0.9950161682225916 0.03448102811027093 0.4235592416077252 0.34398234200743494
0.9949897899649942 0.03128029737323063 0.427103878698964 0.24542395140769926
0.9959393578349726 0.03324100897935639 0.43978545413566644 0.1800603878759726
0.9958243309108633 0.03301158791380872 0.4405391069688734 0.20698870849201575
0.992980454289978 0.028548838391810702 0.432441468102779 0.22788109326570866
0.9965116786093225 0.030854424832742738 0.43794099244356743 0.21608307815204367
0.9949670859754218 0.03070258161675309 0.45723868262471784 0.18779289706961774
0.9905081380488829 0.03121301796894869 0.4632915083059231 0.2816924197071434
0.9961861854891809 0.02690491528128269 0.46988571492266606 0.2333614153327717
0.9977167941385039 0.025379580960189753 0.4666100625377482 0.18850176047086026
0.9920066463801317 0.02936857134531892 0.46360777634661626 0.32215100307999667
0.9954865704742257 0.027600918241214904 0.4540712444133462 0.809807425054596
0.9927159920190232 0.027733728725261766 0.46110177955151505 0.6960936155567028
0.9843759342301943 0.0261914585742595 0.4676318303155427 0.7862030700943222
0.9889611723618434 0.026674724518513944 0.4752179642711233 0.7441460055096418
0.9905227709871949 0.027877673646921664 0.48263159712085685 0.6661759895322211
0.9877089442544484 0.031741337824082574 0.5008214291055908 0.668243353449682
0.9944883960465473 0.029515695181059204 0.5083691241384959 0.6713275209738444
0.9945953721589742 0.02650007264274299 0.5145741904756587 0.7377855887521968
0.9960254086095764 0.022310457582712186 0.5331344163259292 0.6866933005531654
0.9945610706392145 0.022885354346028505 0.5429341971110614 0.6025093064938646
0.9939422430362573 0.01692006683399275 0.5566266431274938 0.4637184677670508
0.9949074432885205 0.015722598610241053 0.5585515494242937 0.5213137665967854
0.9925335080717221 0.012346674971576944 0.5735293295699075 0.5940512255576976
0.9931095788443639 0.006486748154423333 0.6018332723832541 0.6157693826510464
0.9916854571020653 0.0004340076264223843 0.5987841031930734 0.4352875592306978
0.9924443290189707 0.0007719292226672727 0.6252106027253174 0.564485136204363
0.9941000504665105 0.0 0.633506434082775 0.49283639883833497
0.9946630661593224 0.0 0.6582533404363022 0.4578383641674781
0.9935360565881364 1.2837234140880942e-05 0.6887193473211611 0.4941422992665968
0.9941437693546085 2.69124672004306e-06 0.7036405324660355 0.5055350553505535
0.9949354086444538 0.0 0.7202507874166258 0.5081162702906757
0.9891025296870958 0.0 0.74229583193461 0.4072806471686372
0.9913036230273394 0.0 0.7638802152563996 0.3355824568366739
0.9926646464040325 0.0 0.7747981913001633 0.22456918186381128
0.9956101478154834 0.0 0.8113064181550149 0.14306526020449456
0.9852365454459695 0.0 0.8280627013166958 0.21098380086922164
0.9918356411630334 0.0 0.8782933514677839 0.30773056307675306
0.9907984166455451 0.0 0.8926871093661861 0.2028689965543914
0.993555929169567 0.0 0.9027055146661992 0.11634021564111449
0.9934363671928172 0.0 0.8770540786454302 0.0720222339862361
0.9911443749922473 0.0 0.8983156529958151 0.11575059220299515
0.9900748659252061 0.0 0.9248396935723852 0.31124939649160455
0.9958446965146424 0.0 0.9366826151002493 0.7117291414752116
0.9942718478101565 0.0 0.9334336157205531 0.5400129521694884
0.9919603427374243 0.0 0.9349532464221411 0.6138343654875617
0.9948492310717622 0.0 0.9348505796908315 0.5575326215895611
0.9952083849911875 0.0 0.9345941193871896 0.3524537922243467
0.9956187337671405 0.0 0.9408339176186836 0.5609075043630017
0.988238237679191 0.0 0.9361960066635765 0.7241185717493824
0.9938429349832731 0.0 0.93939567900002 0.5947286012526096
0.9959282365827935 0.0 0.9384879659717495 0.6177973568281938
0.991571293377542 0.0 0.9374093061364167 0.6471516051215439
0.9921904729254872 0.0 0.9421122910374629 0.6189764041209704
0.9932465026531597 0.0 0.944169762777723 0.7472247683063449
0.9948175320115726 0.0 0.9430499197886194 0.8118598934862761
0.9943416810499235 0.0 0.9442230042420342 0.8103027839869945
0.9924354380730641 0.0 0.9449246421595778 0.8225955136740756
0.9896367523847773 0.0 0.9490031338630323 0.7702182284980744
0.994962055769195 0.0 0.9533670974048538 0.8400196656833825
0.9942852022923518 0.0 0.9468030899714966 0.7960573476702509
0.9951111919596162 0.0 0.9518418339999175 0.8224615110794696
0.9925284386723352 0.0 0.9538446566733152 0.7702869357888679
0.9949330757554851 0.0 0.9504345260673495 0.8351908731899956
0.9953822066098551 0.0 0.9509193548249371 0.7862275921977414
0.9954816512530393 0.0 0.9536812320404312 0.8100873255529258
0.99481130916715 0.0 0.948890834716921 0.8637608765710603
0.9966076289749657 0.0 0.9492165340712556 0.8369962005512925
0.9944390744263011 0.0 0.9520360205772802 0.8266211107880198
0.99586704223885 0.0 0.9539283466825345 0.869232535006504
0.9962832608717084 0.0 0.9540160569128165 0.8791087579969116
0.9939636532267996 0.0 0.9536316087471911 0.894407731116322
0.9947637322640276 0.0 0.9542154596997535 0.8759845147510346
0.9961513489745137 0.0 0.955359159562173 0.8783464315379209
0.9956827017393107 0.0 0.9567863241156473 0.8838828070619502
0.9968670866476659 0.0 0.962196436342635 0.9037623519302768
0.9930665621762783 0.0 0.9589282057135271 0.9093714760519912
0.990469681748327 0.0 0.9603381535038932 0.933751378969982
0.99474441306722 0.0 0.9588212499888765 0.8905512655512655
0.9951818847271466 0.0 0.9615563518939557 0.8746431484502447
0.9949182750270014 0.0 0.9594176757514935 0.8530109759715218
0.9954946189884596 0.0 0.9621402674757817 0.8062280701754386
0.994653750163446 0.0 0.9645611149872089 0.8616184321438606
0.9961382369596677 0.0 0.9674307526934054 0.8780646662014422
0.996192154179622 0.0 0.9691630630416069 0.9021375340265072
0.9936465977622132 0.0 0.9620918676207357 0.8619495494077368
0.9926751140309436 0.0 0.9604057893981888 0.7975235968740485
0.9956380702747164 0.0 0.9645463469234562 0.8589508627545904
0.9951103921783103 0.0 0.9617413005184939 0.8451974806455845
0.9964919952846333 0.0 0.9631680421444132 0.7921925866697127
0.9941538907305932 0.0 0.961666524148838 0.8256272551816732
0.9906058166665231 0.0 0.9548702421239013 0.7944148590726068
0.9938519132876285 0.0 0.9578616270115767 0.7869920625518304
0.9916300582085433 0.0 0.9561133248554092 0.782342161525372
0.9895163957729294 0.0 0.9575217042857106 0.8445629092196072
0.994627687268876 0.0 0.9608630956218553 0.816640047074647
0.9932198714836563 0.0 0.9605815586099097 0.8141287834521445
0.9835899828900295 0.0 0.9575756289681866 0.8674441277936104
0.9886709839923711 0.0 0.9588312158164677 0.829947999932686
0.9943779659862401 0.0 0.9602981908739509 0.7855362363440529
0.9916176457134492 0.0 0.9640835956553494 0.8726762384822255
0.9915342597206075 0.0 0.9667669757579702 0.8573906624838531
0.9942456630660472 0.0 0.9680755056241465 0.8970586470496466
0.985559862742572 0.0 0.9596099815959959 0.8626256408079221
0.9856218920722348 0.0003418657322336652 0.9555690799104434 0.8416007532956685
0.9911384688230594 0.0 0.9612873865969341 0.8670334070295771
0.9904327561819756 0.0 0.9602825420140839 0.8707223119095951
0.9912776395171653 0.0 0.9635071568589902 0.8696438948677019
0.9914558576599063 0.0 0.9608663149877289 0.8769507998360645
0.9947617650756401 0.0 0.9620576110999397 0.8825786112495508
0.9954116312384029 0.0 0.9597279787680097 0.8700766974381103
0.9892322706571243 0.0 0.9488642036483044 0.8619944824404999
0.9951160333236247 0.0 0.9458999831943044 0.8610289632380761
0.993316541888032 0.0 0.9378205198135915 0.8760114658174472
0.994212713304715 0.0 0.9170446856491101 0.8370056750131522
0.99064333382976 0.0 0.886097823749734 0.8290416898175558
0.9912997501028419 0.0 0.8659484510476878 0.8722529298436015
0.9888307438010444 0.0 0.19602209804901818 0.43989929483601237
