0.9866132367622191 0.03546595627323382 0.17321117268304234 0.0
0.9959947010802641 0.03377331837037621 0.16009557852503903 0.0
0.9952741430932667 0.03570435919877022 0.17042992148992286 0.0
0.9945817142215293 0.035899073946971054 0.15984890215591754 0.0
0.9939877672366453 0.03402336019225332 0.16808171979001965 0.0
0.9951968694761603 0.033996470906022966 0.1677142013865159 0.0
0.9949846646476727 0.032594597789878506 0.16294012129622915 0.0
0.9882222453294514 0.03102195195598787 0.16820417771022927 0.0
0.9940659216132292 0.030874260278659364 0.1691922991548616 0.0
0.9904521739844317 0.03339463389744026 0.17557045552573564 0.0
0.995265414873109 0.03393749276925102 0.1691891463566488 0.0
0.9902053192897453 0.03339303529343724 0.18110624083033236 0.0
0.98734220366806 0.032240522413701365 0.16980149845086692 0.0
0.9846756649248036 0.03155908663356512 0.18351604140529867 0.0
0.993765846839815 0.03393574147602411 0.1841465318099519 0.0
0.9906443480307567 0.03257878199490486 0.19064902161524025 0.0
0.9951120223634912 0.03140574894258581 0.18941456746357976 0.007301692665117823
0.9941997043275913 0.03220395551598531 0.18731311592569014 0.0
0.9940100963587883 0.03419952830234217 0.1917134111160972 0.0
0.9930935006603412 0.031307950956084636 0.19342382223118945 0.0
0.9881314036185189 0.030387353882491534 0.19841426348518731 0.0
0.9955557668374393 0.03209277815264293 0.19620154224663922 0.0
0.9933400298298481 0.03187396532025524 0.19467826490930862 0.0
0.994967237607906 0.03035168470813855 0.19658534440371447 0.0
0.9860646797655086 0.03166169363435489 0.20560194062975182 0.0
0.9937190256246168 0.030355407783771427 0.20762390806726808 0.022695820647661222
0.9926409296799947 0.02980398481283023 0.2060714550435127 0.0
0.9974143794571535 0.03335760358738724 0.2088023248146951 0.0
0.9913725404385575 0.034371125157475584 0.21153407942076058 0.0
0.9970577391317045 0.03184074169661114 0.21233696158379717 0.0
0.9898957050656669 0.029940892445056183 0.2180942975073433 0.0015086748805632386
0.9899912776421781 0.030003287568917278 0.2132548919706402 0.07007007007007007
0.9952943602281389 0.031102374081187344 0.2263649975416936 0.09333333333333334
0.9949913470142283 0.03128467896046248 0.2243831762599326 0.11065678507538973
0.9950644395643398 0.030168082487540104 0.23157390420694593 0.13944116066630843
0.9942140933805766 0.03097328645934561 0.2317613715191755 0.0015927794000530925
0.9946419127848739 0.029746287004010236 0.2348428657549293 0.2029580936729663
0.9947691585189774 0.029157652087503313 0.23952747692721563 0.14821615949632738
0.9946721270363534 0.032204410185754095 0.2586875985998914 0.11414708886618999
0.9917769248476235 0.030042097010426507 0.24968222077235858 0.005852231163130944
0.9953257681656502 0.0317174626856419 0.2597018952758512 0.0
0.9929945075728919 0.032559370435410545 0.25609779031499763 0.06969292389853138
0.9968549942691006 0.031793270509240794 0.26798063704768843 0.15181301878549586
0.9867174909578421 0.029426684855620854 0.2637289019750616 0.12517951172809957
0.9877852764157975 0.031741146689494716 0.27385752870889035 0.07176906779661017
0.9936092739838003 0.03350632165600006 0.2826066164941988 0.28939062879339644
0.9921113840048145 0.03485617560853751 0.28719334686619774 0.1960551330798479
0.9953830210568412 0.03045347584174529 0.297668785041997 0.3055692459339576
0.9942975685891785 0.032527130955636634 0.3007904578061491 0.2712765957446808
0.9893438606840503 0.03549858831507599 0.3029668414656266 0.41255813953488374
0.9941762230417839 0.03532989856051246 0.30924700325254534 0.45161290322580644
0.9934853975905964 0.03468924528865394 0.3214431150419822 0.4164082995468638
0.9951060478316412 0.03351496932430021 0.3283164821389598 0.3907522759942501
0.9938703042960448 0.03445975255554298 0.3402885877392099 0.35334923043572514
0.9949204074921238 0.034482101557494385 0.3475793049611198 0.36060384709033355
0.9952677017606969 0.03400188720434892 0.3460431919886138 0.4328463713477851
0.9916365447369728 0.03372070595042916 0.3507680409152121 0.3841059602649007
0.9964227964547012 0.03463320552698493 0.3574867876431473 0.3111541774332472
0.9941537177966183 0.03464610396069148 0.36912240394694185 0.35530336097773896
0.9912739818040431 0.03628729398347597 0.3747451143223622 0.44497921680157515
0.9946237525631852 0.037375571521881125 0.39823428866202776 0.36431846602751145
0.9930318143064251 0.039398914167528436 0.39227228603785796 0.43237746593451293
0.9953622691694081 0.037805956561321366 0.39868271984348636 0.3778469924080202
0.99496289372069 0.03933109883044311 0.419085699310846 0.42647943831494484
0.995013742611826 0.04096532725528618 0.4308689230463131 0.4255107125062282
0.9942409006594843 0.03903920811984768 0.43152040357504395 0.3515752308527974
0.9943696682926116 0.04031578005482631 0.42523633677399403 0.352738363612253
0.994846645153841 0.03656661348636069 0.43007482206946895 0.2829362111336681
0.99552354907323 0.03966307090997985 0.4424549537809634 0.17545234829185447
0.9956516521176224 0.03946535627643934 0.4413555983446882 0.16521268275073703
0.9928653697327451 0.03480109771903806 0.43406362359921796 0.21383876600698487
0.9960971699335562 0.03638858212762141 0.43875211199613806 0.20191862388355938
0.9947641320681497 0.035961081921424234 0.45873445890377823 0.1769484208134515
0.9908891486786534 0.03831628118779884 0.46511903257135634 0.25323158386544153
0.9958625340055239 0.03626092514440159 0.47028042109171153 0.19259978301832925
0.9976159655462237 0.0327401666910367 0.46784041311611696 0.15977691893742968
0.9916870271412911 0.03570393731972213 0.4648647405700584 0.3149025803054239
0.9952480540533851 0.034359992207594205 0.45526431684971985 0.7651238327243199
0.9926116881180739 0.0376209997639029 0.4636087628540786 0.6868411486732098
0.9841242951224404 0.034563185755883616 0.46946893662258077 0.7539226942212017
0.9888332216946013 0.03427907967931336 0.47696425547394894 0.7647058823529411
0.9900911500260074 0.03490086475392082 0.4841417278951619 0.67324200913242
0.9878015141589128 0.03782894225175534 0.5029891147752185 0.7779769016328156
0.9939793068349783 0.038709789882873845 0.5104297104597378 0.6778788398833019
0.9940726036538777 0.03609106678789989 0.5166192502409545 0.7540076335877862
0.9954367470782589 0.035461532093615744 0.5362027660902301 0.7514677103718199
0.9943963771760178 0.03509383382664801 0.5462125384099974 0.7108739837398373
0.9931927768923402 0.029375486886522983 0.5604124597829973 0.6558451455570797
0.994691185889599 0.026255841807378878 0.5616251000459649 0.6565210534615992
0.9919547722584435 0.02463991557802484 0.5757983767428844 0.6785773366418528
0.9926949458634773 0.021459210173732767 0.6052276426467098 0.6343864805290228
0.9912823673588811 0.014550736918560663 0.6035045242345024 0.5601585475003197
0.9925034146813165 0.005637232311843975 0.6270830312163074 0.5947073393299439
0.9936801101529238 0.0014925959385678935 0.6348451192270217 0.5794315367378229
0.9948121252604681 0.0006141344323926725 0.6594902489322338 0.5129949804796431
0.9932028011653045 0.0004800484669254308 0.6899348401959305 0.5643439329583285
0.9936035217561509 0.0 0.7036146041120082 0.5180505415162455
0.9946644936246782 0.0 0.720462389171836 0.5215325828772075
0.9887490144097566 0.0 0.7437090076166745 0.4904895239934344
0.9908012593600267 0.0 0.7659302839300229 0.4132025274359827
0.992612372265359 0.0 0.7798312778572145 0.3366426578418013
0.995140339938219 0.0 0.8172175461843452 0.187272337690165
0.9845467818670289 0.0 0.829810557667188 0.23739852313901758
0.9916100322293242 0.0 0.877511893488185 0.30077222253537006
0.9902474637448384 0.0 0.9003591992140708 0.38181946006749157
0.9931697243144864 0.0 0.9239662999003858 0.2459223213481121
0.9934701012317347 0.0 0.9003331330447543 0.11699544118273614
0.9907039740708203 0.0 0.9119735492826785 0.16963767008102737
0.9898072452570457 0.0 0.9252957108410661 0.3189051918735892
0.9955842578173681 0.0 0.9367004546477082 0.7270999619916382
0.9943457749410296 0.0 0.9357139115664075 0.7157479343938833
0.9919357532010963 0.0 0.9354812103802579 0.6566538199954659
0.9945030205455193 0.0 0.9357451956904225 0.6357269781540713
0.9949303948461806 0.0 0.9394426174600093 0.5452607266589677
0.9956968509128129 0.0 0.9431726577863437 0.7381818181818182
0.9885817529283072 0.0 0.9370989127992165 0.7919323197645904
0.9940388448834911 0.0 0.9412256392513291 0.7293101563354105
0.9962723028482502 0.0 0.9395720059266315 0.6696868229269254
0.9915026254912155 0.0 0.9380380638827265 0.7321782694917023
0.9924477395236109 0.0 0.9447274185693414 0.8170840787119857
0.993622525373987 0.0 0.9444726963931498 0.7553678640480309
0.9944508582256165 0.0 0.94299143867092 0.8330559600582483
0.9945475337100154 0.0 0.9444803815712253 0.8595679012345679
0.992779233759668 0.0 0.9453528632809178 0.8448736387918636
0.9898012852888417 0.0 0.9492854051123975 0.788086741696404
0.9951274188677492 0.0 0.953595918493272 0.8497657165169855
0.994058195910688 0.0 0.9467386796689234 0.8129112573359417
0.995163028894478 0.0 0.9518717856321208 0.8210179160352973
0.9932773693488411 0.0 0.9548367132526833 0.8028867055038692
0.9952881014625874 0.0 0.9507942945361001 0.8453889475536783
0.9954675950979177 0.0 0.9509741302164809 0.7854496728935131
0.9953520874279869 0.0 0.9537764587502597 0.8235969806366918
0.9950020722333548 0.0 0.9494316857808397 0.8879907621247113
0.9968645650817207 0.0 0.9494748278042413 0.8409647495361781
0.9949037969347505 0.0 0.9526231807639155 0.8409665427509294
0.9959949782604686 0.0 0.9542378992098229 0.8873662329663562
0.9965805317103368 0.0 0.9544020635922635 0.8916212634369017
0.994418013252087 0.0 0.9539670850814036 0.8955772219867175
0.994880617116291 0.0 0.9543142384914606 0.8771613592362641
0.9962684259354706 0.0 0.9553743723915765 0.8868720439729004
0.9957695346256409 0.0 0.9569611934735592 0.8923798061696332
0.9968924500209195 0.0 0.9621839956468445 0.900404263138552
0.9935192486411896 0.0 0.9591769979143187 0.9073144813743432
0.9904553015747228 0.0 0.9602834963143214 0.9309826589595376
0.9947504582746255 0.0 0.9587741033126812 0.8926243198103551
0.9949751618420515 0.0 0.9615499281550678 0.8778629856850716
0.9953261844151102 0.0 0.9600440341060006 0.8753590175299594
0.9957305158729702 0.0 0.9632519400919382 0.8514719411223551
0.9949115288268999 0.0 0.9648409717837083 0.8645323640430589
0.9965088985445691 0.0 0.9673183907389936 0.8607121688779464
0.9964202205577513 0.0 0.9693412759991288 0.9030784244144784
0.9940101078759523 0.0004043087763883675 0.9620064564191706 0.8480764046674626
0.9930106381964332 0.0 0.9606536139833332 0.7977188635052106
0.995879392544404 0.0 0.9634299442653159 0.8153553507592405
0.9952396331834914 0.0 0.9613197309986945 0.8248765154916928
0.9965212576308835 0.0 0.9626701090971078 0.7757150869321369
0.9943656149076794 0.0 0.9614037623949149 0.8134080990000553
0.9909402541250644 0.0 0.95503590058675 0.8018485359174216
0.9941700822234812 0.0 0.9567843017155425 0.7580678314491264
0.9914714348932889 0.0 0.9560717008134133 0.7834195301542777
0.9901450128916339 0.0 0.958327858631608 0.8534857655234253
0.9949991149368599 0.0 0.9617572062846225 0.8371273536978187
0.9936935592627041 0.0 0.9613530906243481 0.822407392780981
0.9841745380386353 0.0 0.9578445607814816 0.8636057350353761
0.9892084985623798 0.0 0.9595697218886414 0.8366747086207482
0.9947518666656064 0.0 0.9577165176740753 0.7465423579503744
0.9920342155727538 0.0 0.9624494990476353 0.8434192557186753
0.9919858274713924 0.0 0.9661065994106538 0.844464431128991
0.9948221192376041 0.0 0.9677298140828927 0.8859170111702065
0.9861981169233077 0.0 0.9581470970994842 0.8411784765782431
0.9865999674292472 0.00021284747350048955 0.9551731938960624 0.833953488372093
0.9912117274877503 0.0 0.9593312424965591 0.8509671048150923
0.9915997191547896 0.0 0.9588962770673612 0.8595780420091609
0.9914254540326657 0.0 0.9632262809512135 0.8710214629244132
0.992351431349301 0.0 0.9615006897428787 0.8794517556536092
0.9957915555422373 0.0 0.9652173678222171 0.899337909321357
0.9967125212988188 0.0 0.9666086603094628 0.9057727660186298
0.98984582393076 0.0 0.9536266813229254 0.8826628586126917
0.9956511158923405 0.0 0.9523928033331284 0.8869213070199821
0.994297341115823 0.0 0.9442047578699864 0.8977101200105593
0.9950716883086067 0.0 0.9231410408975721 0.8522763843142303
0.9920650860261655 0.0 0.8921597806578461 0.8379723083698823
0.99204255226923 0.0 0.8739040492832333 0.8818807975049
0.9878767303513236 0.005204248948456548 0.20068631876019416 0.4604374459170196
