0.9866523340584546 0.028509649519137675 0.1731083848539164 0.0
0.9958141856199322 0.02914014496486258 0.16047204921035885 0.0
0.9952140276324163 0.030491534783826855 0.1708702384971092 0.0
0.9949719235636074 0.03045818471261868 0.1598732007705025 0.0
0.9936496557694129 0.029732994137816614 0.16870078221707183 0.0
0.9953402455990448 0.02791221416287073 0.16818841657072459 0.0
0.9947629696070367 0.027978841870824053 0.16287820119499366 0.0
0.9884604344877983 0.02677881006948965 0.16869955786370974 0.0
0.9938779853458592 0.026481948148901046 0.16966453370689807 0.0
0.9903578025586646 0.027889909233393382 0.1757280952852947 0.0
0.9956907722011389 0.02947449210570992 0.16967963963124008 0.0
0.9898811624897047 0.027574620384175557 0.1811820445756671 0.0
0.9875803761551614 0.027615584415584416 0.17063543739485976 0.0
0.9850223666682217 0.027042794181685047 0.18392964487456578 0.0
0.994216496699971 0.027067771516794643 0.18432239890112448 0.0
0.9912832088467122 0.027118177764707 0.19167209142949915 0.0
0.9950206933032671 0.026107437267868468 0.18928692498718908 0.0
0.9944000472403748 0.026894760216544026 0.1873453786305038 0.0
0.9943262827255834 0.02852977825209795 0.19207080713239727 0.0
0.993311704517095 0.025916371533091398 0.19369323050556983 0.0
0.9885328820033801 0.025006051827161778 0.19908899037716277 0.0
0.9960881435875674 0.025998366278747118 0.1966292807105858 0.024264915786468742
0.9939365148968307 0.026209436214075826 0.19500495932081224 0.0
0.9951637854093078 0.024932690013778465 0.19687314211492682 0.0
0.9858166532834564 0.02651059803663852 0.2063559201434458 0.0
0.9935045824505272 0.025045842660681366 0.20821338360756847 0.011071132023249377
0.9932252222286084 0.023729281223516425 0.20709619446209096 0.0
0.99701687920794 0.027133860510378055 0.20843015280211874 0.002884338044418806
0.9920056610862331 0.026997681400140267 0.21083014288985172 0.020213754646840148
0.9968690907586462 0.02509705645918561 0.21198762703527924 0.0
0.9896776000876947 0.02340179157748046 0.21836237539097111 0.008800603469952225
0.989857288730158 0.024602462335656904 0.21341591492215173 0.08219506350347472
0.9958640196719943 0.02564180002999983 0.22625415034567697 0.08568670045860488
0.995157697527586 0.025691154170007818 0.2248691763661159 0.12214124151796935
0.9954376278622662 0.024243085858570542 0.2317524338260299 0.1370757180156658
0.9944397539053373 0.025065722269336767 0.2316705959981594 0.02787363950092912
0.9948680871927417 0.023227067089997448 0.23414027861635567 0.23582580115036977
0.9940866237806394 0.022024696657972753 0.238431208821108 0.09811122770199371
0.995308915443828 0.023913889302803026 0.2575347837362404 0.06010230179028133
0.9919511917465313 0.022159844086556156 0.24896125071187286 0.0
0.9953838953431317 0.02419905766619191 0.25925348297153267 0.002011060834590246
0.9925311893750024 0.026410913400118606 0.2554102333337229 0.02107228594291811
0.9968068412124601 0.0250662196213912 0.26734074304766503 0.1657929226736566
0.9867086123735616 0.02290658539651928 0.2631718773410192 0.15815370196813497
0.9880983769476881 0.025390224647880662 0.27317027145958345 0.08800623052959501
0.9936868352947844 0.027055110960485216 0.2813104389324441 0.22164461247637052
0.9926639414516713 0.028451389480196553 0.2866573664079983 0.15997181113460182
0.9956704757895779 0.024311158136049022 0.2979079695647379 0.27230505988755804
0.9943000906051418 0.025509863294295766 0.2999826475964544 0.2531699978508489
0.9891996109812486 0.027560829077801142 0.30203797925876497 0.46153846153846156
0.9944819554228556 0.02787960749637597 0.3083463453107388 0.3971127966723758
0.993907217613126 0.027081777950587433 0.32086656941556224 0.37851357789423534
0.9951413190428081 0.027767554558130517 0.3278927154859727 0.385842254752021
0.9944881109764494 0.027992507002553145 0.33884660607601375 0.2597963058864146
0.9955340819738085 0.028061580440613323 0.34725149276453393 0.3812636165577342
0.9955429256250783 0.027185730329024396 0.34557067760411225 0.44653791804050874
0.9918434129196461 0.02651257155278603 0.3502073359639449 0.4045987176652664
0.9964250752329502 0.027219591956267084 0.3567767890889756 0.33912483912483915
0.994589334465228 0.026456989802970326 0.36827382748439486 0.359828141783029
0.991282704900966 0.028561079963478037 0.3731638515394605 0.3844282238442822
0.9950930392832529 0.030576607639442987 0.3971196995029299 0.3575664817294815
0.9931856552226923 0.03142455840566483 0.39001328889214426 0.35396361273554255
0.9948404970305106 0.030599147518852447 0.39755989014293447 0.39755117658312605
0.9945442789997119 0.03214987592785265 0.41821550034009525 0.45365853658536587
0.9954001537742827 0.033258483511614485 0.4300151813658118 0.4458272327964861
0.9944287832025079 0.03107613122592057 0.42977521816122394 0.2995573633209714
0.9952154917187923 0.030833196504973993 0.4218365110672803 0.27269131896381255
0.994897611834331 0.028106720717346524 0.4241585830107835 0.1747972630511911
0.9961156736338883 0.028390394818965235 0.4383819454072307 0.15850508381423467
0.9956527644052957 0.028503026151314628 0.43788504469632367 0.1730607336139507
0.9930889674282454 0.02506811074499449 0.4314837707229047 0.20233333333333334
0.9965085414740933 0.02577313074960938 0.4357652643954303 0.20467365028203063
0.9946655381918206 0.024236497296480412 0.454563018069295 0.14123706682329554
0.9902966706475197 0.02114781390159282 0.46025737237371694 0.2263082486184076
0.996241680931418 0.02074836173777149 0.46666434045576816 0.194792075874067
0.9974735700332767 0.020714570577333617 0.46611201411381326 0.18213998390989541
0.9916612078405539 0.021472169107359388 0.4615859834465152 0.3000165755014089
0.9953462121137109 0.016343400966402244 0.4518295985747698 0.7677008750994431
0.992360636592911 0.018951406136754927 0.45916006762167455 0.6758763598687618
0.984056752430601 0.01701168689650557 0.46591979086651636 0.7583552384528727
0.9887730553327987 0.017127155619889353 0.4732435703620609 0.7048929663608563
0.990455379363056 0.019251895555136483 0.47992068046170844 0.5324583686141687
0.9875205917623101 0.02224556787610316 0.49925090318442505 0.6668364747834946
0.9940210159281304 0.016831906335615893 0.5052880320907057 0.6447390223695112
0.9944164737596025 0.015758835355644478 0.5124450010985899 0.7263634648046802
0.9959207801597875 0.01047654837595726 0.5299386968971125 0.6189483092507075
0.9945933163501123 0.01084126702746292 0.5392879130554058 0.5041182170542635
0.9936690479647876 0.00957050416242699 0.5562216255640936 0.45101584937772576
0.9948483175344429 0.009356432592721486 0.5573129908382184 0.4972651605231867
0.9923338961179775 0.004217112807298401 0.5714251635281039 0.6088495575221239
0.9929074878286038 0.002420803973429708 0.6006634956798212 0.5662528502660248
0.9915346998181297 0.0 0.597426598400809 0.3841959494547343
0.9924376428740582 0.0 0.622853815984611 0.4090119812467442
0.9936153718637556 0.0 0.6316498432520865 0.3942104407220686
0.9945623688923312 0.0 0.6576873258569612 0.4184436444198283
0.9934151787088725 0.0 0.6887262051728443 0.4813628421665696
0.9941075026865208 0.0 0.7035144421717489 0.4848182181382341
0.9949273572489761 0.0 0.7195922470475657 0.4588904951210698
0.9889527640055108 0.0 0.7416831333913961 0.3678212290502793
0.9913091485889145 0.0 0.763768970669183 0.32438002792367526
0.9925874182947702 0.0 0.774050209482959 0.2196492130880398
0.9954528798427662 0.0 0.8120946361974523 0.14530649693216355
0.9850364124185512 0.0 0.8270221149928703 0.20147179707989196
0.9918033461150211 0.0 0.8772433590801045 0.29215267509993975
0.9907605654860983 0.0 0.8924857816283354 0.22151442307692307
0.993204413373326 0.0 0.9058793658828215 0.12131088985131937
0.9930234154264993 0.0 0.8773711082043183 0.0682540747199678
0.9906570827995598 0.0 0.8984465542453103 0.11208567057623661
0.9896901070024028 0.0 0.9241869838188984 0.2949788583509514
0.9955803189446664 0.0 0.9357188564162875 0.6278630197909718
0.993961216171006 0.0 0.9324707425301094 0.4885436556153446
0.9914348373019849 0.0 0.9336690170634141 0.5397830885881563
0.994569516888132 0.0 0.9336903150396859 0.49387069689336693
0.9948684094415011 0.0 0.9345972882411882 0.3504466944609887
0.9952632896006863 0.0 0.9396552370651403 0.5008502712770265
0.987949680672682 0.0 0.9355419714457407 0.6681157883575443
0.9935415146781723 0.0 0.9392963913132061 0.5944269662921349
0.9958430370588103 0.0 0.9388645132913837 0.6376181474480151
0.9913207071881882 0.0 0.9364580292045842 0.5886986301369863
0.9918420379021273 0.0 0.9390525338924378 0.4735775016350556
0.9927819860474755 0.0 0.9423389780524782 0.6249243799153055
0.9944125935283257 0.0 0.9422992010733671 0.7608546505929629
0.9938240661371569 0.0 0.9436393671328076 0.7872403560830861
0.9920863117124213 0.0 0.9447333331714153 0.8259025550843074
0.9892792015814222 0.0 0.9488124084072814 0.7750206782464847
0.9948232075443215 0.0 0.9532967679668558 0.8371040723981901
0.9938878774129445 0.0 0.9465546171760519 0.8010354369365349
0.9950027913872911 0.0 0.9510184427057438 0.7614550829364428
0.9923212217888975 0.0 0.9535586903028423 0.7607134210313937
0.9945138825264399 0.0 0.9501386372255699 0.8384602015988877
0.995058870831907 0.0 0.9505479637974288 0.7762860042151276
0.9949833117013476 0.0 0.953291767027607 0.8099584385950616
0.9944775990266902 0.0 0.9483066555505631 0.8418105827616119
0.9963199380651581 0.0 0.9486256756651622 0.8096860726455448
0.9938574449852645 0.0 0.9512487235519095 0.8033064857990674
0.9953460917044545 0.0 0.953474539499528 0.8648094732047973
0.996023521472984 0.0 0.9538679896726615 0.8829888946091049
0.9935335933651939 0.0 0.9532469826317339 0.8892259930854441
0.9944780347744298 0.0 0.9540177109434698 0.8769854456037749
0.9959962711266557 0.0 0.9552212605265024 0.8775340538466457
0.9955432012971971 0.0 0.9567809276476054 0.8888960040983607
0.9968581797780388 0.0 0.9620949403532286 0.8956050645239835
0.9927093011252194 0.0 0.9586634789238292 0.9077196095829636
0.9901333411481992 0.0 0.959990747061545 0.9258642471574595
0.9947198118410076 0.0 0.9589007965043432 0.8962193020249892
0.9947078519459414 0.0 0.9611347531591042 0.8684718553139605
0.9946169363042884 0.0 0.9585478643815298 0.8203413940256046
0.9952574931378148 0.0 0.9603005458180848 0.7405814000241245
0.9944027432583925 0.0 0.9642690155127153 0.8563594962591199
0.9958556615325851 0.0 0.9666432289656423 0.8509230076542098
0.9961602822424659 0.0 0.9686682118782827 0.8800331183545407
0.9933824175777054 0.0 0.9610379885271653 0.8336886181956604
0.9926173536688087 0.0 0.9569744711324443 0.706812725090036
0.9953613761461135 0.0 0.9637144148616379 0.8397831243646222
0.9950099978857706 0.0 0.9614998462908106 0.8408852802514405
0.9959155435379611 0.0 0.9612042490795673 0.7550445671788703
0.9938660959586328 0.0 0.9609204236176724 0.8125704235028994
0.9908228832616927 0.0 0.9546758061742309 0.7897712603913875
0.9937356652934335 0.0 0.9551355339657149 0.7341643684500827
0.9914844180289006 0.0 0.9553716432640199 0.7701788924077719
0.9895837136411864 0.0 0.9559472727975569 0.8094845099035043
0.994217614805042 0.0 0.9612199888954401 0.8302224495014063
0.9929375886445305 0.0 0.9604960755142872 0.8154466320032716
0.9834833903914635 0.0 0.9578351345868689 0.8729223529411765
0.988354237725747 0.0 0.9578516568309751 0.8151338304098401
0.9939092563186074 0.0 0.9565546937286211 0.7398188080696981
0.9911754751843111 0.0 0.9620977632923026 0.8484515327612547
0.9913289264890398 0.0 0.9662308705960523 0.8524620284174425
0.9939609013621625 0.0 0.9675721110548842 0.8929190734163288
0.9856050740591537 0.0 0.9593423329930864 0.8588471508095016
0.9855643075559286 4.294979169351029e-05 0.9540684005552359 0.8264091665126594
0.9908257857906192 0.0 0.9601202233901515 0.8576103612768058
0.990445088780404 0.0 0.9579284813530005 0.8486918833727345
0.9908206608551147 0.0 0.9604196247519551 0.8458236124417661
0.9910645119963986 0.0 0.9593797524501521 0.8659125414584243
0.9941436055425693 0.0 0.958450359037843 0.8606199051473231
0.9950271888659011 0.0 0.9567870170637695 0.8536056184512242
0.9888672733733656 0.0 0.9453578692922207 0.8457420384990686
0.9948387671283978 0.0 0.9427807333948779 0.8483892394553304
0.9930712258351818 0.0 0.9333682691757312 0.8600401490864898
0.9941141122632933 0.0 0.9131913983540471 0.8259577611389047
0.9908445508892139 0.0 0.8812550891791503 0.8151064156337405
0.9913073008189006 0.0 0.8624244928477264 0.8674640617008103
0.9889755243757782 0.0 0.19429849830291948 0.4334583909156471
