0.9865844214730771 0.030812141553100855 0.17368396964447924 0.0
0.9960572802883462 0.029499512634698615 0.16077758419276336 0.0
0.9954523874965643 0.032205629005778856 0.1709309323122094 0.0
0.9942763378725896 0.03241573459281483 0.16021697100218854 0.0
0.9939238142914161 0.030124709199172792 0.16895937854021686 0.0
0.9952373257817058 0.029923154612918806 0.16837512048228837 0.0
0.9946224781241088 0.02946143986718075 0.16317117627544458 0.0
0.9879369894885422 0.028253672278372288 0.16886217891834973 0.0
0.9937718424263697 0.0280582345675768 0.16963518205235079 0.0
0.9902258694310783 0.02948270480406345 0.17574422007914767 0.0
0.9953355158813609 0.029959182735278336 0.16954776582887288 0.0
0.9901210429675119 0.029285931459844504 0.18173334219253048 0.0
0.987464695284575 0.02851751705209749 0.17016147404399792 0.0
0.9846341226393703 0.027453789279112753 0.18352854608884814 0.0
0.9937645028249813 0.028525178078385262 0.18451938029052958 0.0
0.9908737301897005 0.02793347971157737 0.1908044810095938 0.0
0.9954170770390591 0.027375126070286686 0.18949119121987337 0.0
0.9944005087762676 0.027675100162518833 0.18740286603728357 0.0
0.9941815649794468 0.03004426293225973 0.19238226660150323 0.0
0.993223338884182 0.027102699288126534 0.1939964829749819 0.0
0.9882975363234365 0.0263588479430634 0.1989508756098473 0.0
0.9959471421499655 0.02749251301703021 0.19677000437673112 0.0
0.9934876822456536 0.028035828584658067 0.19516697459252386 0.0
0.9950373511052728 0.02650710548910959 0.19686062811345217 0.0
0.9861285220406044 0.0285593395455932 0.2063498977905169 0.0
0.9936614015996718 0.026384109933462466 0.20796512987974008 0.0
0.993226875815459 0.025130114161505127 0.20721996893749067 0.0
0.9975451565829846 0.02759098101265823 0.20875332498951688 0.0
0.9914589873337694 0.028117520945079334 0.21084362350116842 0.0
0.9969373078972922 0.027330783878007768 0.21229290672024392 0.0
0.9895750483245657 0.02519555092235144 0.21770213888070353 0.0
0.9900508695715913 0.025772463184680454 0.21312715954196293 0.014762025960804276
0.9956279243319144 0.02667945214300951 0.2261779797078296 0.02104982680522249
0.9954862097068617 0.02763777024906579 0.22445498623867052 0.03296703296703297
0.9952517099020273 0.02627249840189773 0.23135949633270417 0.0016120365394948952
0.9942505859432945 0.026993001777022484 0.2316397442189645 0.0
0.9943890119186842 0.02500768699561967 0.234057697746771 0.028485346480416323
0.9948921722445961 0.024421993256545815 0.23890574554878416 0.016002098635886673
0.994901190182095 0.026500502545818528 0.2572611153492557 0.0
0.9918469931956109 0.02433200146635073 0.24896720297852018 0.0
0.9954331637858694 0.025926794810713832 0.2587452239845793 0.0
0.9925318841767483 0.02796200937852388 0.2555938111722525 0.0
0.9965606179960868 0.027551928104982686 0.26708615050090756 0.04477937964176496
0.986918762897039 0.024162196895537634 0.26281283377824216 0.025721153846153845
0.9879855593471284 0.02626035624864667 0.2732744255563412 0.0023834745762711866
0.9939364855043713 0.028297260881429937 0.2818791317498749 0.17331701346389228
0.9922851842260978 0.029336773181255847 0.286451033679891 0.058935361216730035
0.995232925617052 0.02509381560074458 0.29700141551903547 0.1892164273116654
0.9943075027432614 0.02699273002928693 0.3003446304795414 0.12950971322849214
0.988992375212189 0.028691234180264858 0.301801884116581 0.3083720930232558
0.9942361781315104 0.028814331636177793 0.3084640279411377 0.33245452148694965
0.9935174049148306 0.02800902656210822 0.32068118463848083 0.2811829239208204
0.9947193084965582 0.028028131419220816 0.32760799970708704 0.2810693641618497
0.994301861921642 0.027686404802469193 0.3392799571830378 0.2444155280850141
0.9951801661944215 0.0270973310380674 0.34631982728434163 0.21285434995112415
0.9956009556377035 0.026238544818806917 0.34483891075644746 0.3232799245994345
0.9920242254156019 0.02579544713798373 0.3497169157754756 0.2892808062299588
0.9966260593412357 0.026287378910810285 0.3562793920776123 0.25344530577088714
0.9942293875700984 0.026816389328712695 0.3678918202510492 0.2995633187772926
0.9911540951569543 0.028875628346044846 0.37334990303203064 0.3667400881057269
0.9947994741956859 0.030958566327737982 0.3969472164447053 0.2915798249270529
0.9934635742054003 0.032397531148486855 0.3907795622083637 0.3437055114907464
0.9951645594054628 0.031204705839455033 0.3973355558425494 0.3217938630999213
0.9952055615486036 0.03291699473037866 0.41828526772774516 0.37951541850220266
0.9949200065171769 0.03358444176121407 0.43001679338230536 0.41663277755185035
0.994113718060818 0.03155867646957682 0.43131628137408123 0.35422836459361634
0.994706057108348 0.03110870473802196 0.4249468510650505 0.4090180003564427
0.9948113998527264 0.028699650340023676 0.4295081418719494 0.26881096144914074
0.9955135371603558 0.030336181787817974 0.4423781209807891 0.18336057280722234
0.9958822545413993 0.030442051516666242 0.44160342488410337 0.21080843585237258
0.9929609528445598 0.02579342608788053 0.4357525711151463 0.289543007673806
0.9963288978217966 0.02810174620149947 0.44039520259526493 0.34035635323188973
0.9952129800770517 0.028993630869228067 0.45831236423425115 0.26093529530336623
0.9910082028300856 0.025136555780187465 0.4650508803716314 0.3972950126796281
0.9960589243929009 0.022039255807352037 0.4710214659034838 0.3605589687989399
0.997719692704366 0.020356878738842964 0.46596718764244915 0.1691961109793692
0.9924597082945666 0.024147557560445388 0.4631876550760917 0.2886559688340599
0.9958632586088274 0.01919107667948428 0.4521945226508482 0.6718115353371243
0.9933266736742185 0.02379939771199292 0.46062683352170797 0.626911871813547
0.9847881274648291 0.018947500029076192 0.46615847726132786 0.6820355844652765
0.9888755560977188 0.019217950095133267 0.47354256044654197 0.6931086709579705
0.9903625408319692 0.02153157276047415 0.48123466053869846 0.6248159057437408
0.988057540493556 0.02494632769241795 0.5002435231088137 0.6805793786925862
0.9946121476892505 0.020824107713966915 0.5065720015638578 0.6170176044183638
0.9944095519905621 0.01864680948710366 0.5131143491828003 0.6930349218599267
0.9959672390636991 0.017074314226282056 0.5323721536248222 0.7008928571428571
0.9947960523094086 0.017390382546708306 0.5426496639035178 0.6496387161821543
0.993818997684951 0.014247757498533959 0.5583212091593969 0.6233966929377222
0.99516055554628 0.011486086012423171 0.5593013015362776 0.6079103083151666
0.9926120642607417 0.009092905693953518 0.5729926222279581 0.6195019404915912
0.9931816796775578 0.007378413550294068 0.6021970824792171 0.591469462944594
0.9916962600799442 0.00030885193880290603 0.5996449042094734 0.48555505004549593
0.9927377832234334 0.0007633080398206655 0.6258331457853643 0.5607133822413357
0.9935345641833137 0.0 0.6339987753945124 0.545526974732529
0.9943920325139401 0.0 0.6594577818604038 0.5309979535331648
0.993300028445018 0.0 0.6898353755189723 0.5522095304026768
0.993975836891015 0.0 0.7038239344463932 0.5092299290005462
0.9947211691314315 0.0 0.72043763689799 0.505625
0.9892376944261752 0.0 0.7437628753355391 0.4649990304440566
0.9913602945617693 0.0 0.7660188136087672 0.3929485591610932
0.9928656133124006 0.0 0.7799284599118594 0.3225635593220339
0.9955232226134958 0.0 0.8204982642238761 0.21470438328236494
0.9849231063093741 0.0 0.8303713870820155 0.2393495625713199
0.9919124956231362 0.0 0.8807031912387187 0.37151590131722584
0.9907042358788468 0.0 0.9021309172376802 0.4257809280474738
0.9938496796491346 0.0 0.9256391136671781 0.24972258406908862
0.993761252965521 0.0 0.9054195994255321 0.12277125595559703
0.9909535171119811 0.0 0.915008610761432 0.1826777087646653
0.9900843566302782 0.0 0.9261371985398158 0.3240751825691368
0.9958654398821712 0.0 0.9367829165186147 0.7062060140754959
0.9944361482575211 0.0 0.9353318349144895 0.6614925373134328
0.9924971307647694 0.0 0.9364124325094606 0.7
0.9948415260504051 0.0 0.9363114712463163 0.6448918887999084
0.9952975360920526 0.0 0.9409367040302886 0.6089935760171307
0.9956474197810642 0.0 0.9427742580860287 0.6901456146291907
0.9881746401305145 0.0 0.9367189883660773 0.7652907123080795
0.9937090174478567 0.0 0.9410401037425336 0.703472450432687
0.9959591506869444 0.0 0.9400114763098537 0.7207642472823103
0.9917251004152767 0.0 0.9386082676064217 0.7162915326902465
0.992074302273496 0.0 0.9442210697488282 0.7846564970493264
0.9934733920973694 0.0 0.9443913379018543 0.754064409236823
0.9947157335332285 0.0 0.9430141317926296 0.8095688748685594
0.9939875820892745 0.0 0.9438398340652396 0.8105609204848983
0.9925665328998887 0.0 0.9450520263978299 0.8188360450563203
0.9898713163806063 0.0 0.9490787069133587 0.7554965188713815
0.995082146158384 0.0 0.9533354764026957 0.8205908332515458
0.9942446291053391 0.0 0.9466933084255243 0.7930509537028746
0.9954578942820631 0.0 0.9519299756062563 0.8040951359084406
0.9929673611126679 0.0 0.9546999809516996 0.8084103840682788
0.9954002713254879 0.0 0.9507582816498792 0.8329527489899877
0.9953129990938899 0.0 0.9506281608665512 0.765681782272081
0.9953286426551171 0.0 0.9534920206644663 0.8015554645927139
0.9949258746217903 0.0 0.9492878331853712 0.864784300736938
0.9969514810462113 0.0 0.9494343159736994 0.8283938452209505
0.9948553773888245 0.0 0.9525862885789841 0.8386463211965554
0.9959217018838938 0.0 0.9539717643714624 0.8682158573303482
0.9969415308777215 0.0 0.9543763666839674 0.8669464693321552
0.9943153641595026 0.0 0.9537585678248621 0.8832800851970181
0.9953443472860403 0.0 0.9545633033228815 0.8703245232519237
0.996213526424021 0.0 0.9552779076161105 0.8711425656720224
0.9956262347172975 0.0 0.9568090481627662 0.8868636479918137
0.9968998860681838 0.0 0.9620382984087739 0.888800196487781
0.9936105684904587 0.0 0.9591399364271268 0.8986402232646518
0.990736963524596 0.0 0.9603905207779674 0.9240395809080326
0.9946382275996999 0.0 0.9585056434686606 0.8780080753701212
0.9953907958349045 0.0 0.9615024652008775 0.8592959689368007
0.995105595896606 0.0 0.9597643491005822 0.864633655394525
0.9959017148330294 0.0 0.9632030476968847 0.840150749149738
0.9951124900379609 0.0 0.9647190667736667 0.8512897617817037
0.9964375990023929 0.0 0.9676849210565407 0.8784808933704
0.9964311332505866 0.0 0.9691169415343366 0.8932190527208607
0.9940381425935634 0.0008386835560182775 0.9625125004791124 0.8683308078794162
0.992912752701682 0.0 0.9610110367701721 0.8105480362326444
0.995825842537063 0.0 0.964824562416242 0.8594706834658971
0.9952244407651835 0.0 0.9619322871457167 0.8436116750424335
0.9963227448950488 0.0 0.9646116816773108 0.8313841644019665
0.994250339249157 0.0 0.9629724629288317 0.8542473307520826
0.9905650833828379 0.0 0.955539287372128 0.8215685207358223
0.993855047383422 0.0 0.9602833275764112 0.8335312697409981
0.9913535234091009 0.0 0.9583832335329341 0.826368960126922
0.9898441260935243 0.0 0.9594651793939696 0.8808032166066669
0.9948082560414538 0.0 0.962847235944322 0.8644014683498971
0.9931832657528348 0.0 0.9637341036510324 0.8779364641470195
0.9838126921390267 0.0 0.958875595792182 0.8850705859601624
0.9886289246632282 0.0 0.9614269657280794 0.8755644756648269
0.9943016223175674 0.0 0.9617584876971635 0.8043170502807514
0.9914100958817172 0.0 0.9651761346363391 0.89094445449611
0.992119441979406 0.0 0.9684562787380799 0.8708861078236346
0.9948645946200183 0.0 0.9687589247656726 0.8990043018028904
0.9856614403239622 0.0 0.9603441042490526 0.8680053835800807
0.9861207453861653 0.00021225113554357517 0.957091165918594 0.8546456814115021
0.9911281527208222 0.0 0.9613604922138173 0.8668379060704955
0.9910116784923586 0.0 0.9587806847712425 0.856604765241766
0.9918996309539744 0.0 0.9625324277894854 0.8579188044539375
0.9917386865302483 0.0 0.9624478687282833 0.8849167029976351
0.9955217244895881 0.0 0.960608508877372 0.8690110297955255
0.9959311311166839 0.0 0.9597378294165205 0.8672736083473384
0.9890925834630113 0.0 0.9476847819668743 0.855777476616827
0.9953765091982055 0.0 0.9431161395466987 0.8479608079496809
0.993673608008079 0.0 0.9325932949088931 0.8565153039278445
0.9946739736426936 0.0 0.9089118721743977 0.811177198671528
0.9918296892980437 0.0 0.8728353844762915 0.7927281823668865
0.9920340676790538 0.0 0.8606157177871541 0.8630619219503486
0.9883824061700163 0.0 0.19110487638669751 0.4212838234238709
