0.9866415226957869 0.031788581101565516 0.1732436266892797 0.0
0.9955757258453293 0.030884592411629545 0.16004001715020724 0.0
0.995247129542344 0.03312125192552332 0.17076232399364377 0.0
0.9944001967751336 0.03282401490104117 0.15963397850410257 0.0
0.9938525504814487 0.03166969419863558 0.16857529907268434 0.0
0.994899977415359 0.03096574176723642 0.16783856361164481 0.0
0.9950238817855062 0.029911411921953443 0.16281028606898362 0.0
0.9881936311029488 0.028715570216414535 0.1681645991621445 0.0
0.9938603774679722 0.02830719059562007 0.16932916609373316 0.0
0.9902784580151418 0.030799114556471836 0.1753282314538862 0.0
0.9951088040171286 0.03156809313767071 0.16919105004356885 0.001422070534698521
0.9897508828301892 0.029945853859675773 0.18094566016466435 0.0
0.9877869221077032 0.02999717425119914 0.17038468817151786 0.0
0.9844799755410633 0.029486986471546097 0.1833737683662663 0.0
0.9936695058669296 0.02938446138273897 0.18418159653438404 0.0
0.9911578608190653 0.029994058612216896 0.19107189804324148 0.0
0.9952750527753632 0.028789056842522507 0.18932532628738583 0.009624958513109858
0.9944575100369991 0.029170968146248075 0.1873019455927107 0.0
0.9942041412601627 0.03112228281615877 0.19212236127720259 0.0
0.9935900088858594 0.027969176033744787 0.19348593517882529 0.0
0.9881458686026431 0.027235818919985236 0.19829274528247037 0.0
0.9956319583671032 0.028780708452697673 0.19600441377545716 0.003996574364830145
0.9938844474752948 0.029151463357960018 0.1949900715932455 0.0
0.9953550318250514 0.027454410481284046 0.19663413019111023 0.0
0.9860073439412484 0.029133451686034217 0.20598056664505995 0.0
0.9939563056407 0.027643094653129287 0.208137672788113 0.0
0.992680416907027 0.02657617864392057 0.20672051131214525 0.0
0.9975202619421045 0.029551321790836995 0.2088027666571003 0.0
0.9915238579149153 0.029733364054201145 0.21105624862088704 0.0
0.9969471797611037 0.028051846976569192 0.21202716866075924 0.0
0.9896386939006152 0.02748614982709179 0.21831915669577376 0.0077909022367429
0.990164811473898 0.027577123601536756 0.21337391043101112 0.1287373362984927
0.9951751064459154 0.02880688668251339 0.22665828805968963 0.10432569974554708
0.9950101542561823 0.02800859828675928 0.2248164940065568 0.18344404701073072
0.9951579250926452 0.026704451347846637 0.2317901736005167 0.20419129500268673
0.9939732380126023 0.02776789682063829 0.2315443672241501 0.02495354393416512
0.9943463679923573 0.026840442099215288 0.23435502157276478 0.24342825848849944
0.9943524275070001 0.02669071016353828 0.2390820567768371 0.13719832109129065
0.9950551869733906 0.029112359957192267 0.2580315269390636 0.1411764705882353
0.99140913031675 0.026727091174437362 0.24935023861117026 0.0009849790691947797
0.9952022527895635 0.028702587214292658 0.2598041785980089 0.05852023717452952
0.992874507608427 0.02996613746403581 0.2560166585083973 0.09879839786381843
0.9968410004091705 0.02806316551010141 0.26781356626389696 0.22586282219309742
0.9865478345634313 0.027319081643876555 0.26346278620702485 0.23012851023322228
0.9879158252871465 0.029164579506873713 0.2734638349096629 0.10455622860152752
0.9934852804868219 0.03088032528710892 0.2819941867515834 0.27281346290590186
0.9925893761035535 0.03166399955201089 0.28687412344694035 0.2376425855513308
0.9953488084184463 0.027987828029648543 0.29770190558851006 0.3366087175610985
0.994046626585196 0.029313827113260343 0.3002496095382303 0.2668019846639603
0.9890244482061444 0.0324391150688245 0.3025353769824821 0.4486046511627907
0.9939506866098321 0.0321157822191592 0.30884615353813305 0.4282973621103118
0.9933322529113514 0.031014932817835253 0.32094542024662515 0.43262580491295016
0.9948720451425958 0.031066727127023575 0.32821409958762543 0.4377713458755427
0.9937168742091074 0.03140530175270595 0.339795922429821 0.36033934252386
0.9948617890949634 0.03165713155357796 0.3473152985475977 0.38461538461538464
0.9951752173886623 0.030840059490984444 0.34571720125011596 0.47243166823751176
0.9915964145995027 0.030181438385241788 0.35044512329563793 0.4433318161128812
0.9964307082378964 0.03113196735502025 0.35724069601634056 0.3728305121062781
0.9942827029152065 0.031207272573455406 0.3688870943660366 0.3853330440442612
0.991433542227279 0.03277656918060461 0.37410917687340856 0.49168490153172867
0.9945526784162617 0.03399925549075568 0.3973069977390207 0.41401405539479125
0.9927910989497212 0.03533335919016406 0.3913222033602923 0.48997074801504387
0.9949038944238492 0.03424190712048531 0.39803624102476287 0.44770642201834865
0.9944946974989436 0.03593330469337343 0.41847748477725455 0.4625506072874494
0.9950954871670113 0.03731794914529506 0.43027852405944494 0.4696043165467626
0.9940279215320398 0.03564151568152497 0.4308915778671971 0.3590088876918934
0.9945092689581253 0.03575617620856255 0.42345478851552143 0.3214572115935388
0.9945375847956699 0.03251256854790483 0.427861189066623 0.2476028317949637
0.9955067599192287 0.0347149600067833 0.4405192766008137 0.17980973839028663
0.9954873361704192 0.03455062476473516 0.44035078860914817 0.1996709849886901
0.9927455127319946 0.029722127217014387 0.43254259753117963 0.21822508398656215
0.9960418584370913 0.031683887237153256 0.4368314150304672 0.23140854231408542
0.9944797202864839 0.03180854506379848 0.45778894714987883 0.17053438364913776
0.9906492251590834 0.03324222381753775 0.46432319201995015 0.24584669192655204
0.9958551995074614 0.029828257960535558 0.46841296635499846 0.16674715085957117
0.9973988240721654 0.026974807997154536 0.46686165978932137 0.16591333398840521
0.9917013876086181 0.02990167794427057 0.4635362819211665 0.3153029784320438
0.9949377269886838 0.02952011791089701 0.45444324515252604 0.7792964824120603
0.9924643313755919 0.031414002307663676 0.46232175864800634 0.715730540003612
0.9837642844152577 0.02909798288490784 0.4685449287469326 0.7805939095895593
0.9883828348323224 0.028973117725821403 0.47599478213702595 0.7795171633345908
0.9898856547697924 0.030113994968786736 0.4830438690483199 0.6641608391608391
0.9875511927952066 0.03299698328424876 0.5019349433846982 0.7132892804698973
0.9940195873125642 0.03186597313242421 0.5093098790969238 0.6858414655024825
0.9939055566769933 0.028130237785363426 0.5150151755480591 0.7574598316755929
0.9955802403409186 0.023849545912364895 0.5338739777815156 0.7201289884589274
0.9943658371694692 0.02371368385926127 0.5441602274021518 0.6903246859193995
0.9931728671458514 0.017077970467157193 0.5584063582963404 0.6436509112461105
0.9946439688298306 0.016858152934382992 0.5600691768483239 0.6581236408822616
0.9920581678139526 0.016051806883203835 0.5744972577696527 0.6820504367891874
0.9926151904814824 0.008196374067745664 0.6022400524040934 0.6349318955732123
0.9911953742145792 0.001645185058086135 0.6004130853029845 0.5527326806295699
0.9923478449994563 0.001239292874065974 0.6260993017196128 0.606520591341077
0.993842702383057 0.0 0.6346219200694095 0.5750794959368744
0.9944879028495947 0.0 0.6591829717024165 0.5124539260583045
0.9929841715916214 0.0 0.6893773548956555 0.5373994346597086
0.9935625381570397 0.0 0.7035958646894509 0.5209913470783036
0.9945608160004916 0.0 0.7203255708794936 0.5231415113659635
0.9886779004870809 0.0 0.7433348935174351 0.46922216004476774
0.9908909584910401 0.0 0.7653692463348157 0.3848446815186696
0.9925411927128666 0.0 0.7790721849148033 0.31126428441864684
0.9950704627554007 0.0 0.817167707766868 0.1849194004524887
0.984681446258282 0.0 0.8292246307339176 0.2280531830589064
0.9914802944346307 0.0 0.8775487313426857 0.3054215157536191
0.9902260610336755 0.0 0.9005312918777216 0.39340974212034385
0.9929523395457583 0.0 0.9221488986869896 0.23319274567692957
0.9929714097448475 0.0 0.893964565510332 0.1010723461295007
0.9904675232701594 0.0 0.9080558680860359 0.1508302088912694
0.9897205575351834 0.0 0.9249536547156636 0.3137157382847038
0.9954189010752109 0.0 0.9366410116588773 0.7346290650406504
0.9939720478476395 0.0 0.9353289411342247 0.7036589783842531
0.9913980625324229 0.0 0.935294857349386 0.6740370068660537
0.9942100299889608 0.0 0.935083595001282 0.6005144440047487
0.9946451968175 0.0 0.936520430354717 0.4201947648318254
0.9953865870241195 0.0 0.9428481417770133 0.72552783109405
0.9880802737916864 0.0 0.936606437504611 0.7763834110194813
0.993771733181721 0.0 0.9401644006959252 0.6533876126781041
0.9959457488037979 0.0 0.9398690487016477 0.7167449139280125
0.9910999838841841 0.0 0.9374667514103158 0.6944826232083251
0.9918075974019295 0.0 0.9439167675240155 0.7791932059447984
0.9927321464348139 0.0 0.94383625138381 0.7516778523489933
0.994218349279723 0.0 0.9427648440142585 0.8213649229478981
0.9941594410930604 0.0 0.9442331254537911 0.8347601856627127
0.9922383703366316 0.0 0.9447551654899928 0.8189200162403573
0.9892486598550856 0.0 0.9488136089434451 0.7774101645069387
0.9948180390772347 0.0 0.9533085773421806 0.8385795789887861
0.9940311057962374 0.0 0.9466661105686429 0.8063767080467983
0.994746386079799 0.0 0.9516239135847457 0.8258076030697841
0.9924959026776646 0.0 0.9543906893500376 0.816127911018422
0.9945225077244563 0.0 0.9502385884597686 0.8467402733964248
0.9950900021404505 0.0 0.9506961329362911 0.7861759142496847
0.9953193069997831 0.0 0.953593805495881 0.8150495693157809
0.9946868964810036 0.0 0.9487979245537894 0.8737422914638104
0.9962627763519294 0.0 0.948617540607421 0.8148575549945907
0.9942757796884795 0.0 0.9521854393616801 0.8458842827318819
0.9959207592010808 0.0 0.9539466981063418 0.8684948109991667
0.9960500285896433 0.0 0.9539448672031218 0.8885705890994564
0.9937766792981958 0.0 0.9535109504771905 0.8968197879858657
0.9945770065075922 0.0 0.9541854633249521 0.8846564376250834
0.9960892677597631 0.0 0.9553280127667221 0.8803216952830791
0.9956333951453084 0.0 0.9566662226032632 0.8779784298971658
0.9969132375474673 0.0 0.9622005732336952 0.9001103076357396
0.992718634524019 0.0 0.9586378752329842 0.9053278930873396
0.9901624854494578 0.0 0.960066192384964 0.9291534238659347
0.9948201608389549 0.0 0.9589586949874537 0.8953676708778749
0.994893432211305 0.0 0.9613578779939358 0.8736729277256022
0.9947833224434559 0.0 0.9591701522776289 0.8466320236996746
0.9952051703574767 0.0 0.961833852701483 0.8018588009424906
0.9946974692466859 0.0 0.964469784072255 0.856263023848113
0.9962769859538791 0.0 0.9668411369328597 0.846205477000179
0.9961869394386512 0.0 0.9690520367822898 0.8979772104937727
0.9934862775651667 5.790052689479474e-05 0.9611215314772982 0.8295009047044632
0.9927927164488981 0.0 0.9575112727170328 0.7170582850167836
0.9957596058284386 0.0 0.9626676428618394 0.7975781325281855
0.9952944245135872 0.0 0.9612141607645703 0.8238137926618428
0.9965543393986256 0.0 0.9611773952195516 0.7420922614252725
0.9942957334642847 0.0 0.9602599729165491 0.7874598930481284
0.9903072126216037 0.0 0.9538624708116011 0.7764330397038172
0.9936896860167747 0.0 0.9529197826531456 0.6958061002178649
0.9914349286718555 0.0 0.9533320121193973 0.7362016157214216
0.9894009231882183 0.0 0.9551150359175905 0.7965892446118434
0.9945076950118702 0.0 0.9611441695195839 0.8214406851522089
0.9930511955800312 0.0 0.9600567991410027 0.806432861848479
0.9836450099245821 0.0 0.9565090083208572 0.8474324125771379
0.9883740678760595 0.0 0.9577934653163618 0.8136708609600026
0.9943398925192587 0.0 0.9549787981698573 0.7173619321060631
0.9916048349381569 0.0 0.9595083597297823 0.8089594981590073
0.9918429773132806 0.0 0.964067204954901 0.8223925437040192
0.9943002186599073 0.0 0.9667700285889811 0.8808193887510436
0.9858009651876494 0.0 0.9580276952803521 0.8449944618697142
0.9856204666098464 0.0002569043031470777 0.9536912356261724 0.8252606608925912
0.991488852871639 0.0 0.9594319594793853 0.8495929432160035
0.9906649076391258 0.0 0.9572997571923232 0.8485070088601846
0.991378496999373 0.0 0.9627677721479447 0.8666594997491579
0.991633152167404 0.0 0.960605988334963 0.8763506939109951
0.9949145337524322 0.0 0.9642706342354055 0.8977087073738172
0.9955572219478283 0.0 0.9653936309788486 0.9027728540822146
0.9891795126323347 0.0 0.9526462809288232 0.8812033941887375
0.9954950184026633 0.0 0.9509470304359432 0.8816689044245876
0.9935531526699645 0.0 0.9431789047980551 0.8950841741730569
0.9944825640727804 0.0 0.9205697146715661 0.8468274516163306
0.9907097506573068 0.0 0.8887516382884175 0.8333577921065424
0.9914724689731869 0.0 0.8712449466597795 0.8797118335605445
0.9881923268505091 0.0 0.20195375714968977 0.45820962519567343
