0.9862587737735825 0.030505150848583757 0.17333208246140583 0.0
0.9952653270774804 0.029942938505569863 0.15997524572934815 0.0
0.9945737157947481 0.032051905307204226 0.17067162743942757 0.0
0.9944168825766341 0.032080948008651876 0.1598541148997002 0.0
0.9931462556043498 0.030848570006163346 0.16843412248905568 0.0
0.9951523469818258 0.03004031532500226 0.16806531533385363 0.002468373958654736
0.9939100590118037 0.029194445845603136 0.1627328739003151 0.0
0.9884798859224345 0.0282024076184488 0.16860134487065623 0.0
0.9934884260955021 0.027737493475694555 0.16947099765569365 0.0
0.9900088825140388 0.030179561744901603 0.1755685189954205 0.0
0.9952567077887708 0.03100171765437684 0.1693592451046651 0.004550625711035267
0.9894937560256792 0.02941043493986798 0.18107366833283128 0.0
0.9869868124115703 0.02918957470050285 0.17023520982911847 0.0
0.984537672653366 0.028955592743231413 0.18357230432981292 0.0
0.9935808039114863 0.028932074304098058 0.18438186638157425 0.0
0.9908563456608563 0.029029399919452276 0.1910993986967334 0.0
0.9943151267547917 0.028182980288011826 0.18904157398568114 0.007633587786259542
0.9938967979410767 0.028337974224639545 0.18703393349216543 0.0
0.9935934791293289 0.030802706154937225 0.1919148351560578 0.0
0.9927724923762394 0.02748518250953524 0.19335787116124353 0.0
0.9880769403676914 0.02657961498429956 0.1986147120004711 0.0
0.9959166050742402 0.028113082730173555 0.19639287683052514 0.0017128175849272054
0.9935788891514777 0.028626677788731326 0.19504432299116894 0.0
0.9948899539057969 0.027128762383992044 0.19663557779618468 0.0
0.9855513689658634 0.028879595241092786 0.2059775984591516 0.0
0.9929696916409304 0.026973710180397112 0.20803388182265997 0.0027677830058123443
0.99317013745343 0.025889276102714184 0.20696360752077875 0.0
0.9968739048323664 0.029123103617030743 0.20862422504525577 0.0002901073397156948
0.9917343613191945 0.02931485137502433 0.2112417178718157 0.0
0.9961801778121753 0.027775240198434293 0.2120159829131619 0.0
0.9890365675114068 0.027051541190003515 0.2183248739041194 0.0055318078953985415
0.9897372366043448 0.02684322945708234 0.2133161947196344 0.11854489951666243
0.9950150493707742 0.028240723967328078 0.22663723384467166 0.11733754275190739
0.994739663112241 0.027597487253749664 0.22487565981892352 0.17429082545361615
0.9948251660346525 0.02614985107008342 0.2316991843775592 0.22514777001612035
0.9937462296897714 0.02721318777442198 0.23147540828147992 0.009025749933634192
0.9944598200063715 0.026512375701188935 0.2344288595129497 0.17096336499321574
0.9937964532248577 0.025884495712225848 0.23882538542481804 0.08656873032528856
0.9948815889033751 0.028254312595581265 0.2579586900121574 0.07289002557544758
0.9907548380720522 0.02630144732744349 0.2494046818137726 0.0
0.994385634673676 0.027879070008017173 0.2597417722943777 0.037477384337038
0.9921426256568303 0.029260350808036947 0.25584696081456343 0.10146862483311081
0.9963974610678001 0.027288957428810736 0.267450970019146 0.20795107033639143
0.9856438795959525 0.026840350716960452 0.26337309297374906 0.20408653846153846
0.9871843951313378 0.028630054416425316 0.273391053614752 0.1281779661016949
0.992867641409746 0.030675866301295138 0.28185108700496764 0.25666666666666665
0.9923452210198529 0.03114636184306868 0.2867677586600667 0.2564163498098859
0.9950319542424659 0.027512846593836276 0.29782110987733534 0.3361048122952885
0.9938086835389952 0.028970436786415737 0.3002672450889944 0.2585568917668825
0.988900185789312 0.03151515015798443 0.3023954980977934 0.44627906976744186
0.993943947777644 0.03162859531394745 0.30875247081042584 0.4337831084457771
0.9933908515342927 0.030798334007576037 0.32103290421953484 0.41235392320534225
0.9946463177112063 0.030498767058779862 0.32819884236700697 0.42590346834829007
0.9937688341421416 0.030972428595014034 0.3398246090153099 0.3378435517970402
0.9949478890223291 0.030966856456611017 0.3472177766736893 0.3965306621060347
0.9950338693755684 0.029951997555718403 0.3455428402044435 0.4615928369462771
0.9913635399302925 0.029468164396514087 0.3503372364965718 0.43813847900113506
0.996532883789327 0.030570964348704748 0.3572621946032872 0.3938415159345392
0.9949973447909626 0.030215159702836784 0.3691014390451286 0.39039301310043667
0.9918961180393593 0.03206365512105499 0.37418647002028155 0.5044014084507042
0.9944696737191414 0.03352637545778934 0.3972842365715926 0.4146899708697461
0.9922353544995371 0.035026124814825345 0.39102956972772107 0.49744428542220404
0.9946687877255386 0.03382173509234279 0.39796654619783994 0.46797412893803464
0.994032930281668 0.035362331295428207 0.4185471354450594 0.4880495091762697
0.9954256438962952 0.03662517644390211 0.43055595561572463 0.46504392386530014
0.9937685506807941 0.03485308850144912 0.43112454902788233 0.37985941758714675
0.9944714024826302 0.03478236102313986 0.4237943565097203 0.34319884029958925
0.994281615832533 0.03144769994168711 0.4278935784412661 0.2555615843733044
0.9954072494202822 0.03323753150786796 0.44032110307900824 0.18361774744027304
0.995003098054955 0.03247004143011453 0.4399212696075882 0.21244438166537186
0.9923136095749772 0.02807431007955412 0.43225255972696247 0.2271691124091751
0.9958375833755309 0.03035661945678957 0.43631030858430975 0.22204681172352256
0.9941278454016568 0.029998940325828033 0.45655247399582133 0.15496587600820885
0.9905619369095898 0.03041967766001121 0.46318675277617105 0.2307796702178191
0.9958356753586354 0.026262067823719232 0.468190944256863 0.19731980367286164
0.9971372230941306 0.024807795982467244 0.46659434594015087 0.1771669545777868
0.9913632262964993 0.027361190445659395 0.46295493917044506 0.31773462229446486
0.9947497855729256 0.025017632483911683 0.4534402355055798 0.783410138248848
0.9922643228082558 0.026566679458614233 0.46116434856478306 0.707936507936508
0.9834763250768941 0.024124280474574104 0.46741774888242915 0.784606656580938
0.9881236248719037 0.024514146625736175 0.4747843345749134 0.7558351568198395
0.9898045763591524 0.026141737466582292 0.48193807272080713 0.6353383458646616
0.9875955185716186 0.02873197922411349 0.5010660059576928 0.709502262443439
0.9937729147361769 0.026882505499668273 0.5080305746759715 0.6786812435941236
0.9936861039888881 0.02578915492389066 0.5144233106005736 0.7607791225416036
0.995327142026344 0.021762758004225582 0.5331671920252172 0.7004759560150993
0.9943708075239079 0.021789014748524106 0.5436424822723449 0.6632556675062973
0.9928678638466638 0.01595848657727839 0.5581554444441778 0.6285056810010068
0.9945417243189083 0.015338307168447739 0.5602235162223583 0.6561148857319333
0.9918039526445301 0.011628452548744348 0.5734483839051446 0.6777686628383921
0.9924638969755202 0.0029940119760479044 0.6013192377737308 0.6426724137931035
0.9910582079727982 0.0006277970782202861 0.5999138867492247 0.5275956609846227
0.9923084452425347 0.0001694021177409048 0.6257979708824702 0.6054290492731249
0.9937994534739523 0.0 0.6340413567546781 0.5079724308198745
0.9946793030660623 0.0 0.6589764021413189 0.4849877123624319
0.9929498533066962 0.0 0.6892311592332121 0.5279305966991114
0.9934057953174623 0.0 0.7034026776903753 0.5067138544811075
0.9944605726000526 0.0 0.7201142247730239 0.5075727773406766
0.9884063666732168 0.0 0.7428528420555113 0.43984762579730685
0.9906019397770272 0.0 0.7646992249853226 0.361247947454844
0.992298096675395 0.0 0.7776441585467287 0.27155375977331164
0.9947072129692321 0.0 0.8148009102611621 0.16743282615733246
0.9845673805717926 0.0 0.8294763550461525 0.23109300138808042
0.9910879893554249 0.0 0.8773307619735613 0.304684828450929
0.9898765703231414 0.0 0.8988573605333711 0.34682852421507565
0.9925175700083022 0.0 0.9238621031874732 0.25115958668197474
0.992537740295516 0.0 0.8896007305930105 0.09209299112231856
0.9899986240777373 0.0 0.9085696065806352 0.15417022331139688
0.9895397630752961 0.0 0.9252740126139862 0.3188372625314717
0.9951887657005265 0.0 0.9364030593831953 0.7204110110364075
0.9936796770333991 0.0 0.9347890929363644 0.6661641929499073
0.9906299330057465 0.0 0.9350178762841297 0.6952113364280479
0.9938680267942754 0.0 0.9352511640445849 0.6261261261261262
0.9944293677120075 0.0 0.9363276765130253 0.41476565740356697
0.9951418008529509 0.0 0.9424857051461474 0.7011814534106108
0.9878514501702697 0.0 0.9364833950204533 0.7785792884215674
0.9936487997877336 0.0 0.9400102417280588 0.6485042735042735
0.9960131507196467 0.0 0.940003206749381 0.7214467005076142
0.9906758054519408 0.0 0.9369321477693442 0.6855327177042995
0.9916211368227543 0.0 0.943841648105629 0.7801013258596529
0.9926241507234759 0.0 0.9437282984697367 0.7429125025494595
0.9934802324720515 0.0 0.9421855775997555 0.8105405686907614
0.9941655204835147 0.0 0.9439595331243571 0.8172098283129433
0.992051362216832 0.0 0.9446036958924996 0.8119701766928812
0.9889328155024179 0.0 0.9485090359984867 0.765428702430078
0.9947155713490802 0.0 0.9531666470581076 0.827922077922078
0.9933843075176966 0.0 0.9461817432819132 0.7988567345480528
0.9944409322041607 0.0 0.9513456046876738 0.8179226794940317
0.9925245592786973 0.0 0.9542062982031856 0.7948938364996132
0.9942598153954865 0.0 0.9500181966450778 0.8423130923130923
0.994704417839146 0.0 0.9502810184754609 0.7737748761110674
0.9948618463642678 0.0 0.9532155831443402 0.8111482902146413
0.9943208707998107 0.0 0.9483809601292013 0.8638349514563107
0.9960682644502271 0.0 0.9484339507175925 0.8109786926688335
0.9940965774127954 0.0 0.9519347339417944 0.8361519062453642
0.9952585495871715 0.0 0.9534258905912291 0.8651428571428571
0.9957390114375057 0.0 0.9536054212438021 0.8776200632492461
0.9935867349712679 0.0 0.9532724898269467 0.8866198681131674
0.993870138754495 0.0 0.9535551709836619 0.873322203672788
0.9959736263937667 0.0 0.9550588921551827 0.87008
0.9954364879378 0.0 0.9565638279969741 0.8776430249539653
0.996833907587047 0.0 0.9620165588649437 0.8891544117647059
0.9923513386037409 0.0 0.9583365691394697 0.9001895510010662
0.9896254007701821 0.0 0.9596790753852696 0.9268899300133032
0.9951040434965593 0.0 0.958949062355957 0.8850779269805318
0.994252477692305 0.0 0.9607914632270415 0.8644701783152285
0.9947665290457638 0.0 0.9592322359637268 0.8477607528206139
0.9950313605781355 0.0 0.9612311592950222 0.7799264139642338
0.9943899640288997 0.0 0.9642022706628828 0.8518621714498004
0.9959739175478989 0.0 0.9667600694648355 0.8514546853083571
0.9960575774996683 0.0 0.968871072530418 0.8920529801324504
0.9932358915813113 0.0 0.960962226480906 0.8358937216483056
0.9926841413798949 0.0 0.9563363567828808 0.6900008846165188
0.9953458383906804 0.0 0.9629680606960438 0.8154787497932859
0.9951429704570153 0.0 0.9614583610985242 0.8338979738093687
0.9963011718766508 0.0 0.9608420820902213 0.7384326858673811
0.9940697586457826 0.0 0.9603166839831189 0.7924390836234113
0.9909788375738575 0.0 0.9547285449576821 0.7877821011673152
0.9942037117994158 0.0 0.9521789966541218 0.6773969382958285
0.991750619169103 0.0 0.9545941063018459 0.756473502572463
0.9899503382906499 0.0 0.9562635318447624 0.8146131009589714
0.9942429104568953 0.0 0.9607221866636884 0.8183549124143183
0.9934065958718874 0.0 0.960022223646815 0.8007436233335902
0.9836160020203774 0.0 0.9569206750553637 0.8552812325969927
0.9887220813174639 0.0 0.957476233840288 0.8049740151154975
0.9943261300050869 0.0 0.9543720258690657 0.7100322450062116
0.9915386445361466 0.0 0.9594101266320021 0.8079170079170079
0.991558124699349 0.0 0.9636206583637814 0.8194970557345322
0.9942064347925007 0.0 0.9672122570424558 0.8865430032874047
0.9859350469808094 0.0 0.9581928546239146 0.8448490378234904
0.9861594674667874 0.0 0.9541438723730172 0.825197415649677
0.9915583031336602 0.0 0.9593310921472287 0.8480553360355537
0.9911837858997862 0.0 0.9576527232761289 0.8484345570753697
0.9912855357812675 0.0 0.9617618080199496 0.8593704282543693
0.9920275231996318 0.0 0.9605270359260822 0.874311685481131
0.9949394652242446 0.0 0.9644509312891374 0.8981768285269307
0.9957696445852292 0.0 0.9650195468782149 0.8997515604467805
0.9895122004131485 0.0 0.9528736816409422 0.8808079464325307
0.9952359401254688 0.0 0.9505973426696918 0.8808416714579531
0.9937306140046227 0.0 0.9425154367124685 0.8922348324679059
0.9943807437334623 0.0 0.9186252361719928 0.8413308689682941
0.9910908280344447 0.0 0.8905155872732947 0.8363046927302574
0.9912332176051211 0.0 0.8688167827240675 0.8768737999211826
0.9883152296286221 0.0002560163850486431 0.20363895802332938 0.46559809146651293
