0.9866520988371205 0.035133364133505866 0.17279386568810082 0.0
0.9957705329413655 0.03354945292209392 0.15962073784994443 0.0
0.9952502682572745 0.035607665747656704 0.16993663562137612 0.0
0.9944652456473483 0.03603330157314126 0.159773453560723 0.0
0.9937322137701938 0.033917103103225085 0.16755826345193345 0.0
0.9951694393099199 0.0339507228006322 0.1673110052733633 0.0
0.9946376633879992 0.03306326597290289 0.16272598753842818 0.0021545090797168358
0.9881570080395349 0.031180124982224538 0.1680056763333378 0.0
0.9937080409385011 0.03092139619957855 0.1689556009560419 0.001385809312638581
0.9902893226333901 0.033620612541504336 0.175516752224068 0.0
0.9952383084192404 0.03415730654522788 0.1689726124592025 0.001422070534698521
0.9899695959225913 0.03348557883402109 0.1808366580659339 0.0
0.9873780348700306 0.03224640098678694 0.16966750584660972 0.0
0.9846648819966881 0.031130317677009925 0.18294846160045747 0.0
0.9936927548949707 0.03390736071202851 0.18391810150063487 0.0
0.9909172038178959 0.032596340495044916 0.19047630248147712 0.0
0.9952064635747115 0.031294705532421176 0.1890920498412852 0.04049120477928975
0.9942619643885087 0.031926578142639606 0.18701149938026337 0.0
0.9939621507593422 0.03401769665470286 0.1916612721282896 0.0
0.9930430781366405 0.030929195340294886 0.19325228498711444 0.0
0.9880444355362815 0.029998738192563552 0.19822785800197454 0.0
0.9956891874923043 0.03156910322515418 0.19610061693621733 0.0028546959748786756
0.9937270289426189 0.031798258396185726 0.19475606229669187 0.0
0.9950561161336631 0.030281579896679168 0.19656152256925566 0.0
0.9859804217992016 0.031442146587854936 0.20571069294228975 0.0
0.9935786426975074 0.029688343838818656 0.20757634757296428 0.02823138665928591
0.9929185449272598 0.02928939874320779 0.20672238916311098 0.0
0.9973193056234957 0.031976614957852194 0.2085400015419804 0.0
0.9914756529720333 0.03311661240371635 0.2114691087403768 0.009061338289962825
0.9968252963888202 0.03134356194606864 0.21209051348719674 0.0
0.9898825045399018 0.030109863962240947 0.21803018839011215 0.01634397787276842
0.989939374838909 0.029779414319653162 0.21295205278779156 0.122802611752888
0.9954183220478984 0.030782285908477595 0.22633501237369352 0.10229088971763452
0.9950304833079305 0.030913845232479767 0.22448256195555896 0.1773575261947355
0.9950655381323974 0.02996411489287433 0.2316249557041178 0.1861902203116604
0.9939226184662895 0.03074529470408749 0.23183290345388452 0.004512874966817096
0.9945022741272143 0.029716475528082462 0.23476772647004518 0.23062174746644754
0.9943351799688965 0.028791396674608352 0.23933933390933412 0.15136411332633787
0.9947370137444718 0.03201642345202759 0.25873497739487417 0.11560102301790282
0.9913165210037356 0.029698187816988755 0.24956212352824853 0.0
0.9951568518152684 0.03148381047966578 0.2594490304111684 0.011658031088082901
0.9925004476027406 0.03249155936935626 0.25590961847567384 0.10253671562082776
0.996898356039756 0.03136274115901675 0.2676233472317962 0.21188291830493666
0.986714942208606 0.02925685231189061 0.2636686686453485 0.20408653846153846
0.9874569327225111 0.031223072474598258 0.27358051655426474 0.10460805084745763
0.9936367987505353 0.032800800928736516 0.28235717240860536 0.26899584656731
0.9922978658982883 0.03458592383259319 0.28710844378285755 0.18892585551330798
0.9952812900861279 0.030074964793261414 0.29756846118555313 0.3380004912797838
0.9939653047937942 0.03253383545564487 0.30070435095564324 0.2742830712303423
0.9889133039134319 0.03521768122946931 0.30287631969119866 0.423953488372093
0.9940194368303015 0.035458045866690754 0.30918530396308896 0.44435857805255025
0.9935065963864599 0.034340580459176054 0.3213078042772366 0.4090150250417362
0.9948772004309057 0.03351350098773585 0.32839230373139816 0.3950557440620456
0.9941060663495518 0.03409906464739552 0.3402103311347046 0.33659158521036975
0.9951374879262492 0.033647085439401786 0.3474641184975249 0.37475633528265107
0.9954327077917422 0.033188972950020934 0.3459193009047925 0.45570216776625827
0.9918441246188673 0.032979126036888025 0.350681190404344 0.4123006833712984
0.9965976199051927 0.03374543239951279 0.35723834174386826 0.3479758828596038
0.9944347838670233 0.03374317754779445 0.36878345637694526 0.38406113537117903
0.9913652488886053 0.03546215892960907 0.37413695879684633 0.4888888888888889
0.9947013851185746 0.03678364382342075 0.39792285994018883 0.3915850864403249
0.9928953086253951 0.038491301185550164 0.3916734912982915 0.47133891213389123
0.9950747893419455 0.03700886506840587 0.39850604924432764 0.4588826114249843
0.9946516164420717 0.038542147465140994 0.4188715809500548 0.47204707860445566
0.9953708209645238 0.04044025749982585 0.4313573737780412 0.4818286151491966
0.9940250854079902 0.038509125713901214 0.4318192925040358 0.39116489284152206
0.9948640107982467 0.03942436094710655 0.42571961042008544 0.3926458157227388
0.9947460936075446 0.03574779804829662 0.42956867614070904 0.28776014836183805
0.99570455404809 0.03858366928364188 0.4418190531601665 0.18121320706424365
0.9956008512134642 0.038068383583881496 0.4416795480327663 0.1966469699051807
0.9927810822925122 0.03341363691528228 0.4341688977367108 0.2379050837045001
0.9960502649507949 0.035034667533588554 0.43917498443556324 0.24095552653813657
0.9944677841517007 0.034775497657612724 0.45862400556673233 0.19313796430294258
0.9905777643979821 0.03656453467792513 0.46495060608190575 0.2987761617594892
0.995986702975704 0.0347989477639985 0.4710300120508501 0.244968820861678
0.9975421925654699 0.03096282998511796 0.46740173267840407 0.1780530789964752
0.9914413002734507 0.0347928632263982 0.46480843583008497 0.31850424730711974
0.9952104671712796 0.032760414240688124 0.4548449327639082 0.7883800685898729
0.9925560717529575 0.03538845927767155 0.4628647946122642 0.7068625694320014
0.9840607026246585 0.03307258288104815 0.4689502560465414 0.7757702548497527
0.9886915605073732 0.032309012320648325 0.4763745701103008 0.7695886841615485
0.9901660341085886 0.03294014670934611 0.4839242937337698 0.6983600515938825
0.9878194620118702 0.03580488669822018 0.5024654043018604 0.7723689396925503
0.9939425817629705 0.03629327476205418 0.5099295645445626 0.6911183645421749
0.9941771401971986 0.033581054939386124 0.5159704373265561 0.751269035532995
0.9954582142518766 0.032722424619294484 0.5353501722250772 0.7192450286484665
0.9944485791731524 0.032143396187135354 0.5454912172215888 0.6807580174927114
0.9932054737122777 0.02572916441114696 0.5594466245577031 0.6241745621590583
0.994701522268636 0.022944253453205943 0.5610514895754594 0.6548795552810377
0.99197673933638 0.021385879890908614 0.5751167354130792 0.6654388212684177
0.9928217484528394 0.01841169195815323 0.6046757095761744 0.6426018584703359
0.9912441738742552 0.009539569942383178 0.6021611430320223 0.5420265174552974
0.9924812120948424 0.003879940493288346 0.6268429560400433 0.6245033112582782
0.993543627761791 0.0007180333307143668 0.6348418929767196 0.592197320052176
0.9945841283405651 1.4010377019245587e-05 0.6588960815166793 0.4899628252788104
0.9931921256777696 0.00020281007478300606 0.6897284970740403 0.5592861126603458
0.9935520959381159 3.497877057693446e-05 0.7036043335754021 0.5243323128892642
0.9948252826120891 0.0 0.7206951352076344 0.5412541254125413
0.9886380832898057 0.0 0.7435358061604027 0.48975178638585937
0.9909425345680578 0.0 0.7656757502635918 0.4057334504511699
0.9924106462235102 0.0 0.7789941827052673 0.3233652796312022
0.9950432496103371 0.0 0.8163735443558805 0.1829447810756222
0.9846461382425437 0.0 0.8300607366365874 0.24461966604823748
0.9914661808779456 0.0 0.8794919973558222 0.3596474045053869
0.9902872815368405 0.0 0.8995724485422482 0.3683086283901871
0.9931246364879912 0.0 0.9272891606343395 0.3099294628323386
0.9931418700558832 0.0 0.8966211786555669 0.11097208101978571
0.9905668356328904 0.0 0.9110557838720182 0.17010294074270713
0.9898075101846165 0.0 0.9257137573567594 0.33521256399930965
0.9955279349681129 0.0 0.9367564421960207 0.7437578814627995
0.9940964859769164 0.0 0.9355284446048118 0.7197135226996844
0.9915973309168795 0.0 0.9356967154053827 0.7053996194100857
0.9944981887822941 0.0 0.9360863529582234 0.6713504236833637
0.9948484699553654 0.0 0.9392282869790612 0.5422924218884861
0.9955775943364604 0.0 0.943263854092761 0.7624214734437464
0.9883309218281258 0.0 0.9370575094655038 0.8169483162698902
0.9938590983719392 0.0 0.9410548258912566 0.7311623985667615
0.996003564449591 0.0 0.9397892425034233 0.7122207621550591
0.9913638607821217 0.0 0.9380502880865559 0.7396796056685151
0.9921972163289194 0.0 0.9445079295435458 0.8177275689767542
0.9932618171558212 0.0 0.9443032920469361 0.7620848237097598
0.9942993643467347 0.0 0.9429647775294496 0.842110762800418
0.9943904924547354 0.0 0.9444188238612371 0.8482382031732949
0.9926263200281699 0.0 0.9450157183555733 0.820352644836272
0.9895443685174736 0.0 0.9490591617471716 0.7838579795021962
0.9950290764186586 0.0 0.9534769121860177 0.8460482447538733
0.9939294390617911 0.0 0.9466895121881402 0.8154932094353109
0.9949109125452373 0.0 0.951796569136743 0.8325610408126893
0.9930012221512103 0.0 0.9548822954916403 0.8280154277699859
0.995014302416341 0.0 0.9506758516962263 0.8548118255987367
0.99536434347759 0.0 0.9509509748837431 0.7909613416266436
0.9953625279375488 0.0 0.9536890948875658 0.8204374795951681
0.9949024446260422 0.0 0.9493352158058397 0.8914671274582407
0.9966962867807507 0.0 0.9494629486923347 0.8512162363826294
0.9947014839501314 0.0 0.9526460931691519 0.85637302597111
0.9959545889588927 0.0 0.9541243946047034 0.880511328842621
0.9963385012834967 0.0 0.9541561438592879 0.8877663079288381
0.9940698679394538 0.0 0.9538145783860473 0.9045062861986156
0.9947073397406326 0.0 0.9543347672395901 0.8892819006940736
0.9962913118424895 0.0 0.9554581913056381 0.8849218999043672
0.9956298798998799 0.0 0.9568853974499708 0.8942703387147831
0.9968758181546172 0.0 0.9622049280732948 0.903456277479238
0.9930829343846804 0.0 0.9589931767275329 0.9136312651278116
0.9901895046807633 0.0 0.9601429785912289 0.9339453779086553
0.9947954531796989 0.0 0.9588402031416086 0.8931575845255318
0.9948058770992767 0.0 0.9614906872770782 0.8839957035445757
0.9951386700192011 0.0 0.9601013542774871 0.8840993291278663
0.9953975738524161 0.0 0.9631897343398029 0.8590681733975547
0.994624884725553 0.0 0.9647085893902315 0.8678053345811886
0.996295264185756 0.0 0.9676217541391833 0.882969837587007
0.9962005138205342 0.0 0.9691844653091294 0.9030772636705778
0.9936364455002723 0.0 0.9622988149288992 0.8710352727416361
0.9929321621057516 0.0 0.95993156471781 0.778917172250066
0.995698841032783 0.0 0.9641523465299823 0.8440013518080433
0.9952008954401143 0.0 0.9617358797121325 0.8393785751430057
0.996342410395922 0.0 0.9638097842687371 0.8094557545353789
0.9941243590330922 0.0 0.9616884444789191 0.8271324990901711
0.9908891649639249 0.0 0.955320863153613 0.8050666314817259
0.9941409945520384 0.0 0.9580482066711156 0.7872592171896445
0.9914609114348867 0.0 0.9561549025563543 0.7869456507435189
0.990138621665364 0.0 0.9577256720776433 0.8404243611471838
0.9946386456041235 0.0 0.9618488716280948 0.8394815984768169
0.9936194537660032 0.0 0.9616390084769815 0.828547599189801
0.983899599181672 0.0 0.9585023506848385 0.881131536336794
0.9890216733562539 0.0 0.960332828042533 0.8511240316764721
0.9944616712667962 0.0 0.9591760718779981 0.7694919346320411
0.9916960376864216 0.0 0.9626299457539736 0.8503991073727577
0.9916249336502735 0.0 0.966715866147732 0.8549503977998232
0.9944978057416524 0.0 0.967996012904875 0.8934045878016486
0.9858293332333309 0.0 0.9588011631650765 0.8504845456536932
0.9862542428271592 8.511000468105026e-05 0.9556978018788352 0.8406275186025153
0.9914860451921859 0.0 0.9605705045099716 0.8595636025998143
0.9913591389223159 0.0 0.9592478468088492 0.8616424969706445
0.9916115302026736 0.0 0.963688582907843 0.8717092636717194
0.991937851827616 0.0 0.9610646747636278 0.8779212258052066
0.9952873878612793 0.0 0.9648481368963631 0.8991142445009588
0.9961272755263056 0.0 0.9648100141136552 0.8972505399900468
0.989539779221343 0.0 0.9528910227917029 0.8803731439237751
0.9955489399829472 0.0 0.9509022748343926 0.8810326472675657
0.9938359150779315 0.0 0.9418586470598194 0.8899963473037691
0.9945522634076696 0.0 0.9193156205819566 0.8427333888854712
0.9916564333629962 0.0 0.8900059542636016 0.8340274260201099
0.9918519228093704 0.0 0.8726280899052303 0.8806737648204749
0.9883942227874848 0.00027076423204494684 0.20185367173354324 0.4598619724856345
