0.9865945596201389 0.01774756697007782 0.17285274861527672 0.0
0.9959180551846791 0.021056699062279555 0.16051425476646267 0.0
0.9953402388259085 0.02367021924454866 0.17112411390160331 0.0
0.9947315272418429 0.021193386788567883 0.15972820862312528 0.0
0.9939193156084878 0.020053410763873195 0.16881749161812695 0.0
0.9953065720313863 0.02027862443037819 0.16803784618787845 0.0
0.9945824475157381 0.017722211478320257 0.1624981272385496 0.0
0.9884268824689317 0.017428179640812884 0.16865528998232227 0.0
0.9935449909433681 0.01599316108488786 0.16943602218818185 0.0
0.9903392151792396 0.018627706849747978 0.17497426675027508 0.0
0.9958549011892567 0.02014328757714055 0.16924843296086467 0.002559726962457338
0.9894732620856976 0.017473253421958688 0.18052588061678684 0.0
0.9878988374806924 0.02013051913692751 0.17041402565639321 0.0
0.9852734595706962 0.0186966835391255 0.18333495365377195 0.0
0.9942052948448558 0.01604316009557945 0.18341845501646437 0.0
0.9915235459853611 0.017985245750527176 0.1916644520048565 0.0
0.9952737405748006 0.019160790417217688 0.18936835404535007 0.004978426817125788
0.9945396597343266 0.017331924716998497 0.1871436115914334 0.0
0.9945890672035654 0.019212488359441098 0.191760488788052 0.0
0.9936575181539847 0.01599852081802656 0.19341593401857052 0.0
0.988499547489325 0.015375854773230441 0.198800573919779 0.0
0.9963184228850444 0.014071956698072003 0.19585243989925005 0.0
0.9940997632109762 0.014645842910235534 0.19423621654157194 0.0
0.9952982343044536 0.012969839759092541 0.19614487537530081 0.0
0.9859374732250176 0.016431716672382732 0.20548340593612105 0.0
0.9937036720438642 0.017575279892166975 0.2081593115294482 0.0
0.9935778503716187 0.017329390678173535 0.20739327307478025 0.0
0.9973378626979569 0.015426571834429645 0.2073161840457737 0.0
0.9920726674179459 0.014073148150910448 0.208902490332389 0.014637546468401487
0.9968765741847092 0.017391883853846504 0.21121854810108404 0.0
0.9893175898086007 0.013563730768574613 0.21690380189996655 0.0
0.9902232623815468 0.01771842532984894 0.21316503926502373 0.12601927353595255
0.9958518907717766 0.015828726610472705 0.2252951072215029 0.138822275512923
0.9953582083864488 0.015219371679896027 0.22356089872653143 0.1722463582928699
0.9959057256984115 0.013441570203692965 0.23055781926621263 0.2063406770553466
0.994588300444506 0.015598453572884256 0.23003022951400123 0.019644279267321475
0.9947067502307633 0.014184590308121215 0.23256956269530885 0.2287044645302657
0.9947360599252433 0.01394057785649691 0.23725887259455614 0.1012591815320042
0.9952547440019663 0.01382213403569899 0.2552032536713116 0.07135549872122762
0.9920325254104769 0.012420927442919097 0.24708774370130912 0.0
0.995442004763061 0.014766432700974046 0.2572876657167637 0.0
0.9923050647924888 0.020429580913733994 0.25493111447724487 0.03391188251001335
0.9967818165648147 0.016170156989088472 0.2656829928130387 0.21537789427697684
0.9870288527636798 0.012263012297318791 0.26158784073769786 0.1645599809205819
0.988421662418065 0.0186400047144595 0.27266688168583236 0.1035007610350076
0.9939951059105638 0.015658377418645793 0.27978844757855437 0.24165341812400637
0.9931519875877429 0.014881642415700348 0.2842026127259834 0.15649560795191864
0.9951142725612201 0.01309899533156487 0.2961541556729778 0.29254939300166627
0.994042752444494 0.014617008517857183 0.298575616415089 0.3084677419354839
0.9886866831284543 0.014163521024852908 0.29939145391683675 0.468178662346679
0.994385279222981 0.01429122776439111 0.3056821012427002 0.40374141605493724
0.9936956717752764 0.015517670310837145 0.31903833093797873 0.43034055727554177
0.994498733525774 0.018697783897437807 0.3267995321430098 0.45298749421028256
0.99437974900206 0.01224713242344951 0.3362681261992388 0.31010928961748635
0.9950792562416811 0.007920264796912614 0.34325895071222745 0.40004548555833525
0.9955149158515099 0.008813877280487556 0.3422117497183697 0.4736101337086559
0.9923657645930973 0.011085557078581271 0.34814469310250123 0.47540983606557374
0.9967058914515103 0.010352052878183473 0.3536606335594593 0.3916112956810631
0.9945652960153541 0.010676334043094291 0.3652532536722734 0.3883876029815614
0.9909903081750111 0.010432143886086827 0.36832029932028826 0.38669035696979487
0.9949225503222228 0.017300548751985313 0.3939281590712057 0.34680369273645706
0.9936236235276061 0.01770964109599679 0.3859483812546065 0.33324130314743233
0.9947378196747411 0.02106258395169599 0.3952955549725151 0.38139041217052894
0.9948105619046581 0.021452882222371697 0.41608661657197354 0.4675493813761667
0.9949782777073224 0.021769703270996074 0.42748993488820863 0.5283056611322264
0.9941028312724818 0.01615410993333159 0.4272353835967849 0.35501137428074403
0.9951895382809236 0.016678276148150564 0.4195280988769304 0.3112761647535449
0.9948806373138718 0.01483618522535052 0.4189842064443905 0.14267352185089974
0.995822708809867 0.012061474980091198 0.43569787183638015 0.17329629410721673
0.9959018330842433 0.012602297342389983 0.4350442508691499 0.19447542812151433
0.9927992396035767 0.009460663703670491 0.429294483368049 0.22253521126760564
0.9965413093130333 0.009904163685108045 0.43407342325227966 0.24769391192748857
0.9950198360413982 0.010397969649642182 0.45305716489632564 0.1682988556338028
0.9908376455054707 0.008412995713188907 0.4589882106349766 0.27630028614711327
0.9959179287548523 0.006215109457040927 0.4657143845764274 0.2606179057355484
0.9973770757153263 0.006903287874448287 0.46385435413557224 0.1941954280591663
0.9925729645092662 0.00782626194281448 0.45922513291989164 0.3045285306087107
0.9955312570752003 0.009371025175423438 0.4507216816488895 0.7574910107870555
0.992909677563582 0.006852937003710216 0.4564122216757405 0.6595160459927921
0.9845416667704362 0.0062628562764870275 0.46404773146889344 0.6930379746835443
0.9889106002713232 0.006259487427866015 0.471544294564611 0.6676903184095685
0.990408199398516 0.00836305663640294 0.4773811871731997 0.44435332708528585
0.9873894981394341 0.010193944241030704 0.4957848600676322 0.5144927536231884
0.9949291789531098 0.006736429454128426 0.5031197274012388 0.60072853975293
0.9942738314459573 0.00650340215291731 0.5099112958762692 0.6659284497444634
0.9960216525664476 0.004097194463452145 0.5284469384806175 0.6167029774872912
0.9946768315030341 0.0037242101491249584 0.5369045867839238 0.44523834915218086
0.9940906629857265 0.0024721946123207068 0.5527939876919647 0.3875270367700072
0.9949805767032485 0.0019932745171856274 0.5541154298088528 0.35607139864242016
0.9930292836790897 0.0012794739314232035 0.569565189755748 0.4873114255642615
0.9931907300287491 0.0 0.5986686173523803 0.4677920463960232
0.9919742620407038 0.0 0.5960040323377676 0.3339542508009835
0.9923539148607876 0.0 0.6210987834588183 0.35000736702519525
0.9940212782548516 0.0 0.6301120922315946 0.33202937341294353
0.9943306847090397 0.0 0.6563583264950812 0.3667703897805437
0.9935470210675852 0.0 0.6870747875834667 0.400241935483871
0.9945704743082031 0.0 0.7023208927085703 0.41067675493905004
0.9947596719483409 0.0 0.7188304078967284 0.42569813829787234
0.9895641437937521 0.0 0.7409005046880625 0.33349018553374565
0.9917278013029709 0.0 0.7627579555805879 0.2905905177640354
0.9928677962522333 0.0 0.7721815672695276 0.18941966644026867
0.9959476754143909 0.0 0.8097444794776373 0.1260506329113924
0.9853404487122045 0.0 0.8241442150072966 0.17043010752688173
0.9919990882955239 0.0 0.8778128183044791 0.25687451587916343
0.9911671135860374 0.0 0.8875333929137996 0.13773956654128605
0.9938372953473315 0.0 0.8951035558419258 0.0900514433183504
0.9935014730909291 0.0 0.8693034059016886 0.0570449982284162
0.991251027516584 0.0 0.8849706177771107 0.08250087427207346
0.9902218363242922 0.0 0.920584945455446 0.22696093050999105
0.9957782794103286 0.0 0.9356096832038254 0.6015136558078316
0.9943066469058471 0.0 0.9315415496886174 0.42302829144934406
0.9923346910332805 0.0 0.932687781644349 0.44426121372031663
0.9950286661632027 0.0 0.9327324761792946 0.42155514818209594
0.9952607005542211 0.0 0.9326927642743073 0.28958563100677487
0.9953956317130751 0.0 0.934955690626982 0.3335758254057079
0.9879488207307527 0.0 0.9325246951856409 0.4709420403062022
0.9936667665728741 0.0 0.9367851328428971 0.4469101123595506
0.995273913107323 0.0 0.9370549519604439 0.5417900625205659
0.9911385832163677 0.0 0.9343735239371113 0.44436079934300576
0.9912711514180098 0.0 0.9359533134440747 0.3693059733562527
0.9922867972785862 0.0 0.939647015967161 0.469544527532291
0.9949629564531628 0.0 0.9420089652535409 0.6657861176899253
0.9933695109055626 0.0 0.9431988284140392 0.7049394221808015
0.9917665330986994 0.0 0.9444696345261017 0.797524129248846
0.9894656005048531 0.0 0.9486551617858694 0.7329838116261957
0.9944540357911933 0.0 0.9528520468719303 0.8081989775855289
0.9946787804600776 0.0 0.947106246527684 0.755527817403709
0.9948519100209333 0.0 0.9500463045810611 0.6797667726790853
0.9915658400846551 0.0 0.9510376515104264 0.6183994528043776
0.9941373589767347 0.0 0.9492957176701415 0.7859427609427609
0.9947550795913958 0.0 0.9503154695330709 0.7689402879395799
0.995869879745667 0.0 0.9537916878681512 0.7795288252794083
0.9943048683501198 0.0 0.9478529785678903 0.8012517172950695
0.9960683795487155 0.0 0.9479037075781219 0.7687046047528383
0.9938469738308336 0.0 0.9486250637342043 0.6504241006142146
0.9957287623063816 0.0 0.9535983616101701 0.8457495429616088
0.9960387107087292 0.0 0.9536638618438343 0.8628824179874678
0.9937879933732682 0.0 0.9532007975702712 0.8701078908398562
0.9949579359366565 0.0 0.9537202509952455 0.8262191178372785
0.9959187971095104 0.0 0.9551414427448507 0.8561560601215222
0.9957083383501125 0.0 0.9559701138791316 0.8227724583765323
0.9967137236210023 0.0 0.9616692946938789 0.8709008899183226
0.9927945865007253 0.0 0.9583938007936784 0.8840605415632021
0.9909166133383965 0.0 0.9602797707524018 0.9060760800963911
0.9942692566282694 0.0 0.9583006792850806 0.8722509702457956
0.9957843836572777 0.0 0.961236319323843 0.8307136041781751
0.994456992020671 0.0 0.9584352876991581 0.8160042755806044
0.9952776237149821 0.0 0.9608294380495439 0.7570479889738128
0.99448904968491 0.0 0.9639168578486503 0.834235985742721
0.995525116922735 0.0 0.9663127649647385 0.8446575342465753
0.9959962668640001 0.0 0.9684154116391135 0.8721648574706558
0.9932152046257436 0.0 0.9618554320788664 0.8491725028365742
0.9919584012903813 0.0 0.9613024874772664 0.8385394070860448
0.9953812274330284 0.0 0.9641087086276238 0.8500628667225482
0.9948961359460857 0.0 0.9611385080521531 0.8293242446090319
0.9963540055798281 0.0 0.9639758139435741 0.8144317606032607
0.9937694704049844 0.0 0.9620167901269399 0.841343102751976
0.9893624910924164 0.0 0.9549886843061105 0.8042992444397148
0.9924435819288512 0.0 0.9592815496642759 0.8368223159392307
0.9915462755802568 0.0 0.9589690160947254 0.841657408939419
0.9881961128692857 0.0 0.9591080110639614 0.8960111602392831
0.9940439811985377 0.0 0.9647053358361105 0.8933234900567526
0.9918606538567023 0.0 0.9643593371231886 0.8985538574609282
0.9822879972989702 0.0 0.9587331793081088 0.9064707042809232
0.9870406484763181 0.0 0.960255479206557 0.863125782503659
0.9939550381864661 0.0 0.9629407395440951 0.8255457304140699
0.9907983378526866 0.0 0.9651026801312516 0.8956203936792939
0.9911645346170953 0.0 0.9684603321831196 0.8808978761287041
0.9936865876504739 0.0 0.967578949174057 0.8898243751809322
0.9845416707111556 0.0 0.9600660237205778 0.8694481978270661
0.9841498711720926 0.00038736334681931654 0.9581114216241509 0.8655200150944895
0.9899682866892746 0.0 0.9618531189338767 0.873735467989147
0.9886251895801736 0.0 0.9596457777869637 0.8638423629054227
0.9898277487666115 0.0 0.9591171969643139 0.835335342766782
0.9900300449658243 0.0 0.959825798730046 0.8679207644277763
0.9932685124870767 0.0 0.9555547027966723 0.842303430431226
0.9938345958475001 0.0 0.9532820816085157 0.8363462438477481
0.9882431364149928 0.0 0.9420931933362979 0.8311316151355188
0.9944961209554964 0.0 0.93869983251424 0.8321698572167695
0.9923780688317543 0.0 0.9294402600366759 0.8471616163666253
0.9935264619337726 0.0 0.9069497838322191 0.8092497832955848
0.9894718718962577 0.0 0.8707178298307274 0.7967471560298971
0.9908083484288345 0.0 0.853105179317294 0.8556105610561056
0.9890676134836756 0.0 0.18537162808494356 0.3996780327413131
