0.9868538157038652 0.035035906163262076 0.1732645043911162 0.0
0.9959400690434476 0.033577088617013744 0.16007422978082697 0.0
0.9958108712230783 0.035499104966312554 0.17047854463119716 0.0
0.9944906196147846 0.03554526771608497 0.15989933167076215 0.0
0.9942273462564314 0.03382932116029164 0.1681651442678133 0.0
0.9950086769914653 0.03401944670049871 0.16757577305339566 0.0
0.9950885439771634 0.03249027169698466 0.16296315128692704 0.0027615833077631177
0.9881835684375836 0.030787791385389503 0.16831485728942575 0.0
0.9938951693230531 0.030873051782396486 0.16919455287702256 0.001385809312638581
0.9905577790605107 0.03394790544753699 0.17544552496670882 0.0
0.9951680797626216 0.03417627268945379 0.16914798287525676 0.0
0.9901416659314689 0.033000564907920006 0.18113418253200406 0.0
0.9879065669544058 0.03212351855042318 0.1699901286336148 0.0
0.9845970320921069 0.03137743187788323 0.18319522320403728 0.0
0.993778698129784 0.033377426687036554 0.1843475126509098 0.0
0.9910849010894693 0.03227852955574767 0.19074196026780815 0.0
0.9957442369616808 0.031172266938903005 0.1894435698740381 0.023564553601062063
0.9945751363902459 0.03176916713290392 0.18734230663517115 0.0
0.9943073632991645 0.033815809173319424 0.19208604962725076 0.0
0.9935587840074782 0.030717637866353474 0.1935587163542514 0.0
0.9882282931450119 0.02971639202421082 0.1985531733534246 0.0
0.9955543531510715 0.03149403353359341 0.1962653895808841 0.0
0.9936460977495328 0.031555785356902656 0.19494087191103393 0.0
0.9952775723133183 0.02997609966352762 0.19679935913630506 0.0
0.9863248951293762 0.03136881008079577 0.20590607948879192 0.0
0.9941563746807989 0.03002956232188923 0.20784640601933577 0.010794353722668144
0.9923864194544029 0.02920209846745782 0.2059235903212495 0.0
0.9975190482100401 0.03214677825640539 0.20882873705791244 0.0
0.9914696240581398 0.033460673978825975 0.21148361888936296 0.0
0.9970665174171726 0.03177136369140133 0.2122682153373972 0.0
0.9900497997172049 0.030059038110780454 0.2181117287670249 0.0
0.9899639081765385 0.029769454081009384 0.2132135168530738 0.11535503716995642
0.9953794893507354 0.030894511721087498 0.22652919078046627 0.13757317722192655
0.9952672393663434 0.031210364650227116 0.22472979208155128 0.1722463582928699
0.9953939877863047 0.030323975040966074 0.23170877120462965 0.1724879097259538
0.9941787299271878 0.031097342424156998 0.23179191347386904 0.013538624900451287
0.9945453572703893 0.029911387100153935 0.23478054960277525 0.2503423719528896
0.9949462713450088 0.029328669447060408 0.2393593876508861 0.16998950682056663
0.9946545521573014 0.032284116772953314 0.25851383453894566 0.11074168797953964
0.9920308856350771 0.029963746681214393 0.24975345090218126 0.002722098490472655
0.9954605731655457 0.03177049227737416 0.2595690664256552 0.0015616866215512754
0.9928129397346084 0.032367962260281 0.25620205154728043 0.09639519359145528
0.9969707673971218 0.031628027726576496 0.2678336775286645 0.19331585845347313
0.9868783183992181 0.02940636636736285 0.26371218887119946 0.1814903846153846
0.9881173911500296 0.03203017717436494 0.27385603134011643 0.06965042372881355
0.9940350841839048 0.03360634695418847 0.28266526747731807 0.301025390625
0.9922924033517163 0.03482390484229385 0.2870738908036523 0.20912547528517111
0.9952855176647655 0.03023758099352052 0.29765155609433025 0.34943321833415475
0.994091906402069 0.032308597133140105 0.3006805072032157 0.27705827937095284
0.9890123011540861 0.034906855372936585 0.30274783781214626 0.4272093023255814
0.9940585420155506 0.035354767309234224 0.3091318747120403 0.4743523316062176
0.9933579911212471 0.034468065557201756 0.32117334937738623 0.4446828803051979
0.9949355168834401 0.03320020953670137 0.32833214739720334 0.423955296404276
0.9939924740884185 0.033973156197552284 0.3401890262634 0.37085665088247954
0.9949441003505033 0.033757922340225364 0.3473488213214831 0.3897849462365591
0.9954253067413846 0.033073191913745345 0.3458974981432565 0.45735155513666353
0.9918186113567803 0.03252443220590327 0.3505645438154663 0.4103385178408051
0.9963659515758215 0.0336213902023302 0.3571127526365573 0.3335486649440138
0.993898992285154 0.03356171110522658 0.3686305943720017 0.3705240174672489
0.9908220674652639 0.03528314393463862 0.373928310615395 0.47944603209496595
0.9946522974870711 0.03661264772063903 0.39795641186086333 0.3882206553297387
0.9932993825791142 0.03844041309486423 0.391967921495315 0.4674209092813744
0.9952750224122724 0.03676429466061277 0.398366250994617 0.4093050647820966
0.9949686326448092 0.03834379500228828 0.4186842257523256 0.44424743892829
0.9946893552454167 0.04013376098218935 0.43091514626125016 0.4808349829044448
0.9941339357283393 0.03830502792989089 0.431924773531309 0.40172187363198597
0.9942503338653266 0.03905183087665909 0.42535368935552786 0.39288216337396664
0.9947031310947713 0.03578449297397167 0.4317773551117473 0.3904310224578044
0.9954175653917429 0.03853341475688849 0.4414296935111567 0.17490470920939383
0.9957124154483963 0.03809083372341566 0.44162606697281553 0.18710517746662325
0.9927044156146091 0.03350137507726525 0.43381890920326227 0.22811671087533156
0.9961252559450077 0.03539882564732406 0.43944937904425063 0.23658244879653162
0.9947850999401628 0.03497506650382778 0.45897505693770196 0.20526349246710318
0.9907530908998229 0.03729809535701956 0.4652355588171576 0.2944214876033058
0.9959035214570469 0.035728696348787004 0.470767365163367 0.23773121288649238
0.9976824133328098 0.031744246017541375 0.4672386347488572 0.1846858991641952
0.9918321498184786 0.034075920323550904 0.46455663402724784 0.32367912936633314
0.995129894233577 0.032975040991073054 0.45504637461077957 0.7808329963606955
0.9926504934455719 0.03576799524944017 0.46317095751176945 0.710917664127675
0.9841057111576388 0.03340484216978241 0.46921992132412976 0.7814468410001909
0.9886840650722278 0.0326704566336919 0.47669710942628796 0.786735277301315
0.9900088048336184 0.03333283510701901 0.4840487786461283 0.7023436058313342
0.9878737201953603 0.03606338516884144 0.5027639518832577 0.7963657910329844
0.9941109077870673 0.036664673877708304 0.5102144381719894 0.7125
0.994036753808475 0.03346202308026142 0.5160213586112102 0.7624267624267624
0.9955353663026285 0.03210811304572882 0.5359003843741457 0.7781299524564184
0.9944193335690464 0.031838343156231824 0.5459261477913742 0.7306910569105691
0.9932904279390532 0.026030799801291606 0.560034121213924 0.6426286711253272
0.9948019480170947 0.022624442578328605 0.5615685399713857 0.6697176543592925
0.9919184649134828 0.01893066321086103 0.5749698041066414 0.6911454102355808
0.9928161074082175 0.013059340091689804 0.6037383877316779 0.6548208563938246
0.9912561753561322 0.002783704729471944 0.6008829816088991 0.5696664568911265
0.9925184621148941 0.0013442790954952715 0.6264489308920567 0.6398596680609904
0.993558401147124 0.0 0.6348657860799012 0.6164433617539586
0.9946088367930007 0.0 0.6592782058080414 0.5227929730931732
0.9931271731619807 0.0 0.68993693229146 0.5834099264705882
0.9935243093807044 0.0 0.703767676429585 0.543482952093224
0.9946385969397475 0.0 0.7207280609082439 0.5498314369995786
0.988597991010682 0.0 0.7437322906394718 0.5040586797066015
0.9908747130602875 0.0 0.7660746113875573 0.42407114953037983
0.992216114467775 0.0 0.7794494693547215 0.3436738879630817
0.9947886053689263 0.0 0.8183842163096645 0.20044584804012633
0.984620628809753 0.0 0.8302178318337289 0.24345815996301434
0.9912806174437013 0.0 0.8776199994392082 0.32002105016957083
0.9901644476321083 0.0 0.8996921681763477 0.37400495016389057
0.9927973950829415 0.0 0.923385330655601 0.2708731371799771
0.9928375399392089 0.0 0.8955428442533118 0.11166068028813127
0.9903644350213993 0.0 0.9099794853450855 0.16295618873424594
0.9896352018464301 0.0 0.925084049324345 0.32291956195452776
0.9953803932841653 0.0 0.9366107873292953 0.7366964398037489
0.9939516625374594 0.0 0.9355073596153782 0.7254417397751143
0.9912744938694358 0.0 0.9355038578929616 0.7082685174105541
0.9943119975504713 0.0 0.936016663073095 0.671941503874277
0.9946913450603369 0.0 0.9393692536562531 0.5535173642030276
0.9952409153890851 0.0 0.9429537668164798 0.7504295040659719
0.988098630185968 0.0 0.9366889764628059 0.794103313840156
0.9936113679149197 0.0 0.9409239683606198 0.731809401159047
0.9959259154531316 0.0 0.9391900549480982 0.6632906554557615
0.9911459923696616 0.0 0.9375371460184811 0.7137223177267671
0.9920237606648048 0.0 0.9444727216189456 0.8224799286351472
0.9930704656241649 0.0 0.9442052603838694 0.7655222039473685
0.9940643653694877 0.0 0.9427490474572027 0.8337165551839465
0.9944117113217821 0.0 0.9442968715813562 0.8455418948238455
0.9924571282462532 0.0 0.9449804230182557 0.8255944484131034
0.9893355780674 0.0 0.9488522506174217 0.7751029748283753
0.9951148276887617 0.0 0.9535044921686351 0.8377558014295505
0.9937887770656882 0.0 0.9465075053516206 0.8071396697902722
0.9946605115493726 0.0 0.9515578863721419 0.8246365177058247
0.9930016834091672 0.0 0.9545835935466542 0.7971265362644971
0.9947999642290533 0.0 0.9504257469218367 0.8438269433696799
0.9950752191809998 0.0 0.950572889816013 0.7749763630633469
0.9951034596778868 0.0 0.9534792321694523 0.8171761042366631
0.994732445401599 0.0 0.9490109661749999 0.8838362959900785
0.9965373099756357 0.0 0.9493782305466832 0.8512128973934007
0.9944230682372981 0.0 0.9524722851886812 0.8579437836199713
0.995766675565221 0.0 0.95394567886016 0.87642351492767
0.9960853273731265 0.0 0.9538649125730825 0.8779788172992057
0.9939775478367769 0.0 0.953658491442263 0.8961121733588273
0.9945137847346848 0.0 0.9540917764500996 0.8800721973393943
0.9962773031180163 0.0 0.9553376708794823 0.8812336376987421
0.9956893555696631 0.0 0.9569183569561142 0.892714222193991
0.9969701043280049 0.0 0.962186585862726 0.8958167452685736
0.9929628286682883 0.0 0.9588411056419984 0.907820732934699
0.9899958032547049 0.0 0.9599399341604651 0.9282274441543371
0.9949724640465183 0.0 0.9588479496360112 0.8856003019030676
0.9946354248755174 0.0 0.9612252242862657 0.8749935907296313
0.9951383420816038 0.0 0.9600567280403501 0.8800221807733024
0.9952930719038534 0.0 0.9632482820239384 0.863563704748472
0.9948635842107239 0.0 0.9647183515074191 0.8608854875815766
0.9964467877815347 0.0 0.9677126431958374 0.8809657233585505
0.9963813821948083 0.0 0.9692646761107775 0.9012488333851829
0.9939526635086131 0.0 0.9620496399907319 0.8559672386895476
0.992958895632714 0.0 0.9602570171162912 0.7866585931981027
0.9958455281302667 0.0 0.963831010036677 0.8274844980727334
0.9953970819077439 0.0 0.9616837603875347 0.8317465475223396
0.9964379908197165 0.0 0.9630294723872793 0.7857469425077152
0.9943709244342156 0.0 0.961477241880158 0.8146117450598386
0.9909435327327987 0.0 0.9549692625185974 0.7993026572983253
0.9942524360535931 0.0 0.9582521746468238 0.7886297028759323
0.9913890355325502 0.0 0.9555768751643667 0.7756512261580382
0.990108139641719 0.0 0.9581596353135837 0.8501211957985456
0.9947739903894852 0.0 0.9617538731967824 0.8387529768348128
0.9937223987505386 0.0 0.9610151614353533 0.8149805676598751
0.9839877739994474 0.0 0.9576056634381087 0.8618407484485442
0.9891008606671162 0.0 0.9590871453335637 0.8289327075666003
0.9946008637709213 0.0 0.9581591530696442 0.7534952061503755
0.9916966687144709 0.0 0.9615066027230682 0.833546861141224
0.9917743247687683 0.0 0.9659400801510579 0.8429680654269301
0.9946003955915813 0.0 0.9673663292287873 0.8840847237013372
0.9861023040145904 0.0 0.9581439910069491 0.8418201404570032
0.9864994347722451 0.0003831254523008812 0.9544840783467564 0.8280424015183077
0.9913109394987445 0.0 0.9586800932449144 0.8446379313262595
0.9915868857626609 0.0 0.9574534325319782 0.8476677562007306
0.9914108420792263 0.0 0.9623490271267047 0.8642782688161296
0.9921507139637695 0.0 0.9599269360275305 0.8699179226600954
0.9954927909822264 0.0 0.9647498216257118 0.8975713144088113
0.9963227201045084 0.0 0.9655171782923612 0.9007614408409178
0.9895830193570166 0.0 0.9527617007532586 0.8797522161511145
0.9955825271365069 0.0 0.9523439774822867 0.88688977776405
0.9939597307396035 0.0 0.9441285308253629 0.8980056729330689
0.9946534972864245 0.0 0.92055605116658 0.8459082182656734
0.9917612125353557 5.3911262062644886e-05 0.8899304352521384 0.8335470521711005
0.9918017083100503 0.0 0.8773078660422777 0.8867944827818076
0.9878089838029568 0.0005032712632108706 0.20141430554034417 0.46068292349571177
