0.986647732699937 0.04389122829984218 0.16467436562180846 0.0
0.996494949900995 0.043551016107740266 0.15160794648128526 0.0
0.9955869860798077 0.04234287845951611 0.16093985512463507 0.05029761904761905
0.9950838198024702 0.04624433435961181 0.15254139449397236 0.0
0.9941185623152327 0.041280468522048454 0.16047582665445037 0.00028506271379703536
0.9956389577314365 0.04367958527173154 0.16045743830003373 0.043813637766121565
0.9953528038863951 0.042841434253342504 0.15724795115260654 0.10067733990147783
0.9886658848123411 0.03975385901923722 0.16119785085482802 0.0
0.9939194695766282 0.04004446687443311 0.16377531220009686 0.12444567627494457
0.9907190670911307 0.041289377417911624 0.1699948622633241 0.15695638331741485
0.9962992578152046 0.0433714440255954 0.16347883297721177 0.0816268486916951
0.9900570346780468 0.042261554592691486 0.17538647834177054 0.18945908460471567
0.9883668164422655 0.04347004431642717 0.16700276819819682 0.10995207217366788
0.9852241068767574 0.040432128944177255 0.1778871751630046 0.07799442896935933
0.9945983607498746 0.04216941316568307 0.1785001980282216 0.12536960378474277
0.9919857771152071 0.04378902953586498 0.1854010559966771 0.13747228381374724
0.995662445873734 0.041173019864076975 0.18340215787937783 0.17889147029538666
0.9948540124429044 0.04422192156684403 0.18286165612898286 0.0
0.9948203369285905 0.04356062052688262 0.1850537261362065 0.006835066864784547
0.9938970645525731 0.04512009138830607 0.18899806563852178 0.023997741389045736
0.9890743713085604 0.04123648507456911 0.19259006868643155 0.15289256198347106
0.9963054502534363 0.04310796191708149 0.18994598446749755 0.11732800456751356
0.9939878148173867 0.041359825764136195 0.1899536716097621 0.0632693959347266
0.9952023640171196 0.039652731158900285 0.19266837651259222 0.21561924796213516
0.986762809483163 0.039978791608092264 0.19985173277314153 0.22362385321100917
0.9938063819548432 0.03959059855305183 0.2038557174858093 0.18156656518128977
0.9934061473340319 0.036657743427966454 0.20052672026388957 0.13557391056679008
0.9973467634164924 0.04141093910519639 0.20520887347679545 0.25790542500725266
0.9922784195874446 0.04099630909004874 0.2086974450194049 0.22769516728624536
0.9969573209825627 0.039413437285478053 0.20849478680046052 0.29930332261521975
0.9895911097579541 0.03650216339756579 0.2176488211656055 0.18732713100326878
0.9900439045485308 0.03812744749021004 0.21208373924892107 0.293285310007718
0.9952118392798607 0.037149961725312826 0.22461200538703263 0.3157894736842105
0.9946808902962819 0.03503594430583372 0.22501149425287356 0.2775229357798165
0.9951922484403461 0.032381614896813155 0.2322822724715654 0.31730252552391186
0.9938518815170797 0.03269455292081001 0.23249543960607735 0.20971595434032386
0.9940511200780915 0.032053635276499064 0.23433780138790397 0.3711311969323473
0.9956277545146558 0.03258188116733152 0.2387398736461666 0.4194648478488982
0.995034212657555 0.03591322042259311 0.2551650942837491 0.4071611253196931
0.9919332646199416 0.031985560303070475 0.2490658591928046 0.2807151979565773
0.9950183666280884 0.03342739980170885 0.258725281713308 0.31791044776119404
0.9922271859464296 0.033221732877943555 0.2539347972564399 0.34819759679572765
0.9964856376166372 0.03190274455834622 0.2668956990776704 0.33398864132809086
0.9868051432470513 0.03238968699772995 0.26457256157535647 0.3083753299736021
0.9886992400666764 0.03343089076363148 0.2744495927212273 0.3805239481344271
0.9945739246092924 0.03547481992963109 0.2829090543009522 0.47539779681762545
0.9929151836259797 0.03705481021769795 0.28800987216088525 0.44670772145902415
0.9955986285940613 0.03318445685691398 0.29772988731609373 0.4981103552532124
0.9943583081052593 0.03531988521175859 0.30051717798276606 0.41211840888066603
0.9893190872430891 0.03766367498648606 0.30356116322084953 0.5058139534883721
0.9948657735251861 0.03764597383914298 0.30976354536240247 0.5330350092129508
0.9941314882940495 0.0365717364267333 0.3207519637343545 0.4839017409968996
0.9946337733232676 0.03552138728323699 0.3283431685595569 0.4902818270165209
0.994625707095534 0.037606644655774096 0.3405339041894012 0.4513651877133106
0.9952551430118475 0.03746693569661407 0.34725741976694113 0.39051808406647115
0.9958818783203799 0.03674885327244437 0.34603155211049347 0.47148916116870876
0.9928775981860114 0.03653467038640866 0.35088353239511716 0.4532753092075126
0.996849214115714 0.03719350271327958 0.3566000864929063 0.4347545219638243
0.9945197059178016 0.03742587876647397 0.3678003386415135 0.46048034934497817
0.9912162926282306 0.03912182900093956 0.37360965579881117 0.5043917435221783
0.9950237548902722 0.04031109935927912 0.398440352235057 0.44893705710712795
0.9938445635372234 0.0414912033080563 0.3924687176783143 0.5142492556358996
0.9952390831827579 0.04027025869953569 0.3980950950393167 0.4870825456836799
0.9954959808893985 0.04189710520575881 0.41849709026113907 0.40260475651189126
0.9951269450273684 0.04424921041946551 0.4299356349118296 0.39570757880617036
0.9947517049974797 0.042511316400391706 0.4315298748977851 0.3053224796493425
0.9946319475805421 0.04310580380210856 0.4253216568640202 0.375975975975976
0.9955313956823342 0.039270108609242474 0.4267495071217596 0.19753735265410316
0.9961037572127888 0.042867997299076525 0.4429246576058253 0.18360701170927735
0.9962338115717867 0.04225387759578516 0.43805637922388674 0.13193290010578812
0.9930418337498305 0.0376969840462943 0.43149766747826923 0.15719228868017796
0.9965738042516304 0.03957716098600888 0.43664404738328977 0.12013090314076633
0.9953726648760121 0.03872121592721106 0.4604135951210324 0.10855777942508854
0.992033647851052 0.041108281618118137 0.46718521962883064 0.12582846482399726
0.9958390971036062 0.03984102493821812 0.47053964116068697 0.1386875148069178
0.997498623629914 0.03649179222833231 0.46848199675620117 0.14261794543484685
0.9933673162091434 0.03932191084652243 0.4652753094930826 0.29646017699115046
0.9957175407650041 0.03814671684167831 0.4558760193119005 0.6882400979991833
0.9933644037900657 0.04111010707928092 0.4634101423283614 0.6002920240919876
0.9843642806361365 0.0378379944515671 0.4692249359179248 0.6653248993674525
0.9881679033231126 0.03751960252671073 0.47677685268497383 0.6859931113662457
0.9898951401142891 0.038502755093980226 0.4845780931637743 0.6394532693018101
0.9876129216448997 0.042253586712052565 0.5029809761965054 0.6849949647532729
0.9952758283128863 0.04324032960970683 0.5116285406105404 0.6112077967281587
0.9945216174341398 0.04041531619202342 0.5179177204965799 0.7033676144383948
0.996052226182384 0.04158564327239026 0.5367599245536021 0.5591071428571428
0.9946689686215374 0.040911588938161686 0.5456760265324632 0.5258075258075258
0.9940180825973445 0.03840258473061048 0.5622661198340088 0.6214359326691858
0.9951822426118182 0.035885671481073994 0.5627963013356826 0.5229893664819529
0.9925158545243167 0.03638834618424781 0.5781959363313404 0.571623698138979
0.9930363946918933 0.034819494584837546 0.6074234653073003 0.5226646248085758
0.9920064427831481 0.02992951019135821 0.6070395656639014 0.550755939524838
0.9930741515110887 0.028018393754678645 0.6313548781893102 0.4881034245633338
0.9943442305301873 0.018728854256528153 0.6374492066220215 0.5315235316503869
0.994944352298044 0.017999223188972076 0.6626364837255593 0.5527791942886282
0.9934986383197617 0.01519293570685127 0.6919033575601397 0.5143243852921272
0.9946721220724966 0.005400909542143461 0.7045700886081382 0.5042154823168729
0.9943838358548388 0.00236015107247203 0.7195818773995103 0.48431231354798887
0.9902734628009353 2.8598483644844964e-05 0.7438146218239279 0.4379017981924905
0.9919122759579728 0.00026134557654953203 0.7659099065632398 0.370388078731373
0.9936267064037683 0.0 0.7792151250233519 0.2550365286694709
0.9965138435261682 0.0004628231236176204 0.8141629252388031 0.13628303148347334
0.9857385695188742 0.0 0.8284741003119291 0.16218874021002352
0.992713344964724 0.0 0.8769359400251392 0.25313751668891854
0.991589974773428 0.0 0.9036087025751632 0.4460647030420087
0.9950163385467135 4.237407836379559e-05 0.9245515359270476 0.20871030690083378
0.9940618949097219 0.0 0.8935407480527291 0.07716319824753559
0.9920573879937208 0.0 0.9051584978770766 0.1096626699418732
0.990263769666938 0.0 0.923582114190207 0.2430071747946345
0.9962026935739791 0.0 0.9363977015578072 0.6070238400410152
0.9950311906577884 0.0 0.9357963096930842 0.6312541037426133
0.993484453636984 0.0 0.9367321324694936 0.6228653369834442
0.9946357621069342 0.0 0.9358556245879697 0.5808541266794626
0.9950643575628507 0.0 0.940756189832067 0.5780426312170525
0.9965001178543142 0.0 0.9431193746348383 0.6310714285714286
0.9891889778730913 0.0 0.9369572751044204 0.6770688566013897
0.9949020753118787 0.0 0.9411833193618352 0.61454830755436
0.9963369880570666 0.0 0.9394406536590607 0.6176219901981674
0.9921366148302696 0.0 0.9385247553335598 0.6586564718732932
0.9928181606263798 0.0 0.9440594164699261 0.6769708113077454
0.9937390715776412 0.0 0.9437543523854126 0.6402983506670868
0.9953818396308247 0.0 0.9426953482661098 0.7055369127516778
0.9942848905340302 0.0 0.9434532801844281 0.7102870569006027
0.9928742775825516 0.0 0.944767225386177 0.7504812834224599
0.9901047561010998 0.0 0.9485318371438735 0.6719940531499721
0.9946533435461783 0.0 0.9524128615641719 0.7386724960254372
0.9953352615630607 0.0 0.9464498879858715 0.6791218637992832
0.9955928658307851 0.0 0.9511018926199606 0.6995435424684507
0.9928865467529949 0.0 0.9535030571727446 0.6819029022809976
0.9953825559053954 0.0 0.9498558572827034 0.7316179755204145
0.9952427924884139 0.0 0.9498710606974409 0.6943037974683545
0.9957878691920845 0.0 0.9533302083997526 0.7456338263558118
0.995095709493412 0.0 0.9485573648770854 0.7807245043085418
0.9969121804830507 0.0 0.9484838091848309 0.7435858509184757
0.9948614450317624 0.0 0.952008779669041 0.7802773497688752
0.9959261035323015 0.0 0.9534072962526329 0.8103583778685948
0.9971416269609545 0.0 0.9540080262553777 0.8154931691938148
0.9946390572196322 0.0 0.9529759087695643 0.7909357771890886
0.9954110274843341 0.0 0.9534476082621023 0.7710324404361287
0.9964620859266587 0.0 0.9546051320235038 0.7981141823818135
0.9962837462246845 0.0 0.9566414461402464 0.8340795535656349
0.9964305105525878 0.0 0.9613010369146829 0.8528415506210011
0.9937199410342923 0.0 0.9585905657873013 0.849919311457773
0.9917932859912646 0.0 0.9603683519534318 0.8700386371619249
0.9937608922559517 0.0 0.9575069836917864 0.8395479609106294
0.9964755600695782 0.0 0.9614095353507713 0.8066539826194271
0.9961084155658727 0.0 0.9598991351995119 0.8261024544250942
0.9968742336691662 0.0 0.9634256209236445 0.806812235383664
0.9957922365627349 0.0 0.9650820770435826 0.8352675059008655
0.9970968151477939 0.0 0.9679820808375699 0.862003319340037
0.9977721390229475 0.0 0.9701215145169275 0.8838568975917591
0.9951050458238482 0.0 0.9634364303072005 0.8692070887761045
0.9936280079363734 0.0 0.9635276555791161 0.8735265129114922
0.9960538054318826 0.0 0.9651532640645476 0.8594760373942283
0.9955417912363271 0.0 0.962280431542401 0.8433998265394623
0.9967116938209843 0.0 0.9659696451505325 0.8564634106340407
0.9946781761539675 0.0 0.9632533520716494 0.848976239009401
0.9899421485291872 0.0 0.9560399039710449 0.8380676106499698
0.9933391222508529 0.0 0.961222537771017 0.8697549329015615
0.9907592680972542 0.0 0.9590665603557672 0.8554162260160145
0.9890708327711334 0.0 0.9596157111761769 0.8978585620722643
0.9946821174517775 0.0 0.9649160320551794 0.9111223482385803
0.9922042884256427 0.0 0.9634294603081368 0.8842310986187664
0.9841121505862407 0.0 0.9593586695317169 0.8890160412776807
0.9874961533587966 0.0 0.9592701045014301 0.8477308098245112
0.9943523344289683 0.0 0.965441348470387 0.8621324807117536
0.9917400062650195 0.0 0.9645534902058504 0.8748997958103305
0.9922474271516533 0.0 0.9679164649345361 0.8612613298804174
0.9947812463734478 0.0 0.9678297533851575 0.8869669422487986
0.9857627491782374 0.0 0.9625455482852235 0.8919314147931504
0.9857296604045817 0.0 0.9592399276771398 0.8739120533106255
0.9917187892102783 0.0 0.9633425590692603 0.8798362662996363
0.9898542675717936 0.0 0.9639418904015179 0.9059784788129929
0.9915247256191105 0.0 0.966276820107019 0.8900523560209425
0.9910554647352662 0.0 0.9631373543765639 0.8933564328619781
0.9951032494984751 0.0 0.962020773044395 0.8807755871604478
0.99532780997999 0.0 0.9625075635520628 0.8855853244440763
0.9890266279456171 0.0 0.9505001716751702 0.8703878775987086
0.9961040977381621 0.0 0.9487275925463365 0.8693715139480784
0.9934641383023269 0.0 0.9405528446229561 0.8849024801348423
0.9947356572430627 0.0 0.9189392950562044 0.8408594553829505
0.990201525092769 0.0 0.8932773213742676 0.8438195543929694
0.9917196530639448 0.0 0.8752310800115433 0.884573577120354
0.9902505410991154 0.0001717327837884252 0.20971155353503684 0.49337334731850935
