0.9854151379886674 0.04829463173748081 0.16162214006668943 0.0
0.9957302770195232 0.04742527459826025 0.14950022275068864 0.0
0.9940922720816455 0.04546182054200125 0.15758830469414778 0.016964285714285713
0.9947964554868085 0.05033338190093597 0.15043572547287257 0.0
0.9926521631463356 0.045560399603558246 0.1567289399138648 0.0
0.9952806208093927 0.04845109545287298 0.15749730805377044 0.011724776303609998
0.9936009965028701 0.04655312942387714 0.15480025577927825 0.06373152709359606
0.9884186167821846 0.04321682802861823 0.15725078994686698 0.026172997127353975
0.9936367456854841 0.04474673735197745 0.1612972395079103 0.12111973392461198
0.9901946424391426 0.045805282327691675 0.16775473251777678 0.13658070678127984
0.9964575675840937 0.047543234795345855 0.1613418139750257 0.05858930602957907
0.9894508728513143 0.046070588696576605 0.1724074737202899 0.168377253814147
0.986754419674651 0.047964216038882575 0.1647436578722599 0.09134479842120101
0.9847588964787527 0.04475730788201099 0.17561545783717197 0.08467966573816156
0.9941774870493777 0.04695354741276091 0.17577928344096289 0.10526315789473684
0.990723062119968 0.04773457416944662 0.18302311164801627 0.12765283496990815
0.994094674027 0.04499253444538306 0.1809024282334233 0.1692665117822768
0.9935723963775045 0.04843916667453298 0.18059274350019403 0.0
0.9934327825620458 0.047991298510896827 0.18234940032709432 0.0
0.9923874615294713 0.049168675887529614 0.18661749586809126 0.01101072840203275
0.9887525835866261 0.045297540684999894 0.19054506933432247 0.16056670602125148
0.9964523687486271 0.04747720714415822 0.18785251396648045 0.12960319725949188
0.9924925620076366 0.04720905605889395 0.18818186686486074 0.06813627254509018
0.993816283542449 0.04332408545462758 0.19023927749167163 0.1927425716539574
0.985443772053267 0.043153132021192246 0.19742501662198048 0.14420871559633028
0.9924773367402525 0.04318625803214319 0.20162259882261466 0.1414337115970108
0.9935016230647721 0.039912743963528764 0.19804517153993595 0.06778695528339504
0.996130428537694 0.0449581934243084 0.20278785998487736 0.20829706991586888
0.9918968974815767 0.04595588596827645 0.20802793822490337 0.22769516728624536
0.9960657708679642 0.042789953261851456 0.206919274588777 0.28108252947481244
0.9887497548335853 0.03999674306560935 0.21567722851037585 0.14206688458637165
0.9892194653363219 0.04220998744325316 0.2103395342326005 0.26959247648902823
0.9946478222851023 0.04068557119450776 0.22369074421362697 0.2953463775780011
0.9934082820596353 0.03900986183050116 0.22432379144853057 0.25319366377107816
0.9939787697708358 0.035314937326606295 0.23166547619522668 0.2971520687802257
0.9930976920175835 0.03609581901477615 0.23152062077335464 0.13299707990443324
0.9942401489496486 0.03601708510467635 0.23329084345841125 0.3231991235278006
0.9943641524614824 0.04060411764883398 0.23781459468304997 0.39087093389296956
0.9945570909601799 0.04123391611147333 0.25383286033643554 0.3664961636828645
0.9907133135857817 0.03636994437788547 0.2467855405677949 0.24635829286992078
0.994123338185469 0.03762116625307628 0.2573982060840308 0.2870984191738909
0.9916123054814983 0.036792011901501026 0.2532040856670082 0.3225634178905207
0.995739084023789 0.03569527326027924 0.2661540052781034 0.30799475753604194
0.9853032773602868 0.03437575587176694 0.26403460385251853 0.2742788461538462
0.9872008741484785 0.036340125834590495 0.2739544765743388 0.3509004237288136
0.9929373798649197 0.03872700404862601 0.2828432032911151 0.4609547123623011
0.9920536780369118 0.04042142422555075 0.28836349858369265 0.4379752851711027
0.9952107422049163 0.03724250525946704 0.2980159279723274 0.47215923406399596
0.9943720782462669 0.03791380560058872 0.3005285083927325 0.37488436632747457
0.9897289300989179 0.040374908269261225 0.303944488838739 0.4695348837209302
0.9946930469549182 0.04041424289307921 0.3100983791629707 0.5253031101739589
0.9942822783559598 0.039648288146381 0.3211302607979039 0.47793942284760316
0.9949070711386456 0.03828525115568096 0.32883336853322453 0.4708454810495627
0.9945272000117484 0.04096204964121647 0.341337184810736 0.45769061260467164
0.9957223020279911 0.04046917620091144 0.34768272724283955 0.3795210166177908
0.9953580039173681 0.0398281558871595 0.3464347061749701 0.4526390197926484
0.9917165415803427 0.03953672873267541 0.3507695820155926 0.4406779661016949
0.9968633387908498 0.04032461760405687 0.35716831006343835 0.42291128337639966
0.9953740077892391 0.04020861289507955 0.3685822033788762 0.45065502183406114
0.9924882696993139 0.042222291777520425 0.37495161620071416 0.4936123348017621
0.9943412671485381 0.04360921045267415 0.3991192827516727 0.44706127553147146
0.9924771628156905 0.04437295639844484 0.3926228476538869 0.5170140365801786
0.9950771563395193 0.04292839007202446 0.39838681509175233 0.46567289523409616
0.9943721706442151 0.04515420121617846 0.4187760589190799 0.3835259038389862
0.9963229161466597 0.047331496036201556 0.4310189468700099 0.3867973182052604
0.9943967717626467 0.04585949431528932 0.43292061308926577 0.323449401523395
0.994877593492448 0.046339855328968525 0.42613929658617067 0.37600123228589033
0.994934430913833 0.042330817081302825 0.4293669201963858 0.23931703676058966
0.9967209923408707 0.046154409373094736 0.4442938140553717 0.18749540272158882
0.9954378876037147 0.04565965712070716 0.440276973082193 0.14855993849429297
0.993230756553236 0.04121143992398241 0.43473072849789396 0.18629844369850473
0.9965322835676041 0.04316480382494181 0.4384215634224725 0.14485717511572768
0.9946125055174958 0.04195009534769741 0.46082688436627645 0.12378534108110748
0.9910952880700424 0.04415034968108265 0.4676630270492497 0.13299179256626065
0.9959985578186396 0.04217081300178363 0.4720935357571429 0.1423384524802512
0.9973160704424127 0.039524596808290395 0.4692739269157831 0.13593346716375107
0.9917915897294679 0.04306703184476836 0.46574156105800496 0.29137573127005095
0.9951600524843414 0.04100902432092478 0.456495849186034 0.6602655771195097
0.9926839181682698 0.043859473982949086 0.4638460863023549 0.5845957291476547
0.9838232582248072 0.04034942967981009 0.46980592913728425 0.6490790483499617
0.9881438870419483 0.040071987535437316 0.4776009173878984 0.6519908116385911
0.9898826872315996 0.04135738115095913 0.4856670507331244 0.6334910122989593
0.9881491302215661 0.045309691696221295 0.5041212502485902 0.6728444802578566
0.9934706183916192 0.04655078195331971 0.5118697098283731 0.5863328116849243
0.9938865252000938 0.04373259366276743 0.5187291739405359 0.6837105901374293
0.9950535663738468 0.04467602180845869 0.5373869588027637 0.5553571428571429
0.9946263868786311 0.04358058350326423 0.5467383091531851 0.5624353225250086
0.9928084788760227 0.04090340391999182 0.5626367081447506 0.6296167851569273
0.9945110268591049 0.03855293383293369 0.5633821246431924 0.5862412761714856
0.9913912682864048 0.039637877560144176 0.5787703851506023 0.5840082715836636
0.9924802593360252 0.03817930426418724 0.6083323278878405 0.5344421779381767
0.9912323306458286 0.03292395344769701 0.607688830755323 0.5647637501863169
0.9927244415482988 0.030622983922719532 0.6323502644787722 0.4957228400342173
0.9939236047586639 0.02092755512110351 0.6382411809546933 0.554931506849315
0.9949271616050849 0.019880239520958083 0.6637937530021568 0.5992688413948256
0.992754176446394 0.016944471437850665 0.6925622625316462 0.5270588235294118
0.9936635554740456 0.005675320142822626 0.7043607508263751 0.5107790578305007
0.99415621349169 0.002142573884563483 0.7198484929996624 0.48024283736287143
0.9893139757965701 9.535494288238921e-06 0.7437021169374498 0.4440104166666667
0.9907335618241587 9.185137035179075e-05 0.7659781173363517 0.3915568654646325
0.9929213824434437 0.0 0.7806868041349525 0.32523256652484317
0.9952652258864464 0.0 0.8169234102687881 0.16610670112608455
0.9846614948555145 0.0 0.8308537444618269 0.18696774193548388
0.9914936281550683 0.0 0.8782562547627129 0.2733935679534972
0.9899783188714599 0.0 0.9034413264281986 0.47119661921708184
0.9928505849731623 0.0 0.9262747653235629 0.2463791525332472
0.9927013311490713 0.0 0.8988509668315526 0.0871843836197751
0.99025159963772 0.0 0.908280594537995 0.12284133460012295
0.9894957652378328 0.0 0.924485299453141 0.2664501794565032
0.9955790074158585 0.0 0.9360055862215382 0.607664701358626
0.9944969098979517 0.0 0.9356246744388718 0.6515353805073432
0.9915539337050033 0.0 0.9354274434613566 0.6282756813417191
0.9940508576261302 0.0 0.9355762050251725 0.590782629732672
0.9945490878099508 0.0 0.9406039221234225 0.5962993133946235
0.9955950829456723 0.0 0.9425238741476493 0.633452380952381
0.9886144783685149 0.0 0.9366190066776995 0.6807677737088016
0.994332935821422 0.0 0.9406942227856808 0.6147375504710633
0.9967657353538623 0.0 0.9403812507124908 0.6685477369572729
0.991179949911107 0.0 0.9372171569484853 0.6522216127262753
0.9926497417801442 0.0 0.9438746238503019 0.659733394621926
0.9932465826809753 0.0 0.9433000217231944 0.619157409348145
0.9937833663984823 0.0 0.9416085838345795 0.7002742037544821
0.9947085944020049 0.0 0.9434383298758965 0.7127505682992353
0.9920865366509126 0.0 0.944220011676254 0.7430830039525692
0.9887870716340895 0.0 0.9476566203231529 0.6697009102730819
0.9950327374554835 0.0 0.9526846464685775 0.7357235077962062
0.9935106037125918 0.0 0.9451342375028984 0.6684587813620072
0.9943304056727782 0.0 0.950143371653564 0.6879083504877831
0.9931921950934881 0.0 0.9538283463363922 0.68712094184802
0.9947022061259192 0.0 0.9493968886169302 0.7328865058087578
0.9943743166251117 0.0 0.9492397941879748 0.6936837106221307
0.9945010231403646 0.0 0.95240497046452 0.7513558614935336
0.9944255912057477 0.0 0.9477980249957424 0.7840595467090408
0.996397602549785 0.0 0.9481508655477054 0.7467739486868074
0.9939468510288633 0.0 0.9513277190097854 0.7810673638880344
0.9949340877939515 0.0 0.9527828137647842 0.8210162569700777
0.9956823905091492 0.0 0.9529360816863736 0.8155230596175478
0.9934295008751417 0.0 0.9521282669586303 0.7917949452280375
0.9936802643555434 0.0 0.9521434540563688 0.7637085379802193
0.9961254967752582 0.0 0.9537786266763073 0.7788964181994191
0.9956347109430044 0.0 0.9559430961578319 0.8102540775878875
0.9970839856561091 0.0 0.9614758259386359 0.8284566118297124
0.993118996873445 0.0 0.9579302178016142 0.8273880775676322
0.9897413714277675 0.0 0.9587211635593145 0.847727939020815
0.9952008374662402 0.0 0.9580436131233562 0.8182513661202185
0.9945560488799797 0.0 0.9598685430129733 0.7897578281659725
0.9959791357294814 0.0 0.9596782552135403 0.8157653528872594
0.9957347456397191 0.0 0.9626812461295917 0.8054725888813952
0.9945504645188595 0.0 0.9640928065397354 0.8272042534337616
0.9963033002714061 0.0 0.9674736656862005 0.8645583850628086
0.9968260711318503 0.0 0.9694918076943012 0.8866432337434095
0.9946785507716047 0.0 0.9629652188213224 0.8713245997088792
0.9936079801599171 0.0 0.9635019245350321 0.8733019238319591
0.9948664087593084 0.0 0.9641822498442495 0.8595930659615102
0.9951345985622749 0.0 0.9620149304040221 0.8454111295681063
0.9958102920535065 0.0 0.9652741727157884 0.8562536853829522
0.9941136269376467 0.0 0.9630130720104154 0.8543680411109752
0.9918144640597413 0.0 0.9569641255878926 0.8353533043677109
0.9946524588129373 0.0 0.9613567517994609 0.8515932257805603
0.9912219355149878 0.0 0.9592443045775711 0.8575889596816842
0.9909614487392462 0.0 0.9607188454708603 0.8961687136076724
0.9944555761110845 0.0 0.9641729318794267 0.9062597321706634
0.9938184006430839 0.0 0.964115396038083 0.8714146341463415
0.985184909137723 0.0 0.9599114338133774 0.8858066199642707
0.9893516308716538 0.0 0.9606403085169187 0.8491853927538575
0.9945136301291252 0.0 0.9635185208874334 0.8285445757250268
0.9920420607765859 0.0 0.9639101642067066 0.8609953859248309
0.9920660393696242 0.0 0.9678082665930536 0.861550783782753
0.9946703901139686 0.0 0.9677883215429678 0.8877121981364127
0.9868361485178939 0.0 0.9633058343255656 0.8920155826180137
0.9875040599994095 0.0 0.9597049137270887 0.8673754896474538
0.9915358573691838 0.0 0.9610307349520253 0.8602333814081552
0.9919139848646996 0.0 0.9635681690208961 0.8932659517646575
0.9917569052056052 0.0 0.9663556580537407 0.889769339983795
0.9925385482362533 0.0 0.9648487241150495 0.8987478786097043
0.9961082029873078 0.0 0.9636076361302254 0.886384386794373
0.9969925011102112 0.0 0.965370817709013 0.8948773672772431
0.9899920640855245 0.0 0.9524486094876787 0.8763554680013728
0.99576565713026 0.0 0.9499177920584352 0.8753821032510699
0.9947621889974806 0.0 0.9432868883238062 0.8921533731308878
0.9953757815308928 0.0 0.9214835714726431 0.8465647464372293
0.9922224049235395 0.0 0.9004155984777312 0.8555509698720595
0.9921809939058753 0.0 0.8889288271392006 0.9021665038095142
0.9897296844091505 0.009168138615526959 0.20098061610755777 0.4637513153778334
