0.9866490556136506 0.03572197017904476 0.16876702678777375 0.0
0.9963775960669561 0.035469424676823534 0.15560499214739312 0.0
0.9959692691292044 0.035370197517353846 0.1653039454183417 0.0
0.9945265696672492 0.03874049843091749 0.15561361133885993 0.0
0.9943190427742662 0.034670907541317776 0.16372031692193464 0.0
0.9953810939716021 0.03491642674448965 0.16416928510150053 0.0
0.99500796879154 0.034529229932434714 0.16020924518419105 0.0
0.9880262258913464 0.032196383955409295 0.16441220903688472 0.0
0.993200416481395 0.03253475870548073 0.16635937307630605 0.0
0.9902951128179458 0.03355393154013084 0.17275082686468948 0.0
0.9958588817623905 0.03628225321508659 0.1670522006450949 0.0
0.9897223922976763 0.035155982790588826 0.17802235164298086 0.0
0.9885375395579478 0.03477315091365773 0.16866966445474374 0.0
0.9848192821022963 0.03319072388702095 0.1811654147778035 0.0
0.9940368277556707 0.03447252575029884 0.18141498218266633 0.0
0.9919034405656386 0.034610927839720994 0.18860018938128897 0.0
0.9957461501106001 0.034427100107258114 0.1877642659957368 0.0
0.9948103463337151 0.035507235321489326 0.1860018401381942 0.0
0.9948243568017067 0.03528786226763047 0.18888481411963717 0.0
0.9940456552518392 0.034491835770859625 0.19208618355780316 0.0
0.9890731297166401 0.03194642703921247 0.19644870056361577 0.0
0.9963892973945873 0.03429208580778088 0.19459733924220063 0.0
0.993822686370076 0.03384933020568792 0.19344869168798848 0.0
0.9952451367664243 0.03190244186497923 0.19573358957419976 0.0
0.9867893683069745 0.031667621416744486 0.20464183449365958 0.0
0.9941288764743458 0.02961441723707672 0.20653603639556228 0.0
0.9933749330646956 0.028494469552106362 0.20465534502134058 0.0
0.9976500339534193 0.03196121945376374 0.20701532569204187 0.0002901073397156948
0.992066946461311 0.03249396049734401 0.210326432629307 0.020446096654275093
0.9972152200572285 0.030578577943450848 0.2118339014216259 0.04742765273311897
0.9898738123099665 0.02798485812495248 0.21828295161825093 0.004526024641689716
0.9903934718608373 0.028813682179664003 0.213191790021101 0.06435643564356436
0.9952301460660365 0.028876736564868614 0.2260152305463698 0.08872901678657075
0.9951078606109028 0.02812141378809215 0.22448006863570646 0.01737797086634296
0.9955065872986529 0.026687399972737048 0.23174676872782995 0.0032240730789897904
0.9941918745573451 0.02729446763997182 0.2318128334972814 0.0
0.9940564635958395 0.026660555172188 0.23369835504158037 0.01615995617639003
0.9956906888902213 0.02659507763007791 0.2386416363549288 0.0
0.9950854007197049 0.029434453273851014 0.2567685150968074 0.0
0.9922178209648551 0.027159988749392724 0.24901930349381948 0.0
0.9954002950754103 0.028230453694868204 0.25856717810183105 0.0
0.9923292186462482 0.029220027575920852 0.2546139483387909 0.0
0.9965207914151576 0.0269681752479689 0.2664714221612882 0.08890345128877239
0.9874093456429576 0.02668852261852551 0.2634184190352613 0.0
0.9892012006834972 0.028052981855414 0.27335339190560576 0.024099576271186442
0.9949848108535645 0.029559224340411583 0.28160283287315835 0.1828641370869033
0.9932213948240427 0.03118839331377352 0.2868343409079483 0.17663817663817663
0.9954500514142953 0.02622763441332923 0.29668105955435453 0.25497606449987403
0.9942500916039327 0.02917227878447358 0.29937578900285927 0.05943570767807586
0.9890651740960223 0.0309880321542905 0.301776387698328 0.23209302325581396
0.9948767378372663 0.03142147115052557 0.3081649607975592 0.2449248615871342
0.9940781465329741 0.030913515623206374 0.3200344976695723 0.2308609587407584
0.994827682933671 0.029575501300289235 0.3270868512149348 0.18828960155490768
0.9948242595866744 0.030856721418860172 0.33940069508859794 0.22910284463894967
0.9954117563659741 0.03074023719781803 0.34615323399554987 0.062316715542521994
0.9960813190097949 0.030250563717686845 0.3448699848263666 0.2565975494816211
0.9927456067117981 0.030045577664653985 0.3498271745373414 0.24553366926248282
0.9967206936910495 0.03040412206453875 0.3558432967444071 0.2874677002583979
0.9943105486187839 0.030627413043505258 0.3670532037582031 0.26921397379912665
0.9907992096772448 0.03259266696368622 0.37263405452480425 0.3125550660792952
0.995047939396553 0.03357936805132414 0.39652208149082235 0.1909128803668195
0.9941309628578074 0.035120255297935846 0.39103141547203923 0.33921735431731176
0.995111622377049 0.03441076872079193 0.3970722545955055 0.3203026481715006
0.9956058641739932 0.035737355165010705 0.4176523492312839 0.29365079365079366
0.9946104058662116 0.03766265839451713 0.42933008105097376 0.3107471852610031
0.9948326344334782 0.03488603256212511 0.43134604911605023 0.2976873265494912
0.9943146209889299 0.035406175057922484 0.4247325095978679 0.3566666666666667
0.9955867861183038 0.03148022825327493 0.4286010753100137 0.22535693889206168
0.9958762786391476 0.03428856139915058 0.44301768985644624 0.1794849179749515
0.9963928759299616 0.0340338635746323 0.44091768248730556 0.17764664435441255
0.9933575734680707 0.0303316808556627 0.4343585998267942 0.1829292139225655
0.9965817924770385 0.033244611961843744 0.4397461322324264 0.1836940572267058
0.9956052456638665 0.03202577359162938 0.45891852973271813 0.14379967011545958
0.9914066576861932 0.03364396528438385 0.4662241766726784 0.19693866551686967
0.9958825331759427 0.02965371767487929 0.47264763787372766 0.1965235001265716
0.9975213480336272 0.027690316133057287 0.4671957718269804 0.15896049073280127
0.9935720675553459 0.03294481532676646 0.4650150541450188 0.2850757658345143
0.9958104461850081 0.03075795172569366 0.4538607042313565 0.5638406537282942
0.992930190754502 0.03307045425961286 0.4612966301396584 0.5004562876437306
0.9842606408994347 0.029886637891023856 0.46720916487194164 0.5692632386799693
0.9881427987023725 0.030015320227983776 0.47466930115008343 0.5696784073506891
0.9899042243208881 0.030845931503558226 0.4824356634551448 0.5447733918128655
0.9873696041672559 0.03418424835839453 0.5006566430453742 0.5505771864605752
0.9959339547646381 0.03470624535198342 0.5094238172961709 0.5225491903186488
0.9947291230749158 0.03252003711053269 0.5158555363127955 0.6251268520397808
0.9963054393806847 0.03325515076860773 0.5345925507074551 0.46660714285714283
0.9939228035019919 0.03199668898255482 0.5434885983185326 0.4335556695741406
0.9941126867437925 0.027233913821697455 0.5592091236398012 0.48839084166397934
0.994834953167939 0.024559397270256182 0.558775348947016 0.3922299095263438
0.992735155159135 0.02423727389034674 0.5746079334868475 0.44174434087882825
0.9928497772940149 0.022619014121307377 0.6040286591868811 0.42881123149702427
0.9915839408804474 0.017761785249916846 0.602624538664638 0.3801916932907348
0.992258369672501 0.013577327962993529 0.6274499578867192 0.36299253154777233
0.9937253164125465 0.006802691414301137 0.632581273417648 0.3387730168426564
0.9936012721499138 0.005378966258363068 0.6593709954680419 0.45871666472574824
0.9930359821933643 0.0041645711235874325 0.6895961392872386 0.46193693693693694
0.9944992862842396 0.0003174253041768328 0.7034435109354529 0.4345673697804563
0.9935322260667843 7.432627519589261e-05 0.718995871886565 0.418293419199034
0.990279591286866 0.0 0.7434275730697048 0.3784957914743416
0.991817778142451 0.0 0.7654265304917646 0.31754189944134076
0.993212699516306 0.0 0.776395125384912 0.19260357771804615
0.9969256740691426 0.0 0.8111995646129956 0.11673260936666947
0.9859327051347925 0.0 0.8245829662565496 0.13552771855010662
0.9930836479353691 0.0 0.8799299057908105 0.20009631591620516
0.9924831606686461 0.0 0.901468120095624 0.23919478981645945
0.9960814376464113 0.0 0.9098832724006711 0.10397233249713826
0.9947518838438305 0.0 0.8842953529057516 0.05355330333742368
0.9927372978824166 0.0 0.8947344117329349 0.07447994056463596
0.9903504060088866 0.0 0.9215472020757888 0.19609040928527796
0.9958019762003567 0.0 0.9356793618970485 0.539229489312684
0.9949592908798827 0.0 0.9339064143225908 0.4601931330472103
0.9941704624892581 0.0 0.9351915127675179 0.4342730440291416
0.9945675948327426 0.0 0.9345566512711688 0.45989650711513586
0.9950627780325422 0.0 0.9379856903506464 0.3882209444154034
0.9962565758330877 0.0 0.9421568447733685 0.526892771497088
0.9889633324105412 0.0 0.9353333454894466 0.5195338512763596
0.9948656812562138 0.0 0.9409757688072051 0.5391162029459902
0.9959592811179397 0.0 0.9388906702985386 0.5695552398644956
0.9921926109854476 0.0 0.9383261107765811 0.5375498216907909
0.9923211288831044 0.0 0.9428164253459149 0.5500902527075813
0.9934009533362167 0.0 0.9428303494894782 0.5324137931034483
0.9959229688556909 0.0 0.9423466210536414 0.6014279714405711
0.993905145191385 0.0 0.942440572832948 0.5750526517327207
0.9928070332262592 0.0 0.9438610855141537 0.6331690593529034
0.9900182235569924 0.0 0.9478390751086282 0.5982159449916372
0.9939567511160067 0.0 0.9511971273160366 0.6462287588194375
0.996241944357346 0.0 0.9458467824310521 0.5382616487455197
0.9959460887769053 0.0 0.9505618477339508 0.6132134271213605
0.9928466196496692 0.0 0.9520012689596524 0.558825940805116
0.9956662565042018 0.0 0.9495673617064999 0.6763785861113594
0.9954080701510437 0.0 0.9493873360907685 0.6349533006173816
0.9961553529358098 0.0 0.9531303576197737 0.6964420259522813
0.9953750373755926 0.0 0.948263197647407 0.7199632629205978
0.9969951845769246 0.0 0.9479490855080223 0.6894226397939082
0.9949531006068322 0.0 0.9504171054533441 0.6631667366652667
0.9957725027174443 0.0 0.9526392955609224 0.7475414994886319
0.997279735839672 0.0 0.9535681384763387 0.7647280114363103
0.9949162659518521 0.0 0.9524990149120058 0.7298343729834373
0.9955596904945652 0.0 0.9527135085479971 0.699858614421329
0.9963492539431491 0.0 0.9537124603584184 0.7177299463512378
0.9961185930160141 0.0 0.9555802082746607 0.7557693557823572
0.9962326400239093 0.0 0.9604701219165509 0.7961330142335307
0.9935806944809215 0.0 0.957707103618324 0.788830297219559
0.9919886352314856 0.0 0.9597733766013281 0.8140476469897899
0.9934398345666726 0.0 0.9566837481461856 0.7906429548563612
0.9969542021270386 0.0 0.9607580142656696 0.7433805418719212
0.9958080025661021 0.0 0.9583212966635167 0.7420529966565198
0.99685055322519 0.0 0.9602255945304433 0.6626144949558904
0.9959391474825217 0.0 0.9641466582834126 0.772580329153605
0.9969096380872783 0.0 0.9672457819649345 0.8254760855730161
0.9978079193473502 0.0 0.9694912026875624 0.8460964114051053
0.9950894987107254 0.0 0.9627658648355015 0.8404299468791501
0.9935553874290849 0.0 0.9629936197714154 0.8486229443233604
0.9961174301195276 0.0 0.96446796832257 0.8281117384405329
0.9953798309058076 0.0 0.9616328189257509 0.8224516757057433
0.9965941817006703 0.0 0.9648230380732102 0.8198395566867489
0.9945611253049849 0.0 0.9624733253984463 0.8235950650055806
0.9890824789801715 0.0 0.954928404115892 0.8138137282825406
0.9922672242342131 0.0 0.9606206256118822 0.8659901836430817
0.9904700445708348 0.0 0.9582006211190859 0.8310634098198865
0.9877922832473057 0.0 0.9586581918360733 0.8867331401345843
0.9941003900834973 0.0 0.9643898794187364 0.9005339654718292
0.9910980324558596 0.0 0.9625439621351708 0.8814142885519434
0.9833576445012644 0.0 0.957981726469843 0.8666534457114526
0.9866179072251771 0.0 0.9593421358840686 0.8537672922643957
0.993342086584622 0.0 0.9653049436509284 0.8686631434723038
0.9909340643650589 0.0 0.9643946215873276 0.8793583086053413
0.9917091219253555 0.0 0.9669247977678598 0.8513690695927798
0.9942191303299096 0.0 0.9668126474008636 0.8754303789768234
0.9847686163305701 0.0 0.9599214425631529 0.8656398236508733
0.984651780047314 0.0 0.9575573384442684 0.857447468791607
0.9914197665958844 0.0 0.9620298291037352 0.8637228223773423
0.9887512842154886 0.0 0.9612865917778325 0.8795730416969985
0.9915647511846221 0.0 0.9613340950921176 0.8451191074253751
0.9901057932822223 0.0 0.9590452578719642 0.8647085240868965
0.9942094430804519 0.0 0.9549257064636669 0.8361472718381034
0.9948185719859539 0.0 0.9544090195291818 0.8388699838154127
0.9881517186445287 0.0 0.9413784440931945 0.826816615175813
0.9957738142499333 0.0 0.9382001576700418 0.8248163581742417
0.9931178258357822 0.0 0.9286748473363743 0.8412178335817576
0.9941775492172381 0.0 0.9038732716219922 0.7972647567300568
0.9900170035542233 0.0 0.8776286321175291 0.8075851823277238
0.9912441425488666 0.0 0.8545591307981613 0.8562032416853531
0.9892449318747314 0.0 0.19509266099750075 0.44011666014255935
