0.9855279766552328 0.04887766986771324 0.16260072211616783 0.059296203934607924
0.9959238108087771 0.0483996201665084 0.15033349711241262 0.0
0.9941837146640612 0.046088811406865667 0.15897454208985254 0.15803571428571428
0.99485278372591 0.050853937758777244 0.15187315320882983 0.0626204238921002
0.9926304453121406 0.045972698296059544 0.15841519854335068 0.15364880273660206
0.9954797382934265 0.04824385750182729 0.15860593379342472 0.20981178648565257
0.9937704963209965 0.04679082693211631 0.15594080793350745 0.2543103448275862
0.9886607535541801 0.043418028968886385 0.1591671648665212 0.1905521864028088
0.9940257607096639 0.04484115998200505 0.16282153615424522 0.2549889135254989
0.9905046915256837 0.045805890742081516 0.16905298994946297 0.2626552053486151
0.9965597078197352 0.04815607313374592 0.16238263260851943 0.21131968145620023
0.9893280939031437 0.045712483673793915 0.1741877124864411 0.3031900138696255
0.9868878516561989 0.04820056242486691 0.16633916320537417 0.276853679165492
0.9849462421359999 0.04523002333041703 0.17645484720885748 0.16545961002785514
0.9941719212998722 0.04682246875252886 0.17728131248073717 0.25073920756948553
0.9908233196235131 0.048034043572703376 0.18429863177721081 0.2765283496990814
0.9942365331753349 0.04460472522108621 0.18125421183665325 0.3046797212080982
0.9934742668548624 0.04836653717986058 0.18156468367604187 0.024110910186859555
0.9934090667487784 0.04800822317655442 0.18369055810149423 0.1699851411589896
0.9925018991779968 0.049355290759407346 0.1873942625292037 0.2636928289102202
0.9886242489001699 0.04537344041772956 0.19165279650755468 0.3072609208972845
0.9962006273723202 0.047855848658759186 0.18912479569350366 0.29860119897230947
0.9925856168764322 0.046153194936280215 0.18939772321862938 0.2482107071285428
0.9938724771896918 0.042945127809213196 0.19127391126074506 0.32290297133841706
0.9855662073391169 0.042849487002244606 0.19843383293041522 0.3431766055045872
0.9926449124461223 0.04310136944574888 0.2027091072476733 0.3169111541655134
0.993308655688132 0.03989957501281576 0.19961483512240327 0.29051552264312164
0.9966063568729794 0.04518442312040729 0.20377849982896648 0.36785610675950103
0.9920760061026798 0.043747299078512034 0.20815739811152734 0.31064126394052044
0.9964150509449736 0.042363501669059 0.20808622494097795 0.3762057877813505
0.9890400379097499 0.039268813010201034 0.21677323929834275 0.2604978627105859
0.9895040546683678 0.04154838454776227 0.21163090518804836 0.3696103896103896
0.9946038747961409 0.03949902409237593 0.22407010760837104 0.40047961630695444
0.9937377527211394 0.03801732050125874 0.22480117787290765 0.3534372604140046
0.9942524201957851 0.03454995136079015 0.23163877416045245 0.40972595378828586
0.9930958336372865 0.03457409394732294 0.23143504094252135 0.3111229094770374
0.9942926551225474 0.03425498152016712 0.2339721258498144 0.44426184606957
0.9942961005865047 0.03565966856179059 0.23873106150520482 0.4824239244491081
0.9946119567903016 0.03865988116818758 0.2553358958395794 0.4751918158567775
0.9910905171928499 0.03515047319511609 0.2484432514307872 0.4004091025313219
0.9943169594160195 0.03665876025877014 0.2589611245679106 0.436264308012487
0.9919878784517293 0.03626634350898561 0.254946886885122 0.465954606141522
0.9959906928159061 0.03440548597204775 0.2675434819707756 0.40803844473569245
0.9854577817388629 0.03464776462530276 0.2641686544489259 0.4014423076923077
0.9873466981879488 0.03605221492477298 0.2739789564097058 0.4715382578766217
0.9931308266434251 0.03770819071268512 0.28264946229786964 0.554467564259486
0.9924977001207828 0.03979905893533056 0.28809946910689277 0.5152091254752852
0.9953077980458447 0.036785316128777654 0.29789800782229153 0.5757117661879567
0.9942528665146689 0.03804627704875005 0.30076357760449945 0.5004625346901017
0.9897265118184745 0.040271369512215535 0.30384749440640424 0.5772093023255814
0.9945478868957129 0.040513398766067646 0.3098655605300166 0.6306117091100026
0.993950929491322 0.03968688441980851 0.3211180009463147 0.5817835002384358
0.9949159018140404 0.03817167782567913 0.3287816104506808 0.5942662779397473
0.9940881685067732 0.04128256560123053 0.34113444784704966 0.5598946906537955
0.9953219693726008 0.0409050987466768 0.34764291060251035 0.5283479960899315
0.99495403197279 0.04035029270382181 0.34641435417793925 0.5662111215834119
0.9915167942743817 0.039981095385325835 0.3510036246132714 0.5486158773735987
0.9966240848331691 0.0408532185212272 0.3576246000009702 0.5159345391903531
0.995155959051321 0.04071010167308573 0.3689354682004861 0.5395196506550218
0.9923584837458129 0.042592956791986984 0.37542282443488667 0.5793528505392912
0.9942909687729659 0.0436739615016041 0.3989462523713384 0.535305144761508
0.9923963766456028 0.044434224053304064 0.3925447447686444 0.6059060973018908
0.9948258319765274 0.04301494645321378 0.39820836962120715 0.5626566416040101
0.9943036503138805 0.045326332204967575 0.4187232112521013 0.4597934341571376
0.9959261026422517 0.047454012626441444 0.43106066526113623 0.4520880543865329
0.9942216340562671 0.0461040925888147 0.4323793614754092 0.35744787741773426
0.9946934026910637 0.04677021899546761 0.426399062974124 0.44333691151663857
0.9948317868814193 0.04301802943396536 0.4270893955519258 0.21816860465116278
0.996445692195971 0.04664073714594019 0.44285576210573796 0.19154101712241248
0.9952822925318121 0.04642176671931116 0.4371128321713079 0.12830635609948676
0.9929872260407996 0.04181708868334692 0.4295767287648854 0.1461970548049188
0.9964078893169538 0.043626451394541556 0.43563483412418297 0.11737544622070464
0.9944440414006578 0.04227951012050318 0.461212691364937 0.11833901893894835
0.9909763624417501 0.04541604757006415 0.4682657979148662 0.1277483416079102
0.9956389665487106 0.043968379772718565 0.4720243658358983 0.13794411430016437
0.9972671795255666 0.0409355701604693 0.46971209095741556 0.1502438583815029
0.9917130772852031 0.0445579687534015 0.4659588728322087 0.32578491519307107
0.994884239522529 0.0423685029260677 0.4568570356854493 0.754989816700611
0.9925242564020996 0.045145077579723816 0.4643510141702729 0.675054704595186
0.9835278378792465 0.04176883892245144 0.47017534773717773 0.7366711255493981
0.9880514591461487 0.041290090026726685 0.47798658964924956 0.7464114832535885
0.9897377027661268 0.04268259069380068 0.485968230463222 0.7105165366034931
0.9878925915569642 0.04657703835628339 0.5045135565302832 0.75825946817083
0.9935321656651994 0.04763763290833216 0.5123293409905847 0.661634565330557
0.993744498931221 0.045216362271140606 0.5190383892198065 0.7548374227009774
0.9949396110935237 0.04636252580142382 0.5378855741321118 0.6391071428571429
0.994186678581626 0.045445827019012945 0.5471963536440478 0.624452677669249
0.9928632896235612 0.04264882625902964 0.5632316215215702 0.6860244701016716
0.994218102063379 0.0400732269730151 0.5638329865203746 0.6363636363636364
0.9913190390178576 0.040748395802154835 0.5791462035541195 0.6436426116838488
0.9921679879353076 0.037966130241772165 0.6082074605087252 0.5847772277227723
0.9909440685627411 0.03371256701974631 0.607827225466093 0.5985081175954365
0.9922512851070208 0.030633579544480816 0.6325142074474132 0.5388409371146733
0.9939359197960752 0.01844496128082508 0.6382878649049177 0.5679654778525194
0.9947336625663971 0.017876608312448174 0.6630360090116663 0.5569558301725193
0.9924447733370436 0.013106385162002 0.6918592625951923 0.548099965765149
0.9934202995942149 0.0011481889806125467 0.7035752039893323 0.528919246447064
0.9940189418600366 0.000994777418552599 0.7200699737364619 0.5036001252217468
0.9891481307008316 0.0 0.7438037485702158 0.4736739469578783
0.9906418920550883 0.0 0.7654960862295183 0.3904839365595771
0.9930576400779004 0.0 0.7792795961451368 0.30300006237135907
0.9952391491630136 0.0 0.815496675971132 0.16532092514027644
0.9847282145881643 0.0 0.830061601315648 0.19127776645608316
0.9915747505806464 0.0 0.8782127978550115 0.29643618641486447
0.9901055794252124 0.0 0.9035347534685988 0.5045987947986045
0.9932136637890165 0.0 0.9220417072771236 0.20204792135981978
0.9929245148116159 0.0 0.8835707992458358 0.06815682848578873
0.9905009073877946 0.0 0.9014225792556928 0.10662127049547532
0.9896862343283062 0.0 0.9231203906881589 0.2542855689506079
0.9957578779059323 0.0 0.9364081468064681 0.6543194052806972
0.9946247930998593 0.0 0.935940079090016 0.6931245022564375
0.9917598718449672 0.0 0.9357295336925608 0.6634590710803182
0.9940873415713619 0.0 0.9359316226800641 0.643633727953612
0.9946378630974186 0.0 0.9404091004834643 0.5935637663885578
0.9958465596637904 0.0 0.9429206875439919 0.6704022649522237
0.9886699958869078 0.0 0.9369741144572223 0.7331566994700984
0.9945460673125693 0.0 0.9411392120973333 0.6560224089635854
0.9966825298764661 0.0 0.9399318077394745 0.6500210703750526
0.9913465762614894 0.0 0.9376446548864081 0.6897116644823067
0.9926862629834557 0.0 0.9442159082453735 0.708017459223524
0.9934074567274352 0.0 0.9437024446512112 0.6615850475096585
0.9940854275716475 0.0 0.9420083199272007 0.7315037044766775
0.994687431265369 0.0 0.943755845354689 0.7509293680297398
0.9923447267418478 0.0 0.9446627877250267 0.7820990942994139
0.9890787661769179 0.0 0.9481156275222524 0.7024041585445094
0.9948687684928212 0.0 0.9528253914185959 0.7689330024813896
0.9936806070109535 0.0 0.9456252976411708 0.7122121673685153
0.9947410492658505 0.0 0.9507644514430853 0.7267519914078582
0.9930873327223143 0.0 0.9540633107079279 0.7227775794359157
0.9948265811716701 0.0 0.9497601651895942 0.7645641894905879
0.994565459534353 0.0 0.9496372023225872 0.7196076880487227
0.9948520459762217 0.0 0.9528390762431777 0.7691859981707824
0.994492568439586 0.0 0.9481135787905075 0.8096033402922755
0.9963149258373463 0.0 0.9483204826081287 0.7694701685137392
0.9941681085981415 0.0 0.9517240192556711 0.8028472489419007
0.9952489782807336 0.0 0.9532010310071818 0.8390435123480988
0.9960685440793129 0.0 0.9534807047657083 0.8407529130564685
0.9939098552037002 0.0 0.952764857881137 0.8192126658108686
0.9941324656358258 0.0 0.9528673211762533 0.7981163807601749
0.9963678154071083 0.0 0.9543665264526963 0.8138064516129032
0.9960101652136931 0.0 0.9566150795854306 0.845760186564747
0.9971404053937145 0.0 0.9619042355897465 0.8607008760951189
0.9932962703462068 0.0 0.9584781803387681 0.8613099498926271
0.9899465441245429 0.0 0.9592867669872789 0.8806738418343473
0.9951661268193327 0.0 0.9584525796400991 0.8494629518564963
0.994725333227482 0.0 0.9604503548753461 0.8205985191279309
0.9960133168714894 0.0 0.9600509171787507 0.8388295165394402
0.9959275528231871 0.0 0.9627509686509335 0.8090611863615134
0.9948058153027097 0.0 0.9645453678084153 0.8459587337203063
0.996675847338542 0.0 0.9675570566818661 0.8578178694158075
0.997074396601212 0.0 0.9697973481386382 0.8960223627531848
0.9945690242371908 0.0 0.9627222613019829 0.866737176097303
0.9936469592677938 0.0 0.9629175098767668 0.852832465867089
0.9953393468982296 0.0 0.9637478580779287 0.8343736849488007
0.9952609577853739 0.0 0.9621508976126087 0.8490669593852909
0.9962928089158579 0.0 0.9640862299364475 0.8135603564018065
0.9945507746918022 0.0 0.9625164436320219 0.8338560750403049
0.9910350316584868 0.0 0.9553144519193547 0.8068911128032198
0.9942219611170948 0.0 0.9578801301957977 0.7783288174956454
0.9913491530474624 0.0 0.9579339249257629 0.8265379283973041
0.9899775815781462 0.0 0.9604204002741815 0.9083978791506829
0.9947384183413882 0.0 0.9627967630994714 0.8633527736335277
0.9932364364130788 0.0 0.9616413276267834 0.8310721207793532
0.9849026237856189 0.0 0.9580334511668913 0.8544400366188587
0.9886015809614004 0.0 0.9581395744174482 0.8166268758526603
0.9946506325749099 0.0 0.9582049725864978 0.7516522470559962
0.9921129726265678 0.0 0.9616302636463324 0.8294232162903387
0.9919832971893066 0.0 0.9648258099173765 0.8282193037516296
0.994623674642904 0.0 0.9676837599365024 0.8881187762015159
0.9867176591002618 0.0 0.9635474873411635 0.8973737193962114
0.9869343068277984 0.0 0.9569518367472332 0.8458799737958927
0.9917575257888278 0.0 0.9618730169125795 0.8679587600090714
0.9911923504728443 0.0 0.9625151378845023 0.889466986678694
0.9917848944821974 0.0 0.9679770343080136 0.9038238271016908
0.9921547998077944 0.0 0.9659316425837253 0.9097101304246306
0.9959230240088586 0.0 0.9657439178509319 0.9017814071081921
0.9964737830823369 0.0 0.9669186082142762 0.9064194480484237
0.9899958647645387 0.0 0.9550527760509445 0.8897407471717266
0.995765997928759 0.0 0.9539171083252441 0.892527050961769
0.9943784154150964 0.0 0.946467211967282 0.9044678803323799
0.9951648252600819 0.0 0.9273111606832529 0.8641959749738144
0.9913015316485552 0.0 0.9057714268645468 0.8706197740473607
0.9919135684257562 0.0 0.8954929507451318 0.9111660856853705
0.9897782386623469 0.0 0.20486340047438853 0.4777359074483675
