0.9859334158756362 0.028594155187317234 0.17119277288407406 0.0
0.9960260898098515 0.028566340542780157 0.15828292553572818 0.0
0.9945083052677398 0.029534861599923905 0.1674266089905611 0.0
0.9952581650811491 0.031079878306757555 0.15754340537332642 0.0
0.9932884090106593 0.027614052100321772 0.16541644198171376 0.0
0.9951253710742806 0.028155247974272473 0.16573410269860697 0.0
0.994867873577471 0.02723616484791231 0.161225276672016 0.0
0.9883603414262879 0.025662070427215647 0.16696253331729133 0.0
0.9939010404432592 0.024983232876329017 0.16785975056059005 0.0
0.9904553515714801 0.026518668119275595 0.1741744358281781 0.0028653295128939827
0.9959891051386706 0.02786763732627399 0.16808317524141705 0.0
0.9897290914124238 0.028055969242746226 0.17990096710165127 0.0
0.9874681293084453 0.028100624147957394 0.16864807803478113 0.0
0.9849246817497637 0.026268709019983953 0.18248986515670307 0.001392757660167131
0.9943782000793996 0.0279500332937776 0.182752066192708 0.0
0.9914982199279911 0.027650087971099673 0.19000889413635125 0.0
0.9947220603963237 0.025944708186327926 0.18851291296591632 0.0
0.9941053118646904 0.027491241356098158 0.18678880363523281 0.0
0.9941601219054695 0.03030194802374193 0.19124341159559174 0.0
0.9929024309478359 0.027976642783456632 0.1931261705596173 0.0
0.9890927878916816 0.026151247874220386 0.19829886776839778 0.0
0.9964363837774332 0.02763474832813565 0.1961953127121636 0.0
0.9926931360796811 0.026940164293005397 0.19459876961435268 0.0
0.9940360838904662 0.023769298443667618 0.19616750843556516 0.0
0.985742298256766 0.026665026932631525 0.20610503003827796 0.0
0.9928939156137212 0.025595219305860256 0.20750308363321932 0.0
0.9935794248025756 0.02343959901623953 0.20618592671538774 0.0
0.9963169873784399 0.02497893396477107 0.2073387438469438 0.0
0.9925900952163028 0.026472692346236622 0.21082313462769905 0.0
0.9962008834588754 0.025467723876152436 0.21161129756505875 0.027063236870310824
0.9888982006168479 0.020929127797666057 0.21813615095199912 0.0020115665074176515
0.9892127349860118 0.021688935578827572 0.21346990923823167 0.03134796238244514
0.9947943792069965 0.021709433005661492 0.2254135927731103 0.0341060484945377
0.9938830552270621 0.023711057904973215 0.22403391050252866 0.0035778175313059034
0.9945322524383615 0.02256818852323199 0.23120740972202494 0.0
0.9938771599023214 0.022442731315281964 0.23118361266763404 0.0
0.994183971093988 0.020292861513215257 0.23295341135288597 0.0008216926869350862
0.9948340073485777 0.020033461640065708 0.23801721533690276 0.0
0.9951181627931486 0.021764029700817082 0.2578251247444113 0.0
0.990845265092054 0.02103541116438883 0.24853518819054857 0.0
0.9941064660307268 0.02226250208329236 0.2586055580366521 0.0
0.9918605721171967 0.02546110007062263 0.2545989916008259 0.0
0.9956488477833777 0.02269238768718802 0.266596519264211 0.0
0.9859780961556234 0.020004279656879547 0.2623649621547536 0.0
0.9887223572897151 0.02385471626963077 0.27253943822169474 0.0
0.9940802764888734 0.026247750900438793 0.28087012904020214 0.022031823745410038
0.9927658104769985 0.02715531503722202 0.28629610046679266 0.019486692015209126
0.9960052850104079 0.02284863919351783 0.2973558181988355 0.0854119425547997
0.9947251227371487 0.02559797360031757 0.29933900802898955 0.0
0.9901610683104713 0.027876362228183925 0.30148348398416874 0.0
0.9954925753984133 0.027915897625894893 0.3079488977212633 0.0
0.9941455244893332 0.027679200217821623 0.31978967191108454 0.0
0.9952402281273227 0.026155551330269484 0.3267261613983248 0.0
0.9951008821838025 0.02647000204023629 0.3388337438491986 0.0
0.9958516018173702 0.026194655256030323 0.3459270233230972 0.0
0.9961281820933588 0.025002417509213396 0.3442583166704196 0.0
0.9918374814322997 0.02518660993756742 0.3488182001784269 0.0
0.9965844782841927 0.02552405566358034 0.3552411395692652 0.0
0.9944885715008999 0.025873036204840327 0.36672127348426126 0.0
0.9912798008324318 0.027536098962606337 0.37207131761140977 0.0015418502202643172
0.9948491290977467 0.02955384533008759 0.39555379475999025 0.0
0.9936268148706054 0.03166191796044683 0.3897265570365464 0.0
0.9950877260707599 0.03063072204053917 0.3961946389559802 0.0
0.9953403833043318 0.031865493467821984 0.4165266907782127 0.0
0.9954385999056095 0.03288068563562771 0.4284064499469199 0.0
0.9954081719468233 0.030031637534056674 0.42925145212890015 0.0
0.9945573360899757 0.03074034916504012 0.4236618338589151 0.0
0.9956515766529661 0.02733135315889114 0.429120269074904 0.0
0.9962581783966331 0.0283894467498301 0.44283813754281165 0.0
0.9960672733863274 0.027635513939663847 0.440959059893859 0.0
0.9937129617630353 0.024283873525621964 0.43379911026969853 0.0
0.9968417317676008 0.025910468176709167 0.43783869926732194 0.0
0.9957099293129841 0.026122482128898176 0.45841668592742546 0.0
0.9913822091601812 0.024368193898911025 0.46517029272511884 0.0
0.9962469788362825 0.023304476932131755 0.47135386210406205 0.0
0.9975118673748055 0.020751261544947892 0.46664460074472486 0.0
0.9932311179287491 0.02507685052572746 0.4644777893796626 0.0
0.9960866310755888 0.023160470689183126 0.45131656113478913 0.0
0.9933036047002708 0.025986714118966425 0.4592493176040947 0.0
0.984677345036202 0.02318337592936803 0.4652903981790973 0.012854950115118956
0.9884578302761139 0.02333257889956527 0.47274546496323067 0.009954058192955589
0.9901157819582086 0.02444993254418244 0.48028808786367383 0.0019000570017100513
0.9880833256407889 0.027230163791628428 0.49876882784892607 0.0
0.9950600571903679 0.02807999696021684 0.506228901118325 0.006616750827093854
0.99483045162538 0.025630897024965012 0.5132077933339326 0.14666938276634753
0.9957302659653531 0.022413629974048443 0.5312881721288572 0.11160714285714286
0.994083066253663 0.021610146709655713 0.5407133821685622 0.018013856812933025
0.9934168029739777 0.017896986805436558 0.5569991178674626 0.12079625999095159
0.9948788983432711 0.01572726402329644 0.5579627688137674 0.06550898203592814
0.9923249349096358 0.017993238745577886 0.5729950823037214 0.054324028461959495
0.9931133178756288 0.01315132379118976 0.6023856163147016 0.02305699481865285
0.9913494291461934 0.007122165396315343 0.6011041606868506 0.14264813460131676
0.9925686790292543 0.006321949964627951 0.6266224441218244 0.047675962815405044
0.9931277839965797 0.00107520549946894 0.6351550093023584 0.1466884328358209
0.994120655337216 0.0030047333882334826 0.6594745138598994 0.06020905923344948
0.9936055714612777 0.003759089812738311 0.6900055292830363 0.05169776690119302
0.9948276731788279 0.0007207730559970739 0.704186827078157 0.05913284132841328
0.9939986478245558 9.719200853002804e-05 0.7192432141211057 0.10338327215001489
0.9906531565879935 0.0 0.7429591836734694 0.023731429673934015
0.9921997162435475 0.0 0.7676020432249719 0.019353510397364628
0.9929610747915792 0.0 0.779926108276808 0.04256885501472371
0.9963127589246102 0.0 0.8159582800906761 0.04621411519862888
0.9858104004387077 0.0 0.8272089565182108 0.0510609367731778
0.9922004798620103 0.0 0.8765600789294001 0.05875223639406706
0.9916912553178069 0.0 0.9028178358911246 0.09250051792003315
0.9944832833425452 0.0 0.9252210789282718 0.05595657769570813
0.9931941280341082 0.0 0.9145142302600835 0.016567715019255455
0.9906231108624843 0.0 0.9127908312653458 0.009025809339101895
0.9894779578061159 0.0 0.9208683473389355 0.03681553824207177
0.9960512129380054 0.0 0.9335975591096275 0.15393488849013073
0.9953788285867813 0.0 0.9334243206199732 0.16528704939919894
0.9917054897835368 0.0 0.9326649502114592 0.14426100628930819
0.9941114040575565 0.0 0.932600131972929 0.12035805007862586
0.995059444204232 0.0 0.9381431493521312 0.16748768472906403
0.9956170649425558 0.0 0.9394849699930957 0.16797619047619047
0.9879214744986557 0.0 0.9330151043239862 0.17201718907987867
0.993656570180841 0.0 0.9371916340488154 0.17769800314112633
0.9969740022301592 0.0 0.9375428664115883 0.2242786527187033
0.9914555538899715 0.0 0.9331641521126668 0.08499890182297386
0.9928456750778427 0.0 0.9403050066374796 0.10319466789243852
0.9928109356728515 0.0 0.9394951910027879 0.12316528398213146
0.9931700546511292 0.0 0.9373758491975522 0.16372849150216404
0.9941189133837194 0.0 0.939314090509358 0.2234185733512786
0.9916315755226489 0.0 0.9396948764550678 0.14571244358478402
0.9886538591044305 0.0 0.9436096271304191 0.18678561471982158
0.9954602879799909 0.0 0.9488294438586775 0.19964225380105335
0.9935971291613204 0.0 0.9406330953023275 0.13682795698924732
0.9937297552955997 0.0 0.945914452367646 0.2497091202004833
0.9931929629924912 0.0 0.9501324637429583 0.2604400538841491
0.9937550954576687 0.0 0.9441595951719164 0.2161218092252575
0.9925035981859055 0.0 0.9434891744536414 0.26294126958999525
0.9923562010319129 0.0 0.9463877179073369 0.29785270927696694
0.9923605732507892 0.0 0.941513517227165 0.2764159625198695
0.995312303807358 0.0 0.9432578877879856 0.3656444511917413
0.9921861637872149 0.0 0.945612991554669 0.36137770897832816
0.9924643153594506 0.0 0.9457268634249242 0.31331181610643155
0.9938228042299052 0.0 0.9462122004107496 0.3105426005584484
0.9924671771456998 0.0 0.9465270714627209 0.34638273463827346
0.9919146685869235 0.0 0.945890177860454 0.3336924319956908
0.9950980953974589 0.0 0.9484203518035946 0.4057501780742084
0.9947773992444784 0.0 0.9505327905763453 0.40401015558882886
0.9964150749256356 0.0 0.9559098770595711 0.40988684493330807
0.9933357285260407 0.0 0.9525232494419652 0.3940556088207095
0.9890486177132923 0.0 0.9525137065318022 0.40869616242225093
0.9952687563385929 0.0 0.9524765622114932 0.4132798769771529
0.9937634549198893 0.0 0.9536433203034438 0.4117768063769607
0.9952767489879579 0.0 0.9536960449448407 0.45182318191077614
0.9946018489185843 0.0 0.9571409767874209 0.5118167319124257
0.9927139654115273 0.0 0.9581844333397589 0.528518444266239
0.9939960700732028 0.0 0.9616022166144511 0.5951972555746141
0.9950791125586623 0.0 0.9638815605017008 0.6375258507238203
0.9940740199795093 0.0 0.9597651284502495 0.7211525981049626
0.9933274507867641 0.0 0.9592867694011774 0.6778410457935681
0.9930288906852591 0.0 0.9577766243820047 0.6374563347481501
0.9941140533822074 0.0 0.9577260709365966 0.6930562486632922
0.9936860906924267 0.0 0.9592167303524907 0.6819428647889209
0.9921343809450687 0.0 0.9577819857339218 0.7091854529312914
0.9928896267566789 0.0 0.9557327045498316 0.7514852697984933
0.9935225176366554 0.0 0.95827575104425 0.7429631120439321
0.9892392751661672 0.0 0.953602699603937 0.7036930631007104
0.9912225830494037 0.0 0.9553253132712554 0.7131859455191473
0.9932173479028147 0.0 0.9582132994046885 0.7662226904457321
0.9929977808524402 0.0 0.9605463787608698 0.7769161738650222
0.9847510306640199 0.0 0.9541663337524549 0.7364219848072471
0.9891251560195167 0.0 0.9557616291619448 0.726350100007408
0.9918992420662329 0.0 0.9611374921252108 0.7888923718031456
0.991090270978971 0.0 0.9599156011052398 0.7835495096488453
0.9906673702027824 0.0 0.9614702973192196 0.7711521181419214
0.9935899446832094 0.0 0.96059896964596 0.7856265280035741
0.986631941389363 0.0 0.9553587745116616 0.7768708408439048
0.9877540795116285 0.0 0.9534669116220534 0.7768070712151854
0.9903710144790183 0.0 0.9524818111484687 0.7643880452372027
0.9923041440511272 0.0 0.9539551598981378 0.7853571702339684
0.9906401568696803 0.0 0.9495685842126181 0.7402732694194912
0.991514430742745 0.0 0.945267226392185 0.7445822938439755
0.9959483003605641 0.0 0.943486172176525 0.746298934679495
0.9955535772289258 0.0 0.9364698998163211 0.7227648777326581
0.9895947175036972 0.0 0.9246046231711047 0.7289781097530759
0.9945826809586896 0.0 0.9184395622477004 0.7384403816261575
0.9934930107675036 0.0 0.9101062252751101 0.7693112889422307
0.9946922060985638 0.0 0.8898895996552884 0.7501680496636183
0.9921944388313745 0.0 0.859104813778093 0.7569627007619928
0.9914645974781765 0.0 0.8479454666924572 0.8447592413068525
0.9761142111479337 0.0 0.18078067314240653 0.39081988777764
