0.9873214331185862 0.04143532142941746 0.16568426417831447 0.0
0.9970808899396993 0.04122402482757152 0.15264641393290668 0.0
0.9963722921987195 0.04007597408550289 0.16208541062801932 0.019642857142857142
0.9952992721022424 0.043820043361994125 0.15371994146723664 0.0
0.9952535861868401 0.039173178018190924 0.16181444715398347 0.0
0.9958089551258545 0.04196079998471057 0.16067395989682648 0.09445460085313832
0.9961175291013161 0.03993679118664886 0.15792553183468072 0.11265004616805172
0.988583744371171 0.03677810287936962 0.1614657900018129 0.07764558547276143
0.9940888521992175 0.03784269858163731 0.16450610702841337 0.16813186813186815
0.9913284839203675 0.038822827404204015 0.17061076301634756 0.16746259153135945
0.9958706209257132 0.04184361487889819 0.1636686420237636 0.0873151308304892
0.9903255247133402 0.03971981900192696 0.1762814154700685 0.14646324549237172
0.9894935888861788 0.04134181821772544 0.16835470989539741 0.09331829715252325
0.9852150537634409 0.039059274941671496 0.17833583260626037 0.0775364311245532
0.99461805400566 0.040181432954593733 0.17923292223506876 0.08805755395683454
0.9923957626702679 0.04101677612933609 0.18657292563154965 0.17453278428888186
0.9967596945245172 0.040069005370861374 0.1839098280345689 0.2160637238632592
0.9954105474991728 0.04128853520612915 0.1841820038433397 0.0
0.995411947503689 0.04077979561283603 0.1863879872357116 0.024071322436849927
0.9948703715876529 0.041608169090137696 0.19049322331813018 0.18040654997176736
0.9891121932263901 0.03759286833323303 0.19400950892044933 0.22136953955135774
0.9957895301110731 0.04006784811984056 0.1915149801006081 0.23351413074507565
0.9945301614521929 0.03924826002213727 0.19155442065729972 0.09218436873747494
0.9958759815603391 0.03750284009881127 0.1939272086998215 0.2600578490665264
0.987254479479357 0.037691537203398344 0.20121300490909658 0.2686353211009174
0.994971775011053 0.03575215134156308 0.2046359903905641 0.2596180459451979
0.9924934992922197 0.0334898309142162 0.2012168771887144 0.19162870159453302
0.998163952138649 0.037952121122744924 0.20595795865708272 0.29387873513199886
0.9920027998099434 0.03793662653718105 0.2083977599305685 0.23977695167286245
0.9974983886071485 0.036136754865415864 0.2079452897997562 0.3169882100750268
0.9901778910645467 0.03230827562810561 0.2171443625374547 0.18783002263012322
0.9902341174689528 0.034940172835131594 0.21120866313174005 0.2829429855689614
0.9957239001466267 0.03479327628423071 0.22394987477498318 0.31323529411764706
0.9955515412926336 0.03307801185583212 0.22465768524775584 0.30181086519114686
0.9955596733575474 0.03091542201260335 0.23181982828278808 0.3363782912412681
0.9943230825883975 0.03147693664346674 0.23199832243285362 0.24953543934165118
0.9944500322629173 0.03013580079196164 0.23395207058457196 0.39276910435497125
0.995878884151687 0.031076303459759744 0.23902945546331736 0.39895150720838796
0.9953516701528096 0.0339630649479619 0.2561370639869547 0.3867515923566879
0.9934499509715635 0.031077111870456222 0.24878639438204195 0.2612676056338028
0.9962636356548007 0.032539316020814606 0.25846681004170674 0.3206954841825646
0.9928594464937212 0.03253641739528721 0.25399655357850814 0.36881122584061427
0.996973814542961 0.031126757933651293 0.2668656389902415 0.36020096111839234
0.9876757599652689 0.030416474113617007 0.2640205503444518 0.3160112359550562
0.9896932437571302 0.03132376803451558 0.2738439705927024 0.37148070907194997
0.9956033520819532 0.03288975325769634 0.2824443248889639 0.48641370869033046
0.9930351580719017 0.034995296938597605 0.287198470705879 0.46538895152198423
0.9955924248590702 0.030754942954718353 0.2970211618816552 0.5712861415752741
0.9941968561609105 0.03354563861235732 0.2997454999325219 0.48404255319148937
0.988894921758016 0.035589629148111784 0.30237375039431735 0.5665116279069767
0.9948261682424643 0.03607923628223274 0.30895862004065044 0.5887265135699373
0.9936321630555877 0.03518878950151222 0.3203264097333177 0.5393284808640526
0.9944730171111003 0.033764244832994804 0.3275414667745217 0.5655718053224646
0.9945779024780098 0.03544726505964554 0.3396517282786174 0.46199961322761557
0.9950167269422856 0.0353114802446937 0.3467731682021109 0.48527622292528594
0.9958095386121085 0.03452231347861563 0.3454144856597541 0.5520489872821479
0.992795465830235 0.034019184565637586 0.35033315446383667 0.531642677633082
0.9962102193727792 0.034863365242959625 0.3562002108432764 0.5070967741935484
0.9936169316246004 0.0349332900052217 0.3671161010067157 0.5213973799126638
0.9900798442766253 0.03658152793328661 0.3728144937810144 0.5774895581446472
0.9952651696587665 0.038125468469936453 0.39777827675402083 0.52328710411923
0.994368938788279 0.038977479936353816 0.39178849270664506 0.5555997612890392
0.9951729075367727 0.03767048582617458 0.3970321789566241 0.5184125166952872
0.995573861340135 0.03972243060765191 0.4181442668094546 0.4719187272378762
0.9938900228395608 0.041588822006878516 0.4291783531089483 0.4710658144757298
0.9947973377324113 0.03959887107098847 0.4303021154343361 0.3319876513892187
0.9938904859884912 0.04039694400225247 0.42386242266206087 0.3833622646548271
0.9954685568124679 0.03641816271151097 0.4251880036671133 0.20718786787618587
0.9954721462318276 0.03916716864707932 0.4402969851748342 0.16911599730760601
0.9964124615166527 0.03904499757956477 0.43588518946706867 0.12095501183898974
0.9930157086054892 0.03471751766821394 0.42975209265139813 0.1448395490026019
0.9963679523212076 0.03682413371655931 0.4355289737522663 0.12211845371793356
0.9957068528440136 0.03565024435039296 0.45893377661279006 0.11797902764537654
0.991767125531618 0.03776500211297366 0.4656229478476321 0.1311698241440829
0.9955590746770874 0.03661583755925883 0.4689745054860393 0.15286219722398622
0.9976896282078623 0.031682621663545775 0.4670989700442736 0.15799358680714612
0.9937481645677718 0.036029004591376236 0.46473220599709825 0.32100452720594513
0.9961603288390838 0.03493556895411799 0.45527717245361843 0.7772157021448806
0.9932970229544995 0.037838826373450526 0.4628462760230003 0.6926438455935907
0.9845611982650795 0.03483374802080977 0.46872439544891453 0.7554793215170573
0.9883823299005479 0.034413005945264835 0.47602607489075294 0.768080272624006
0.9901671789860406 0.03517399010545036 0.48311483332426697 0.6020092735703245
0.9874733904856305 0.038835781190758846 0.5014977182519297 0.6462437395659433
0.9959706281924554 0.0388965800944568 0.510620867973555 0.6506572295247725
0.994964359067295 0.036492812387781626 0.5169831368385405 0.7535590611773759
0.9962773343940994 0.03757603770593018 0.5360364431604516 0.7057369814651369
0.9936934100428391 0.03660999351070733 0.5443720252894793 0.6237962100031066
0.9943302782409709 0.032780717182827795 0.5604631352870171 0.6000573394495413
0.9951854570062859 0.02859384016156953 0.559738082791163 0.47323975807371904
0.9928093954058703 0.029464527389652693 0.5762835319967484 0.6367924528301887
0.9932326366215947 0.025832385804341624 0.6050201793092945 0.5763150722267648
0.9916851096037403 0.020530323025190443 0.5998992309985858 0.3208607557494639
0.9926777068402965 0.01540423525377229 0.6268216495702471 0.4043438077634011
0.9937559283977405 0.008413692085026243 0.6317239330440018 0.35330100708690787
0.9939671779186212 0.007284190694702873 0.6579089012985265 0.41149465877990643
0.9934011301102804 0.0048666481954663466 0.6897482561321925 0.524122356805584
0.994579945799458 0.0011185501868731683 0.703678925593414 0.5148676171079429
0.993934874410812 0.0004144633414320423 0.7195116716317963 0.5040365723178679
0.9902249230930553 0.0 0.7435144762735416 0.44687336700923186
0.9920155537399334 0.00010244888154083118 0.7654541716910528 0.3463923337091319
0.9934434249591113 0.0 0.7763003470129607 0.20525391183560077
0.9969072863667333 0.0 0.8104505558993449 0.12295081967213115
0.9861122404367721 0.0 0.8260903582234925 0.15259397328362845
0.9931372744773088 0.0 0.8736060465105069 0.19130760584488574
0.9924082384801062 0.0 0.8970549694417094 0.21430081610216076
0.9958720019980898 1.4125889931065657e-05 0.9071335181171875 0.11657188378216901
0.9946527794454488 0.0 0.8688629064057947 0.05800552986825902
0.9927263541667841 0.0 0.8948251101830607 0.09521290181340533
0.9904834266407856 0.0 0.9222905270670568 0.2468002225932109
0.9960399816021808 0.0 0.9366305180380383 0.6820197044334976
0.9951359311560941 0.0 0.9325580892179821 0.44973847662634847
0.9938195192761535 0.0 0.9334279746970586 0.43588927776010183
0.9945820934505166 0.0 0.9338077082311154 0.4906761937957477
0.9949961723619986 0.0 0.9305618299690438 0.2672849524692789
0.9964631636314498 0.0 0.9404956747332682 0.4978407887232136
0.9892178593162899 0.0 0.9345279237940348 0.52842287694974
0.9949336927887062 0.0 0.9382042630208789 0.4638925583443417
0.9961190606658042 0.0 0.9353908001290397 0.4433783783783784
0.9919993558659294 0.0 0.9376451157138294 0.5909769156499605
0.9925797502675379 0.0 0.9434463064527882 0.6681781539701733
0.9935911228421817 0.0 0.9441630779188278 0.715148989372786
0.9957909878574625 0.0 0.9433399213990576 0.7610890180483328
0.9942542361062687 0.0 0.9438049925892773 0.7383429672447014
0.9931000120787534 0.0 0.9452862989329609 0.8066152382965233
0.9901205744780347 0.0 0.948820101718996 0.7164435600578871
0.9942521935624568 0.0 0.9526605075619637 0.8077304261645193
0.9960924084524352 0.0 0.9475039598570768 0.7428009300661778
0.9958369086517971 0.0 0.9513506379960244 0.7267318317042074
0.992624362348507 0.0 0.9524924028584375 0.6511215601634164
0.9952396922513442 0.0 0.9502336564815541 0.7883743667229579
0.9952671707631293 0.0 0.9502475374293665 0.7324527122088479
0.9961928947631105 0.0 0.9539571559292009 0.7824477710149695
0.9952565438764353 0.0 0.9487748492651867 0.8100255427841635
0.9967275985739918 0.0 0.9478922519216952 0.7336843563807677
0.9947990853786358 0.0 0.9503780563647671 0.6998126251857595
0.9960998482249699 0.0 0.9535579543207309 0.8217844202898551
0.9966801170666737 0.0 0.953827705417852 0.8355156686773576
0.9944824985163534 0.0 0.9533652782649141 0.8368469949260344
0.995268947830195 0.0 0.9537459305101539 0.809690639873083
0.9963592955276904 0.0 0.9550942525324959 0.827386319721757
0.9960700105339924 0.0 0.9568223061454706 0.8627894941130806
0.9962618480853354 0.0 0.9614470372493769 0.8756367250590136
0.9936364062756502 0.0 0.958789916347433 0.872003778486244
0.9918688037283709 0.0 0.9605897773968306 0.8860635977499713
0.9936432377485556 0.0 0.9575568847555567 0.8560790027521451
0.9968339874713693 0.0 0.9613681020143549 0.7988477447311404
0.9958144113965174 0.0 0.9585352979052338 0.7752567693744165
0.9966146762589928 0.0 0.9603039976932425 0.6972615825505493
0.9955692446227207 0.0 0.9643900032556193 0.8145986083220473
0.9968960984980397 0.0 0.9669568457563721 0.8250669328856015
0.9972247029072646 0.0 0.9691833498378474 0.8621179184596957
0.9948708601816213 0.0 0.9621229876775336 0.828749854544044
0.9935576652020661 0.0 0.9613379322114112 0.8019833315750606
0.9959773790689063 0.0 0.9635477793974819 0.8126951799049559
0.99529155150582 0.0 0.9615030696643265 0.8282700562339866
0.9966210007076991 0.0 0.9620863511751723 0.7555931248238941
0.9946642914524251 0.0 0.9605096798465533 0.7795795795795796
0.989949808204089 0.0 0.9536859604761976 0.7822106809358934
0.9932628028478785 0.0 0.9543614814763302 0.7196242961116428
0.9908306990428988 0.0 0.956435780510471 0.7966977449134249
0.9890630910011878 0.0 0.9590576128297016 0.886101807643887
0.9947992642861673 0.0 0.9628663599616833 0.858660808357058
0.992304037578887 0.0 0.9604493426160575 0.8219161531956023
0.9841078730117931 0.0 0.9562933845573238 0.8313567318544284
0.9875686935191335 0.0 0.9570054676405813 0.8073719563392108
0.9941522591480887 0.0 0.9575021904766785 0.7457253171538886
0.9917808720347286 0.0 0.9628622577514003 0.8502107550719776
0.9922476685910042 0.0 0.9661933906833473 0.8410391843753838
0.9949842459831609 0.0 0.966989432090635 0.8753241809226963
0.9855104363260011 0.0 0.9615280875166876 0.8822854874633382
0.985574429766249 0.0 0.9560393820266407 0.8429386835675016
0.9913340702884778 0.0 0.9612269520219701 0.8635273656749849
0.9900027892539819 0.0 0.9623516350894398 0.8905932832741975
0.9913991640331282 0.0 0.9649993732634173 0.8801375996179447
0.9912167410973448 0.0 0.9630291442717631 0.8911968678594813
0.9952722553580707 0.0 0.9603073786841202 0.8690859033385003
0.9956001864694319 0.0 0.9603776106903616 0.872051801475908
0.9892001642615516 0.0 0.9496152526589227 0.8654864261956391
0.996081206641729 0.0 0.9466725888567308 0.8608627730000619
0.9934815226052851 0.0 0.9376219000090232 0.8743727616782373
0.9947564007460723 0.0 0.9173539069204373 0.8363380731388305
0.9903870051066105 0.0 0.8893044761569499 0.8359096503988362
0.9919074196040538 0.0 0.8658571212637045 0.8714599000126034
0.9897124594161454 0.005730413958262059 0.19579058709149266 0.4432748963906862
