0.9869082443675523 0.04834898411539032 0.16078766866522345 0.0
0.996561158728718 0.04764210946032015 0.14912212520834953 0.0
0.9958619492625276 0.045327261413135714 0.15740430053407153 0.10595238095238095
0.9950909334046536 0.05001049347063302 0.14977556722285004 0.0
0.9944055092542483 0.04565677256907161 0.1574922822635024 0.0005701254275940707
0.9958501281517668 0.048466244948103046 0.15754531470588012 0.1270820481184454
0.9955181355002797 0.04658563945609176 0.1551487421130801 0.12992610837438423
0.9884505945178785 0.04285353327007962 0.15708968013542512 0.1043728056176189
0.9941541632248244 0.044175367220702276 0.16156285471109194 0.1832039911308204
0.9910520080656414 0.04606638153253912 0.16778494959946014 0.1903852276345113
0.996201150376899 0.04812919536221777 0.16067775708884832 0.12599544937428897
0.9904432753307352 0.04572067035124031 0.17210693421191953 0.18640776699029127
0.9884004107395541 0.04773268837102957 0.1655120195387883 0.17705102903862419
0.9849799503779954 0.044915554172614676 0.17486603300498516 0.1222841225626741
0.9942966264500805 0.04689713734980417 0.17473863035106854 0.17120047309284447
0.991572648303138 0.0473643053805111 0.18279829866291702 0.22172949002217296
0.9959146866332372 0.04432313119568002 0.18017430295268655 0.2900763358778626
0.9947238023068141 0.04864526673788233 0.18022587621323077 0.006329113924050633
0.9948042777665114 0.04800616821505851 0.1823132567311246 0.07964338781575037
0.994115556161502 0.049229213470234366 0.18655667468736783 0.21541501976284586
0.9890197593312002 0.045112238486062224 0.19005122718282916 0.27508854781582054
0.9960409508056446 0.04751906330348817 0.1869323533574423 0.26605766485869253
0.9940134566289245 0.04717580245966117 0.18760264694003428 0.20183223590037216
0.9953971963187338 0.042900334011594425 0.18923088634986865 0.2979226926110965
0.9868862054735306 0.04275709261066952 0.19681059921710328 0.29501146788990823
0.9941251406118892 0.0426500095896319 0.20137358417346451 0.2947688901190147
0.993154318120707 0.03988133708303493 0.1971695531805305 0.2563372258615779
0.99777996859824 0.04477801570167406 0.20299395012902433 0.35509138381201044
0.9918736155116193 0.04462338978656201 0.2062801881411367 0.3099442379182156
0.9973564316084648 0.04257173472098725 0.20548748685969978 0.37433011789924975
0.9900682253849096 0.03988833765360269 0.21469701610433156 0.25245159668091527
0.9900179559529481 0.041208317528190624 0.20965144734692628 0.340160746694322
0.9952146474254336 0.04107023304747027 0.22176576176465146 0.3718700053276505
0.9951058774945337 0.038908202237336244 0.22287357309074504 0.33248147201635575
0.9953184132144226 0.0355998307689061 0.23041068037519422 0.38500806018269745
0.9941007252943147 0.03570729906430484 0.23070626269324823 0.27661268914255377
0.9945204559279213 0.0355245394438147 0.23251779896223 0.4231717337715694
0.9955853033323839 0.03696733093858796 0.23711795447482417 0.44018887722980066
0.9948886267243205 0.03983103658929673 0.2530680133410144 0.4319693094629156
0.9923173141870762 0.03597583645947197 0.24605531350814594 0.36493738819320215
0.9953852655516173 0.037525357047722474 0.2567565003597037 0.40468830499742403
0.9923918673510668 0.03752240075018358 0.2525763762235026 0.43658210947930576
0.9966294333179182 0.03679309046068755 0.26494777314812273 0.3658802970729576
0.9870115073487524 0.03440907522963826 0.26328722014983663 0.37091346153846155
0.9889490576656881 0.03648949826678542 0.2735266076055697 0.4417372881355932
0.9948470164716611 0.0383516157094057 0.28228331984431626 0.5319461444308445
0.9923399295398581 0.04088785799426565 0.2873129393653104 0.5102186311787072
0.9952732600152444 0.038196972579167515 0.2960911935271727 0.5694129503653313
0.9943919094469854 0.03786447874486101 0.29880603544634854 0.47849213691026826
0.9892874719213359 0.040341365439478485 0.3025102833693124 0.5676744186046512
0.9946977807970464 0.04072070450890196 0.30878434607558175 0.6127849096148807
0.9939056781242842 0.039852450827420734 0.3195434656960195 0.572926596758818
0.9946645365464002 0.03829745517873722 0.32769809209817763 0.5870779693951906
0.9944087083786233 0.041457456037886246 0.340622971679016 0.5509846827133479
0.9951871723109639 0.040570774766870404 0.34661909313353734 0.5068426197458455
0.9956702173152432 0.040770685983725 0.34583743538512524 0.5546654099905749
0.9926381051965817 0.039677441432398264 0.3501343620739901 0.5418572735590119
0.996727743157432 0.04089277087667595 0.35666020159061906 0.521205597416577
0.9942051793092728 0.04015018897335816 0.36732529528354657 0.5384279475982533
0.9909853882453986 0.04210615919623253 0.3738716598463695 0.5883388338833884
0.9947860695086901 0.04352534184352118 0.39885105237519386 0.5450187578157566
0.9938926482738607 0.04451967510651718 0.39260857862848303 0.596644010195412
0.9954836771842465 0.04287522781873913 0.3977203471521336 0.5564600292214569
0.9956390456750036 0.045055287109560256 0.4188351820583459 0.4905359633393106
0.9947817906006593 0.04692800628716176 0.42965515463751447 0.493099121706399
0.9946334822615883 0.045651561213069805 0.43285919089827035 0.41434085510688834
0.994257181869294 0.046092216848301004 0.42550487173876667 0.4623743107362958
0.995406746007636 0.04220881434253787 0.4297023239060661 0.3036029488111307
0.9957437295038645 0.04584211393169504 0.4430727409904125 0.2113004223095966
0.9964117906619276 0.0456965008525257 0.44130269542410383 0.18302319653326535
0.9930289037775641 0.0408869599087444 0.4347759665127708 0.23176479987217385
0.9961991868196514 0.04326686499060571 0.4388019897379403 0.20771842305826924
0.9952798944050129 0.04150045671603825 0.46036113680656693 0.1745586343972875
0.9919532567635991 0.044303139383838994 0.4672840583744074 0.22386098130841123
0.99567652969776 0.04228450598868526 0.47308561553312567 0.2134646962233169
0.9976331883405707 0.03962241041433371 0.4692905302829493 0.16470410628019325
0.9933060132798076 0.04360084627462134 0.4663543526113914 0.33348990136214185
0.9955442739838545 0.04121464371445376 0.4563656462760737 0.7433862433862434
0.9932940184085282 0.04441464893199729 0.46408187317926275 0.6634457611668186
0.9842430264745546 0.04094683122805748 0.4699710683668776 0.723115193264447
0.9880120625821092 0.04048540305266149 0.47736665034611636 0.7293060600267636
0.9899172062269235 0.041767325479215384 0.48549074569871337 0.6976481655691439
0.9880329463329353 0.04571857545907027 0.5039945127487402 0.7443639291465378
0.9949004752494055 0.04693752774622454 0.5124766364144363 0.6435385949696444
0.9943844398460616 0.044432159318089776 0.5187803921284337 0.7534273792966422
0.9958816455673438 0.04586443624016385 0.5380819841130373 0.6676785714285715
0.9945293915336333 0.04422978629349763 0.5467885449530806 0.6712235133287765
0.9938633512576798 0.04149236045029355 0.5632320180745104 0.7133264462809917
0.9953070232454408 0.038901124210102056 0.5638344758653092 0.6687106397083196
0.9924409418796127 0.039715751778414576 0.5792899977292727 0.6649017933390264
0.9930397564332963 0.03816769414537555 0.6086853250454919 0.617637893424743
0.9918419948450519 0.034044819616118986 0.60826512364275 0.6073771686834816
0.9931057901694973 0.031859466159468296 0.6326883976862562 0.5789178581440987
0.9944121953866168 0.01941317393882396 0.6380498475334484 0.6016698087799623
0.9951972054682878 0.018550507645487452 0.6632429169280141 0.6032791291493079
0.9932746605014644 0.015389372593014728 0.6922141128732765 0.5479404638283143
0.9943246771944807 0.004538216987353037 0.7044099431206572 0.5252871024734982
0.9942231237123276 0.0019454809582134618 0.7195878782204329 0.5032836443239862
0.9898715921403263 0.0 0.7441235686717368 0.47408059467918623
0.9915166136002231 0.00022251105491431558 0.7662670222557881 0.40508905852417304
0.9935903514383899 0.0 0.780959069211278 0.34591728525980914
0.996184391340817 0.0 0.8183023692895799 0.18541682556631836
0.9854523326859055 0.0 0.8321158289902241 0.22426698450536353
0.9921662825802615 0.0 0.8785662033650329 0.29426159305028754
0.9910077131813281 0.0 0.9041804158309988 0.5083458163920394
0.9940115121423269 0.0 0.9279830198920731 0.28121838822074857
0.9935960123481784 0.0 0.8986437727553193 0.09928976106412678
0.9914171512611487 0.0 0.90922587399329 0.13841979956813022
0.9901033186099442 0.0 0.9250509507925542 0.2916900302792419
0.9959700639738313 0.0 0.9367186968165917 0.684358613633457
0.9948481865169042 0.0 0.9362015311765577 0.7160966591839429
0.9925881726917913 0.0 0.9365783136545817 0.7028994929137954
0.9942887519460011 0.0 0.9361300258053775 0.6602312000953402
0.994832624140399 0.0 0.9411407979287905 0.654839820874957
0.9960075803456298 0.0 0.9432910210783374 0.7086202802184755
0.9887302637165215 0.0 0.9371297721821648 0.7557905337361531
0.9945614459233789 0.0 0.9413597213062812 0.6781673574549121
0.9966024633271882 0.0 0.9404842408440155 0.7128401169327636
0.9917893422620737 0.0 0.9382842117985413 0.7165190772931016
0.992880824987424 0.0 0.9445445776311279 0.7395749569213096
0.9938074612203344 0.0 0.9441200715502889 0.6839086453227656
0.9947390338700722 0.0 0.942567523624326 0.7474324041081535
0.9947960173768577 0.0 0.9439754512366326 0.768235902741852
0.9927294449344941 0.0 0.9449365377673532 0.7869426751592357
0.989559737182174 0.0 0.9484768810351503 0.7080434177567493
0.995101922295139 0.0 0.9530433625619025 0.777744689299186
0.9944218723256634 0.0 0.9462168361133044 0.7232078853046595
0.9951507861070307 0.0 0.9511618939010664 0.7402667144007876
0.9932602643851688 0.0 0.9542184173393631 0.7291685153962197
0.9951533199923619 0.0 0.9501088601366313 0.7754774228092094
0.994968153004657 0.0 0.9499008439988229 0.7163210384676271
0.995413942174019 0.0 0.9533316330223373 0.7759394745593615
0.9948717620053216 0.0 0.9486388387896327 0.8229984957379242
0.9966006929439178 0.0 0.9486496316627487 0.780324882344011
0.9942959074614477 0.0 0.9518439783456265 0.8065430585350905
0.9956154579790311 0.0 0.9535337788756146 0.8452614250999452
0.9963416277619943 0.0 0.9537039083257828 0.8403468121683235
0.9940218356115746 0.0 0.95293905032488 0.8277980144275409
0.9947222694129016 0.0 0.9534792510648219 0.8148173070452863
0.9964696004187911 0.0 0.9548436887414382 0.8267457605261461
0.9960740702126304 0.0 0.9567514710675747 0.8544877606527652
0.9967482467640206 0.0 0.9616612016172428 0.8640334456508174
0.9935771150991769 0.0 0.9586475686058432 0.8606205250596659
0.9906370158491982 0.0 0.9597657895226138 0.8824182891890312
0.9946321105099671 0.0 0.9580762624527653 0.8493710178075478
0.9954036756585107 0.0 0.9610075200945588 0.8274035989717223
0.9960240603672801 0.0 0.9601264127085777 0.84447261663286
0.9962047325695204 0.0 0.9630261178576457 0.8146748763877227
0.9951615654962979 0.0 0.9646435051385525 0.8388202355667117
0.9967365176260639 0.0 0.9675902080233005 0.8590041218553086
0.9969660281394256 0.0 0.969709339258972 0.895419742331851
0.9946281762824706 0.0 0.9627351207400898 0.8615533823648266
0.9934257878295454 0.0 0.9628743515343358 0.8580679365319801
0.9956284233495851 0.0 0.9643087221880097 0.8462055783661334
0.9951818382654618 0.0 0.9620678020280229 0.8480676163860678
0.9964568871962914 0.0 0.9650371174604189 0.8354390793094821
0.9944221655510642 0.0 0.9625144759380188 0.8360930068698256
0.9907977441714739 0.0 0.9558594758247354 0.8228444690878847
0.9940573168742183 0.0 0.9581242297135447 0.7846366882880257
0.991230722046968 0.0 0.958613991260323 0.8414432387718359
0.9898074945739214 0.0 0.9602859528085202 0.9066140273919189
0.9949263050540994 0.0 0.9633087626055561 0.8706971230565814
0.9933566967010087 0.0 0.9622491324952792 0.8416542781631979
0.9846944186812716 0.0 0.9594758541405437 0.8861692249945673
0.9885153677743937 0.0 0.9598438712847802 0.8451385833699956
0.994712636628082 0.0 0.9593714704759986 0.7664009809932557
0.9921056334885892 0.0 0.962428596666863 0.8405205961200312
0.9922529733672157 0.0 0.9668294619541595 0.8493595302395878
0.9948539912917271 0.0 0.9677546842422913 0.8863652733427769
0.9863323230831617 0.0 0.9612809714779837 0.8733416499430493
0.9867062042826649 0.0 0.9554274860422908 0.8330227985581199
0.9914656446600469 0.0 0.9598690706566974 0.8523118090516909
0.9912396911215343 0.0 0.9598853992051601 0.8676333465033583
0.9915302939247272 0.0 0.9661102411661818 0.8905455054152953
0.9922238067276236 0.0 0.9647036294450289 0.9005412854369704
0.9959003623883116 0.0 0.9650074171897083 0.897104335657839
0.9965792474344356 0.0 0.9664408233511441 0.9034653593084764
0.9899190583083982 0.0 0.9542323533918728 0.8860611450806003
0.9959993737731373 0.0 0.9521571633151132 0.8845300836128155
0.9944344884425192 0.0 0.9445732808492754 0.8980074070563383
0.9953174147574971 0.0 0.9240797054973616 0.8546368089573128
0.9913853093766466 0.0 0.9010722609658904 0.8596386079612393
0.992145770128388 0.0 0.8867750124764033 0.8992605306779841
0.9894900492360541 0.004658765835717205 0.20131561005501972 0.46701330026281956
