0.9855980943524811 0.04115141064600257 0.1672010449135982 0.0
0.9958237682061658 0.03994384618118492 0.15382249280075255 0.0
0.9948376523878981 0.03930529757370857 0.16283292184497958 0.0
0.9946456739266262 0.04405604960395185 0.15411273021733207 0.0
0.9931101856136563 0.03971780742992688 0.16181472270050803 0.0
0.9952836456337079 0.040877887501631356 0.16218045925163638 0.0
0.9939953511507074 0.03984010786073053 0.15835757263323463 0.0
0.9884091262179018 0.03687332347784115 0.16192566535248218 0.0
0.9935480482431286 0.03818121785068817 0.16489917300342452 0.0011086474501108647
0.9901846871813821 0.038731273597597114 0.17112988007490518 0.07800063673989176
0.9961133721996114 0.04113273535364874 0.16479977884423327 0.0019908987485779293
0.9893376590725516 0.03903000051135706 0.17624115311057242 0.0
0.987423586055119 0.041249440754070145 0.1687369698838128 0.0
0.9847991890826887 0.03813553495986529 0.17971341223626378 0.0
0.9940030865340062 0.03929023612587219 0.1798649969331746 0.0
0.9911805339536219 0.041100289187985375 0.18809306454058425 0.0
0.9944729353929619 0.03881093449305229 0.18571847315791737 0.0
0.9937047250247024 0.039361488629738164 0.18464107032075316 0.0
0.993664474994532 0.040022968870278605 0.18721379931187027 0.0
0.992839125014609 0.04000850032117691 0.19127243987806256 0.0
0.9886386703342519 0.036495541356687575 0.1952600821003429 0.0
0.996397132835138 0.038697780382191224 0.19338133161784207 0.0
0.9930630429777016 0.037957452901470644 0.19256680636293994 0.0
0.9941924218187147 0.03636721148872612 0.1949341666599722 0.0
0.9857851012970728 0.03681157547709102 0.20377444829406033 0.0
0.993075130558826 0.03412228002087434 0.2061840482938624 0.0
0.9936507392790469 0.03248671287565211 0.20411035946072903 0.0
0.9969631167794188 0.03657793591503895 0.20651341675518753 0.019147084421235857
0.9921362992804075 0.036614949184087406 0.21025416506041258 0.043912639405204464
0.9964150334949773 0.03525340082377653 0.21122057965689828 0.09163987138263666
0.9893059006967793 0.031150004896699623 0.21835550216150068 0.03821976364093538
0.989642902528911 0.03375468856431525 0.21303641998327885 0.12826541274817138
0.9949737700530492 0.03400973455767976 0.22575584882783828 0.16040500932587262
0.994438707774008 0.031872545877073485 0.224759302265367 0.12573473038589317
0.9950536176506841 0.030119527540780133 0.23200772847994114 0.10961848468565287
0.9937385262975714 0.030672245635765823 0.23194903069223588 0.011945845500398195
0.9944553184023452 0.029942934208275044 0.23422187222841198 0.08299096138044372
0.9942778484910183 0.029927490726849432 0.2381566221160331 0.12539349422875132
0.9948393085626834 0.03379482682672792 0.255676670096219 0.14296675191815858
0.9909921404830795 0.030956007571973074 0.24887886387348995 0.0
0.9944101816974025 0.03176725005548301 0.2591086766929559 0.05959752321981424
0.9914541120231152 0.03237034921863086 0.2549092892167233 0.15113484646194927
0.9963515940014156 0.030082758205497353 0.2672468572791909 0.22695500218436
0.9859008718747904 0.030259713758624584 0.26376647831347866 0.16153846153846155
0.9875862610979561 0.03139364918034505 0.27357805999715346 0.18802966101694915
0.9935578290324653 0.03304760932187884 0.2821699127620843 0.35104039167686657
0.9928850074529078 0.034748303477843516 0.28771119149499313 0.3564638783269962
0.9950575525227902 0.030592377273041742 0.297515073594609 0.382464096749811
0.9941324772595174 0.03330989258666051 0.30031410189975843 0.25046253469010177
0.9893065275170077 0.035086191010671265 0.3028268539938385 0.3918604651162791
0.9944683391762945 0.03588856972399567 0.30922063393012744 0.43595150237216657
0.9940451587652849 0.035280204452438194 0.32098763455792484 0.4051991414261865
0.9950291805287399 0.03399301082605005 0.32810484400157486 0.41253644314868804
0.9946367249767865 0.03619260522987323 0.3405639826528369 0.39112003569834897
0.9956465044819353 0.03572846697973013 0.3472586650473801 0.33186705767350927
0.9955979537353569 0.0355958953468289 0.345938116865401 0.4201225259189444
0.9918304812743479 0.035132362044090974 0.35057596540521135 0.4173156207054512
0.9968532626697582 0.035850879028373174 0.3571539073906359 0.42937123169681307
0.9950371310419371 0.03566534935599752 0.36822033215741234 0.42969432314410483
0.9921089333330122 0.03737588812563796 0.374457252873841 0.4894273127753304
0.994716446498627 0.03859140900818214 0.3980764045380529 0.4393497290537724
0.9931174671703544 0.03935590280466463 0.3921062004209163 0.5287111867290515
0.994773329987235 0.038142183195681696 0.3977038266868693 0.48740554156171284
0.9946834014607024 0.04026035772401278 0.4187428904252632 0.45558739255014324
0.9955590758497678 0.042106813313279874 0.4310576377366185 0.46804165815805593
0.9944408666172522 0.03983765125988816 0.4329167722910162 0.4339347548751595
0.9945653497810063 0.04042543114821756 0.4260483688123948 0.4623434871986545
0.9950728076851071 0.036618674934322894 0.43175855434920973 0.3990304499318285
0.9962957242734646 0.039768352834674316 0.4440606355650479 0.22484523318200578
0.9956677938728322 0.0391546994497869 0.44171557844978704 0.22756383598103636
0.993127385062693 0.03520553860726872 0.4357978554309677 0.26342660775650467
0.9965452706426742 0.03792182786008944 0.4411984301559385 0.26907747642655777
0.9949265829641524 0.03652803521276549 0.45986675663358395 0.21664905292252662
0.9909900830199493 0.03971809464593925 0.46784875710787316 0.28671850037277663
0.9959616275190952 0.037875526356141116 0.4752541200432981 0.2731493883382445
0.9972372843928651 0.03367177786987153 0.4689957600834731 0.22059327259025827
0.9921547853596963 0.03766788669290618 0.4659780964818615 0.39767762704069903
0.9953275769477298 0.03622780210959174 0.45541659075967716 0.7280309194467046
0.9929078278545433 0.03957533918048513 0.46303878578680846 0.6465548669340139
0.9840300119195746 0.036263115181728596 0.4690633351201399 0.7218505065952973
0.9884298590546466 0.03603694728956947 0.4767273903370705 0.7212863705972435
0.9900032563086337 0.036917463355303756 0.48445512491896314 0.6746943988323298
0.9880258397550986 0.040196769356386 0.5028901962582394 0.7281437125748503
0.9942446656317536 0.041033545164248 0.5107667962181008 0.6369459833795014
0.9940334878953297 0.039144705087363646 0.5176116445296629 0.7381521306252489
0.9955744466559555 0.04035490471711788 0.5366842901094785 0.6517857142857143
0.9943105956199707 0.03915352329850715 0.545668345718257 0.6071550838753852
0.9933015766106145 0.0363898743094568 0.5616494692098057 0.6681545064377682
0.9944731489936982 0.03300386500923928 0.562001118880217 0.6255663430420711
0.9919290768822129 0.03364312406298249 0.5773451176294778 0.6310728744939271
0.9923602666978818 0.030548472074812257 0.6063155412083328 0.5896961283356471
0.9913107468682734 0.027449141610604546 0.6060251963044994 0.567983651226158
0.9924089411173498 0.02498008445902538 0.6312233266159596 0.5702981489331638
0.9937402114628722 0.016945869838658433 0.637344223783628 0.5728167281672817
0.9942247878925445 0.015503785699812986 0.6625097207937185 0.5910397074190178
0.9925498420856996 0.009281391054575297 0.6911246083032688 0.5687303252885625
0.9936249773902643 0.0020058023074792765 0.7039786910079324 0.5445848992142125
0.9939845728052101 0.0011288907433816993 0.7201501471289002 0.5138830897703549
0.9894201262849648 0.0 0.7438941303267104 0.47240291740587426
0.990832744682521 0.00010598422248207983 0.7658893299588728 0.3938571186153063
0.9932925541108913 0.0 0.779727613533906 0.2915264606913429
0.9957072659995955 0.0 0.8152858930720851 0.16077062495804526
0.9848696601835832 0.0 0.8308612305065842 0.23078038173471854
0.9919519940204068 0.0 0.8793692554070174 0.3192047765894626
0.990738080052705 0.0 0.9012144642613148 0.37469907587170925
0.9934275796518606 0.0 0.9273152368193127 0.2721788698876529
0.9930069290088326 0.0 0.8991396593753446 0.0969128648193025
0.9906674335724275 0.0 0.9112252783375377 0.149362642686287
0.9898012549360105 0.0 0.9262673571436232 0.31292004271088497
0.9954954600929427 0.0 0.9362656562798929 0.6613688797744168
0.9944338507815438 0.0 0.9349597482259219 0.6101675061497013
0.9917498435910167 0.0 0.9349653935742103 0.5881326352530541
0.9944189757060639 0.0 0.9358133350639928 0.6099976963833218
0.9946429269545889 0.0 0.9389426210471903 0.49191473722895995
0.9955893921920955 0.0 0.9420398250284012 0.6050282977797127
0.9885921489311774 0.0 0.9364241363051403 0.677626876340243
0.9944010324845335 0.0 0.940996313828381 0.638234646709223
0.9966058333069431 0.0 0.9395500449194714 0.6200389703620142
0.9914948810418118 0.0 0.937990651171316 0.6615870251442255
0.9925266078137984 0.0 0.9439998756933977 0.6960210984978786
0.9935575632986106 0.0 0.9437404995941338 0.6519546027742749
0.9946292654713708 0.0 0.9421753672037262 0.7012562018367994
0.9948198887416355 0.0 0.9438333277994051 0.7259213378755033
0.9926011230210009 0.0 0.9444884011047954 0.736164325244785
0.989529737912588 0.0 0.9482177188061395 0.6804333734605056
0.9944995176339335 0.0 0.9522657992881592 0.7316588901022536
0.994605411590094 0.0 0.945910147944901 0.6731182795698925
0.9951131213487694 0.0 0.9508245738747517 0.7062961973461572
0.993002374034322 0.0 0.953401227748104 0.6717851934459981
0.9950532430457274 0.0 0.9497333309752937 0.7442357339980414
0.9947384091783356 0.0 0.9494266748162299 0.6863226214975463
0.9953545647011333 0.0 0.9529359178516587 0.7402975151666251
0.9948539678503858 0.0 0.9482650791879569 0.7918025930572982
0.9964590837584327 0.0 0.9482669434698091 0.7548201001973585
0.9943380217166172 0.0 0.9511993254869571 0.7538950011075832
0.9954630785090337 0.0 0.9530240882160047 0.8068057080131723
0.996245235327438 0.0 0.9533066491528721 0.8131203821180685
0.9939724343176212 0.0 0.9525811478956366 0.7977342797734279
0.9945941749844744 0.0 0.9530782439904677 0.7885598923283984
0.9967743376567442 0.0 0.9546199415991554 0.7954706755274534
0.9963911380716975 0.0 0.9566099081447894 0.8240987333549854
0.9967898340459894 0.0 0.9614192402475578 0.8414427954161188
0.9933645474905296 0.0 0.9581652492066214 0.8340117323117443
0.9908046731579453 0.0 0.9595565296945363 0.8576959174096668
0.9945889281507656 0.0 0.9577762963860776 0.8268632268632269
0.9956593158343908 0.0 0.9606575759819738 0.793363809132467
0.9961337328320988 0.0 0.9594432302378003 0.7980803055429921
0.9963130605397301 0.0 0.9606381385212266 0.7068719583822789
0.995421191263642 0.0 0.9642903375709496 0.8080856580400442
0.9968824454933694 0.0 0.9673785889967204 0.8394209248059431
0.9975439810949576 0.0 0.9696833656429616 0.8701764057331863
0.9945672630952445 0.0 0.9617793253536453 0.825987452156414
0.9934113666644407 0.0 0.9625653221681423 0.8430392306518089
0.9958840982261221 0.0 0.9642557456735588 0.8328494103308599
0.9954284090968872 0.0 0.9615711966800354 0.8233839273614311
0.9966708259331144 0.0 0.9639833458224885 0.7991269041731538
0.9945551469843932 0.0 0.9618756399770026 0.8134725575172334
0.990099659695975 0.0 0.9547923019123182 0.8003682127940207
0.9932462830106256 0.0 0.9571221883811767 0.7733375263068772
0.9910656028446437 0.0 0.9577774167680566 0.8205029756191208
0.9888307383035682 0.0 0.9592299544130954 0.8934840748845125
0.9946417982018426 0.0 0.9638777506490428 0.885409866641798
0.9920565020371391 0.0 0.9625418579777912 0.8665992599604165
0.9840864147701521 0.0 0.9573077301187501 0.8474166698630663
0.9875300997592019 0.0 0.9598015225666123 0.853844348563898
0.994081967306132 0.0 0.9600610991880464 0.7780800683317253
0.9914500210920058 0.0 0.9641014355160786 0.870675440586945
0.9921377916607069 0.0 0.9671846699311248 0.852437318004765
0.99478095565263 0.0 0.966991994736265 0.8756666947591472
0.985762399055667 0.0 0.9610495906331353 0.8726615834737123
0.9856719507365006 0.0 0.9579143411410788 0.8599318955732123
0.9917910209185106 0.0 0.9622563447978076 0.8673039228848374
0.9904138306041946 0.0 0.9612123613312202 0.8765661137085905
0.9918876624617737 0.0 0.9631873232330688 0.8602965329829486
0.9917695078951403 0.0 0.9607514256960752 0.8708603516277826
0.9957213819505084 0.0 0.9568494140440328 0.8426109119687165
0.9960798267959046 0.0 0.9562533135260621 0.8449438667501721
0.9893510129729938 0.0 0.9447729778490528 0.8399449146310484
0.9960303317809446 0.0 0.9381471286548048 0.8238036781306515
0.9942164339986012 0.0 0.9275925044138367 0.8355551333249641
0.9952577972414823 0.0 0.9024054665970024 0.7901811379806438
0.9908842254406584 0.0 0.8714919166046986 0.7911888346293631
0.9918644886868752 0.0 0.849031482019163 0.8475567674931408
0.990448599852616 0.0 0.19035351300863965 0.4202778615700715
