0.9871633481450179 0.021152212255640068 0.17153270338596072 0.0
0.996101702817653 0.02270565400011655 0.15834909541998796 0.0
0.9963838054403229 0.024666457865330338 0.16902101144054485 0.0
0.99403405980361 0.027662679087063866 0.15769506181997647 0.0
0.995126079732198 0.021831686932106503 0.16674960060760025 0.0
0.9948099960897231 0.024161827893279263 0.16636910439219801 0.0
0.9952351721916831 0.023909606799316172 0.16146454170129426 0.0
0.9873289315809358 0.021496889664956893 0.16632612142639036 0.0
0.9925483858513097 0.020551848878468754 0.1670417772485768 0.0
0.9902151920005574 0.020077591043614604 0.1734166025080047 0.0
0.994881771356886 0.021633268958595794 0.16706007709798348 0.0
0.9894758627135504 0.022548957589668978 0.17881869320640414 0.00027739251040221914
0.9903288784462221 0.02133645257106961 0.16915430056585296 0.0
0.9844238775230343 0.019905707860602785 0.18117097636652205 0.0
0.9936366034192108 0.018797465464200473 0.1820918285129622 0.0
0.9921003109559127 0.02135031929255085 0.18989566411575007 0.0
0.9969592220376317 0.019555048075090165 0.18808304637363016 0.0
0.9950248389250111 0.018949091948955183 0.18521489284342513 0.0
0.9955101866380126 0.020422734567251164 0.190207071163758 0.0
0.9950978841065808 0.017544012981753877 0.1920411617573026 0.0
0.9885030826739162 0.016761483550437717 0.19662963080035403 0.0
0.9952037639311846 0.017163222832924197 0.19379432848875902 0.003996574364830145
0.9948860004261666 0.017731675680300884 0.19332321579287307 0.0017177211565989122
0.9961460263066044 0.01565416422567065 0.19480094373039167 0.0034183539311070208
0.9873295670762073 0.018738685556867377 0.2045360146758506 0.0
0.9958691258982484 0.01751376067093636 0.2069839998797281 0.0
0.9917631094688854 0.017833649763268393 0.20426389156508526 0.0
0.9986244339928996 0.018782471143626883 0.20685027512630672 0.005512039454598201
0.9912710183730984 0.016671881285478033 0.20808752844737888 0.03136617100371747
0.9969947709257151 0.017878362749734717 0.21009235483776115 0.03403001071811361
0.9891338580762211 0.012296232711869845 0.21604457289295642 0.0
0.9906380984232458 0.016429148798075967 0.21245140050867403 0.04832810867293626
0.995898864829332 0.01659176663404891 0.22447439633638636 0.09992006394884093
0.9953673348607744 0.015696847481207046 0.22257727601505814 0.017889087656529516
0.9956255446529237 0.013992476011092879 0.2294131914763348 0.02229983879634605
0.995070065094406 0.015851693180282504 0.229664565133159 0.0
0.9935928710914466 0.014576404130754115 0.2310508736870514 0.056696795398520954
0.996187759400823 0.014080072885559548 0.236735977432811 0.05902413431269675
0.9940165455089064 0.01542305802012468 0.2542995253125233 0.009718670076726343
0.9948678830017382 0.013514690794820837 0.24726153177182214 0.0
0.9962236361420014 0.014738647341995785 0.2564022270503055 0.0
0.9929714463433768 0.02025397334122249 0.2534882132087835 0.0
0.9964728869040067 0.01572269484368825 0.26455396344051174 0.145041502839668
0.9881907793200115 0.013951411496544597 0.26089283465558494 0.0
0.9907452459149333 0.01840248531224991 0.2716177287923673 0.028866525423728813
0.9967561974628605 0.018344948960133292 0.27969767452700467 0.18776009791921663
0.9926185391925474 0.01928703596934679 0.28375079452123086 0.12642585551330798
0.9944825763293014 0.012669494839557554 0.2940421273202083 0.3129251700680272
0.9932362339193878 0.01609413293373338 0.29652651283371884 0.2083718778908418
0.9873795447252501 0.018135722151953332 0.2981774810892647 0.35953488372093023
0.9938881150107022 0.018362560540726883 0.30515410416760896 0.36098310291858676
0.9923688533460439 0.018689493411824222 0.3172763629109631 0.3582160744097305
0.9934459868992763 0.01904401637052053 0.3244535529943918 0.367537760728842
0.9933614525010157 0.01343585010109642 0.335221577321544 0.3553629469122427
0.9933970500726751 0.013694120902318769 0.3421907104251179 0.29521016617790813
0.9947820730315755 0.0149105724082725 0.3415329107628759 0.367813383600377
0.992009143465325 0.015472213401846523 0.34669234875473026 0.33737975263398995
0.9949450157493788 0.016231928607325655 0.35244645823268594 0.3695090439276486
0.9919249695083484 0.01622092408378592 0.3633542102264952 0.3740174672489083
0.9878932621651854 0.01624036596449722 0.3679835910281515 0.4209251101321586
0.993615973689494 0.019161299429121096 0.39267115030873734 0.3459774906210921
0.993319868575025 0.0198402023723921 0.3868893737384086 0.4643081431861001
0.9933617913901749 0.022361650712968847 0.3937736750367058 0.44442153021241493
0.9940171683356762 0.02467668666100004 0.4146651161529394 0.4157848324514991
0.991882745108018 0.026373199776919966 0.42591409645196215 0.45124439004487965
0.9932151641082181 0.020637122918841695 0.42742754103408837 0.41235207100591714
0.9923767257065792 0.021590434277714166 0.4211824788469329 0.4695775217303416
0.9939616337653899 0.01772206910589232 0.4238486856443628 0.24755637278621892
0.9931992072606397 0.016875584975978873 0.4383860094845583 0.24521851612307125
0.9948204319692031 0.01839629027890604 0.4374712393371954 0.24661544090742774
0.9912458221440853 0.013565569246718989 0.43077003409064835 0.288577610750484
0.9944873181756717 0.015522450839496653 0.4364738267513476 0.42052767052767054
0.994980499826893 0.014035978897411523 0.45375462858876997 0.27045164039198977
0.9902872536852619 0.016143170626959802 0.4621633646192155 0.3718363743378458
0.9931506099230372 0.0192613143954071 0.4689198729821029 0.36743674367436746
0.9950410657920302 0.014461745595036001 0.4633927281882346 0.2872943080658214
0.9936716624428683 0.01807468307076012 0.461783890536851 0.3898185246288004
0.994509980955764 0.014757282649817334 0.4490341965161991 0.7027901334411646
0.990516987510239 0.017304103409585308 0.45643964230627526 0.6265696087352138
0.9816704778250108 0.01480293734894962 0.4623990349475353 0.6880733944954128
0.9855934314176207 0.013926614458398006 0.4692081269405705 0.6912687844778391
0.9874960709509223 0.015347531169535673 0.4762721425801533 0.5368761960842043
0.9838746028363061 0.018600749259534227 0.4942997437251795 0.5043342333380701
0.9961845043013914 0.018866339920547766 0.5058686898494988 0.585679414157852
0.9935323568838245 0.018053435976524566 0.5117918126364673 0.6804260985352862
0.993976514975136 0.01786158161997088 0.5297417392055433 0.572791577562099
0.9904894918861399 0.017168082295697218 0.5380044151452765 0.49337260677466865
0.9918182744557168 0.014471589329617209 0.5543374203394311 0.4632760898282695
0.9915609412467891 0.01299123796304329 0.5535478120752102 0.38723728628988346
0.9910910341229755 0.014040850878934415 0.5710212655290375 0.4559240362811791
0.9900957870564517 0.012037945830251461 0.5982317064415724 0.336234493797519
0.9875999294895615 0.002910379681432504 0.5950143155515772 0.2575072542006883
0.9870609626797289 0.0028946290693660334 0.6176817998309425 0.23644720832770041
0.9892491608096915 0.00010476437836528283 0.6251253562705579 0.25101019238887884
0.9888956170949501 0.00025919560628420913 0.652802609410844 0.3091671659676453
0.9899591977641403 0.0010268521846280227 0.6851885914524746 0.3767445701544306
0.9917387946155889 1.0763509549923848e-05 0.7004152855683388 0.35426406577462516
0.9899347368729347 0.0 0.7160441081364797 0.36658800553340387
0.9882457819384866 0.0 0.7386072101718865 0.28998699609882966
0.9911382021904325 0.0 0.7601029255644528 0.21482701812191105
0.9883911984871356 0.0 0.7600049116497202 0.11777946449603476
0.9933386734376349 0.0 0.8052649498328829 0.10906223462331675
0.9863717983068455 0.0 0.8212358511453768 0.12391899288451012
0.9899957453572965 0.0 0.8768728260221023 0.19063519179996893
0.992419983215012 0.0 0.877381838180583 0.09411315292130765
0.9964790397339155 0.0 0.8873357573585997 0.06618842522604752
0.9938493921149207 0.0 0.8548315568317912 0.03208991376804573
0.9930603794198773 0.0 0.8820723803975825 0.057430723399471646
0.9893453632557864 0.0 0.9161220304885968 0.16642294111352854
0.9927679224528313 0.0 0.9329509225659762 0.5026307644692046
0.993660492052775 0.0 0.9302700225018752 0.3404118862680824
0.9959099114110361 0.0 0.932335977984015 0.29665408483142475
0.9931307088890495 0.0 0.9284279937563248 0.2957219574005913
0.9931593173321004 0.0 0.9300479800234851 0.23061214567024846
0.9938157761628909 0.0 0.9319404800898414 0.23404156830069897
0.9858003428001417 0.0 0.9303240450338103 0.3419707020453289
0.9918736454221387 0.0 0.9379464021085834 0.3491794384917944
0.9899515972025964 0.0 0.9347810418232113 0.43106042607111744
0.9873589815156617 0.0 0.9360888017094808 0.2752310311284047
0.9861157327864288 0.0 0.9372394416139906 0.22376346048549006
0.985334874952299 0.0 0.9344299267031109 0.18417665115357956
0.9909732285779247 0.0 0.9419834264023013 0.45075757575757575
0.985646825762462 0.0 0.9420965826465326 0.5227805695142379
0.9887074206895279 0.0 0.9439299067013648 0.6617318138246885
0.9865518271272088 0.0 0.9482050163364638 0.6291874884323524
0.9869959940756972 0.0 0.9496747138253735 0.6485918854415275
0.9911046554051589 0.0 0.9476448258084007 0.4439000489955904
0.991864111793591 0.0 0.9483761081939237 0.540982399293026
0.9880445881078337 0.0 0.9482859712829397 0.43183475091130014
0.9925784400111626 0.0 0.9475707490640497 0.6368958152044933
0.9922918335598215 0.0 0.9497512718760107 0.6188006719742897
0.9945854418769328 0.0 0.9520856095317473 0.6526487851994948
0.9938481944306945 0.0 0.9477390788364176 0.694508434272126
0.9940038308858229 0.0 0.9441448862063238 0.5836788654527973
0.993241006134312 0.0 0.9474371922573701 0.5621684998045894
0.9944159083365678 0.0 0.9520546242866216 0.7117685447030672
0.9948116156100988 0.0 0.9531698888673054 0.7810637828293975
0.9926805062530115 0.0 0.9523095092882439 0.7216216216216216
0.9948681954817248 0.0 0.9534292399340656 0.7074876662711547
0.9925503534595292 0.0 0.954823562832541 0.7643379823628744
0.991360203744449 0.0 0.9518665621917486 0.6845819761129207
0.9921410429500601 0.0 0.9583603497916106 0.8172610128858256
0.991555859217603 0.0 0.957320029643035 0.7953646127755795
0.9918667541008135 0.0 0.9623722797441822 0.8425106990014265
0.9889275956763894 0.0 0.9557710905287351 0.82233202642462
0.9965970000512254 0.0 0.9606972142773185 0.7255870864511271
0.9922472906016334 0.0 0.9552184626755117 0.690743246192118
0.9947963390822926 0.0 0.9564805024931671 0.5862321111459312
0.9942343481877923 0.0 0.9620720900460539 0.7380868647793213
0.9934330548542935 0.0 0.9644875773268584 0.7852309635510646
0.9945907968663623 0.0 0.9672371509145278 0.8551676933607119
0.9927687253248516 0.0 0.9623117287288789 0.8319304039631077
0.9909468949994032 0.0 0.9613160497390215 0.8305471992688778
0.994586485097097 0.0 0.962580715051892 0.8048599844819073
0.993476979610842 0.0 0.960498090351521 0.8149631691503445
0.9952698702322083 0.0 0.9625778259947034 0.7848623713999575
0.9928049073187102 0.0 0.960936060438548 0.8083116579478037
0.9852759212717768 0.0 0.9533480459256363 0.7891154603105183
0.9884278453889224 0.0 0.9586118873696263 0.8488765692049361
0.9880227121636497 0.0 0.9563485708498204 0.8183143355557149
0.9835675304782504 0.0 0.957625546301641 0.885725362863166
0.9908549209603883 0.0 0.9642918615979372 0.903652663201564
0.9878256662158893 0.0 0.9616902390983203 0.8823928407325559
0.9791925040984801 0.0 0.956451581430902 0.874861243260387
0.9827369226786137 0.0 0.9580338209739032 0.8453355450578774
0.990263825480766 0.0 0.9634472645657953 0.8538918785832366
0.9876744217798531 0.0 0.962696021847462 0.8616122367163167
0.9892260609436097 0.0 0.9653817891906735 0.8423172006014731
0.9911463946247699 0.0 0.964890798584055 0.8504150741290747
0.9813721639547934 0.0 0.9556180670445608 0.8247344965966787
0.9806712183863833 0.0 0.9533486364701368 0.8186655956624328
0.9884206977522739 0.0 0.9568917668825162 0.8147531941442948
0.9848684811208779 0.0 0.9559733058262958 0.8320357079455251
0.9889480556236012 0.0 0.9521221656831624 0.7758587070646468
0.9868802424528336 0.0 0.9507746307661608 0.8016559349941768
0.9908753275195022 0.0 0.945952927542386 0.7812263524919381
0.9918121558730011 0.0 0.9411890227842314 0.767129329355299
0.9862950729953289 0.0 0.9263208892761525 0.7529472660258985
0.9942707614377712 0.0 0.9228067034271555 0.7618750339286684
0.9909215227212521 0.0 0.9098050093132468 0.7730017182947453
0.9927193504038698 0.0 0.8845168911128185 0.7416479381833793
0.9878156575990497 0.0 0.8570744621236933 0.7635914521532307
0.9896845115372988 0.0 0.8198712169821052 0.8071044028375862
0.9878268943582285 0.0 0.17164105863494106 0.3328940519324015
