0.9873179054646796 0.014293966635722551 0.17092548818285258 0.0
0.9947965605084016 0.015465454408296617 0.15757747829020377 0.0
0.9954178010690923 0.016815133620258233 0.16845625783451385 0.0
0.9928316844875253 0.01878805547897607 0.15646345413458004 0.0
0.9943286623172468 0.01505215607058759 0.16626825871031958 0.0
0.9936154767720157 0.01545410209882998 0.16505446365143264 0.0
0.9942327924601899 0.01611398413579785 0.16004381607288112 0.0
0.9855610020057232 0.013224669973052605 0.1645700084061255 0.0
0.9906094763421517 0.01354799588504051 0.1654366855369057 0.0
0.9893174774794428 0.012990769039687362 0.17199829317202484 0.0
0.9924403509103731 0.015156433678329794 0.16564030483875403 0.0
0.9882229120315477 0.014917134071407498 0.17768269128790992 0.0
0.9913743643751425 0.013994830453329478 0.16885676393974458 0.0
0.9829966130048223 0.015060491664709158 0.18008133316657382 0.0
0.9921080837786602 0.014354914823650543 0.18073388150311226 0.0
0.99131178270417 0.013473955887027522 0.18836453941615489 0.0
0.997814364906788 0.01227441024921842 0.18733782595956636 0.0
0.9940012417147442 0.014723079118473236 0.1845523903289071 0.0
0.9952547927568532 0.01613383705027691 0.18959283069404595 0.0
0.9947061403668643 0.013771833275642796 0.19149089309950992 0.0
0.9875843889651397 0.011164573023230274 0.1955777413611527 0.0
0.9929837558827994 0.012790055490782219 0.19236885825826586 0.0014273479874393378
0.9950395051909469 0.012261507451021614 0.19263110014672413 0.0
0.9959934930818299 0.009593419428622641 0.1938284398569361 0.0013147515119642387
0.9863874550146114 0.0109172433960425 0.20272166742025166 0.0
0.9959144410062838 0.008814336855248496 0.20529459096582986 0.0
0.9891043224916088 0.013967185445023494 0.2028229399891044 0.0
0.9969717713256481 0.012729620486130007 0.2052132172271506 0.0
0.9893197323394145 0.010752260520093622 0.20591715789855175 0.0
0.9952440298815068 0.014302952232711717 0.20820991407086598 0.0
0.9875558446033668 0.00929085740309401 0.2141646641222573 0.0
0.9898230703064653 0.009072481235961213 0.21054310894948344 0.008983572895277207
0.9941079006749911 0.009101036003279436 0.22212945301971593 0.04466897101834619
0.9941117637253267 0.008771471569823164 0.22084028823840737 0.0
0.9950981295947353 0.007835129200156722 0.22826156598923295 0.0
0.9950635923282156 0.009143461516724663 0.2281392716343339 0.0
0.9921416679879499 0.007834625656583587 0.22871712479480283 0.004049676025917927
0.9949080548370989 0.007790477270518096 0.23460717343882584 0.0
0.9912869000468889 0.009338015265912677 0.25079922853373465 0.0
0.996312105983555 0.00798156555488274 0.24519680478724393 0.0
0.9947042418684366 0.009284114595455698 0.25367287427620383 0.0
0.9921056100638406 0.014833209937479434 0.2516395320753782 0.0
0.9921678007341029 0.008438001611402231 0.2622600607779454 0.0
0.9879737581721627 0.007563439910651671 0.25911384619150934 0.0
0.9894900208278568 0.010680244227960108 0.2688607113441118 0.0
0.9951022723849499 0.010367164637527834 0.2771267431529339 0.07025703794369645
0.9898762822691168 0.01061824565489785 0.2803711263283123 0.016489988221436984
0.992049588506497 0.006403958810901284 0.2915138459286687 0.11380323054331865
0.9907899501457588 0.008009680636944945 0.2936441793139749 0.0
0.9849120150225641 0.008934887428265858 0.2949780048013766 0.10375173691523853
0.9921693795152807 0.008951776896611783 0.30157631467955365 0.07147766323024055
0.9887478382188376 0.008619062960235641 0.3133954309585145 0.1381345926800472
0.9910700531405829 0.009249892274295776 0.32108333346446716 0.1161662817551963
0.9899348101281201 0.010162212500029544 0.3331252898590597 0.08529240334175248
0.9892348606503751 0.010038514190098023 0.3396518329646843 0.009054086252084823
0.9918779114215286 0.010645103049332394 0.3396893235801759 0.08411875589066918
0.9881165560170472 0.012005086327352548 0.34447934570023114 0.08081501831501832
0.9913075516170379 0.012653050260557843 0.34985721183474056 0.1985011140368645
0.9882810022011272 0.012674160772600905 0.36091694421811493 0.18424147393179147
0.9832869346691694 0.011712752754665925 0.36418505008762564 0.19136690647482013
0.9910094299185598 0.012772404697607235 0.39037334161048604 0.07837417347335666
0.9914480063835802 0.01306691341568366 0.38369540769855337 0.23146027831601199
0.990308166280615 0.012818090732486525 0.39006287388985306 0.2464542272978449
0.991119319480707 0.013239986344710054 0.41091063317029086 0.22041420118343194
0.9871640139042449 0.014199493305171462 0.421064483402706 0.21262135922330097
0.990263258887733 0.011450276698975718 0.42480752252782733 0.21759581881533102
0.9881671680612648 0.014700971648707862 0.41727309556319114 0.249260226283725
0.9906115928413848 0.010072833913893516 0.417445817208442 0.11764705882352941
0.9898393779319351 0.012627667086975658 0.43544262181069826 0.15628166160081053
0.9917711933938225 0.014108269283983803 0.435674509368406 0.17864606996819626
0.9879426182671198 0.010475180717498825 0.4279552720701595 0.1959793705925692
0.9913274874976993 0.011964751426814855 0.4343977867987489 0.32410509610298005
0.9929043299222002 0.01180775132521157 0.4526795171858251 0.24351440447183603
0.9871887357381194 0.015238743256557873 0.46171337494599646 0.26927985414767547
0.9891103120062809 0.016901833770509276 0.4665418866828286 0.3636997038843407
0.9903738347305622 0.013093821966212138 0.4627492105275617 0.21583234008740565
0.9903997576115946 0.016376554381118076 0.4608026937404364 0.2992524716662648
0.990450129271293 0.014386181125398204 0.4474866739222586 0.5204259438528558
0.9857279660474528 0.017151121166127322 0.45443506034587106 0.48770788141720894
0.9763973822551228 0.014301729264600894 0.46044116052480755 0.5186865021770682
0.9806159940542732 0.013739950325474086 0.46780243025141177 0.5397033977848695
0.9822750347061829 0.015426483701278883 0.47295256449701 0.28633623576691225
0.9775600186442059 0.017659848042080654 0.4910258909328893 0.2659196207305247
0.9906872077679842 0.01839236949129413 0.5034577421491857 0.28997741053382475
0.9878188707599058 0.01761974316053436 0.5087318055829029 0.33789487146693953
0.9866231551017507 0.018026742150545644 0.5270992161387075 0.23073511475773367
0.9826023050885785 0.017081403918623894 0.5334526223132923 0.15766931382171856
0.9847683443085606 0.013549679747993678 0.5502324577971005 0.1987078910936779
0.983408680724981 0.012035757807308369 0.5472239177067864 0.12030473666777078
0.9835488614683655 0.012525657334338988 0.5649160775260905 0.11005820026861662
0.9811723753239142 0.009604323661065658 0.591012809976431 0.07918591730510556
0.9786184773260059 0.0022927910290514385 0.5915458748692008 0.10276541481222183
0.9775550316799582 0.002208527919652468 0.6123908441072815 0.08255314999024771
0.9807666915540533 0.0002051420827159066 0.6212160033701896 0.13191010135631395
0.9801137975620328 9.807263913471911e-05 0.6480190111062495 0.13696415630748648
0.9819093781599108 0.0005108720766051395 0.6809190675045105 0.18654453569172458
0.9828946426903826 4.036316081221443e-05 0.6974416897183855 0.15590779841490712
0.9812279467069097 0.0 0.7135428004930235 0.1554032205910884
0.9795378656016102 0.0 0.7352014649719444 0.14677170748415824
0.9840385414031285 0.0 0.7587191957623055 0.14402968784108272
0.980119491151672 0.0 0.7573116958563089 0.07731610188594185
0.9852659198708245 0.0 0.8012524112561603 0.0694414067626088
0.9778757455291539 0.0 0.8191864666128278 0.057235075270406784
0.9803582132384764 0.0 0.8705585821295284 0.08554922443811333
0.9824469659709112 0.0 0.8720561401460896 0.030949704463864816
0.9890925435406174 0.0 0.8866625923154691 0.03521915095151985
0.9853145503448727 0.0 0.8557380766172228 0.013327630963866206
0.9868020576214271 0.0 0.8814928837943797 0.018389770434592945
0.9803467938710225 0.0 0.9156131445054384 0.07746381328346838
0.9837466634365746 0.0 0.9333337224485576 0.2842682412484184
0.9841790969034452 0.0 0.9304027466726188 0.16201078204858924
0.9872767184513427 0.0 0.9331987170875873 0.0854574559783278
0.9838981175571729 0.0 0.9310556831526592 0.13646082253804553
0.9836886425763625 0.0 0.930404770636671 0.10553624982148807
0.9828652713667438 0.0 0.9325906931634241 0.09910812228740401
0.9753323143495407 0.0 0.9317859008311417 0.1595735820771217
0.9810416843133524 0.0 0.9407005105148634 0.15298567519716724
0.9788046087640143 0.0 0.9364484940740101 0.16076467910787437
0.9762614081849694 0.0 0.939727348478058 0.05613183256087692
0.975546821389031 0.0 0.9349733906878926 0.05231536586748285
0.9744591738799345 0.0 0.9310668346970782 0.05103824670617831
0.9778228889717102 0.0 0.9396768328637882 0.13838504096925555
0.9724131191651441 0.0 0.9383518148818107 0.13510577107432734
0.9757153066054912 0.0 0.9410218752415552 0.12311889465810086
0.9741942976069441 0.0 0.9437867058358065 0.18897346833197842
0.9745112160191197 0.0 0.9470926154199619 0.1703174603174603
0.9791251030178024 0.0 0.9448641919811892 0.10143656842247252
0.9784644507916547 0.0 0.9469269972965029 0.18169925139908424
0.9751943366627265 0.0 0.9454532708759473 0.12088040742258385
0.9792550320878911 0.0 0.9465057236134693 0.19816080729166666
0.9822002509206306 0.0 0.9506397799994507 0.3709280885064536
0.9834143185875692 0.0 0.9504047059067853 0.29322900526805085
0.9833248451074147 0.0 0.9469252138295123 0.3173648406731113
0.9806964771702771 0.0 0.9411077316001242 0.2065884094754653
0.9812244250594766 0.0 0.9457229388709583 0.20072313500292444
0.9806837821768253 0.0 0.9499551714306325 0.1655177265053461
0.9813227755656946 0.0 0.9523928277087186 0.2810300943254978
0.979984779797689 0.0 0.9524366676078675 0.32807958142238874
0.9814216951363061 0.0 0.9525754029235775 0.2906268656716418
0.9777650859336341 0.0 0.9546530994423407 0.34792505690772196
0.976176331876145 0.0 0.9486828174627888 0.2985479575943325
0.9799167663962971 0.0 0.9551964858455405 0.5044453253298601
0.9789888658159115 0.0 0.9565020238703748 0.44897505694128104
0.980992346143634 0.0 0.9641285076850032 0.4964213822411094
0.9773524927527514 0.0 0.9546463101519278 0.5697184198199136
0.9857691399886015 0.0 0.95669757187381 0.49019353723863834
0.979180034755127 0.0 0.9536409725000492 0.4096648665819568
0.9831382677907822 0.0 0.953276074350131 0.37010315608498096
0.9845928494760537 0.0 0.9603358256199063 0.5496683109372342
0.9820231252853626 0.0 0.962997631269266 0.5861562391980643
0.9848664749898873 0.0 0.9634773066515809 0.6867822365835553
0.9830197241141496 0.0 0.963071423071808 0.6970690715310515
0.9830672720529846 0.0 0.9606122940217482 0.7520916065851871
0.9862889480706257 0.0 0.9619316351573332 0.6992304403591278
0.985598297753738 0.0 0.959620320579387 0.7370555953233119
0.9882220243023324 0.0 0.9618704863189711 0.7084505319799438
0.9852490409348594 0.0 0.9603780453110118 0.7381324218404691
0.976206963468988 0.0 0.9521247004076205 0.7276045122760452
0.979886433897949 0.0 0.9567810565056806 0.7742240925828511
0.9782752683903483 0.0 0.9557703583683468 0.7561861743912018
0.97366891724237 0.0 0.9575188157647784 0.8080783233297255
0.9811798146800733 0.0 0.9631112096015535 0.849462890625
0.979656251657737 0.0 0.9602893342674064 0.8417499503607122
0.9693716850401042 0.0 0.9553734774240498 0.8129686723023372
0.9747521647220071 0.0 0.9574093659000518 0.7947183415953132
0.9815329353378579 0.0 0.9618292465936232 0.796901047607349
0.9793195388401528 0.0 0.9617432545023393 0.8158857583944423
0.980580436385483 0.0 0.9632832518052644 0.7900902728471447
0.9810410943877435 0.0 0.9628882008873163 0.7931855942142298
0.9730575181253626 0.0 0.9512994488007692 0.7569838871549414
0.9720306219472787 0.0 0.949730869155265 0.7614971433169712
0.9795479236025934 0.0 0.9516972038508834 0.7453341199184812
0.9762076864581387 0.0 0.949756336865352 0.7535228988424761
0.9809844824699777 0.0 0.9443990012976279 0.7004321806020568
0.9806355846434114 0.0 0.9405999074670621 0.7246142757994768
0.9844877366229812 0.0 0.9357919795872736 0.7081785472302049
0.9873027028958747 0.0 0.9293323299025895 0.700662741239373
0.9833855289380566 0.0 0.909809521607765 0.6701566227848328
0.9919478610233854 0.0 0.9050119069426635 0.6872827380258031
0.9880201907966037 0.0 0.8924406586930013 0.7080062740935058
0.990155907045169 0.0 0.8626935488471408 0.6760849502543556
0.9853928102394954 0.0 0.828387427740457 0.6998082878631471
0.9873265176095538 0.0 0.7939210137363458 0.7685257259159666
0.985527165313966 0.0 0.1563871187520134 0.25024722357669854
