0.9878437213565536 0.03945548991275401 0.16830132502424397 0.0
0.9968403502430948 0.03753438501969688 0.15397996287577387 0.0
0.9967921719006875 0.037704037187250086 0.16393179588134013 0.0
0.994717326900627 0.04154806548620439 0.1544113250762318 0.0
0.9957198843489762 0.037081550636770294 0.16265454104154972 0.0
0.9954436181938021 0.038808694151546266 0.16260536398467432 0.0
0.9960339311575249 0.037683379393390344 0.15892942303902322 0.0
0.9882545805474365 0.03445490528476106 0.16236818540796555 0.0
0.993678369455294 0.035808558023440705 0.1649563444690262 0.0
0.9912504288000569 0.03652383734713068 0.17187483546619292 0.0
0.9952847253555764 0.039090741342799655 0.165044131637764 0.002559726962457338
0.9900678925526558 0.037194038383233693 0.17686087860219749 0.0
0.9899252390854572 0.03787287672415033 0.16853588451942864 0.0
0.9850807698928461 0.03585022320259666 0.18034573236610588 0.0
0.9943772745524191 0.03655697721578061 0.18028663897086927 0.0
0.9924348888382842 0.0373843491505742 0.18785734161878462 0.0
0.9972062009921091 0.035698117720080975 0.1871796096411628 0.039163624294722865
0.9957146985225854 0.03781895967145916 0.1851968251423074 0.0
0.995901399093325 0.037099325746056615 0.1877088266126664 0.0
0.9952268523025996 0.03706435962339091 0.19169260327228357 0.0
0.9890559945619849 0.03396965371110068 0.19535568977727233 0.00029515938606847696
0.9952627234409356 0.036598776426856654 0.19266204279696605 0.01712817584927205
0.9946229294261009 0.03644312893459189 0.19251514670998246 0.0031491554537646724
0.9966154405724824 0.03461032252311975 0.1951120313539895 0.07494083618196161
0.9876744618668337 0.03370378277586372 0.20354056307807733 0.023222477064220183
0.995862419336717 0.03205301423126319 0.20600099787051548 0.05923055632438417
0.9918697698712856 0.031083599704460337 0.20254575209052628 0.0019937339789233835
0.9985502540096057 0.034280119461320854 0.2064930554716212 0.08123005512039455
0.9915425881987231 0.0342291976391201 0.2086887190681794 0.10896840148698884
0.9972410976785113 0.03148895391889377 0.21026438269018416 0.13210075026795284
0.9902612335284169 0.029533030876395465 0.21746724821076155 0.054815187327131004
0.9905220673755792 0.03207331155925836 0.21205964656725573 0.14814814814814814
0.9956560504398525 0.032024326132239246 0.2244311400192727 0.16253663735678126
0.9952970221023993 0.030007852784332895 0.22400417242299134 0.09583439815997956
0.9956924577373212 0.028768906333558678 0.2312368198443997 0.06689951638903816
0.9950582081309772 0.02914767720005036 0.23162145880562468 0.02309530130076984
0.9941964196966384 0.028507621532200333 0.23337868266117742 0.08162147356888523
0.9963852172240966 0.028426704713095705 0.23844784794602605 0.1356243441762854
0.9952728329433692 0.03126515358203654 0.2545612804609559 0.05780051150895141
0.9935514129734665 0.029763455093850893 0.24871727538756916 0.0
0.9962604224691523 0.030168116659958513 0.25850512997880876 0.0
0.9929276237067565 0.03125284719385692 0.2542964752054393 0.10627503337783711
0.9969501007533327 0.030200642562448584 0.26643742250915453 0.18763652249890783
0.9888104806809911 0.027762206387182943 0.2633397897195899 0.08605769230769231
0.9906357618076478 0.028682280279556025 0.2732366433451223 0.1583686440677966
0.9965784217671312 0.030425399853717897 0.2821324256824236 0.32753977968176257
0.9929441404873367 0.03233065382685636 0.2864716519720008 0.24786121673003803
0.9956150764208339 0.028282122521441747 0.2964581402191141 0.3338372385991434
0.9943537208379661 0.0313338556567403 0.2991963600822996 0.21692876965772434
0.9886844433303439 0.033267799921538735 0.30137551823483943 0.34930232558139535
0.9948521214505869 0.033848125716451995 0.3081538389935371 0.3540732929079884
0.9931839671720583 0.033380183922025325 0.31958571629626786 0.3281659909372764
0.994651083734299 0.03223625800581778 0.3270417625991302 0.34062196307094267
0.9945326957254622 0.03344644293657814 0.33949265615108715 0.33873833851621504
0.9947056812910472 0.03254722764133774 0.3459822906091421 0.23704789833822093
0.9957337055467896 0.0327452766306473 0.34484997114829774 0.3416588124410933
0.9926724805826183 0.0319766776216284 0.3498462819445334 0.3566193311956024
0.9957479300561635 0.033157013726146635 0.3557418010195665 0.3763996554694229
0.99291048905956 0.033305819488490734 0.36655609216186563 0.3853711790393013
0.9892214418632571 0.03508012561146512 0.37208739289239007 0.43171806167400884
0.9950607325243642 0.03582745319040966 0.3968906786694862 0.3618174239266361
0.9945256130378833 0.037192734202416165 0.3912507696801448 0.45767758400680564
0.9948287077189939 0.036007539512945386 0.39669980023198864 0.4332493702770781
0.9954600260981984 0.038212180878227406 0.4180323584308598 0.40828924162257496
0.9930976998803714 0.03985468197699086 0.42895901481624016 0.43546737574146044
0.9945781144601409 0.03788731718354669 0.43190090887516275 0.4058270676691729
0.9935229177377736 0.03773311542268482 0.42480480317052793 0.46330906944717687
0.9950682111431967 0.03343655290552115 0.42885498771624525 0.2917830540037244
0.9947090203862258 0.036418668642184356 0.44341251247099445 0.2423780487804878
0.9961324414780516 0.036972021819461555 0.4421074013886837 0.24090649400114264
0.9926581917214491 0.0322756516622372 0.43632991896847745 0.3231292517006803
0.9959253012193868 0.034988011473132255 0.4414716954466029 0.3782880395291382
0.9957414636031614 0.0342195184864232 0.4585558264613852 0.25634619228462924
0.9915731393057451 0.03630287439358166 0.4671226880768825 0.3674803836094159
0.9948966653987574 0.03509633971073002 0.47304645330852463 0.4007887936896505
0.9969081153095436 0.03030944944237158 0.4677272031677411 0.22034021517883107
0.9941745283308544 0.03522685302320441 0.4659848472217922 0.3615007793364507
0.9960357817653376 0.033570554154608176 0.45456545654565456 0.69564332247557
0.9927208187807588 0.03665756635839968 0.4620739975310492 0.6124087591240875
0.984250352859248 0.0329574669351703 0.46795115323943576 0.6879310344827586
0.9877997575107083 0.0327290024503075 0.475127671499175 0.6946784073506891
0.9896036973419177 0.03377676407016873 0.48299158440641865 0.6620970729899963
0.9865789619147642 0.037177599532325946 0.5012093879778228 0.6835035944003027
0.9968755781458437 0.03794481042631524 0.5106788893955029 0.6250432975406996
0.9950678725929467 0.03597043508232789 0.5166969337796228 0.7259024196747322
0.9961743949078143 0.03729327215938524 0.535744259162422 0.6720228530619532
0.9932780979912941 0.0357503328330018 0.5442561919454683 0.616045353032125
0.9941939793289024 0.031881375644991126 0.5604226632206156 0.6257046223224352
0.9947256655707732 0.02781765066541638 0.5602945308430567 0.5956832345341238
0.992982915338124 0.028616403875025207 0.5758223682886966 0.5907944514501892
0.9927486105479093 0.027029252899076192 0.6050780921065821 0.5796038151137197
0.991485563387444 0.02383661337645417 0.6039115430292894 0.45831038660645446
0.991714385601138 0.01935617896434377 0.6286937293713674 0.5371134020618556
0.9932504017038813 0.01297705934609556 0.6351683900592103 0.5115192349489242
0.9932398352684233 0.011450274955727468 0.6605176025936541 0.5427423283000488
0.993011461596218 0.005475861326056123 0.6898533904577834 0.5346622369878183
0.9944269364737104 0.0008067487219755663 0.7035555985314713 0.4939216097254244
0.9933390097335971 0.00035155915054162977 0.7190381894007573 0.4722524483133841
0.9899649785303164 3.1801760545463797e-06 0.7431518011866954 0.4159136766383016
0.9919109712501281 0.0001766060554684299 0.7651888057033136 0.35953164460090303
0.9923768040286681 0.0 0.7771639538004007 0.25697924123120974
0.9967089362298495 0.0 0.816282939651827 0.16452693273792912
0.9865756083313901 0.0 0.8281868762554603 0.1917896865520728
0.9930846757635132 0.0 0.8801676578636387 0.3174179260031266
0.993062484319114 0.0 0.9032547310415945 0.40399702700470724
0.9972174536290439 0.0 0.9119442533194747 0.12394774311193266
0.9955283660704488 0.0 0.8922693025925086 0.08179132327787281
0.9933926365431609 0.0 0.9007117855095733 0.10543629890274626
0.9904244806288602 0.0 0.9238462561950482 0.26498943135536424
0.9954192998969118 0.0 0.9360405509370883 0.654819124715406
0.9949047076434971 0.0 0.934200986410838 0.5304666802527003
0.9948198406224649 0.0 0.936289783411973 0.5312174817898023
0.9945176759228281 0.0 0.9354972562128906 0.5820093980756321
0.9952463416456377 0.0 0.9389960700994858 0.47595341808160724
0.9963504749068651 0.0 0.94268508844255 0.597692633361558
0.9884565114598481 0.0 0.9361299225699058 0.6704172526957337
0.9945331807882588 0.0 0.9421376752431827 0.656305114638448
0.9955086932339327 0.0 0.9392978278156436 0.6777524182154113
0.9923484042462787 0.0 0.9399566297115324 0.6558872305140961
0.9921102939163602 0.0 0.943813386759365 0.7142378559463987
0.9932736740127999 0.0 0.9440125076358072 0.6827347195967234
0.9964186079837652 0.0 0.9439026774296024 0.7334792578695017
0.9928876327187459 0.0 0.9435862456040177 0.7195939286418293
0.992723792953458 0.0 0.944636030537815 0.7564278912284415
0.9903955738946041 0.0 0.9489448720221687 0.7070762985515269
0.993071601558021 0.0 0.9515576523762134 0.7744621790423317
0.9966535218382095 0.0 0.947772990859352 0.7169354838709677
0.9960575007439749 0.0 0.9516608959992606 0.7327935222672065
0.992635171144381 0.0 0.9531567635188863 0.6909272183449651
0.9954439552466736 0.0 0.9502261222190173 0.7737725295214419
0.9954635356848986 0.0 0.9504808772198029 0.7232729287014323
0.9964781857775775 0.0 0.954015401540154 0.766939687267312
0.9953238814984922 0.0 0.9494874381615029 0.8215774553943639
0.9968248969216283 0.0 0.9487554486957726 0.7805815004519434
0.9951083218707015 0.0 0.952023774852355 0.7790774663429706
0.9961430905804448 0.0 0.9537262208947862 0.8292530796818961
0.9974030040630067 0.0 0.9544155688286351 0.8404530983934256
0.9950466009835829 0.0 0.9536881420805957 0.8298238074774388
0.9959729611499271 0.0 0.9544412619396047 0.82154384077461
0.9958917658089265 0.0 0.955354064562531 0.8272797527047914
0.9956949348977461 0.0 0.9564416887000855 0.8522189828312278
0.995632698768197 0.0 0.9608279697988624 0.861734535281318
0.9939362900267558 0.0 0.9589361102381083 0.8669818094782192
0.9928811942341658 0.0 0.9613913809663411 0.8881528811770912
0.9926981392183848 0.0 0.9570613117567098 0.8484650910078783
0.9975851133736164 0.0 0.9621908931027651 0.8120679137860919
0.9954984042330796 0.0 0.9592777784134466 0.8159203980099502
0.9969097665642724 0.0 0.961407942446565 0.7247457909651609
0.996024012735886 0.0 0.9649400834344408 0.8239755760148834
0.9964312007326139 0.0 0.9672539322899834 0.8545118833443802
0.9968705104689928 0.0 0.9692326020729445 0.8757902396870878
0.9947017157012432 0.0 0.9629705809296792 0.861147221319467
0.9929119836705655 0.0 0.9631500410881045 0.8799844388251313
0.9958246741574451 0.0 0.9647937227934138 0.8571583474897893
0.9950257958674064 0.0 0.9617338667050438 0.8399645728300859
0.9964057444753496 0.0 0.9653653371110147 0.8483581708523471
0.9942107688852511 0.0 0.9631031795840943 0.8511243524867503
0.9884530825253928 0.0 0.9552668558314718 0.838503675531462
0.9913160985672159 0.0 0.9598001354807348 0.8574347272341328
0.9896956112636838 0.0 0.9583670355090449 0.8450896336710834
0.9869515265157828 0.0 0.9589792316856702 0.9070028558178135
0.9936318752860768 0.0 0.9641919287861375 0.9002632073698064
0.9905698685486658 0.0 0.962664543787375 0.8943021752940918
0.9827178669836296 0.0 0.9582435219139863 0.8825091467012864
0.986209974465008 0.0 0.9603642721445251 0.8748514706688847
0.9928616111294951 0.0 0.9640236779363442 0.8537334431404845
0.9904874021735903 0.0 0.9649115169270667 0.8948769230769231
0.9914096830016337 0.0 0.9677205672799847 0.8665156931845651
0.9938103175283926 0.0 0.9674505580810723 0.8883931277810784
0.9840511783913459 0.0 0.9605420997907742 0.8811486366066654
0.9841452376272236 0.0 0.9586322429576054 0.8749460411793641
0.9910095829189172 0.0 0.9633122408977565 0.880442093399502
0.9884682081268842 0.0 0.961777238649737 0.888404599716733
0.9913899755311623 0.0 0.9623117977967164 0.8554905957634269
0.9897349643586774 0.0 0.9603382151669407 0.8771387356582832
0.9939795340027788 0.0 0.9553238425973419 0.8409324529156577
0.9943571237412437 0.0 0.954211975565975 0.840614523119521
0.9872938069635133 0.0 0.9398823015086707 0.8232917969775294
0.9953554265262631 0.0 0.9368303358170482 0.8209195251220635
0.9927223764800983 0.0 0.9263505389809482 0.8334553043855369
0.9941536052570175 0.0 0.9007150174144642 0.7883997267361772
0.9897962650744981 0.0 0.8670332987557561 0.7831247906543514
0.9909477531640165 0.0 0.8445435108446482 0.8426942471644684
0.9860251311527423 0.0 0.18267044000321758 0.39066244519659776
