0.9851670868306304 0.043965065852728524 0.16693376508360847 0.08632286995515695
0.9955607331146996 0.04286987078485839 0.15485059193532025 0.0102010201020102
0.9940143230108573 0.04162447227293473 0.16361049587556048 0.2005952380952381
0.9944418049077538 0.04616577420112474 0.15520811149305014 0.07096981374438022
0.9924452268799991 0.041751139950894425 0.16299646206872434 0.13882554161915622
0.9952118883303824 0.04294385022779192 0.16357319738572385 0.19642306506321308
0.9932634091090724 0.041875690805876095 0.1594951709248365 0.22259852216748768
0.9884331143728544 0.038070298163447695 0.16404876014126324 0.17650813916374083
0.9935069873167791 0.038891519039778326 0.16640362391114932 0.2616407982261641
0.9901090672131664 0.040638218034926885 0.17290229553494735 0.23973256924546324
0.9961038114179518 0.04322378059337235 0.16718304188765776 0.2150170648464164
0.9892070405033594 0.04229493494227526 0.1781510923613747 0.278502080443828
0.9865030755308406 0.04286870890666686 0.16892359128080536 0.26642232872850297
0.9845656762629851 0.03949244460031527 0.1812056605933475 0.1955431754874652
0.9938463659727018 0.04235061161796547 0.18139389629555044 0.25340035481963336
0.9903849786542748 0.04354317158334267 0.18866492320648923 0.3199239784605638
0.9939473282167783 0.04033774663694132 0.18682295490089687 0.34649850647195485
0.9931289068267953 0.042669152883274795 0.18595720545207103 0.04309825195901145
0.9930998415175216 0.043265760577439916 0.18869454073035183 0.20772659732540863
0.9921756491885904 0.042806700179158476 0.19210494183061133 0.28797289666854886
0.988369845478317 0.04006843515885482 0.19678053496616177 0.3302833530106257
0.9961063285887729 0.04312105651716627 0.19481097817206974 0.3348558378532686
0.9925391681489243 0.03996427320354791 0.19313781619668904 0.2725450901803607
0.993899334128683 0.03821196058891728 0.19602793842209434 0.34709439915855905
0.9853612181269119 0.03776278275581177 0.2042644614374973 0.35579128440366975
0.9926058286198646 0.03601186703340871 0.20654814629387147 0.32687517298643787
0.9933376150717191 0.034813251666451134 0.20461063481321604 0.28567359726573627
0.9965308378087554 0.03935453054752631 0.20763323237491543 0.37684943429068757
0.9918740724521324 0.03916725930072808 0.21096427020806466 0.3231877323420074
0.9963249655313406 0.03718630817867459 0.2110276616314297 0.3879957127545552
0.9890700198427924 0.03419229924748997 0.2181754065382735 0.3017349761126477
0.9893267350928642 0.03366576496115794 0.2128658568249999 0.37245292752127934
0.9947501276863238 0.03375802699116554 0.225969190450318 0.39882854100106496
0.9942946427912854 0.033255290887451716 0.22472995212805863 0.3557372859698441
0.9944336113240757 0.03204832108631676 0.23217191774496096 0.42665233745298226
0.993077287345123 0.03270726235626691 0.23178585442027524 0.32094504911069816
0.9942645548744438 0.03209067761740878 0.23472626331186347 0.4574089290605314
0.9938854308366655 0.03207878226489921 0.2390568990760842 0.4913522012578616
0.9944975416415813 0.03536988445046358 0.25840677527554534 0.49923273657289
0.9910280130651745 0.0322144811354018 0.24994920083861932 0.44387755102040816
0.9944654762219295 0.03366533227242283 0.25994287453873666 0.49895887558563246
0.9919783871553342 0.03424722007358569 0.2558407881674274 0.5126835781041389
0.996238566385491 0.032549075763141345 0.26785372256633605 0.4335954565312363
0.9854008130071008 0.032592147643360915 0.264382967220024 0.44134615384615383
0.9872680739729466 0.03372327331514685 0.2743880955350462 0.5077939233817701
0.9929406104451257 0.035352627160393994 0.28271953872881694 0.578702570379437
0.992329961837555 0.03772878320907729 0.2883959246487998 0.5495367070563079
0.9949660627180289 0.03312058264112487 0.2983090685315662 0.6223230032753843
0.9941140324948579 0.03542772661635742 0.3014787715705786 0.5201202590194265
0.9895107837338488 0.03763118842859953 0.30407384852078595 0.6118604651162791
0.9942058457227368 0.03792307536105665 0.31001127176210386 0.6555584483207498
0.9937043495226133 0.03718999731554711 0.3216767012484896 0.6144721233689205
0.9948265464817342 0.03599754254554795 0.32905764009628724 0.6316937242549067
0.9939238808855522 0.03811514824061747 0.34125271361514375 0.6024498886414253
0.9951848204400457 0.03820669539088169 0.34837293384294404 0.5755062210295194
0.9949022206281952 0.03708726225388265 0.3464498500457011 0.5949575871819038
0.9912374071065744 0.03706421266711005 0.3514052873404578 0.5732236691798035
0.9966197462451367 0.03776962657540782 0.3581849676751524 0.5599311383688401
0.995353452678012 0.038021459142230124 0.37001257873814036 0.5720524017467249
0.9926135213060374 0.03974123155910997 0.37604699376908074 0.6245050593928728
0.9941669953851522 0.04062632909674911 0.3990612498024004 0.5877448937057107
0.9921395546867036 0.04159269755401628 0.3925739758591019 0.6379821958456974
0.9945842079026871 0.040098586681703255 0.39874822590028247 0.6027511463109629
0.9939865684690815 0.04207866402988354 0.4190071472451665 0.556323283082077
0.9960432924676463 0.04401168079937914 0.43187185261957733 0.5570567829103524
0.9941145946629107 0.04219258901841231 0.4328076181172106 0.4695400548279013
0.9945383285555384 0.04318658053896592 0.42658038146045363 0.506485084306096
0.9946687448632718 0.03910374673369591 0.430822113318409 0.38146654010441383
0.9961611443584878 0.042629906953386414 0.443351621733014 0.22634404853218046
0.9951366314352333 0.04208553320349878 0.4418443262060199 0.22713759909399772
0.992837186536043 0.03788492226643345 0.4341425230421769 0.24498052142643092
0.9963556489258978 0.03980897514493423 0.4374900301472235 0.20998687582026124
0.9943796924066597 0.03861791267444471 0.46050394350140883 0.18361270401411556
0.990894969704551 0.04128152308513947 0.46751800096946816 0.2604174515861653
0.9955849970550354 0.038464204646854676 0.47227676117175843 0.21938121681820955
0.9971138873311679 0.03557798339333835 0.46926551862234683 0.18565850195243166
0.9915191010738784 0.038591418317083445 0.4651015939055571 0.3720387987315799
0.9947876318870208 0.03732102593010147 0.4557012470487569 0.7998385794995965
0.992370405623533 0.040074418817329524 0.46359156414263164 0.7230294224482383
0.9834371263451575 0.03694035478519137 0.46934648195977147 0.7943747624477385
0.9878803269423718 0.036543314943068436 0.4771883103780999 0.8032786885245902
0.9895854488535325 0.03791077588971302 0.484804072756186 0.7389380530973452
0.9877224815196678 0.04150113529413592 0.5033974869984436 0.8073467758035536
0.9934748595189246 0.04204841689656045 0.5108297111623669 0.7073044379209118
0.9934636098233228 0.03935975781583376 0.517344327209603 0.7915608517288533
0.9949505123832958 0.04014466118871265 0.5366561934685328 0.7524098536237058
0.9942924938587855 0.03988270099312928 0.5467715298672674 0.7274918230332243
0.9927563313662993 0.036757887686332695 0.5620471855842467 0.7508101654443118
0.9943075768978024 0.03265551166551583 0.5626041602867652 0.7146887966804979
0.9915047141092044 0.031881493427708525 0.5769819679557273 0.7117437722419929
0.9921592524883202 0.029433812106730226 0.60652354982568 0.6816129534485443
0.9909161642403542 0.021833304103999984 0.6053751037595614 0.6367259786476869
0.9921185147231028 0.012576647656618499 0.6289367256018411 0.6373042505592841
0.9940910959096236 0.006006982325987345 0.636619366866914 0.6426121372031662
0.9945946476822541 0.004556872192807986 0.6611648225647466 0.6106091894682498
0.9923322172435866 0.002792944734092665 0.6899826898589349 0.5869515539305301
0.993141498731411 5.382102356822622e-05 0.7034524197760134 0.5561514886164624
0.9937730822751463 0.0 0.7200524497739623 0.5494021397105098
0.9889921489287449 0.0 0.7439907157446018 0.5123958843704066
0.9904831828506496 0.0 0.7659836461954483 0.4275520483546004
0.9929610776286407 0.0 0.7802341935927631 0.34758574758574756
0.9952653385657748 0.0 0.8158120468942074 0.17763426240652616
0.984545402009428 0.0 0.8318430646761732 0.23169448890921565
0.9916139724030935 0.0 0.8774434518015387 0.2974220421028932
0.9902364603605898 0.0 0.9030878038979305 0.4961019205172086
0.993037905890896 0.0 0.9262423657466361 0.2771978303141951
0.9930182728376151 0.0 0.8977916692202407 0.10728777469768189
0.9907490745690909 0.0 0.9105090758627057 0.16003477756846834
0.989632067153705 0.0 0.9257180211611651 0.33026230854996774
0.9952964156217375 0.0 0.936468754383533 0.7243468383188186
0.9943226002804013 0.0 0.9358893558005225 0.7370492635855764
0.9917453906662244 0.0 0.9359753989876737 0.7132990079115911
0.9938746994034422 0.0 0.9359600498461247 0.6921224630202958
0.994312630026142 0.0 0.9391131111072244 0.5494535272333123
0.9955980711527823 0.0 0.9429976982067347 0.7210310218978102
0.9888225011846964 0.0 0.9373974949379704 0.7899566026038438
0.9944727072426903 0.0 0.9414181298343162 0.7062527618205922
0.9964612782614106 0.0 0.9398439495526714 0.6730495009166837
0.9912287969673066 0.0 0.9380909909206367 0.7395379250217959
0.9924483733990666 0.0 0.944514893930345 0.7791270477717952
0.9932660281658996 0.0 0.9439598897881362 0.7137831125827815
0.9943181555289251 0.0 0.9424892752708924 0.7767243175661596
0.9946245629548615 0.0 0.944249727774753 0.8000414636674614
0.9925718523064334 0.0 0.945015488195866 0.8132911392405063
0.9893370981674299 0.0 0.9485565454417586 0.7366133357995006
0.9945814312407315 0.0 0.9528760726301536 0.8022968022968023
0.9941539009414184 0.0 0.9462903349742259 0.7531724754244862
0.9949268070833689 0.0 0.9512668862542408 0.769891703213103
0.9928113788807059 0.0 0.954013226453572 0.7464554524768073
0.9947337049506043 0.0 0.9500377021488119 0.8044503782821539
0.9946037147128355 0.0 0.9498858638350434 0.7422313592156242
0.9952954817514722 0.0 0.9535247681753939 0.8053807947019868
0.9947418574639557 0.0 0.9486656851773475 0.8544019933554817
0.9960961749805667 0.0 0.9485663037533492 0.8101065035123499
0.9941937669012456 0.0 0.9518923595418566 0.8216444981862152
0.9957078983352505 0.0 0.9538668508329846 0.8703602406814097
0.9960218289945231 0.0 0.9536771330941979 0.863013698630137
0.9937627861773933 0.0 0.9529596118133954 0.84698752228164
0.9943105684818769 0.0 0.9534958279899406 0.8410435718128025
0.9965450444413133 0.0 0.9551240594720933 0.841522313091635
0.9960678771982061 0.0 0.9568750571872998 0.8647580801865405
0.9969739542668531 0.0 0.9619296602674159 0.873070219123506
0.9931165805114872 0.0 0.9585078824182349 0.8735008055373232
0.9904365226830724 0.0 0.9598096955047233 0.8956236835946642
0.994870948927471 0.0 0.9584199012761664 0.8607119529719138
0.9951374416989184 0.0 0.9609742001391947 0.8369067818396833
0.9958344044920032 0.0 0.9599525259200145 0.8438659845521116
0.9959019555237241 0.0 0.9621343292306906 0.7865093499554764
0.9950228555115392 0.0 0.96441464886569 0.8352729681142965
0.9968069180071392 0.0 0.9673054722160697 0.8446910396905792
0.9971768967759342 0.0 0.9699126020167719 0.8998820540736708
0.9943211428056729 0.0 0.9619028458555856 0.8421524314214464
0.9933097251708871 0.0 0.9615463094237136 0.8173835762531105
0.9956177914510634 0.0 0.9635549662149868 0.8238297872340425
0.9952193783508538 0.0 0.9615734376276593 0.8345944510819063
0.996619408126947 0.0 0.9634649595627542 0.7919781862960683
0.9945732452036312 0.0 0.9621560764525132 0.8259422867305376
0.9907083347238714 0.0 0.9556921944292279 0.8195905873349913
0.9938747238025645 0.0 0.9552080888170192 0.7317149709725864
0.9914285182235727 0.0 0.9569868584163364 0.8068404434303625
0.9895560375354108 0.0 0.960065259126966 0.9082781616971923
0.9946162955839599 0.0 0.9630027578731654 0.8645910717903694
0.9929776241672003 0.0 0.9620243108647185 0.8429872720169432
0.9844626506893895 0.0 0.9579915956052902 0.8618468691642212
0.9882664275110491 0.0 0.9601722117231208 0.8526816380449141
0.9945412094962741 0.0 0.9586818989521898 0.7598420431506642
0.9918819247285015 0.0 0.9622410372510253 0.841196728368489
0.9920724017818924 0.0 0.965920964913707 0.840504596127518
0.9948299743066094 0.0 0.9676871433654725 0.8864292473736539
0.9862450303888863 0.0 0.959921581446504 0.8601681818666269
0.9863757968094593 0.0 0.9557033097935347 0.8368418576201007
0.9917532830531921 0.0 0.9604482525630684 0.8555856669677808
0.9909748670809351 0.0 0.9606231326989013 0.8741427674605255
0.9916641078731587 0.0 0.9667244524671803 0.8944620686085291
0.9920883971545549 0.0 0.9652735106119998 0.9056695213436898
0.9957441455042145 0.0 0.9652764652197627 0.8997556573166414
0.9963048737668884 0.0 0.9665920078464956 0.90557835897859
0.9899241569512348 0.0 0.9544245715368919 0.8872516791641494
0.9958954711719761 0.0 0.9525248505888979 0.886504394025978
0.994310634561877 0.0 0.9438502780499193 0.8954707134565465
0.9951181220007044 0.0 0.9225911370956918 0.8510046687795995
0.9910236468018516 0.0 0.9011562169456906 0.8596809764193982
0.9917169919050349 0.0 0.8829532202099764 0.8950996588497596
0.9892910504369733 0.0 0.19858408882550677 0.4629778003373311
