0.9867925273107665 0.01822233778495742 0.17175656916821247 0.0
0.9962196711878553 0.021784463203836105 0.15928122591849958 0.0
0.9958905730323785 0.023815958502919676 0.16985708421956044 0.0
0.9947030188648982 0.02584066464277916 0.1588303740083113 0.0
0.9945658348165259 0.021090008812942637 0.16749044612646766 0.0
0.9950866573535267 0.023334249710814103 0.1671268486997407 0.0
0.9950613543402514 0.02346201028371571 0.1620718747982598 0.0
0.9877474916642771 0.020659597223484344 0.16734780882936653 0.0
0.9927928773422804 0.02063582594556046 0.16804023454893044 0.0
0.9903328607540943 0.01977204454807579 0.1740802009392369 0.0
0.9954620210344206 0.020842655196868915 0.16815965046409673 0.0
0.989508616347748 0.02244164602219744 0.17977748307769018 0.0
0.9892010197069916 0.020394428997541143 0.1696777399226503 0.0
0.9848825043636796 0.01928035657657641 0.1823075151328107 0.0
0.9940698835529177 0.017818667646233438 0.18257918395227823 0.0
0.9922735208852849 0.019784367190568627 0.1906560892404346 0.0
0.9958094159629589 0.019239609142390656 0.1883934523949583 0.0019913707268503153
0.9948024986379005 0.01862553308781306 0.18592039267733687 0.0
0.9950467535164386 0.02068352800372777 0.19088345067267595 0.0
0.9944449381736106 0.017307294343505197 0.19243637838385885 0.0
0.9887493334985163 0.016328466809891955 0.19753315513722022 0.002066115702479339
0.9961625480291003 0.016549427760550284 0.1949529261784292 0.01598629745932058
0.9945245227076996 0.016891231326405243 0.19372327011168078 0.004866876610363584
0.9958256873453252 0.015432955250271902 0.19536871480571688 0.002892453326321325
0.9870877708409842 0.01715702681099215 0.20489865090378218 0.0
0.9948896231875564 0.01609976540313619 0.20712892244749667 0.0
0.9927703454670506 0.017020404382419082 0.20539840991142064 0.0
0.9983379487903284 0.0168673411756793 0.20707800894774658 0.015665796344647518
0.9917691874137562 0.015035038695598598 0.20832789896743095 0.04228624535315985
0.9970914609086023 0.017676767676767676 0.21062787272545283 0.04394426580921758
0.98929871608928 0.012620609416059858 0.21654290964753845 0.002263012320844858
0.9907184074741245 0.01596434884357806 0.21296137298487783 0.08725182863113898
0.995926705232098 0.016267130185380632 0.22488814701151355 0.1068478550492939
0.9957395839091897 0.01441082498759938 0.22291398215505712 0.0217224635829287
0.9958016052178817 0.012481464923442294 0.22969320056586842 0.01262761955937668
0.9955203721118757 0.014384918132684677 0.2299313323344265 0.0
0.994237721924735 0.013788610934084107 0.23151533954185216 0.0783347028211449
0.9958284861224144 0.01356616809657581 0.23672552261813837 0.05430220356768101
0.9948536933828013 0.014225970852947962 0.2543839707396479 0.008184143222506393
0.9942290807303327 0.013055633298169752 0.24743166295410937 0.0
0.996266920819492 0.013360484752160524 0.25672318640986996 0.0
0.9929554576307057 0.01991054489096631 0.25392220231495094 0.044859813084112146
0.9967365973283508 0.013205465766112666 0.264819546938128 0.16426387068588905
0.9879541094468938 0.013696352661597947 0.26136721202269836 0.02139423076923077
0.9903078496658382 0.01686411515931598 0.27149402057761707 0.04782833505687694
0.9962214927936401 0.016238621188011386 0.27950880234326 0.20756991321118612
0.9933024079081088 0.016831383220150223 0.28407459206734337 0.14008058781701824
0.9949219440499103 0.011412645634707144 0.2946157984783897 0.2813044560617376
0.9935888017083468 0.013431446972108628 0.29676984454965283 0.1804754211862451
0.98796123356594 0.016654206927316194 0.2987079117545978 0.3590697674418605
0.9942629381432031 0.015747746606907843 0.3051865023787337 0.33653846153846156
0.9930198110784787 0.015542718319288292 0.31745437603152415 0.3419985690436442
0.9940281852115352 0.017530924118199627 0.3249973310769401 0.35161676646706586
0.9939970125519231 0.014376285389937545 0.3359352231822872 0.28880597014925374
0.994332181536245 0.012272010674011813 0.34304326759712556 0.2826777424871732
0.9952241516617136 0.013405357838882232 0.34223167583253933 0.34967012252591895
0.9931417164604861 0.014262046063436016 0.3478877273151613 0.325927622537792
0.9959849971398987 0.01509735701641946 0.3535685124658827 0.3611111111111111
0.9934216940853026 0.014980401046772182 0.3647766650770943 0.3497826086956522
0.9895248092198974 0.01399922520011471 0.3689236338417322 0.41342134213421344
0.9940278866111966 0.01707344511564996 0.3930955245870466 0.32988196313936635
0.9934202647223672 0.018225363782300243 0.38727886280404245 0.4240930599369085
0.9937935917691033 0.02063754168887684 0.3942736108087331 0.41018023370964546
0.9943009816722279 0.021831631405078638 0.4149207243512002 0.4036596119929453
0.993288989695626 0.022618938522499257 0.42626374062462796 0.4373613072422836
0.9934847652417319 0.016697965614233826 0.4268084705644009 0.37703252032520324
0.99378409204213 0.01760896505761293 0.4212192383121402 0.43360686311077956
0.9943369800301477 0.014632313059088168 0.41920636727929433 0.15222228904793408
0.9945325685885994 0.013521697541869718 0.43757305608573493 0.21023447401774398
0.9952355705331658 0.014231650388681306 0.43377174354033016 0.17437860990330326
0.9919753056565813 0.010724509188341065 0.4292679883893913 0.22873977662474718
0.9954431310247938 0.012655118888224579 0.4350803969719467 0.25328600211071667
0.9949106004404775 0.012654712731914621 0.45366283709646493 0.158123370981755
0.9911498415847106 0.013856156393245583 0.4616837006936748 0.26672969849774136
0.9946630713305263 0.01728694462581227 0.4691331346544293 0.25722713864306784
0.9963361892205864 0.01224965204014358 0.4638916734416809 0.2168813559322034
0.9936925640783173 0.013820316929997566 0.46131754330471336 0.31954558695018936
0.9951234575525884 0.012194759816682669 0.4496875845131962 0.6922011084718923
0.9918894998586891 0.014021536552976855 0.45713159471231113 0.6332672553613263
0.9832802181759447 0.012544510903716806 0.46361791210957887 0.6937207122774133
0.986998137802607 0.011548830025780216 0.47009008618084497 0.6456856302956943
0.9889161679456812 0.012629297635636232 0.47496018596754913 0.3820552947313511
0.9857727469117619 0.01572473145102197 0.49447405053501875 0.4331318016928658
0.9966535370811447 0.015211846989609602 0.5052044236216524 0.5370673005496954
0.9937622039247943 0.013962908901637304 0.511200543364416 0.6408413672217353
0.9951893059539216 0.011752693925376066 0.5292315099877714 0.5543396792085145
0.9923393902459346 0.009410058380273485 0.5371129500302944 0.43532667549031406
0.9932433956596742 0.010479473019794358 0.5538954970569026 0.37208142087407703
0.9931750389199853 0.010366844944985038 0.5523093283137896 0.2945099255583127
0.9913150141959264 0.00886561115628527 0.5695166497415766 0.3877461225387746
0.9910048457420912 0.0019420807719872008 0.5943640432022792 0.26758409785932724
0.9896269053262563 0.0002583859357305358 0.5923242724473894 0.22762018005775436
0.9895371521905949 0.0007204749988742579 0.6160937264961169 0.21389376025343668
0.9919121621211293 0.0 0.6245659943384261 0.22824742268041237
0.9915944101238596 0.0 0.6518305517732446 0.25681004671479707
0.9913606407923523 2.824140755175238e-05 0.68338290947034 0.30860243169041707
0.9932898669506623 0.0 0.6991568586158754 0.3037814846813318
0.9917990673641047 0.0 0.715106338794572 0.3226708498158505
0.9896952892403045 0.0 0.7380534295915933 0.2631807805196217
0.991657851426864 0.0 0.7585144990477153 0.17691755188447436
0.9910627057496912 0.0 0.7572207998363442 0.1009677979342071
0.9958249244535563 0.0 0.8011957238485363 0.09639072779815949
0.9860054274275735 0.0 0.821439414025984 0.10944555227027894
0.9919973562799483 0.0 0.8786385766820324 0.1471980146592024
0.9929792689624454 0.0 0.8743060501692799 0.07386254912639652
0.9968799310604538 0.0 0.8687804012765078 0.0524109239462595
0.9953080384676886 0.0 0.8467907308891742 0.03646498357710834
0.9930715311206824 0.0 0.8772976171390132 0.06263563864557459
0.9902803314497898 0.0 0.9132487720374137 0.15036891753058745
0.994626376431287 0.0 0.9314438835919486 0.39511852776044915
0.9946100430928617 0.0 0.9271915021508537 0.2765731530121829
0.9954580192158159 0.0 0.926073847644342 0.21755297701715873
0.9943603806993752 0.0 0.925120652146733 0.23746040750720937
0.994816159144917 0.0 0.9272198556956198 0.19840470531362042
0.9952967472789995 0.0 0.9276622278464529 0.1925109969319484
0.9873735574074981 0.0 0.9246589554691624 0.23726239241496755
0.9932496707360458 0.0 0.9316243662863064 0.24221754257462003
0.9930185590440883 0.0 0.9307193081368923 0.31018220793140405
0.9893211039411797 0.0 0.9298070190503871 0.21993127147766323
0.9884183652610014 0.0 0.9323366459688434 0.20170932601186786
0.9885285728168104 0.0 0.9316031940279743 0.17239689669252756
0.9934221210693689 0.0 0.9371598581894608 0.325006715014773
0.9892849381071945 0.0 0.9415319289257232 0.48160682754561507
0.989820470751197 0.0 0.9440784539480352 0.6831179834780767
0.9878084871241162 0.0 0.9479947702337518 0.6136144894566454
0.9900494238502114 0.0 0.9497510498144042 0.602885606320852
0.99397611038649 0.0 0.9459681525998705 0.43469159921853195
0.9939627132090441 0.0 0.9468754230320959 0.4705024606598214
0.9895613932280767 0.0 0.9449913847541348 0.3666212003117693
0.993341045246772 0.0 0.9463327596572785 0.5843965697552813
0.9932254972571658 0.0 0.9476137528107557 0.543896006028636
0.995473474560927 0.0 0.9502420187331476 0.5637806096951524
0.9943936232928482 0.0 0.9459201342246981 0.6284852063242143
0.995470679226956 0.0 0.9422630058278354 0.5061489988820002
0.9934631757829598 0.0 0.9449441281089725 0.4996121776226488
0.9951735288034315 0.0 0.9510180802697867 0.6679195515990768
0.9957222080139198 0.0 0.9526303378658496 0.7491434836234069
0.9931069899637419 0.0 0.949339518474631 0.6078387953941541
0.9951553238655889 0.0 0.9526541390823763 0.7036388872126004
0.9946171360971611 0.0 0.9542885949619518 0.7483851674641149
0.9941254115503162 0.0 0.9521431731046759 0.6427566807313643
0.9945735178818779 0.0 0.9592756684563748 0.7860374548994903
0.9926374552348852 0.0 0.9570497284827434 0.7760677183532128
0.992067245779578 0.0 0.9602678571428571 0.7886617199594299
0.9915336301394786 0.0 0.9559787699032157 0.7881390803415287
0.9975738007810495 0.0 0.9600672424635668 0.6951279199110122
0.9938793449345144 0.0 0.9542382825587077 0.6414747280870121
0.9954763193302608 0.0 0.9539392580970526 0.5379720918511985
0.9948479702887134 0.0 0.961106033666229 0.697482088024565
0.9949017894158907 0.0 0.9629240693872583 0.7070707070707071
0.9957625109053028 0.0 0.9669352718510785 0.8105915011744608
0.993317732458914 0.0 0.9613394961851227 0.8113410787104717
0.9917698040741744 0.0 0.9605626441848311 0.7983654156360899
0.9951409869876745 0.0 0.962227925439804 0.7880328641659371
0.9943293075371598 0.0 0.9597114349969034 0.7885977337110481
0.9957338450751005 0.0 0.9617232526180102 0.7594560258705318
0.9933404705684733 0.0 0.9603863695262407 0.793714382440896
0.9869909423417376 0.0 0.9518995517886991 0.7461644324379428
0.9901453343860572 0.0 0.9565075175574963 0.7815630775216419
0.9892665259260391 0.0 0.9558465860798125 0.7953626252412905
0.9854378987032161 0.0 0.9577126241239509 0.8752372366672992
0.9923370670121217 0.0 0.9642111167315309 0.8895302640803926
0.9893070523200626 0.0 0.9615222872772341 0.8649144123979451
0.9807771149497975 0.0 0.9567648648350557 0.8661682534119892
0.9843264641581042 0.0 0.9576112390266474 0.8242652204338698
0.991610347238406 0.0 0.9635087413721853 0.8455039122816149
0.9893328652165686 0.0 0.9631750152666286 0.8619365737541274
0.990114608896852 0.0 0.965540830584159 0.8434521013950064
0.9925566552735166 0.0 0.9647863391266608 0.8490140233158746
0.9828889215748076 0.0 0.9546730183585588 0.8073730919032689
0.9824978615808323 0.0 0.9536301427411149 0.8168475111404192
0.9898349838101334 0.0 0.956711283296626 0.8121926174133924
0.9869304888322756 0.0 0.9551263609618434 0.8196417749646489
0.9901188948886276 0.0 0.9519601969179775 0.76880467127898
0.988844157270639 0.0 0.9500804592399321 0.7950005669047666
0.9927298821068418 0.0 0.9446341887569948 0.7688712383805658
0.9935056683035371 0.0 0.9413532063851159 0.7631127444628167
0.9874013060237431 0.0 0.9268263809629668 0.7529652989814795
0.9948901477915392 0.0 0.9241449133365992 0.7657649279035252
0.9921005055628643 0.0 0.9129417126613031 0.783493147894115
0.9934746720472417 0.0 0.8870292422565088 0.7477341347380343
0.9888384940862512 0.0 0.8594558385473825 0.7713258967033964
0.9904331967730668 0.0 0.8236399161432343 0.8120138572248199
0.9879562303010067 0.0 0.1729167583505699 0.3397050798139289
