0.9850197079127839 0.0023105236539743505 0.16822402922543184 0.0
0.9893327065254808 0.0026999100029999 0.15512811793953407 0.0
0.9872517528677384 0.0027431101704556743 0.16324834721435777 0.0
0.984059760724897 0.0032504697427424858 0.151546252411726 0.0
0.9846265953627544 0.0017267111387952773 0.16117089715939464 0.0
0.982995284259243 0.0020371850063183533 0.15921565408815172 0.0
0.9836226840073542 0.0029787285991081255 0.15449837894278115 0.0
0.9708444949168383 0.0022834050949900025 0.15803156728776516 0.0
0.9787225381524797 0.0034712127373832573 0.16026040043755213 0.0
0.980074132102922 0.001412268796498284 0.16653320901661822 0.0
0.976610720950138 0.0021915041566828034 0.15813763673102266 0.0
0.9785897410548932 0.0028330280683660607 0.17238966076754056 0.0
0.9826601207402011 0.0030633804729410445 0.1638670608823386 0.0
0.969968571464926 0.002283414177201102 0.17301234031909515 0.0
0.9802414542972264 0.003516171118459945 0.17391347481251807 0.0
0.9825199521496591 0.004242397729779902 0.1835152284166487 0.0
0.9889889656189329 0.002249838271940469 0.184168766701292 0.0
0.9845143244926426 0.002590128901633663 0.17914988597971657 0.0
0.9880958570052001 0.0031590527877527145 0.18432188773910316 0.0
0.9875097608236689 0.002495929385551461 0.1869218450717493 0.0
0.9816889282227149 0.0023680875848064603 0.19311063982695573 0.0
0.9843764859974647 0.0036519376722968593 0.18729427900455164 0.0
0.9882875717921765 0.0034717858948469698 0.18826962476902914 0.0
0.9900705238412687 0.0038353576853992002 0.19089856278633371 0.0
0.9800970579314529 0.004567741350043251 0.19996649968447378 0.0
0.9890057228328809 0.0033339703556862165 0.20285552063139536 0.0
0.9821977570454875 0.0018976962895641523 0.1990030959124123 0.0
0.9894223611910744 0.0029221808384182583 0.2008990902905328 0.0
0.9832645241826182 0.003258418243957396 0.20248089162730457 0.0
0.9884730248800176 0.004200639746887079 0.2039817640904364 0.0
0.9797960591002579 0.0022612593335965274 0.21074816997069606 0.0
0.9825622423184931 0.0037082337742343546 0.20744185391191633 0.0
0.9850643527159028 0.0022869761452038095 0.21795319540251437 0.0
0.9897985795274515 0.0018933601609657947 0.21789068838544592 0.0
0.9912889195398926 0.0019030537019866544 0.22551591676763585 0.0
0.9912028930198656 0.0022476972467981677 0.22499348743171524 0.0
0.9866328488325586 0.002232505891896206 0.22624064766945692 0.0
0.9871822906821739 0.0021425571500743607 0.23181651693745683 0.0
0.9811181976147224 0.002386357746332867 0.24741842723593002 0.0
0.985742797650419 0.0024793345971466586 0.2403994241781737 0.0
0.980593707368564 0.0022222821095925055 0.24774544481535202 0.0
0.9799434413209891 0.0044534946446881316 0.24515924869656494 0.0
0.9731984156455007 0.0018638677707327911 0.2533308465673035 0.0
0.9751229112550881 0.0013219024995501788 0.2522889029398115 0.0
0.9775549432387292 0.005031259898617114 0.2621609304569947 0.0
0.9799744091376176 0.006927886610530942 0.26865484793056205 0.0
0.9733181565049233 0.006746104966026693 0.2727598624586637 0.0
0.972844890526364 0.0030842418761201497 0.28138929020650877 0.0
0.969846471613825 0.003972600755295594 0.28131666338939687 0.0
0.9639281453583906 0.004167863039264949 0.2830435423844759 0.0
0.9671031306834321 0.00431812935377429 0.28557106646994285 0.0
0.9574360050799577 0.004503689915766025 0.2954484159839723 0.0
0.9618475666914837 0.004613683965557365 0.3043405711605107 0.0
0.9595115113984204 0.0030378675092442697 0.31327485035815916 0.0
0.9547926047049894 0.002889196910708295 0.31598675486295835 0.0
0.9553607760795612 0.004030656913354033 0.31776919866444076 0.0
0.9580073758520814 0.004812662865710986 0.3259975648268194 0.0
0.9606014551484277 0.005335352819748623 0.33043638979914153 0.0
0.9559804203058285 0.00562130288118253 0.34284297764927696 0.0
0.9463597660345895 0.004636590690329846 0.34015038260781433 0.0
0.9492889417794009 0.005012016003876553 0.3649118127190306 0.0
0.9529308259100406 0.0055769544596208295 0.35941594639556085 0.0
0.9469657215792042 0.006577719053842508 0.3643311433829489 0.0
0.956200457896392 0.006659614043871621 0.3907346718100194 0.0
0.9373841565682296 0.006498572449228192 0.39045335882053245 0.0
0.9462060476416595 0.0056834613615518725 0.39915917503547627 0.0
0.9548596795913196 0.007592918527210109 0.39719750854562536 0.0
0.9377638505089015 0.004490753762747012 0.38081199268207827 0.0
0.9375973041742777 0.006474289138636206 0.40224189042475883 0.0
0.9550912965749427 0.006712908319115462 0.4105610854061355 0.00011492271447451588
0.9571733227674774 0.005031798952175497 0.4082811740110782 0.0
0.9662729677255972 0.006695239393815865 0.420474649611718 0.0
0.9633587910908734 0.006044302553026011 0.4335289503385557 0.0012469799703842257
0.9496606879524209 0.008928768790718442 0.43742888702812416 0.0
0.9489056439736904 0.011300975131336058 0.441364499327492 0.014720726783310902
0.9355247801354568 0.008529504103375125 0.4279887207903698 0.0020389669234254643
0.9517281695629921 0.0083379752631318 0.4371155152558036 0.012644962973312841
0.939650032374218 0.00795373300204577 0.4193974024669974 0.009984954178634934
0.923080025954239 0.009132276118066055 0.416952949554024 0.0
0.9048072286678657 0.00851493974289135 0.417654938901983 0.007974137931034483
0.9048709754460985 0.007755127927162564 0.42133091964489494 0.018006774826172224
0.8818799682778177 0.008315874246584793 0.40718545981159443 6.499415052645263e-05
0.875275544906056 0.009999812620625473 0.4237845297137661 0.009655550229404918
0.8760513463745296 0.009497772892190191 0.4253565467699368 0.0
0.8557198153243483 0.007895660784291518 0.4153343215416049 0.009312826301679131
0.8503552665290036 0.006312968772231745 0.4280714653689967 0.0019929002927072306
0.8489891568913166 0.004428243318485524 0.4362485325434919 0.0
0.8512323791579395 0.004201048085312476 0.4538159843764891 0.006859434360489658
0.827833549735567 0.005313608327258647 0.4299808409801351 0.0032850599176421596
0.808606892393554 0.002237838447229477 0.42645564024291865 0.0
0.7997947340655125 2.6247938022561113e-05 0.44542918775969154 0.00027423019666222674
0.7917049574244944 0.00014332344872553155 0.4453722501092458 0.005627857896588111
0.764927703230123 8.577690285336867e-05 0.4410504627137327 0.0
0.767341311876911 0.0 0.45143327881182915 0.0
0.7421937989173061 0.0 0.45855482203449177 0.0
0.737321774764683 0.0 0.4900582038432534 0.00674542405017137
0.7195064139553464 0.0 0.4847091355183134 0.0
0.7158912967725145 0.0 0.4966081988941635 0.0
0.7129723653510689 0.0 0.5154648752718967 0.0005211207160811722
0.7122830083064973 0.0 0.5376271028960007 0.0
0.7075858960668474 0.0 0.5275211541014754 0.0
0.7015231649747253 0.0 0.5610380706901114 0.0
0.7009312954672169 0.0 0.5863085695341729 0.0
0.6930477390223153 0.0 0.6232219621553705 3.3436987996121306e-05
0.6894881198835633 0.0 0.6089161930141168 0.0
0.6975889163231115 0.0 0.6009731041806636 0.0
0.7148227575810429 0.0 0.5973593491796938 0.0
0.7255660059885976 0.0 0.6418473552765581 0.001568282180737643
0.7146362669492039 0.0 0.6664976798760351 0.0
0.7150996761610127 0.0 0.6766748601457874 0.0
0.7252360714587656 0.0 0.6808523806818808 0.016325257356764062
0.7317800698935948 0.0 0.6831149316631512 0.00033215694415611376
0.7335150047099986 0.0 0.6851230106953642 0.006461394072844097
0.74848565780848 0.0 0.7015888417017184 0.010687349232037619
0.7472118058138184 0.0 0.6987957407250909 0.0011457670273711013
0.7418030629087187 0.0 0.6994666924424982 0.0027983539094650206
0.7380968735284795 0.0 0.6967471631352478 0.0
0.7326969191655509 0.0 0.6886957951636705 0.0
0.7238273221808393 0.0 0.6818449952933794 0.00021552498293760553
0.7189964766801764 0.0 0.6720311023426231 0.0
0.7062208144205336 0.0 0.6585555911799801 0.0
0.7037859009961696 0.0 0.6622470428326086 0.0016474464579901153
0.6958297116680097 0.0 0.6607735151616235 0.0
0.7060159854291669 0.0 0.6773837474874794 0.0
0.7119090664787472 0.0 0.688300898068931 0.0
0.7221956160735553 0.0 0.7067712671456297 0.0
0.7271701208179604 0.0 0.7025018849363518 0.0
0.7360608731605083 0.0 0.7104609681029659 0.0
0.7519703582223065 0.0 0.7284533757224754 9.211495946941784e-05
0.7661905242371391 0.0 0.7359105717045037 0.0
0.7881274549600383 0.0 0.7632121021224451 0.0
0.8109545625706037 0.0 0.7833558370378227 0.0
0.8219749774543946 0.0 0.7938222904375798 0.0
0.8251160177617721 0.0 0.7962075375976123 0.0001649620587264929
0.821570664505099 0.0 0.7929243430541509 0.0
0.8379828668021763 0.0 0.8194306047368004 0.0
0.8429164711489789 0.0 0.8299963880860031 0.0
0.8297781597534103 0.0 0.8223175892792712 0.0
0.8264423663024593 0.0 0.8202145238806033 0.0
0.8317083716308888 0.0 0.8361508550027322 0.0
0.819111491628615 0.0 0.8192124978814221 0.0
0.8295464700191545 0.0 0.8358109075439824 0.00040821325060211457
0.8333370933427235 0.0 0.8462727189608218 0.0027179284443565924
0.8390943996494908 0.0 0.8571391163100893 0.018473435486180724
0.8448314824702972 0.0 0.859910481553132 0.024640916557853502
0.869006669434179 0.0 0.8767532955014936 0.00658984648234731
0.8758384532427 0.0 0.8817718678140307 0.003698157034139185
0.8960926137114902 0.0 0.8960910678993305 0.046369878867371345
0.9197073869706759 0.0 0.9246282962976611 0.04842213793865302
0.9157156847585176 0.0 0.9244930839524863 0.05988596793326446
0.9320359899294234 0.0 0.936301871283441 0.13384059349438843
0.9389752801542111 0.0 0.9443405174916981 0.22194069440595432
0.9348102205269255 0.0 0.9376148530236056 0.2885257940150542
0.939224768743601 0.0 0.94417080116781 0.16058266671324276
0.9418360168363149 0.0 0.9408336980149364 0.397718580597958
0.9427305485917634 0.0 0.9407801116748087 0.38893454652186676
0.9397103056679064 0.0 0.9407127209853967 0.4314798283756155
0.9241529409520712 0.0 0.9288750751248261 0.4214837796647072
0.9205788966092106 0.0 0.9239957150038911 0.4657439103041127
0.9110120078947765 0.0 0.9205205572901635 0.48226166742728127
0.9089466508727623 0.0 0.9266056796507659 0.4390824290881401
0.9049604064853328 0.0 0.919464315768105 0.533225916703286
0.9065196097477184 0.0 0.9229945989111584 0.5247834615299848
0.8819121428766146 0.0 0.9051401093210488 0.4845660922908608
0.8902002992461768 0.0 0.9128690594588287 0.4647105046969318
0.8968317501796831 0.0 0.9184206538882729 0.4513683399576279
0.9088919589312067 0.0 0.9327795185405567 0.5001786019351131
0.9053071839406429 0.0 0.9343376296653686 0.46484782221770193
0.8948787202427471 0.0 0.9318152350361228 0.44202390183263796
0.8939753459183598 0.0 0.9293870511384461 0.4602410941131953
0.8712225553789061 0.0 0.9169632123106516 0.444465820836582
0.8720155737679346 0.0 0.9182834804898395 0.40923437720411904
0.8726602975276772 0.0 0.921154370292186 0.45707336041499474
0.8774828012367081 0.0 0.9194952177792649 0.45393756505200417
0.8727455458728741 0.0 0.9111565593275228 0.5021475182389686
0.8796448195804047 0.0 0.9095471554246439 0.52479971931466
0.8885595191893289 0.0 0.9066174181975852 0.5563624024431625
0.910418869909471 0.0 0.8980919931549544 0.5733070614644767
0.9470343777645195 0.0 0.8979261502663872 0.6298738453993079
0.9628885055232477 0.0 0.8877093882066349 0.6621615630424625
0.9759772180930726 0.0 0.8524596912117972 0.6547542878081092
0.9776243666100053 0.0 0.8203555721406296 0.6971912282542923
0.9802781272435516 0.0 0.7816717159586035 0.7569451578839226
0.9883822390324972 0.0 0.13606379068654267 0.10469290635264415
