0.9868027945525074 0.03347714498606345 0.17209087819419525 0.0
0.996609624517536 0.03226632361932846 0.1589796838960619 0.0
0.995784612916756 0.03369919697022829 0.16975855618997307 0.0
0.9951336605196646 0.0353857427280603 0.15869194380679338 0.0
0.9942266903298416 0.032658755756912045 0.16690840103656504 0.0
0.9955538642231172 0.03259911894273128 0.1671187669256207 0.007405121875964209
0.9954110366566006 0.03185413673551158 0.16270387417943843 0.04433497536945813
0.9885327999622981 0.029732445497349227 0.16750760249947216 0.0
0.9937559733278826 0.029961275969062753 0.16835505896034145 0.014689578713968959
0.9907780648708834 0.03144406670334801 0.17552002441892825 0.10538045208532315
0.9960068492778951 0.03244983877063047 0.1689554629129051 0.025312855517633674
0.9898282022115975 0.032349190638061145 0.18028674703538758 0.012205270457697643
0.9884241472184123 0.031035611339872492 0.16955044530676391 0.0011248593925759281
0.9852614422694477 0.02955396700982578 0.1833120293343414 0.0
0.9944829275699235 0.03092932275946053 0.18396772987789684 0.008574807806031934
0.9919542660895795 0.030323404827539837 0.19081962745701472 0.05733291099144758
0.9956857261367503 0.02888439478705356 0.189052334990106 0.05343511450381679
0.9947631290826557 0.0305222971823366 0.18689937564912196 0.0
0.994622440864563 0.03228032317960556 0.19128580826601319 0.0
0.9940605244609247 0.02930653523800097 0.19332180523051673 0.00818746470920384
0.9890051948935509 0.02795811077767852 0.1983760634009854 0.06847697756788666
0.9962475038219869 0.029728284644922956 0.19594476126275068 0.0984870111333143
0.994165722707397 0.029658937762287365 0.19474562335235854 0.03807615230460922
0.9955751672132589 0.02764822349637075 0.19656815665160154 0.15172232448067316
0.9866846718241731 0.029295634510979104 0.20595173059586286 0.06106651376146789
0.9943663519900345 0.02762811671558242 0.2076256358217236 0.09687240520343206
0.9929516968838631 0.026636093451689727 0.20611764107018155 0.06237539162631729
0.9979010998236924 0.029019795339170155 0.20815515012303062 0.23121554975340877
0.9919030947604043 0.029245136897622658 0.21101120790234737 0.20283457249070633
0.9975574004804915 0.028035518010705446 0.2122726102986861 0.24088960342979635
0.9902570326985329 0.025649324297920138 0.21877880092640492 0.13779230575810913
0.9905141207333695 0.026478798166661197 0.2137469665642675 0.2227899846704139
0.9959007842511567 0.027382223237310255 0.2263278637684732 0.23966727319989603
0.9956681974417173 0.027855583556718407 0.22506230597700144 0.21256038647342995
0.9957760050471072 0.02656650417545817 0.23216992680544457 0.23885008060182697
0.9944855167572565 0.027098495166527712 0.23190434833506557 0.12158216087071941
0.9946114739664427 0.02577926835290217 0.23402302614231438 0.2947137770473843
0.9955140933897818 0.025110062638589902 0.23883421828538054 0.2972193074501574
0.9954951679313129 0.02663141717627191 0.25713627523651766 0.2746803069053708
0.9925740438002584 0.025415405727862522 0.24959686861480218 0.1210499490316004
0.9957841144628016 0.027007244938467647 0.25927960540988493 0.24691358024691357
0.9926638844366488 0.028878060385314253 0.25515616898579896 0.21815754339118826
0.9968918498383685 0.02699832604767491 0.26719230550675316 0.28768020969855834
0.9876245958625439 0.025822896695963948 0.2634635773496934 0.23245192307692308
0.9892837314011769 0.02723834655364065 0.2734212998554751 0.2748940677966102
0.9952193181861116 0.029040486067105804 0.2818877770629953 0.4298653610771114
0.9932280050883774 0.030693763743456202 0.287044209355345 0.38925855513307983
0.9955475862546884 0.025740699977988113 0.29736766096205536 0.4454522549760645
0.994421178930391 0.028535318166963457 0.29995057231223043 0.3445883441258094
0.9892089310774989 0.030486112354721442 0.3019223385425213 0.4830232558139535
0.9947446142627085 0.03045997200926699 0.3084919264360605 0.4943465684985538
0.9938400433731124 0.030145637650216835 0.3207086786322413 0.4595754829477701
0.9949689293271782 0.02930330743201338 0.3276832643425135 0.47128664889750427
0.9947204065213617 0.03039035243376318 0.33962585697641917 0.4094308267552971
0.9954479447299326 0.030855217459165717 0.34706602606436665 0.3927174975562072
0.9958322903933686 0.029922037992752826 0.3455186217959739 0.47620169651272387
0.9927046220218619 0.029493873690407825 0.3505656565979419 0.4760705289672544
0.9966766532170384 0.030188366535418197 0.35669816457617565 0.4713608957795004
0.994393417689177 0.03040878235572022 0.36814978023089806 0.4820960698689956
0.9910584000875755 0.03218328705506904 0.3737611736296318 0.5409691629955947
0.9950949499790331 0.033100765371105054 0.3973446427101176 0.4885368903709879
0.9938520045126862 0.03412163079441301 0.3913617889459565 0.5735512630014858
0.9946985133652443 0.03294559519409465 0.39748999033993465 0.5306165099268547
0.9951297090170581 0.03443763889932684 0.4180010184565171 0.5021997360316762
0.9946342803251274 0.03593623418867172 0.42997235745688606 0.5195780077094745
0.9944218395787117 0.03320251888753711 0.43127632199339905 0.45659782989149456
0.9944987804818679 0.03379638919470039 0.42515650451946724 0.4995457023441759
0.9951948602621626 0.029831810334399984 0.42804283204648913 0.28641212242049646
0.9957668666186328 0.031821534861241826 0.44191166957630085 0.22256886318672958
0.9960238592681283 0.03179013912150998 0.44024157533253844 0.21089415663952735
0.9927773931315635 0.02711041092293554 0.4335550159206471 0.2618274379004652
0.9965814986932464 0.0298206193168199 0.4384758283872395 0.24646972894010713
0.9954306390096052 0.02936858627502749 0.4589291027073969 0.1871598218703612
0.9913997415189705 0.03195390102711592 0.46595185775552767 0.26223381138635377
0.995782589111878 0.02659226232260372 0.47077494496774547 0.21789577187807277
0.9973890211403481 0.02535155215525503 0.466798735766026 0.1922361823201307
0.9931289887375377 0.02982608607043609 0.4646829645844363 0.3502994011976048
0.9958012760657895 0.027845024356985465 0.4537409607346377 0.7675030352084177
0.993170560895625 0.029083327848162848 0.46138627858301295 0.6780123771386968
0.9845065934421577 0.02684285040113261 0.4673272417097053 0.7514770344959024
0.9888745963106902 0.026447555940819534 0.4747059917223018 0.7644920604553281
0.9902564743408119 0.027706028668105797 0.4823352287534499 0.691696750902527
0.9873590686199148 0.03132826621948298 0.5007214814103407 0.7423312883435583
0.9956977728000389 0.030829404608014598 0.5088186947089425 0.6831922611850061
0.9946914928575571 0.027441360100514022 0.5148471368146869 0.7720830906620074
0.996327926692761 0.025820044267764172 0.5341302213036893 0.7311194429566149
0.99427863694342 0.02485451923227113 0.5434056392688749 0.65724264094462
0.9942224379242173 0.020399692488711953 0.5588957040440601 0.6885858093846403
0.9948701820096593 0.018608919996097546 0.559108204794834 0.6225883051350549
0.9928897397706667 0.018338133548921963 0.5742340857753467 0.6478783026421137
0.9928562391232212 0.015477692372802792 0.6036114967842837 0.627482476635514
0.9917740129234712 0.003467274818866173 0.5997215922767988 0.47707400298571123
0.9923145251612405 0.003347005812769224 0.6261206269442262 0.5848668125080427
0.9940090515813473 0.0005193977604790681 0.6335238584950916 0.5131497204390143
0.9940352589011442 0.00038761047482283164 0.6590675847687458 0.5396972148387842
0.9930024255961899 0.0017764269174885636 0.6897120482453135 0.5642601698703621
0.9942372043431261 2.960052742757962e-05 0.7038486800329418 0.5246675246675246
0.994073039876627 0.0 0.7198656325103779 0.5198344604824872
0.9899746958934179 0.0 0.7440116684674043 0.4785212915301825
0.9917048755731336 0.0 0.7655340038898469 0.3849841490760071
0.99356095267678 0.0 0.7774606776984764 0.25391269563478175
0.9966370925834097 0.0 0.8145636213576579 0.16145619735638347
0.9857525747435865 0.0 0.8293443557945986 0.21828254847645429
0.9929064935125954 0.0 0.8798450700722584 0.3384556769113538
0.9919205766646076 0.0 0.9005536602918187 0.35856046573167505
0.9953123572691417 0.0 0.9190203714263898 0.17694805194805194
0.994519369773272 0.0 0.8946011828317614 0.09340387748750527
0.9923866482196235 0.0 0.9068803288295352 0.13625382910367842
0.9903226132765653 0.0 0.926574561675237 0.3344718223957063
0.9959006002131598 0.0 0.9366488323818115 0.6959820873242941
0.9948106925897227 0.0 0.9343090107330061 0.5606703008277811
0.9935379446767915 0.0 0.9361893921389587 0.6049231454666963
0.9946073019654157 0.0 0.9355037556029998 0.5966112397390023
0.995084689768476 0.0 0.9371157182786846 0.4114327592524734
0.996283466114547 0.0 0.9417468602933756 0.5666380051590714
0.9890059827284725 0.0 0.9361755431802476 0.6451717433570966
0.9948380154714128 0.0 0.94085984806232 0.5931382050785036
0.9961377661851771 0.0 0.9393588976871646 0.6486129458388376
0.9920928492050892 0.0 0.9393341352625741 0.6964113551151581
0.9924391051627859 0.0 0.9442037457304633 0.7471859522737505
0.9936782488726363 0.0 0.9442215421937385 0.714046997389034
0.9958622587811357 0.0 0.9434484206722611 0.7597443419949707
0.9943158376730613 0.0 0.9440730882950253 0.7548081764172793
0.9930026568073722 0.0 0.9450337965081667 0.7818047337278107
0.9903644766659976 0.0 0.9490382468030566 0.7169063421828908
0.99408753418398 0.0 0.9523581881193744 0.7841077974834043
0.9960040292800476 0.0 0.9473747964086069 0.7342293906810036
0.9958891981492868 0.0 0.951656368239105 0.7480363065107348
0.9927947368303116 0.0 0.9533166141698237 0.696093814518127
0.9952221675539836 0.0 0.9502110231122157 0.787843833185448
0.9951934876427239 0.0 0.9502206166681889 0.7314814814814815
0.9963777370891818 0.0 0.9540827945042888 0.7808512389890508
0.9952904121289772 0.0 0.9492916722979412 0.8390861683635461
0.996572098445818 0.0 0.9487945478614174 0.7999697839552803
0.9948683330789356 0.0 0.9519623645029931 0.790416971470373
0.9961860463098154 0.0 0.9539180883982252 0.8435458786936236
0.9969480344553441 0.0 0.9541896142592292 0.8492906484438832
0.9944981640214751 0.0 0.9534137924652429 0.840507054357946
0.9953627524308153 0.0 0.9541651837101779 0.8357094821788836
0.9961853197740941 0.0 0.9552486288064432 0.8442068654601662
0.9961349961685646 0.0 0.95685818010596 0.8618476499189627
0.9962374416003773 0.0 0.9613730485473524 0.8707669322709163
0.9937121002499684 0.0 0.9588084030048207 0.8677858764487991
0.9921360905269722 0.0 0.9609105861631311 0.8931596471756528
0.9935124516227694 0.0 0.9575112189205579 0.8544891640866873
0.996946108623274 0.0 0.9619781283771999 0.8250713994288046
0.9956505521346922 0.0 0.9593627015153694 0.819474619790638
0.9965636964775012 0.0 0.9604923886270686 0.7064447733728048
0.9955107310575582 0.0 0.9646503628682167 0.830865711052433
0.996594801599197 0.0 0.966960644568796 0.8363286264441592
0.9970053695678829 0.0 0.9692858528880098 0.8756710808876164
0.9944459208648204 0.0 0.9617970281929495 0.8237167190976752
0.9928987064971647 0.0 0.961769674785302 0.8299960169460839
0.9958533272212666 0.0 0.9634404552979544 0.8137912348438664
0.9950866149678486 0.0 0.9614136253581821 0.8318775117074629
0.9965602977274527 0.0 0.9638910124420981 0.8051932547380988
0.9943032166438484 0.0 0.9620566078489282 0.8254291199816604
0.9890646374920881 0.0 0.9547650815785317 0.8144806218405175
0.9921564413882025 0.0 0.9547857744828852 0.7393543410694435
0.9904606720069989 0.0 0.9569137236102723 0.8069509614499955
0.9875205102214331 0.0 0.958180428790988 0.8818888393171626
0.994184999699914 0.0 0.9629987901863216 0.8625041960389392
0.9911336366749403 0.0 0.9610631781170309 0.8493235439696419
0.9827858103658845 0.0 0.957348481119859 0.8667495457588218
0.9864805916309177 0.0 0.959269238720853 0.8517245633514866
0.9934540639447484 0.0 0.9601361799557457 0.7871040688453023
0.9908609254883329 0.0 0.9633690561190501 0.8678198336835252
0.991775855173916 0.0 0.9674516943375933 0.8612464766677106
0.9943667720722695 0.0 0.9677220929165162 0.8894010325779548
0.9846416901158072 0.0 0.9606859659842295 0.8797481567757035
0.9841629465205207 0.0 0.9577258977819254 0.8678555996386063
0.9911128403196776 0.0 0.9621472797073537 0.8722713028698901
0.9887950113276102 0.0 0.9609346063890498 0.8834929189840032
0.99127910445268 0.0 0.9645827273851427 0.8774340329667879
0.9906251308211682 0.0 0.962787159511809 0.893278792111477
0.9945682078076181 0.0 0.960204477747087 0.8716807741621075
0.9949010648094232 0.0 0.9590803507164823 0.8676648962801237
0.9885012515644556 0.0 0.9482606111638474 0.8616770167008211
0.9959180825454419 0.0 0.9454329921801701 0.8563109347285929
0.9931784826160752 0.0 0.9349926315685363 0.8651220759515964
0.9943177444358781 0.0 0.9106688724502533 0.8179532972416148
0.9894153249417948 0.0 0.877813976760994 0.8096748812317489
0.9910326817028912 0.0 0.8580942694718321 0.8620436839246588
0.9902852700153284 0.0 0.19387892341616753 0.4340336832806249
