0.9870326488463208 0.034484238085109684 0.16643707643328975 0.0
0.9965925601421559 0.03454309244784724 0.15298566801776467 0.0
0.996154710775092 0.03395467953588078 0.16290525516443094 0.0
0.9949720401595261 0.03753236753102307 0.1533953990698541 0.0
0.9949130305407525 0.03349460006114295 0.16133449059548094 0.0
0.9952683524044676 0.034323956502091045 0.1614207480161908 0.0
0.9958445778487636 0.033962387904615685 0.15722207560071497 0.0
0.9881936049385793 0.032009324767746136 0.1608592949146499 0.0
0.9935681157380384 0.0320510536683962 0.16351052193422905 0.0
0.9906694865551744 0.03238560284292771 0.16986568327636864 0.0009551098376313276
0.9956562953881872 0.03507769742886401 0.16387935342093785 0.0
0.9899800509615757 0.03381037181715041 0.17551744933604907 0.0
0.9892275409836065 0.03411451672970875 0.16706805808875302 0.0
0.985272158136511 0.03196378881212326 0.17963417711391347 0.0
0.9946248285978507 0.033649906081467514 0.17860985380329428 0.0
0.9925357820433249 0.03388684765726363 0.18576493268982147 0.0
0.9962469604353625 0.03288476701338505 0.1846649576583941 0.0
0.9954823779522328 0.03522802040032403 0.18403317988569418 0.0
0.9957053543174323 0.03546726478193927 0.18635760770108875 0.0
0.9947883822680824 0.03491432603112311 0.1903004701934662 0.0
0.9894106942634073 0.03196189625371424 0.19356564242678548 0.0
0.99612085197449 0.034440438306495645 0.191567105635433 0.0
0.9943663241391744 0.03363589788204816 0.19136001155851295 0.0
0.9958413460070938 0.03182994082473588 0.19423151054794158 0.0
0.9872438640635236 0.03241434343987514 0.20252161921863843 0.0
0.9947445109268495 0.03053611132370574 0.20483390689513212 0.0
0.9926621575235789 0.027915298797449646 0.20170763515460913 0.0
0.9974719271992896 0.030859180512725647 0.20522408428407665 0.0002901073397156948
0.9926473449218408 0.03092147416882223 0.20895746063700454 0.009990706319702601
0.9969837169364294 0.0298080792798993 0.2095125047953374 0.03778135048231511
0.9896290435470618 0.02665351332225894 0.21753408640160066 0.006789036962534574
0.9909251418901168 0.028282774166408713 0.21283265545138028 0.06836495970886405
0.9956985682359586 0.026762524634634362 0.2252669548083646 0.10336602173336867
0.9947880694596355 0.025455150020731884 0.22385426158149213 0.010183299389002037
0.9953274481929433 0.02430075169760141 0.23105852899309307 0.0
0.9944797729639838 0.024966513248668082 0.2312419616307106 0.0
0.9935192683157053 0.024314286001872187 0.2324815954657831 0.018351136674883594
0.9967772748556266 0.02521752132779949 0.2376249049156546 0.0007869884575026233
0.9946449543374993 0.0277814177654557 0.25541170004492597 0.0
0.9928835902418529 0.025292710807555373 0.2482291545974654 0.0
0.9958050452630083 0.02678696812245471 0.25816821693057135 0.0
0.9920255243680628 0.027523339566770968 0.2530115684826379 0.0148451497312516
0.9963298464758271 0.024546658474414434 0.2659386435223439 0.09895150720838794
0.9879168839585433 0.0249398664620744 0.2632735085964979 0.0
0.9901956559760113 0.02685138269514617 0.2731728588465421 0.07319535588086824
0.996114741690144 0.02870427015783678 0.2814409395526797 0.1471376370280146
0.9929615227409938 0.03038441789393119 0.2858044684183872 0.09867993940705475
0.9951922423139543 0.025858612488809066 0.29582182903708054 0.21340388007054673
0.9940399742891249 0.028014990750081292 0.29858137608346697 0.0006938020351526364
0.9883847108342863 0.029766175592943023 0.30074759956051655 0.07883720930232559
0.9946264170002391 0.029963260798696927 0.307214993940509 0.10044819404165568
0.9929550649688751 0.029724449420826388 0.3182677877024532 0.07246722288438617
0.9940260806339053 0.02830507454672536 0.3258818777381291 0.025267249757045675
0.9941833987558529 0.029761057124800372 0.3374035462973794 0.033300876338851024
0.9939025728971256 0.0295406622655175 0.34413979371437436 0.005563282336578581
0.9957727834716319 0.02842474240561227 0.34321394285677775 0.047832233741753064
0.9923659966245849 0.02854682324601024 0.34800975608198814 0.03663003663003663
0.9951313217497355 0.02926199212626197 0.3532906082311326 0.13010913759897283
0.9922261110363262 0.029310898688128913 0.36426502847906406 0.10739657333890514
0.9880156881177257 0.030529604388881366 0.36900749288776696 0.12356375965341872
0.9942514168201056 0.03197559246400384 0.39404966754450615 0.0039020929407591345
0.994140395828594 0.03422110131391381 0.3884116829063768 0.08626760563380281
0.994188194657568 0.0334446336246362 0.3946272010002483 0.09367596136322216
0.9950221579833395 0.03479846857813184 0.41598311523037335 0.06441915396177797
0.9924548521580165 0.03635325103060178 0.4260405571798066 0.05288985823336968
0.9941913120651213 0.03387503237449999 0.4282567232729077 0.015998924442054314
0.9927213379914828 0.03498895470345544 0.4201992445748699 0.05478620019436346
0.9946413669972248 0.030821823848639986 0.4204995872004212 0.05176850798970615
0.993864762989807 0.03377762475765281 0.44018536945317127 0.07427314927925727
0.9955634331066857 0.03336316333049104 0.4373401288739467 0.06765284657664382
0.9917579895437721 0.029603749752535293 0.43014231251659596 0.0399598083165868
0.9950369361142918 0.03215415628412241 0.4358818452218611 0.04088458125725206
0.9953659566765221 0.03134729537845595 0.45700587241573487 0.028987250420976666
0.9911002991200853 0.032576404102257296 0.46322379713458656 0.02535676376931242
0.9937369367351485 0.030812357974863487 0.4695597277993077 0.1232769576693714
0.9954442108351261 0.028069642617263472 0.46570347765274334 0.10395470955037742
0.9944205250057685 0.032380880414675225 0.46493056930791105 0.1814236111111111
0.9947219720429842 0.03047012172266172 0.4516460101874269 0.23318476499189628
0.9914645804233905 0.033941615738539925 0.4590365473329846 0.24183245117722213
0.9823953974376157 0.0310633473667119 0.46532786079663785 0.3444592790387183
0.985384544843944 0.031001419621277893 0.47189973408415453 0.3220836390315481
0.987306885441498 0.03163636309384385 0.4792684067512578 0.29449248975876197
0.9842831147028729 0.03532733253467706 0.49775133588297493 0.26802096985583224
0.9963845919206871 0.03644358926076369 0.5094891514308252 0.3505387556482447
0.9938793143964455 0.034833841625418256 0.5150783361515267 0.4470909800859039
0.9945730098646478 0.03591678591678592 0.5330388454873349 0.27151908514912687
0.99139575826812 0.033998850606547386 0.5384759165488376 0.0985700152891447
0.9924467124995108 0.031082608570441192 0.5553606467246986 0.18056918547595682
0.9924117073124411 0.027607212607456057 0.5543630996119684 0.12426871091385919
0.9921024298115765 0.03002529980455247 0.57436307040244 0.1818631084754139
0.9909665774065741 0.02812333490836341 0.6012605834815389 0.10745274248528044
0.9880088322106384 0.023512061264332383 0.5983196909960574 0.09932105750437198
0.9879872417713146 0.01993495698076989 0.6207946363041279 0.07536632568426874
0.9899401766467175 0.014100824707693714 0.6270352928910282 0.12439076075439712
0.9892945729347594 0.012722141890946406 0.6539743827092701 0.18385243423042033
0.9901225891134207 0.01038478299879515 0.6856648111661797 0.205037872115554
0.9919226493905873 0.005187614235028492 0.7042261732192152 0.12125854788685027
0.9899888711000039 0.002395598942514181 0.7191976265833988 0.14663872733492986
0.9878850935296517 0.0001366515290670514 0.7443614884819847 0.13037712391214257
0.9915787270538055 0.0009524548642222677 0.7722864168166624 0.07273756148522179
0.9887305665490581 6.861324998094076e-05 0.7723920797464515 0.05452685421994885
0.9937360475549043 0.0019452603731009396 0.8099705012361965 0.04982948971488189
0.986422233973794 5.4116068142953006e-05 0.8290176676613433 0.051503106017586425
0.9901380278627601 7.498725216713158e-06 0.8766145542906219 0.0539123553269364
0.9925030849107122 0.0010376353132536878 0.8871231750552346 0.04043467273186758
0.9965803665754764 0.00015534309641157448 0.8777461559102626 0.03599132018058015
0.9941631912902641 0.0 0.8595003945974902 0.011570577374958039
0.9930149323525312 0.0 0.8763696099918689 0.01043268030535956
0.9876478997067173 0.0 0.9125728848231983 0.03876511139974023
0.991874226774222 0.0 0.9310190878779279 0.1336000780716307
0.9921273596503818 0.0 0.927017830384332 0.08276315789473684
0.9943971034877503 0.0 0.9324651255979364 0.07131123058542413
0.9915321425478191 0.0 0.9291712899415574 0.07057336208819812
0.991816653975006 0.0 0.9281165597252792 0.06886412141332701
0.9924048047021153 0.0 0.9324831301616203 0.06834649075375798
0.9845320787377111 0.0 0.9287296481745532 0.07006457884869106
0.9906783853949511 0.0 0.9331015668380773 0.07059955839891298
0.9901770861493213 0.0 0.9308219183741936 0.07543471387922858
0.9875922668186333 0.0 0.932371798568738 0.021512161541991738
0.9874476655311467 0.0 0.9366903037700471 0.024396873938158342
0.9879107285430851 0.0 0.9394293675300022 0.0709953909598124
0.9915780498399266 0.0 0.9405341158419764 0.09817722432773868
0.9865831388860709 0.0 0.9400703996683264 0.13845017086912348
0.988096528721262 0.0 0.9414440169865322 0.08811519449817322
0.9858566318078218 0.0 0.9456582424836406 0.118600129617628
0.988324229643458 0.0 0.9470515627466137 0.16368436491639776
0.9925544767921215 0.0 0.9437478552169295 0.06080967579371745
0.9924093693172051 0.0 0.9472019658947545 0.17758238146108965
0.988642150291774 0.0 0.948403178789043 0.12439395035820247
0.9928324550654717 0.0 0.9458839426620885 0.14860216950348354
0.9939984573652144 0.0 0.9457981256198741 0.22349705304518663
0.9952918899698835 0.0 0.9492648227456068 0.24098064939324368
0.9939765647559246 0.0 0.9441523777316913 0.27915869980879543
0.9954262896911329 0.0 0.9426620266459422 0.3135461268976255
0.9940962663685655 0.0 0.9450754341873933 0.24537794750560707
0.9938395114871047 0.0 0.9479855165069223 0.23633143385184044
0.9958956577216694 0.0 0.9495641244758526 0.2367368500490529
0.9924834214245696 0.0 0.9491449103403169 0.262749898000816
0.9934229768846046 0.0 0.9497078354908239 0.2724338282763073
0.992653753285984 0.0 0.951369032359843 0.3525653436592449
0.9922162037570589 0.0 0.9509718019458839 0.43471885758000767
0.9928452553878646 0.0 0.955354699560704 0.47604317909222904
0.9923554694990482 0.0 0.9538626972974107 0.49000894721145244
0.9929230902466912 0.0 0.9576658503234431 0.5224871543213441
0.9899622632664542 0.0 0.9511605154983674 0.5153874675565443
0.9968773085195879 0.0 0.9566472040682271 0.46897863623061165
0.9934203056389105 0.0 0.9528126449030726 0.44978883153449084
0.9950661235844801 0.0 0.9558107881800898 0.4025349137425185
0.993812888323711 0.0 0.960907435340102 0.4850647113823139
0.9943608896217517 0.0 0.9625923352165096 0.5625341614906832
0.9957720851758323 0.0 0.9651452134505129 0.6120871398453971
0.9944379240627784 0.0 0.9605020555841053 0.6755603448275862
0.9929102790896108 0.0 0.9584343585036579 0.6545585758960789
0.9949195321136007 0.0 0.9584378741208436 0.5992030674385385
0.9943234826899316 0.0 0.9578185700095795 0.6764632271443384
0.9955503653700697 0.0 0.959216396300942 0.6244873660537108
0.9937043145182742 0.0 0.9585559856660987 0.683881548411053
0.9878145371262742 0.0 0.9531179675213527 0.7305075092179022
0.9903788738362371 0.0 0.9556568260769576 0.7035325557442307
0.988210759278175 0.0 0.9544474256726474 0.7045285248259742
0.9855419005001548 0.0 0.9527206412702635 0.6894186161287138
0.9931703179709894 0.0 0.9604130353053761 0.7652247794687258
0.9904682679976431 0.0 0.9596624714979803 0.7882531925683464
0.9819107094267152 0.0 0.9532372827356721 0.7400174757676129
0.9852948977392133 0.0 0.9533578152040859 0.7198118623039461
0.9918764909611102 0.0 0.9612635378142059 0.7795119078293518
0.9888136651482662 0.0 0.9596018015435744 0.7700787650650049
0.9896448327025608 0.0 0.960973537781931 0.7429535581299131
0.990258188593342 0.0 0.959476502082094 0.7415598237711004
0.981107450863408 0.0 0.9489903856664531 0.7209523171113197
0.9800115318085719 0.0 0.9456081470106419 0.6979964163544551
0.9882083671682285 0.0 0.9468274114897619 0.6891670011310979
0.9843864073803676 0.0 0.9456842148086497 0.7157749736403524
0.986023887223466 0.0 0.9397432514189563 0.6348979915313724
0.9854301421295762 0.0 0.9358763722442627 0.670580310531811
0.9904022846825989 0.0 0.9307678855284417 0.6688870353411921
0.9914754137582468 0.0 0.9252523711979973 0.66148459749693
0.9862567078497442 0.0 0.9128616911779084 0.6733060195398677
0.9940751212697986 0.0 0.907620838625837 0.6914687829616973
0.9900096077510472 0.0 0.8972551640086489 0.7224756411043154
0.991885818072743 0.0 0.8746736110627572 0.7096591421612845
0.9869548507231665 0.0 0.8416574665065892 0.7287745732140579
0.9897823144251217 0.0 0.8106560776947322 0.7911413555305769
0.9795601784269015 0.0 0.1685142430653912 0.32980849330159007
