0.9854752545619904 0.04227129683740353 0.168502732171971 0.0
0.9958165725990046 0.04125438990162346 0.1557793800870983 0.0
0.994275501830577 0.04055224949843411 0.16507915435929774 0.017261904761904763
0.9945589701385683 0.04412193054657767 0.1563227016309719 0.0
0.9927198783444454 0.03987727098296494 0.16372406268281411 0.0
0.9953183636057232 0.04113350306156458 0.16468125781601248 0.03023758099352052
0.9939055644965717 0.04003711580425222 0.16047288653432265 0.10033856571252693
0.9884050330868582 0.03703928803993922 0.16507331076700188 0.043381180223285486
0.9936149712957087 0.037704708034253874 0.16706051469304212 0.1388580931263858
0.9902126232660631 0.03918521288756545 0.17346593788378378 0.14071951607768227
0.9961564057640332 0.04096578102708844 0.16790252266495356 0.0676905574516496
0.9893891221448071 0.04034834554769272 0.1791701693241135 0.14257975034674064
0.9867353134413305 0.040303536005541735 0.16917257646827946 0.05211267605633803
0.9846041359855635 0.03836884573354478 0.18219285029765328 0.020475926950747094
0.9941041891153475 0.04018655359938273 0.1827043741342573 0.11206386753400355
0.9907132711447798 0.04061662059221324 0.18978963048569947 0.15584415584415584
0.9942145198411664 0.037817983560124085 0.1880442569449972 0.18254231662794557
0.9934121318164256 0.03862242610943148 0.18637375622338626 0.0
0.9934174994073672 0.04036740506938163 0.19022490889796734 0.04665676077265973
0.9924446987497109 0.03767898680828728 0.1929262287627098 0.13325804630152457
0.9885676151717046 0.03549707516746435 0.1977966966494771 0.21458087367178277
0.996400551508718 0.03865030436823707 0.19606073510576863 0.23065943477019699
0.9928952735051689 0.036763779145862624 0.1940785347891106 0.10821643286573146
0.9942059601072111 0.03500094169454535 0.1965562394976705 0.22771496187220616
0.9854942557448674 0.035269697332357595 0.20521509084161688 0.1809059633027523
0.9929026560994287 0.03336217018466411 0.20719909525078697 0.2064766122336009
0.9932864727746841 0.03274686818182711 0.2059376751153713 0.2070635146681857
0.9969410882568464 0.03705825736747228 0.208265260267032 0.30577313606034234
0.9918364368333353 0.037242251839591026 0.2108157823313336 0.2646375464684015
0.9967837403043703 0.03434655335409057 0.21223092291827791 0.31806002143622725
0.9897657150235211 0.03230998712319345 0.21869130319310628 0.19713351772692986
0.9898706804395766 0.03176411399357573 0.21319841899755512 0.25376948632762586
0.9950936225685997 0.03330280149686345 0.22619964218395577 0.2756376887038001
0.9947681308360664 0.03301273511482037 0.22512002821470947 0.25990288780986454
0.9948517267729928 0.03194421465091785 0.23224430630944734 0.3140784524449221
0.9937230165127815 0.03252281287304307 0.2321221218836125 0.2123705866737457
0.9946881133467997 0.0314669404848192 0.2349043641325573 0.3582580115036976
0.9941916892441327 0.03107973193642787 0.2391056089770113 0.3638509968520462
0.994753230011424 0.03409691702739319 0.25818140846135784 0.36445012787723785
0.9914322170655124 0.03125095841452169 0.249769295945509 0.2813136456211813
0.9948659304604686 0.03271948183833455 0.25948511614748687 0.3550311203319502
0.9920718349731652 0.03387207386101927 0.2555540546483793 0.35700934579439253
0.9963924056262715 0.03274440029463943 0.26765023384082876 0.3320227173438183
0.9865845476066893 0.03128179939774143 0.26418533270451705 0.3065097285611338
0.9877016139254947 0.03255897361681778 0.274003349223069 0.3773834745762712
0.9935124555563533 0.03394596872994264 0.2825596044033673 0.4910648714810282
0.9924461998227936 0.035925435824440625 0.28816072770217693 0.45865019011406843
0.9953796924418158 0.03136066968417304 0.2983546203597901 0.4910843373493976
0.9944144493314265 0.03392835126606532 0.30125136199681896 0.3926919518963922
0.9895698317687268 0.03621987547635661 0.30363153275467974 0.5141860465116279
0.9943959127134218 0.036499036113029855 0.30968304342586267 0.5624509033778476
0.9938718377658666 0.035573063551039286 0.3215690733553324 0.5238322211630124
0.995099995971596 0.03442897619706519 0.3290070145919201 0.5292836398838335
0.9941566259163918 0.03560519046020274 0.3409607839534332 0.49039720646006113
0.9954380242938358 0.035647288482597725 0.34811523378196546 0.45894428152492667
0.9951374698067266 0.03488126705701828 0.3461819744802058 0.4964655984919887
0.9916199254969797 0.03457365705256078 0.3510444504258551 0.48581235697940506
0.9966797975474513 0.03534388081363494 0.35771624352358733 0.47179155900086134
0.995214872153211 0.03597227742448331 0.3696587583111046 0.49890829694323147
0.9923680218428323 0.0377265886151185 0.375527500960924 0.552278230244332
0.9944384767732376 0.03855421057715149 0.3986266451562246 0.4995831596498541
0.9924470556349066 0.039629180407064535 0.3921387288849404 0.5766561514195584
0.9947623127888874 0.03808736220441726 0.3985735188897555 0.5189504373177842
0.9943596139641331 0.03991434379408184 0.41879983180697355 0.49174428450465707
0.9959503131295303 0.04188340892866649 0.4317151298148713 0.5031578947368421
0.9942897210117365 0.039820501810209886 0.43202632775456296 0.39347890233107113
0.9947238326586353 0.040694397780354837 0.42627622573768653 0.44301971469786827
0.9948452981581667 0.03666077556552511 0.42758265736236045 0.23063697396430327
0.9962283381822074 0.0396715802552807 0.4428166791235088 0.19528642463047477
0.9953186211211302 0.03930297670016675 0.43891651602195014 0.15476190476190477
0.9930734514614569 0.03505945081757953 0.43291625237657627 0.18333960135389243
0.9965981243647227 0.03702634933531315 0.43803323994881704 0.17696121318168562
0.9946846328333954 0.03658778764268889 0.4601263582542584 0.15508293477154778
0.9907958549776453 0.03898982899558395 0.4660868268920198 0.20670542111666892
0.9959445209488281 0.03687481276296197 0.47110382144119123 0.17402556248019435
0.9974255994561609 0.03282217824560583 0.46811787140646927 0.1645370552388441
0.9916624573383034 0.036675698513744845 0.46458591720962783 0.30576462538487853
0.9952093125716251 0.035608714537956866 0.4554438599837139 0.7505070993914807
0.9925693701485008 0.038836464276371184 0.4634441340275241 0.6685475063705861
0.9839331915747042 0.035536184024387234 0.469299051643846 0.7368320610687022
0.9886566398501829 0.03511087102674233 0.4770678042420601 0.7436926605504587
0.9900497265966077 0.036182713300572 0.4844928407583887 0.6822395928013089
0.987979454585766 0.03944458689790749 0.5030378484875535 0.7493565630568204
0.9937417586632201 0.04027426567628042 0.5104204715208414 0.6695456901019174
0.9939672223108803 0.037722082904508576 0.5171007277212557 0.7605000976753272
0.9952114780619018 0.038229077329299505 0.5363761966331443 0.7135221806520577
0.9944728145154931 0.03799855570160172 0.5463919689503969 0.6862115579587699
0.9930334366474798 0.03451070366681854 0.5616686746647666 0.7266089319069452
0.9945553906999156 0.029121397480739362 0.5617710197355716 0.6649139579349904
0.9918483830223302 0.029476039627631755 0.5764004539579863 0.6625507717303005
0.9923523282380721 0.02540283330785877 0.6055350887232511 0.626905041031653
0.9910082292685733 0.017518242286608608 0.6031903311922907 0.5022920009168004
0.992332673037574 0.009725328090460988 0.627852814577115 0.5727109515260324
0.9939710625636398 0.003681067269485982 0.6352021876516535 0.5622966062296606
0.9947273117883559 0.0023042389124552634 0.6601136705987765 0.5472789517176249
0.9926816235370018 0.002099837249777951 0.6899942649172459 0.5748592439388717
0.9934284121493153 2.1528177693578684e-05 0.7035965500144385 0.5392402307608577
0.9943528157300555 0.0 0.7202685095443463 0.5230168516235101
0.9892081414278985 0.0 0.7439261949767506 0.4866679455208133
0.9907261366188984 0.0 0.765560133350107 0.399145781287775
0.9931111567325897 0.0 0.7788320867726441 0.29254092690800093
0.9954606786493645 0.0 0.8132733569752015 0.154266357421875
0.9846470435623482 0.0 0.8292990336299945 0.22044114435466258
0.9918774005801353 0.0 0.8780811643720362 0.30600805745314413
0.990406640244921 0.0 0.9005238842840342 0.37787221782035585
0.993291136020425 0.0 0.9169431254633558 0.16970750072400811
0.9933054967682892 0.0 0.8881217693329247 0.08469662120574038
0.9907003496109169 0.0 0.908776941889017 0.15017111567419575
0.9896115871623598 0.0 0.9257810887949435 0.32908541283859877
0.9953123789788934 0.0 0.9365053805834187 0.724904214559387
0.9943295549013882 0.0 0.9343117398808751 0.5885211995863495
0.9919001388197759 0.0 0.935177896561519 0.6257627870853212
0.994216941223256 0.0 0.9353315624695642 0.6087909793276258
0.994609564756135 0.0 0.9395188929023253 0.5494661249173203
0.9955842934031444 0.0 0.9426924259634111 0.6865070485567241
0.9886512571662892 0.0 0.9369758907680495 0.7522957950700822
0.9942136106621778 0.0 0.9410050571370833 0.6735086593970494
0.9964722861259843 0.0 0.9393537815945808 0.6310124127230411
0.9913343471254454 0.0 0.9382150747521623 0.7270963569734856
0.9923213028410494 0.0 0.9443381621324396 0.7727784026996626
0.9934184159975677 0.0 0.9441652403223796 0.7281191806331471
0.9944971872841878 0.0 0.9426972047416947 0.7867855270057682
0.9945123341601091 0.0 0.9440330945172217 0.7947929479294793
0.9925860161573716 0.0 0.9449767059690195 0.808843608864615
0.9895350929639928 0.0 0.9486943345698937 0.739681956062138
0.9949560644527394 0.0 0.9531963516640116 0.8117600631412786
0.9943702192524487 0.0 0.9465321972004426 0.7638204461965774
0.9949893408373838 0.0 0.9512563377310099 0.7669705283653421
0.9930011191929251 0.0 0.9540645882046853 0.7429504814305364
0.9947891429624732 0.0 0.9501192772414304 0.8104349366640092
0.9950579882274064 0.0 0.9503220334355011 0.7509684560044272
0.9955061101228466 0.0 0.9535854904773069 0.7967553322902083
0.9947141372529962 0.0 0.948892463696844 0.8581712867190733
0.996376085164143 0.0 0.9488768322945397 0.819817784805361
0.9942081122983268 0.0 0.9519110805735437 0.8250336473755047
0.995590206003787 0.0 0.9537153601195392 0.8658896658896659
0.9961874127651555 0.0 0.9538740289101432 0.8706519320625974
0.9937905563648184 0.0 0.9531530107393069 0.8625383025725076
0.994350307909344 0.0 0.9536309936298942 0.8506009534680723
0.9962744514178387 0.0 0.9551075632080105 0.8523873787031682
0.9958784382547653 0.0 0.956805772629195 0.8703129040599948
0.9966835566109173 0.0 0.9617557014855486 0.8758906995476795
0.9932260021093953 0.0 0.9586756930407044 0.8809523809523809
0.9905901357613526 0.0 0.9600369064263597 0.905304357985746
0.9945696091296532 0.0 0.9582075193319024 0.8611321982431407
0.995347599139335 0.0 0.9611125269610856 0.8383163265306123
0.9955957536878439 0.0 0.9595606736946676 0.8344439000489956
0.9958449040494052 0.0 0.9608416073158037 0.7400486738439962
0.9948670948257041 0.0 0.9642847949647307 0.8371995332555426
0.9963238474666343 0.0 0.9666904112853222 0.8344526073827015
0.996934282198605 0.0 0.9694105596820338 0.8855962324506842
0.9942076724214652 0.0 0.961219480754759 0.8199962271269572
0.9931420250473466 0.0 0.959975757277215 0.774074074074074
0.9956426190153076 0.0 0.9627318549192619 0.7998821102269378
0.9951189390424915 0.0 0.9610442098830243 0.8226412649040954
0.996497186125687 0.0 0.9632278741092531 0.7909006821597873
0.9942070831912717 0.0 0.9617183521048077 0.8236092265943012
0.9906210272843822 0.0 0.9554786960683289 0.8166999514222486
0.9936795004478923 0.0 0.9556595068949654 0.7408954415118195
0.9911585245664677 0.0 0.9569726084745235 0.8045598163344169
0.9893723772529487 0.0 0.9591468099810698 0.8842890203137054
0.994595978143536 0.0 0.9622477621096096 0.8511457096362757
0.9926614185233599 0.0 0.9610899097808867 0.8307186133290535
0.9841574310883774 0.0 0.9580107722121726 0.8651125797716211
0.9882677591544543 0.0 0.9596642316141625 0.8453801007600283
0.9943467286759037 0.0 0.9583599911506012 0.7572369405777578
0.9917094309368949 0.0 0.9622520503772831 0.8439175758962406
0.991643518304894 0.0 0.9672167350435983 0.8604243358869764
0.9948319723381058 0.0 0.9683378078173381 0.8946805442046055
0.9862502607224296 0.0 0.9598841768202093 0.8591692964840139
0.9863961788503757 0.0 0.9556848629283994 0.8378568415131487
0.9912096031296844 0.0 0.960557264494643 0.8598250075427784
0.9908779414642062 0.0 0.958733065951342 0.8598927722896086
0.9913134988371413 0.0 0.9648260178821494 0.8815648838196752
0.992066753815351 0.0 0.9642258891429066 0.898776637726914
0.9959245740634669 0.0 0.9649546333053803 0.8968238780350608
0.9964160033867565 0.0 0.9660532800563248 0.9019982785013685
0.989938201800177 0.0 0.954216654822783 0.8861169343376919
0.9959488426985236 0.0 0.9523771546402054 0.8857528957528957
0.9942192654418441 0.0 0.9430842930590747 0.892784014566672
0.9951717177227966 0.0 0.9216260138764688 0.8479869724703901
0.9914388484987179 0.0 0.8988864709747983 0.8539281574836336
0.9919956495369082 0.0 0.8805515808146552 0.8913507606959737
0.9896256160538665 0.0 0.2000853456906105 0.4602047539231985
