0.986662590674895 0.047513596100329215 0.16599302377312591 0.325
0.996432930665252 0.04641514452917184 0.15380222648945116 0.23642364236423644
0.9949846277657529 0.04592264367509276 0.16318691521257264 0.3508928571428571
0.9951731472872365 0.048107540652265766 0.15403077236412113 0.2813102119460501
0.9936581174608115 0.0450314524819122 0.16262478680026166 0.3215507411630559
0.9959507681349014 0.04652276218745004 0.16235087102953266 0.32058006788028387
0.9947529273649719 0.04546105198529932 0.1593776097753945 0.3472906403940887
0.9889912354311061 0.04194767708634545 0.16386889409090943 0.3006702840727737
0.9943055855019102 0.04229982930152759 0.16714901677492525 0.37389135254988914
0.9909082448519287 0.04503424100497723 0.17274059606821524 0.35148042024832854
0.9966587527096701 0.04748911359030636 0.16562161914191673 0.3296359499431172
0.9903131510608196 0.04513353756884431 0.1776086242715676 0.4418862690707351
0.9878176090565959 0.0452563032105949 0.16849825363915566 0.39667324499577106
0.9849136925286611 0.04500671824029699 0.18035988228600516 0.34512534818941504
0.9945594882881595 0.04568901853629717 0.18072705340931278 0.4630396215257244
0.9912350617675686 0.047254831203882255 0.18782036703346688 0.5039594551789673
0.9950077448894288 0.04576430795793825 0.18564169368550315 0.5858753315649867
0.9942188140141165 0.04712379539697248 0.18442607374390582 0.3884870403857746
0.9941436581548307 0.046871308587940134 0.187403400309119 0.48172362555720655
0.9931962685994831 0.04699159437314051 0.19080058584013657 0.48616600790513836
0.9886401331737517 0.0436054743718554 0.19529652931208827 0.5318772136953955
0.9963253319153399 0.046318618345650715 0.19210241820768137 0.5363973736797031
0.993612913050099 0.04461932900468354 0.19111737671089538 0.47323217864300027
0.9948130284807228 0.04296914990815091 0.1945788948500635 0.5314225611359453
0.9862348019477021 0.04100024546379019 0.2014280903200975 0.5449599083619702
0.9934166572008213 0.04007599032601259 0.20529247865923014 0.5048436202601716
0.9932174085291668 0.03756637431261704 0.20086952050226822 0.49558530333238393
0.9970628725423011 0.04326978267972413 0.20613526334600513 0.583068477318694
0.9917221885725823 0.043327665470117765 0.20820439963931 0.5051115241635687
0.9967185190142173 0.03990494798957532 0.2072894601108779 0.5996784565916399
0.9896530721629392 0.0367749667057505 0.21722182136430584 0.539602715614785
0.989797302167722 0.03711626859123589 0.2111263047723691 0.5339026915113871
0.9953113087206711 0.036717507008816076 0.22331856980379639 0.5599894291754757
0.9946660405400588 0.03670460488630987 0.2228287713851345 0.5293668954996186
0.9946124103146889 0.03528079123448124 0.23038150961828252 0.6179232626777569
0.9937762081241939 0.03602741526014506 0.23123223274416987 0.5684099313259376
0.9945722994358228 0.03507297371660852 0.23458182046271808 0.6497267759562841
0.9947794345449276 0.035746119067688945 0.23894208412848927 0.6600209863588667
0.9949448333462921 0.03898013739145848 0.25842160912075335 0.6335955341283938
0.991801125374979 0.03553509490562423 0.2501933289060948 0.6233699821017643
0.9950669999786124 0.03748375405569773 0.26016437559095207 0.6460176991150443
0.9918657380450043 0.036687603211313494 0.2552413860536708 0.6731382978723405
0.9962045743329098 0.036813587104999546 0.26739200582867434 0.5526430755788554
0.9863313022925484 0.036267145740732136 0.264285820533878 0.6130737803412641
0.9879665146371701 0.037905652070703955 0.2748413846271971 0.6606630122683372
0.9936313033532649 0.03926120028431695 0.28306640600325933 0.6914660831509847
0.9923044292701971 0.04159025279087262 0.2875848490709007 0.6546355272469923
0.9953605337057784 0.03649815745540429 0.29790548520921656 0.7250311332503113
0.994323595522152 0.0387209396346333 0.3014819976696687 0.6658186864014801
0.989432915225599 0.041271104985805496 0.3037606586038043 0.6620798556282427
0.9945584236817402 0.04125297916917628 0.31000622598131883 0.7545245985215396
0.994221746425018 0.040297697797594796 0.32112750602475537 0.7196064652143359
0.9947842810874664 0.038832979645342686 0.3286585635536828 0.7286057692307693
0.9944707238347409 0.041814980042263444 0.34135054256987835 0.6938866577420795
0.9954147795999887 0.041667605767462826 0.34786471936506763 0.689143135345667
0.9955581110666734 0.04082909269079324 0.3468236106194405 0.7105078399251111
0.992096337403962 0.04086788670165072 0.3515375492669973 0.6889343331061123
0.996943715030442 0.041240394063540374 0.3577813245620567 0.6274968125796855
0.9951309727317583 0.041227929980536385 0.36939150669370147 0.6587440034888792
0.9919652114852195 0.04316836048919382 0.3754369950279677 0.709776413853573
0.9946822857540162 0.04388612246120742 0.3998334081695072 0.6661828737300436
0.9929618092995753 0.045213698121765664 0.3933299289635971 0.6692913385826772
0.9953010842630379 0.04383847549909256 0.39919832539081634 0.677559462254395
0.9949463327911914 0.04579382151733395 0.41948264184675166 0.5829747427502339
0.9957594429964494 0.04804240669424627 0.4310018217580328 0.5587766804714878
0.9947178092578686 0.046529672741803495 0.43356151624845674 0.5028554693220091
0.9947807742480843 0.04792368535207956 0.42599448684301683 0.46187860109875384
0.9953640661018762 0.043542552637992456 0.4316083420850384 0.4099109653233365
0.996446651741469 0.04762769714276059 0.44294968095494985 0.22855309592556947
0.995986438770759 0.047296528572732824 0.44358879858268835 0.26661538461538464
0.9932526068922743 0.04288490618796351 0.4360211170932677 0.29588791245232965
0.9964888482477549 0.04491149329562413 0.4391717757686288 0.2639449996456163
0.9948213091701399 0.04305797616673459 0.46045237062407335 0.2644110275689223
0.9914249519323616 0.04580483653371497 0.4675471767930158 0.31048805815160957
0.995718132152735 0.04533094369940053 0.47268504972492936 0.2693945953494868
0.9974775389319046 0.04219534986462901 0.467928530162904 0.18413733576292318
0.9923703719182485 0.04524419283820821 0.46695257114487904 0.4141871921182266
0.9952159090205979 0.04279594758441244 0.45615358059337957 0.8265204386839482
0.9929204045696135 0.04555993805559596 0.46442957169330074 0.7524734664508005
0.9838815756694004 0.042567851197799815 0.47046281405969265 0.8128291948833709
0.9881512959636735 0.04156129049264063 0.4780457559645127 0.8301673876246003
0.9897401862516515 0.04299393158182243 0.4858192462472256 0.7888722367928063
0.9879567487409272 0.04684403925763989 0.5044194344012773 0.8260359655981235
0.9940430454503942 0.04830813353000445 0.512944591139275 0.7514660227664712
0.9940638971301179 0.04618796703887915 0.5189311946908005 0.8056890255621757
0.9954418721781519 0.04708106488355572 0.5382495395209722 0.7795651405338518
0.9944283903614975 0.046354676655320635 0.5477024609480805 0.7679482817284791
0.9932512533386657 0.043481774251764756 0.5637911050874073 0.7772168938246676
0.9948852338562212 0.040842837839539826 0.5645700242518044 0.756401729298304
0.9919498231463738 0.040912230660527536 0.5794561405920149 0.7401494565217391
0.9927367083675462 0.03909071425280772 0.6092177409283006 0.7218686947074344
0.9914039221328921 0.03702706666318448 0.6089581190725644 0.6499505579884164
0.9928608894700839 0.029816901017121582 0.6327437994693559 0.680124663550078
0.994502867485809 0.018681364004402255 0.638028455540977 0.6612102509056755
0.9951855603646744 0.01793591759838505 0.6629721672320925 0.6216876768716234
0.9929552147662244 0.014447080576248765 0.6921720802344772 0.6022858462248903
0.9938089753245027 0.003532253572423249 0.7042157953107915 0.5711290144575654
0.9940998819730761 9.412516364943226e-05 0.719873156701076 0.5533389332213355
0.9893788506852375 0.0 0.744557881581003 0.5403657674042639
0.9913852448918958 0.0 0.7670342068904744 0.47252550563808843
0.9933388402762436 0.0 0.7824127534507904 0.4277821625887924
0.9956747353378288 0.0 0.8232173565717374 0.2715419214635872
0.9852516246211183 0.0 0.8329747019482407 0.2541161392093069
0.9919137688066579 0.0 0.8803700132800208 0.37668161434977576
0.9905950876242053 0.0 0.905451943217133 0.6713649851632048
0.9937074047264999 0.0 0.9305053712126377 0.3743681830274009
0.9935989604601977 0.0 0.9071336056753548 0.14218653806689924
0.9916795246602783 0.0 0.9131639928625227 0.17774467821014087
0.9902824182732372 0.0 0.9269134929634931 0.357085914024652
0.995918206974747 0.0 0.9369739733604413 0.7440080311205923
0.994812751054569 0.0 0.9360010314766753 0.7538343558282209
0.9923164953778744 0.0 0.9359121492382817 0.747912977485454
0.9943904877326825 0.0 0.9361872059603692 0.7427266169752345
0.994855342091275 0.0 0.9403014799013399 0.7066818960593946
0.9959235486581681 0.0 0.9423350622865038 0.7667097380476917
0.9888073002864106 0.0 0.9366183749568725 0.8193266832917706
0.9944862755720517 0.0 0.9416119180472027 0.7416144901610018
0.9965390918622287 0.0 0.9410503157398485 0.7970336565887051
0.9916361254910329 0.0 0.9386217300181945 0.776070964950238
0.992856595701381 0.0 0.9450882573010179 0.8237109866239853
0.9937449972070739 0.0 0.9445311914254141 0.7482712354216121
0.9947599283741203 0.0 0.9430807012235051 0.8174247944207349
0.9949878244156243 0.0 0.9447061951694832 0.8386862826357232
0.9929129447423534 0.0 0.9454166420321418 0.8482021176223923
0.9896946236958637 0.0 0.9483706135402488 0.7117813869554008
0.9949122505481437 0.0 0.9533144106185812 0.8309636650868878
0.9944767375071798 0.0 0.9465050867890702 0.783007934385308
0.9954775000511595 0.0 0.9517919172392862 0.8026480586867061
0.9928979805103721 0.0 0.9535421975217295 0.7333221869252633
0.9951625293029539 0.0 0.9503046161549829 0.8159731425037547
0.9950797891120915 0.0 0.9504543991833021 0.763197467352592
0.9957221604968091 0.0 0.9538570450504518 0.8136850783182193
0.995152708896563 0.0 0.9490721936966156 0.8666777353478333
0.996559687123431 0.0 0.9489914563607018 0.8212633654356564
0.9944772942289498 0.0 0.9519090064243628 0.8468358300214002
0.996276698491797 0.0 0.9542458137873985 0.8776538044320471
0.9964309267102084 0.0 0.9535883568174144 0.8727823772915435
0.9942232059154726 0.0 0.9530876492348377 0.8594571550376581
0.9948235320589989 0.0 0.953173105364679 0.8547501004957792
0.9966850929983757 0.0 0.9550884556386503 0.8632692307692308
0.9962376097701675 0.0 0.9567650765988821 0.8843454182497263
0.9968011402801631 0.0 0.9610161387119281 0.8793827160493827
0.9936985314563068 0.0 0.9583412605053583 0.8896477994892201
0.9909606599386436 0.0 0.958779032282855 0.9115436163393742
0.994521341682438 0.0 0.9579121025752999 0.8692859841329807
0.9955671212789853 0.0 0.9613289192430009 0.8638302245516675
0.9959318675030877 0.0 0.9603677400318601 0.8783530246944881
0.9963616350535738 0.0 0.9629720869416915 0.8609640966957517
0.9953202261758003 0.0 0.9644195860884386 0.8619383302162759
0.9970081038478953 0.0 0.9674936452985282 0.878943367540859
0.9970597825786591 0.0 0.9690413199369952 0.9017341040462428
0.9947776003979788 0.0 0.9620651703154642 0.8464788732394366
0.9933303384310244 0.0 0.9592970774907489 0.7521291928721174
0.9960751476158968 0.0 0.9628359686865862 0.7912450218711236
0.9954363785523465 0.0 0.9611268021077565 0.8176439994799116
0.9968262487401137 0.0 0.9609254270536075 0.7272751735643938
0.9946867335610499 0.0 0.9617179933890794 0.8119670186931722
0.9903199391391461 0.0 0.9560433712150955 0.8317026525125419
0.9935994851759815 0.0 0.9570017275121304 0.7710407453827417
0.9912328341147538 0.0 0.9553938446480049 0.7754451235716184
0.989271955216303 0.0 0.9599915193351434 0.9083698096781214
0.9947281203640124 0.0 0.961967236774397 0.8377812206777664
0.9931935787039425 0.0 0.961082423140541 0.8214735579326202
0.9842130132405894 0.0 0.9586580400477975 0.8789839863184079
0.9882541292838347 0.0 0.9590315654804235 0.8339120569326504
0.9946367271203551 0.0 0.957653073425367 0.7458224697795686
0.9919573069330485 0.0 0.9583858085856486 0.7894729758828596
0.9923381593353662 0.0 0.9628049746345013 0.8034287442282417
0.9948021436804491 0.0 0.9670010396615438 0.8788863931906845
0.9861176194939082 0.0 0.957864383916284 0.8403779214321233
0.9861722076114774 0.0 0.9520972549930171 0.8057026366350656
0.9913368197592022 0.0 0.9584638289104923 0.8421207981244413
0.9907028342399083 0.0 0.9556397776191403 0.8390083496234335
0.9913633198485983 0.0 0.9643451056292512 0.8797563592117673
0.9916121166830736 0.0 0.9622219963676696 0.8883693293376046
0.9954190464670369 0.0 0.9661162912330694 0.907576913297737
0.9958536942982888 0.0 0.9687497991838833 0.9206346760357917
0.9896653934669188 0.0 0.9573214385592035 0.9026173774660159
0.9961210866254537 0.0 0.9584415433676801 0.9106803614178701
0.9938518334967338 0.0 0.9519744948498442 0.9256880733944954
0.9949839417373748 0.0 0.9328987900772341 0.8806576526883738
0.9908817940838396 0.0 0.9068590309132112 0.8749213631150426
0.9920714978554519 0.0 0.9066695216225994 0.9245678303933067
0.9885796083072095 0.0 0.21450519696821255 0.5167959156046337
