0.9860570555272542 0.03846231571212052 0.1717823943370484 0.09289311695579183
0.9959010069181045 0.03647720297664412 0.15792546130617377 0.028460155781905333
0.9948494682473727 0.037576333239366315 0.16901368312004406 0.11428571428571428
0.9947759756417323 0.04008994335956535 0.15898915332948885 0.033397559409120106
0.9933401154217656 0.036316704150480474 0.16632344382308623 0.08781869688385269
0.9952864747021181 0.03666968737824124 0.1668919921458693 0.22242703533026115
0.9945013157713452 0.0356406838245192 0.16274761016064282 0.2335965978128797
0.9886322977541958 0.03300063437621995 0.16751405208262118 0.1991701244813278
0.9937178099948455 0.03332002163660466 0.16871655776659106 0.2538588754134509
0.9903974298278981 0.03514730295048585 0.17587814085534706 0.2728430436166826
0.9960290038841093 0.036110505700613874 0.16928007359805836 0.2229806598407281
0.9894603986143292 0.035866290469131076 0.18032171655091414 0.2754507628294036
0.9875606493744918 0.034604177441240655 0.16976482612099192 0.20051413881748073
0.9848747795048726 0.03239032617290033 0.1837008323793811 0.14934354485776805
0.9942211581166693 0.03619249216209103 0.1843270658186858 0.24039030159668834
0.9912071088460211 0.034288196087188555 0.19087802398046863 0.30662020905923343
0.9949029397518536 0.031738055879914996 0.18883029528166018 0.3574510454696316
0.9940906227546089 0.03411521596308689 0.18680068953408566 0.06329113924050633
0.9940949571936324 0.03574637167049678 0.1910811305487053 0.1947243627741553
0.9932616113940247 0.03314356848403997 0.19335148350351794 0.2919254658385093
0.9885851628989847 0.03156108840505775 0.1983788662144582 0.31080283353010624
0.9963044814565466 0.033740493156432315 0.19617036837600313 0.3665429631744219
0.9936897526699777 0.0334830313161967 0.19485141267514972 0.27111365588319497
0.9949521898875293 0.031631229377907494 0.19678561354923907 0.36129371548777284
0.9860552305435631 0.03295972429755509 0.2061250467393812 0.35521788990825687
0.9935490804813886 0.030768821531771264 0.207710662312799 0.3545353982300885
0.9930643004027181 0.03011946877849149 0.20663882733255504 0.3178581600683566
0.9974125519223912 0.03273836554978577 0.20845934332402488 0.4272937103289094
0.9919366800812168 0.03325724267296565 0.2119271035783238 0.35432156133828996
0.9968867666291554 0.03230273410182726 0.2125746141949231 0.4284565916398714
0.9897294387845812 0.03080350845248112 0.2190592693866782 0.34322353532813676
0.9902481749684834 0.030841867428017773 0.21332271859591911 0.39149777558082055
0.9954785118854753 0.03180922705799578 0.22652501303157033 0.4013003901170351
0.9950959726751039 0.03224995014185769 0.22532334215580588 0.3792577529232333
0.995223495080545 0.03071853923907261 0.2325060439236882 0.44814615797958085
0.9940433958206122 0.03132441525474948 0.23245854697427257 0.37735348713869
0.9944178836725275 0.030156912625015988 0.23474579016439553 0.49520941691760195
0.9950338983897641 0.029790047340185175 0.23930875623247086 0.49527806925498424
0.9950111087149499 0.032428818129299826 0.25848336164204716 0.5216057274354385
0.9921809036929 0.030237700386954117 0.2504072920018156 0.448938321536906
0.9955418187215939 0.0317868190863498 0.26015427599133917 0.5356125356125356
0.9922582498654896 0.032400688722174394 0.2559066304968948 0.5646022423918847
0.9966411662927571 0.03145153670193932 0.26792766024290915 0.49126256006989955
0.9869308845831529 0.030735441884194577 0.26450649693348477 0.4974765681326604
0.9883569405817346 0.03125465614317102 0.27424338894501776 0.5317021836358853
0.9944318496687574 0.03267422027549875 0.28256955758768665 0.5984958757884522
0.9928709323464241 0.03468035659285393 0.28801544207998325 0.5529997628645957
0.9955581195544254 0.03057198885651721 0.2985947512437022 0.5804507922338764
0.99404127103207 0.03350952184652377 0.3011150518030328 0.5604699378023497
0.9892103733474042 0.0354849172883555 0.3033126517615339 0.6388888888888888
0.9945150859449078 0.0356507023681712 0.3094392530873621 0.6623143881208398
0.9939243548664272 0.034915166652312465 0.3216385322923241 0.6276844070961718
0.9946799491051311 0.034003762621231004 0.3287889159771178 0.6671455938697318
0.9943561553371937 0.03496934394631303 0.3405575279379395 0.5660907995178787
0.9951951996009448 0.03514093275844418 0.3478981721672189 0.6176042677012609
0.9954380293842433 0.034511870833879875 0.34627489183047233 0.6449190330908238
0.9926688776400768 0.03430573702912631 0.35138438147293666 0.6171519563239308
0.9967588497179402 0.03492441141231821 0.35759156270071585 0.6006444683136413
0.9950335758254057 0.03549052244553201 0.3694243951978528 0.618860510805501
0.9917537339935162 0.03684566648213077 0.37498781039175183 0.6844850065189049
0.9949364448929403 0.037555314788465806 0.3986015401846634 0.6379417234965902
0.9932960103407632 0.03830434934290178 0.39188885184453887 0.6524329692154915
0.9945820638814712 0.0370955658566278 0.39843183966692913 0.662663077241665
0.994748622693746 0.03865499554687584 0.4186810562549601 0.5957228048529715
0.9952110459693375 0.04057231333868563 0.4311358883898649 0.6166635531477677
0.9941956288068793 0.038654198219760495 0.43142676593519746 0.45015064365927143
0.9948406344180949 0.03977860878519362 0.4248705369310439 0.4256808348180198
0.9949773232158743 0.035960049272380966 0.4270192403165828 0.2641391684218738
0.9957848678213309 0.038518886679920476 0.4408990928795055 0.18876551273677336
0.9957814397897509 0.038342439005147826 0.43764607444416287 0.16617239535222908
0.9925500266978565 0.033634608193857676 0.430679870653514 0.18649832517392426
0.9964206575043895 0.03533286265808245 0.43579875186320693 0.1569590247206231
0.9949619121525738 0.034710262164466016 0.45880327616516925 0.14373421410530407
0.9913030810692695 0.03795200714224881 0.4662247383340251 0.17962765441675554
0.9957379147289851 0.03628241109141024 0.46931308903379404 0.16878643349231584
0.9972858747749471 0.0313664709795808 0.46735830768935493 0.1786274328936445
0.9923450326893771 0.03526264414551369 0.46433917309929823 0.34000653701585226
0.9953199343825851 0.034302503536885874 0.4551031582878747 0.8353221957040573
0.992789043818515 0.03681419320337958 0.46311599529318237 0.7542600896860987
0.9840491103114222 0.03407926774411674 0.46896687083559124 0.8272812793979304
0.988597060027854 0.033698331305023116 0.4766332929397508 0.838721875590849
0.9900012750633509 0.0345876467146661 0.4838361525663003 0.7248068669527897
0.9874153619714046 0.03819128748140792 0.502348293005041 0.801923076923077
0.9948159908056277 0.03897697318947843 0.5106112322429865 0.7393598910452843
0.9942094623089407 0.036696390302381865 0.5167931234463623 0.7888888888888889
0.9957891632984768 0.03691185040666886 0.5362086846005836 0.7442869057547956
0.9943094186462934 0.03623841445238574 0.5457549656098173 0.6987209853150166
0.9937676912258658 0.032712545937245985 0.561306619857555 0.7059821153253161
0.9949066618669534 0.027797828723219956 0.5615296068519174 0.6784068955268242
0.99245035384128 0.028618886933255608 0.576476047925864 0.6849615806805708
0.9927596287503523 0.024090545210251706 0.6053421611280743 0.6515002112973658
0.991456545209015 0.014488632352970834 0.6028384355850657 0.5490913382109983
0.9921789247561121 0.0066443686884929565 0.6270152859548159 0.6181772343375772
0.994335230527355 0.002795307549294299 0.6346732588134136 0.5415969899665551
0.994542872002198 0.002063925661320072 0.6591758135350746 0.5102320675105485
0.9929410230287281 0.002800415827098066 0.6898535100414871 0.5744012138289801
0.9939617953480363 0.00016143048937652854 0.7035841201994286 0.5337900010223904
0.9943138643748627 0.0 0.7201589855889069 0.5513540128015756
0.9897359899006531 0.0 0.7440014376235458 0.4923990285148871
0.9914469864057183 0.0 0.7654369592536716 0.3778186187884357
0.9936166102520599 0.0 0.7768828305133512 0.23609554195050445
0.9964163375993149 0.0 0.8104015268882465 0.14400188545840206
0.9856264624924113 0.0 0.8305198607917509 0.21109297263681592
0.9926075181962908 0.0 0.8776587253520166 0.3072863374441273
0.9914184542940429 0.0 0.8985628223869352 0.33119333220701697
0.9947885470603335 0.0 0.9117465475223395 0.14889978046663604
0.9943738877019292 0.0 0.8816928172129598 0.08168791605551168
0.9922405880057826 0.0 0.9057437371480177 0.14007614395517565
0.9901790742453894 0.0 0.9265857048192074 0.35728805452588785
0.995760192255479 0.0 0.9368470376330641 0.7427504667081518
0.9945209400725025 0.0 0.9349121633316025 0.6395623256811843
0.9932984675532281 0.0 0.9358354197490296 0.6094483262071123
0.9944552479230901 0.0 0.9351421167098586 0.6034582689335394
0.9948092792364474 0.0 0.9354724153453708 0.3892166708511173
0.9960365986444698 0.0 0.9423020135235912 0.6413183758562494
0.9890183894233454 0.0 0.9371415768750441 0.7540181691125087
0.9946323651155193 0.0 0.9405311355311355 0.6178102459774366
0.9959729996632867 0.0 0.9384842165518371 0.608831959871014
0.9917853647250428 0.0 0.9391004400245327 0.7396650413398347
0.9924127257879378 0.0 0.9443301113512425 0.7775605517541001
0.9934508746551957 0.0 0.9442348968833072 0.7385870687874406
0.9956467481879763 0.0 0.9435746705042717 0.8038929946913709
0.9943261735323725 0.0 0.9445250798696139 0.8086065573770492
0.9929011621559468 0.0 0.9452882539502517 0.8261189325488548
0.9901024912617844 0.0 0.949172621788341 0.7535243711416199
0.9943995693225881 0.0 0.9528692866542673 0.8211881188118811
0.9958200232259221 0.0 0.9476154339225062 0.7742397137745975
0.9957504892790493 0.0 0.9520127517177197 0.7941280823132872
0.9924760985053024 0.0 0.9533518726112107 0.7234112883232791
0.9948562666843161 0.0 0.9502533790905335 0.8230143286750398
0.9952788282544806 0.0 0.9506190023209384 0.7655297934636385
0.9963796038494482 0.0 0.9543407006309527 0.8066715964177142
0.9952676470211376 0.0 0.9494146599308511 0.8694506218598138
0.9963516202342034 0.0 0.9489051158019824 0.8274542179525668
0.9947569472061774 0.0 0.9521477213877704 0.8149583272408247
0.996411006968592 0.0 0.9543483381369833 0.8687384044526901
0.9968207345494051 0.0 0.9543549645634484 0.8727812848124767
0.9942826918364247 0.0 0.9534805642411657 0.8613373339048436
0.9953599289084866 0.0 0.9543342530613605 0.8499832045683574
0.9962158791186786 0.0 0.9554223852079209 0.8571888066902541
0.996138343608704 0.0 0.9571015981212426 0.8824782187802517
0.9963922647353802 0.0 0.9617511809383895 0.8931666254023273
0.9934635311939051 0.0 0.9589296372814452 0.8912361678205811
0.9918957536515408 0.0 0.9611246997213998 0.9204214693212248
0.9937323144079114 0.0 0.9581556582976365 0.882362494586401
0.9967557256364218 0.0 0.9623721177841168 0.8579341470920094
0.9954980918603084 0.0 0.9597076363731478 0.8470763131813677
0.9964606231375108 0.0 0.9608903188375221 0.7276911895340386
0.9953540610190146 0.0 0.9647380905892079 0.8432282873757269
0.9966018785121035 0.0 0.9671007947961714 0.8449633574582366
0.997092885137472 0.0 0.9696313749257319 0.8913994820041082
0.994160349307546 0.0 0.9612932017306841 0.8124696477268483
0.9928136635701669 0.0 0.9563927547430172 0.6860050140097331
0.9959882265227126 0.0 0.9631757342063996 0.8055345332499754
0.9951641660499226 0.0 0.9613705636548364 0.8323871051944662
0.9967380239331258 0.0 0.9617330488677928 0.7505612440453375
0.9944528336446449 0.0 0.9610553251223882 0.8020873386432299
0.9894285913925901 0.0 0.9542038509584622 0.7976384151141432
0.992715845208453 0.0 0.9514827541211779 0.6802972442976571
0.9909170378296294 0.0 0.9548107101248314 0.7649020156172693
0.9880580988404978 0.0 0.9572884652056122 0.8582013918605437
0.9945052806898752 0.0 0.962018197141432 0.836380512444147
0.9917338531351011 0.0 0.9588270699319114 0.799254219044324
0.983153323896492 0.0 0.9567656311810376 0.8562454564094917
0.9869659110181469 0.0 0.9574859998995585 0.8203775354672295
0.9938270834869096 0.0 0.9551945776387428 0.7224888559750487
0.9912318181610467 0.0 0.9591274717049488 0.8067408064406086
0.9917507973153497 0.0 0.9652553481319021 0.8364703330602015
0.994450378731207 0.0 0.9674919279116594 0.8873885137951154
0.9850125480423298 0.0 0.9570158351057079 0.8393444658265565
0.9846849859637885 0.0 0.9524787568057611 0.8164704158807479
0.9911630663249072 0.0 0.9594651361182345 0.8509778512847619
0.9892518839575077 0.0 0.9561731074908201 0.8455413522254736
0.9911927709117988 0.0 0.9650581941701998 0.8842058920644238
0.9909792195391612 0.0 0.9618187099445635 0.8872095220102022
0.9948390138483869 0.0 0.9639801376470419 0.8958078486164335
0.9950384841680575 0.0 0.9630450809450856 0.8914157082130459
0.9890876825892916 0.0 0.9526316424862816 0.8818030568557421
0.9956922270019536 0.0 0.9519110974390526 0.8847674194171009
0.9932021368472174 0.0 0.942416934940182 0.8926777287258335
0.9944415097110723 0.0 0.9233271517055514 0.8550585643144941
0.9895207932666968 0.0 0.8964786910137144 0.8543390759432253
0.9910880156634186 0.0 0.8797233511955612 0.8917370305436323
0.9897578954922596 0.0 0.20533984487601478 0.4807262582544862
