0.9875260510492351 0.03847173708196508 0.17081443807501714 0.0
0.9967800328345947 0.03601553086089169 0.15669625866983558 0.0012001200120012002
0.9965134998390138 0.03601539778354373 0.1672150587727978 0.0
0.9948174067794572 0.03831966997463772 0.15702683950398422 0.0
0.9953282022435447 0.0350626061372766 0.16526983819397345 0.0
0.995374580983811 0.03537116490063154 0.1656534359511722 0.1298981795742055
0.9958904109589041 0.0351517444822358 0.1619754461437777 0.11330049261083744
0.9883361374793151 0.03192265501210148 0.16589043771588907 0.05872965209064794
0.9936430358332977 0.03231915922859433 0.16728583451006337 0.12084257206208426
0.9910585418124562 0.034388645322071636 0.17499082184468534 0.17064629099013054
0.9953084218029645 0.03478089062083784 0.167832040951018 0.14362912400455063
0.9899802570589696 0.03461710860607132 0.17937553383315935 0.11123439667128987
0.9894395003330064 0.03362895934121749 0.16926219769269096 0.03937881308929562
0.9852605904308412 0.032241418552384354 0.18219960927284753 0.007799442896935933
0.9945096629167639 0.03402624355626967 0.1832338052291126 0.06057919621749409
0.9922681352805806 0.034681452797865234 0.18955437418348076 0.11751662971175167
0.9969501783822783 0.03189648035884373 0.18890315882384692 0.2940590773315632
0.9956058740842496 0.03360379756983016 0.18614375660851704 0.0006027727546714888
0.9956384466470024 0.035006944752136886 0.1902085807404267 0.052303120356612186
0.995054729044673 0.033584761240377674 0.1929272673934971 0.1730660643704122
0.9888957950426226 0.030981952658678168 0.19686432479276744 0.24704840613931522
0.9954672275191169 0.03370781064698267 0.19462002294243572 0.29317727662003995
0.994464693092979 0.03362659472401125 0.19392371918185067 0.15030060120240482
0.9964688550082328 0.03200474647898265 0.1962603924790626 0.2937154877728109
0.9873549249336354 0.0330563837228581 0.20495827490067445 0.255447247706422
0.9954045251322283 0.03087081991480382 0.20714560670192733 0.2748408524771658
0.9918976113880116 0.030073342431591245 0.20412426100206005 0.2546283110225007
0.9984273478492491 0.033112543604163915 0.2072708027221406 0.3756890049318248
0.9914035452027313 0.033975051304109376 0.20931943208429502 0.31482342007434944
0.9972322906714703 0.031310244428753894 0.21163019141762315 0.385048231511254
0.9902138760253955 0.02911828202136074 0.2175639375924049 0.274075936635655
0.9905549500775594 0.030893720046437326 0.21246295679962712 0.33418432473832016
0.9956441335602831 0.030357388571560576 0.22537761843904416 0.3478955780500799
0.9947099755448394 0.03100276007386903 0.22396497031152562 0.31587017633529263
0.9954526088701833 0.029709731235614156 0.23126085739193514 0.3264373992477163
0.9950639767914243 0.0298805262161803 0.23166266785295053 0.24953543934165118
0.9940853106951499 0.028657001912815866 0.23354784316573568 0.4059161873459326
0.9965324386184197 0.02821600163319097 0.23881334221932324 0.4215634837355719
0.9949302661109329 0.031204702061433418 0.256320459598245 0.4132992327365729
0.9937418709354677 0.02951573120349707 0.24907577685128038 0.33219428850378324
0.996400729659974 0.030594282096049155 0.2584794678255266 0.4138374485596708
0.992784311355076 0.03179400164153535 0.25443584023911076 0.44405874499332443
0.9965206949470742 0.0313285481070716 0.2661882255655435 0.40672782874617736
0.9889523669702477 0.027970934015158735 0.263323849299506 0.41177884615384613
0.9905219877716152 0.02912440154262023 0.27339523623560236 0.4420021186440678
0.9966501651619696 0.03084331603967394 0.2824053654869104 0.5490820073439413
0.9928201052051425 0.03278746758552094 0.2866857999976379 0.45977283483199244
0.9956776023122045 0.028112290926992436 0.2967534615342007 0.5749496981891348
0.9941390515229651 0.0310892047763607 0.2994805198945419 0.5002312673450509
0.9885470778134313 0.03321679103809882 0.30180796675047755 0.610621521335807
0.994580850720226 0.03322406148122059 0.30824474019188447 0.6125827814569537
0.9931742732529839 0.0325351920279998 0.3199759076813063 0.5872753074739829
0.9942456138641239 0.03181886617638543 0.327338650268473 0.6061757719714964
0.9941159875871519 0.03196397058650287 0.3390711627584038 0.5169236931704386
0.9943494826664584 0.03211652940077158 0.34617941737282215 0.5590876000970638
0.9954808512600586 0.031842029953257654 0.3450159771557937 0.5996708979783733
0.9926524703193694 0.030740787164702934 0.34986000923931015 0.5740318906605922
0.9957650169411384 0.03206894494413078 0.3557989807898275 0.5484841969468931
0.9930817746270776 0.031896330096339784 0.36694320819266335 0.569714161029893
0.9892355900255724 0.03394981179422835 0.3720376192693793 0.6064695801199658
0.9946894882260522 0.034933905301666325 0.3968618935432092 0.5657785179017485
0.99429748897834 0.036452732664039235 0.39074161740488533 0.5989388877972097
0.9947614212219656 0.035204439707831874 0.3969531509294734 0.5870420202856551
0.9952323143407825 0.03664018167267014 0.4177005490729421 0.5592148309705561
0.9929847843940264 0.0382130479116871 0.4289971537785173 0.5943188637727546
0.9942048321366195 0.03598334627829939 0.4310305040744213 0.48875950185993855
0.993321465243306 0.03633318790664148 0.4243627349787245 0.5356464698774382
0.9948591546731813 0.03210102036612329 0.42582707707607675 0.2525898348980253
0.9945773946504239 0.034458413817253494 0.4415666825104945 0.24878849460684696
0.9956903752521009 0.03532850622640446 0.4372535756633173 0.17002912935591757
0.9922490835759399 0.030545479910714286 0.4319709446662572 0.22946757292551684
0.9957783819790588 0.03264114075205032 0.43728614518399356 0.20963704630788485
0.9955487553783859 0.03239045937932054 0.4587083159767632 0.1771562990067956
0.9917276190314487 0.03472063184474001 0.4653015335741921 0.2668723791439196
0.9949102559257421 0.03187375083769525 0.4703080520618054 0.22912646339894507
0.996987597719391 0.027964984196691977 0.4660239487421286 0.19104586772542054
0.9942817412497129 0.033511578671672086 0.46488800954644083 0.33502844337183246
0.9959577710029696 0.03195197330094691 0.45433375861875314 0.795696762517595
0.993041452300638 0.033380328412672085 0.46180072505439484 0.713041900961364
0.9842865066671973 0.030359446442900822 0.4676232868689235 0.7764459665144596
0.9880851941545508 0.02985453824520696 0.47490738703410645 0.7963491158014832
0.9896700420094846 0.031000507568745707 0.4823186189120675 0.7083623693379791
0.9866439971695888 0.034488388546371956 0.5005360172850783 0.7195578534498128
0.9968961639020211 0.03462487214969015 0.510089397703941 0.7059322033898305
0.9948511853742277 0.03182947379952764 0.5154288030491522 0.7528683299945366
0.9960610406993867 0.0320824011144413 0.5347863516992729 0.7689606741573034
0.9932746834251451 0.03128205305907465 0.5434478558054546 0.6918017006257019
0.9941562655244623 0.025784026120989772 0.5585318163369175 0.6087666757419004
0.994731868032461 0.022228399284503656 0.5582220015138878 0.5320535608484418
0.9928686475053946 0.022665473091291695 0.5742262568733221 0.5961511837186765
0.9927184871243867 0.021095425267841698 0.6037611256963565 0.611006711409396
0.9914951966047791 0.013964188288711508 0.5990140413561507 0.36204492641363284
0.9918117967030184 0.009497266588058741 0.6261890345600591 0.5355570233377367
0.9932197659329419 0.004372481295860325 0.6326583344197612 0.46005038689940614
0.993331758190234 0.004500046680982168 0.6587425207760564 0.5105845181674565
0.99313619822807 0.0034927796212605314 0.6897334744239472 0.5669638062506712
0.9945236887017443 0.0002932330422524602 0.7036255850234009 0.5251711639146194
0.9937363200298048 0.0 0.7193833125474905 0.5240003817158125
0.9900185545483009 0.0 0.7432864977645772 0.45540063833361333
0.992350584923343 0.0 0.76518455014081 0.3744109667285449
0.9927740108731193 0.0 0.775937345704207 0.244485879303288
0.9968234546415695 0.0 0.8113723136337806 0.1485406056623405
0.9866840177593537 0.0 0.8263039091351407 0.19369676932475652
0.9933237024406215 0.0 0.880732069159542 0.2768988896531394
0.9928671376005247 0.0 0.897488747603189 0.24176889675814678
0.9971598002496879 0.0 0.9056686840180039 0.11745368838901753
0.9960076851774597 0.0 0.8817168258505699 0.07673036507119096
0.993853442815831 0.0 0.8957560624726124 0.10491225520473786
0.9905367203095072 0.0 0.9231178322297193 0.27662108723617135
0.9953837037236182 0.0 0.935544193788981 0.6452036793692509
0.9948013571194047 0.0 0.9299648395622813 0.37886464016627697
0.9955639740382304 0.0 0.9325795658887782 0.37988681454498147
0.9945451261767053 0.0 0.9316795258759094 0.4220388756817228
0.9950243654505491 0.0 0.9289233151819285 0.2533755274261603
0.9963271870692001 0.0 0.9362678938313261 0.361273149459138
0.9883871298585765 0.0 0.9319799525804616 0.4531848489147397
0.9944333809504131 0.0 0.9378778114675446 0.4479536152796726
0.9949396147657711 0.0 0.9363438574181884 0.5260586319218241
0.9919284522059739 0.0 0.9379061866155041 0.5489823394313772
0.9918963942546154 0.0 0.9417319917511713 0.5884753101840287
0.9929250078400425 0.0 0.9440537298329511 0.7299582357135581
0.9963548556673041 0.0 0.944301205516569 0.7870947949688107
0.9925156836615043 0.0 0.9438667194707473 0.7674871096410156
0.9926740478987611 0.0 0.9450309942065767 0.821398834304746
0.9902537795724597 0.0 0.9489854189667644 0.7341081805990165
0.9927975260816156 0.0 0.9518018175335377 0.8306324110671937
0.9967325774764756 0.0 0.948530900725634 0.7810597923379878
0.9957069901596768 0.0 0.9516317901795299 0.7638203776152407
0.9922440115422355 0.0 0.9523128135589835 0.6731403719256148
0.9948747497694629 0.0 0.950119969651012 0.8139616669597327
0.9952608126274172 0.0 0.9508903653519535 0.7706277141729175
0.9965954079291073 0.0 0.9543908589984972 0.8023821098687409
0.9955198757512208 0.0 0.9496674490544099 0.8344589288518925
0.9962514744699936 0.0 0.9484427487391125 0.8046903361649604
0.9949191477571114 0.0 0.9508685077536094 0.7328958482229875
0.9965746779817916 0.0 0.9541683312101474 0.8488791936211825
0.997356164863256 0.0 0.9547310449401352 0.8745940360200768
0.9947157660532567 0.0 0.9539382299550603 0.8766957018420677
0.9964393886586602 0.0 0.9552312686616377 0.8618958361226402
0.9952344772035259 0.0 0.95569716379965 0.8663280396065067
0.994974705942861 0.0 0.9562975360206267 0.8851763798753454
0.9951671449786567 0.0 0.9608699260686522 0.8924731182795699
0.9936736216612571 0.0 0.9590318671654312 0.8912940898902914
0.9930124905831478 0.0 0.9621637352944992 0.920826061663758
0.9919945792838454 0.0 0.9570823680959059 0.8742721587233124
0.9980697594084641 0.0 0.9628973621016992 0.8399759663528941
0.9948066627905222 0.0 0.958321509271019 0.803685296324081
0.9965247430931856 0.0 0.9609617411701827 0.7283137128852103
0.9955899706187329 0.0 0.964758244115979 0.8381553894023127
0.9958749659331404 0.0 0.966638749419324 0.8510946919903902
0.9963989913202779 0.0 0.9688502490498295 0.8801583809942807
0.9939762905425513 0.0 0.9624808382068488 0.8419167212356997
0.9921376612689115 0.0 0.9600078913251789 0.7892755084888217
0.995650762534786 0.0 0.9636148638135755 0.8296655225789084
0.9945645268166462 0.0 0.960924506520142 0.8299169693824597
0.9964529766193977 0.0 0.9622912674514098 0.7705413344523709
0.9939991532221175 0.0 0.9613222323701616 0.8135461700476666
0.9879797268578348 0.0 0.9540098171083201 0.8038719206625521
0.9910985371987274 0.0 0.9535771175891995 0.7277062365402365
0.9902905831223343 0.0 0.956160964003191 0.7931426279909103
0.9865495334524519 0.0 0.9582135313639121 0.8908567685180853
0.993604306433668 0.0 0.962673459464809 0.8551375137513751
0.9905548996458088 0.0 0.9603505014983374 0.8401511783014673
0.9820144936663308 0.0 0.9560471843656152 0.8535690336040533
0.9858965976346395 0.0 0.9562037767782877 0.8075868221921157
0.9928909872080813 0.0 0.9593802871327166 0.7831386804857298
0.9906257561715008 0.0 0.9628596552846862 0.8628920141073859
0.9914126466828656 0.0 0.9671745389730582 0.8622159090909091
0.9936599396923919 0.0 0.9675626677104847 0.8924784187366245
0.9835949319765642 0.0 0.9577782280101677 0.8562242497152165
0.983354756313115 0.0 0.9553823957763651 0.8492163280192727
0.9905129483837269 0.0 0.9608706896551724 0.8640211270068907
0.9877576553305457 0.0 0.9583552791770352 0.865044318838718
0.9907100776524499 0.0 0.9636196378341132 0.8732607827771288
0.9895101678492618 0.0 0.9618875397197663 0.8904925680735307
0.9935258452368718 0.0 0.9595306081622365 0.8718785938430065
0.9938150858176332 0.0 0.9576525090349978 0.8640326288773794
0.987561584942136 0.0 0.9467971503949985 0.8580940620447035
0.9951607494227397 0.0 0.9457501980530123 0.8604111393030791
0.9919519193782299 0.0 0.9359298811162955 0.871112344079328
0.9937721398534524 0.0 0.9116931356447752 0.8227230782136965
0.9887159838171151 0.0 0.8814957983193278 0.821360331465227
0.9904674574994682 0.0 0.8607805549031163 0.8665875187289693
0.9887045869599452 0.0 0.19387838329589802 0.43783625671090715
