0.9866598562683263 0.049115820758864503 0.16524582238603885 0.30689655172413793
0.9966037358905204 0.048053684372910986 0.1538192088265601 0.201020102010201
0.9950254317078431 0.04751670168776821 0.16261179775062343 0.3142857142857143
0.9952952476248826 0.050549406550402305 0.15344002474003635 0.2424534360950546
0.9937760627372876 0.04620100492846857 0.16223446767341101 0.28135689851767387
0.9959577502023864 0.04772043468256277 0.16185098246960036 0.2644245603208886
0.9950368379063227 0.04643122269518711 0.15915286716457863 0.2789408866995074
0.98873201157028 0.043775817844428966 0.16311696344062132 0.27353973827002875
0.9944386321578079 0.044239006716307684 0.1664802477797775 0.3425720620842572
0.9911370351767734 0.04663081775926756 0.17238143324083108 0.3088188475007959
0.9965004576429082 0.0485925837630899 0.16561932776453087 0.275028441410694
0.9904185867382007 0.0467265253428127 0.17757437141237714 0.4105409153952843
0.9878429737109224 0.04781807293291592 0.16847991502630583 0.3639695517338596
0.9846715981278248 0.0471677906900112 0.18059445642760202 0.27799442896935933
0.9942490088568071 0.047188456444763785 0.18113323400319195 0.42903607332939087
0.9909477993961843 0.0492601626627379 0.18787937671919075 0.4637313905606589
0.9948910449819082 0.04805707148946052 0.1855015069910546 0.5474452554744526
0.9941230023498149 0.04880392123388362 0.18454843206364677 0.298372513562387
0.9940973864043174 0.0491794502134787 0.1872970539945141 0.41664190193164935
0.9932121601667258 0.04962444518670893 0.19090443858442502 0.4426877470355731
0.988758747483143 0.04599851971275055 0.19580490479481166 0.4834710743801653
0.9962255913443481 0.048512666982180534 0.19232497813906 0.47901798458464173
0.9935096496453331 0.04708295715465352 0.19138014118580146 0.43458345261952475
0.9948642807428844 0.04501205740444338 0.19450717936237527 0.471469892190376
0.9862322008761327 0.041993063489234386 0.20145413349722155 0.4727637614678899
0.99339345868133 0.041760211143947464 0.20515251915475166 0.45225574314973704
0.9932382283424611 0.03974241568107866 0.20068830137169322 0.44802050697806894
0.9969167885912658 0.04569225670961632 0.20619902758117126 0.5633516961438098
0.9916011973615232 0.04694713851676452 0.2079676998328881 0.4758364312267658
0.9967511568680179 0.041585034567535456 0.2066973629813491 0.5884244372990354
0.9893980148230445 0.03874480112180569 0.21632593191967434 0.5240130751822982
0.9896462646880559 0.04015359514174032 0.21009672084888603 0.5016940317956737
0.9953707341991002 0.03911759579712671 0.22192096626263713 0.5381770145310436
0.9946536423214183 0.03793657345474257 0.2221469316644521 0.5148817094886797
0.9946172676377854 0.03655271075127495 0.22982307261228085 0.5988715744223536
0.9935670402944173 0.03761994430978185 0.23081378951077391 0.5342683249536915
0.9947185509187456 0.03671052381043051 0.2338824360308083 0.6164158686730506
0.9947415895416475 0.037214917407673145 0.23893773724677153 0.6526757607555089
0.9945371086672777 0.040692659430080165 0.2589582217992188 0.6261157867890844
0.9921263191605411 0.037433688589092705 0.25032637127488633 0.619023267706469
0.9950727328533115 0.03883835641234501 0.26006775689838046 0.6460176991150443
0.9923578088519316 0.03805282649282282 0.25561155640692995 0.6679114430514804
0.9964407430091923 0.038763350638185305 0.26694392711531684 0.5334207077326344
0.9861895134490516 0.03750237252329199 0.26422547575007055 0.5891826923076923
0.9882251382966317 0.03945977232456287 0.2744964521202945 0.6540583136327817
0.9938063999274453 0.04097633010728995 0.2827038556349306 0.6733349597462795
0.9920318575567866 0.043247450199288606 0.2870096172157684 0.6413402548371874
0.9953411842776422 0.03861144198430493 0.29784052162469343 0.6956848971399899
0.994533146935472 0.040120773748299546 0.30068856238320607 0.6232654949121184
0.9898304423471062 0.04271064523892291 0.30363008669440544 0.6461046378798264
0.9946680447470817 0.04278107354325978 0.3098196904729568 0.7373271889400922
0.9941504140916744 0.041710498632442666 0.32069004940195933 0.7042352941176471
0.9951704559323937 0.04015257123815388 0.32851009161905403 0.7064640617462614
0.9946614688485756 0.04320071520167256 0.3412521647084752 0.6720394000447728
0.9956408095569502 0.04297255166936349 0.34776144246782104 0.6614557889594529
0.9956008076328844 0.04224232384474428 0.3466355117557326 0.6778823529411765
0.9918956358599025 0.042384498669970135 0.3509334778572713 0.6687158469945356
0.9968282249301037 0.042756998855720006 0.35737868018495006 0.6089161208535813
0.9946539799690068 0.04278508432616432 0.3688593688885218 0.6382885832787601
0.991567038134323 0.04459849465218556 0.3748783178136242 0.6722744155560411
0.9946497273326541 0.045416492528666044 0.39974303524553323 0.6550435865504358
0.9931133738711186 0.04715727333137585 0.3934681713811129 0.6602751146310963
0.9955571326668429 0.04538070934480168 0.399214276622946 0.6590484105547476
0.9950254600056914 0.04730650072111533 0.4192234382685686 0.5548883467817601
0.995417375288619 0.04958172051343756 0.43083065519762787 0.5837642192347466
0.9947700727620917 0.048278993311260905 0.4337291337057247 0.47776628748707345
0.9942541541406252 0.049599894097559924 0.42625575506538466 0.4746152739824536
0.9952491924964473 0.0451127613739944 0.431942716073248 0.416473176096786
0.9960888774336617 0.04932483595920585 0.44297836417401637 0.2234528945843261
0.9960061157110969 0.04892936309282316 0.44437237245009376 0.2884187082405345
0.9934551691807878 0.04452273425862436 0.43810579255760723 0.35638027452974075
0.9961605381784896 0.046701404172133705 0.44044042182019344 0.30560912215980546
0.9949837143002227 0.044560377483883834 0.4617894959265607 0.3144490207615365
0.9914521194808602 0.04717607194706225 0.4683357772617331 0.3622720364741641
0.995936444327699 0.04761967721747715 0.47411406011113105 0.346667895658586
0.9976798912456689 0.04822449790000609 0.46742790457016764 0.20443376651741837
0.9924968501275314 0.04761697919517213 0.4670700648649599 0.41276423586527766
0.9953053734542008 0.044531740469572714 0.4563655733841225 0.8092078809811017
0.9929369457136431 0.04702469331256659 0.46492261297126053 0.7213470939706681
0.9840646979243746 0.0441652433199201 0.4709847052866304 0.7921583555386372
0.9880090998922251 0.04337586903320011 0.47844634868916486 0.8166793313069909
0.9898650740000644 0.04473466422953494 0.4862036344505857 0.7721017907634308
0.9882434821170109 0.04873174981629673 0.5049629378367708 0.8209925167388735
0.9941028632102926 0.050829926300712674 0.5136753168376584 0.7509970521935149
0.9941112183044274 0.04958109973357301 0.5195075566394657 0.8019455252918288
0.9955394720749369 0.05080658587074783 0.5387304102977976 0.7763391273501241
0.9941858104153778 0.04912754179378512 0.5479218582655939 0.7636394732341372
0.9933053805697746 0.04615318371747972 0.5640232265399765 0.777834179357022
0.9949893369846806 0.04431357665388967 0.5654709683696718 0.7689032697547684
0.9921787855964763 0.04557048626861898 0.5799366411718953 0.7367433930093776
0.9929350794639218 0.042562008287790526 0.6098691541128468 0.7340920019233852
0.9913636717883542 0.04039665824065727 0.6095520623223226 0.6628760616093278
0.9930602816261256 0.03719019744870373 0.6348068339700246 0.7140961368327927
0.9946959180038695 0.0254255501596695 0.640158503559453 0.708735069794215
0.9952155342858056 0.022621365087182155 0.6645110418774532 0.6683229813664596
0.9930912351048999 0.01833236282652446 0.6933833387204955 0.6255426917510853
0.9937566624732578 0.0068434467839013 0.7050542922188047 0.5795234294835252
0.9940599411522608 0.0016730653578564242 0.7201849962401675 0.5565785247832138
0.9892099237945529 0.0 0.7447164757241369 0.5488019914946582
0.9910827209901538 3.8846471680922145e-05 0.7672756474287683 0.496519285042333
0.992923854283992 0.0 0.782693153032924 0.4478655238412249
0.9951805909904421 0.0 0.8246365088915364 0.30788542736505764
0.9849711514528083 0.0 0.8325122682172579 0.26031243618541966
0.9914826691241466 0.0 0.8810770669057157 0.40715528326147793
0.9900750562191525 0.0 0.9052097314761978 0.6764594628672299
0.9931454419732987 0.0 0.9298736806237273 0.36766140042910084
0.9933285364076365 0.0 0.9081827189399712 0.14918098282061526
0.9913408243417922 0.0 0.9112271282057627 0.16850989522700816
0.9902458886398121 0.0 0.9266749361209432 0.3535954785954786
0.9958861367073599 0.0 0.9364714772694245 0.744994994994995
0.9949023215420841 0.0 0.9348897833430238 0.765661252900232
0.9920470940277506 0.0 0.9346779354804301 0.7612281146917026
0.9943527503390585 0.0 0.9346573355295481 0.7478083343340939
0.9948925286618157 0.0 0.9383483733980436 0.727637154965067
0.9959507292152149 0.0 0.9408717576307348 0.7852927289896129
0.988881238934888 0.0 0.9356978226450554 0.833791895947974
0.9945352071045667 0.0 0.9412261882083017 0.7561955793703952
0.9967552560213873 0.0 0.9408793004767372 0.8058528808927351
0.991505355837386 0.0 0.9383249044036018 0.7860082304526749
0.9928287827570591 0.0 0.9451249259219242 0.8306866217296927
0.9936792268082802 0.0 0.9445076851746979 0.7513607887439663
0.9942865075279514 0.0 0.942760370499882 0.8337874659400545
0.995211713494262 0.0 0.9446367258803428 0.8453095879063989
0.992715111696971 0.0 0.9450197170781477 0.8541427228084839
0.9893674830996741 0.0 0.9478228947587594 0.6898483849703362
0.9950882956688015 0.0 0.9534780092545622 0.8396105811780903
0.9940700746697301 0.0 0.9459017680315175 0.7908013191906587
0.9951884814611008 0.0 0.9513238873607346 0.8083012791841846
0.9932158414420235 0.0 0.9533512059884481 0.7588916110500972
0.9951188712693363 0.0 0.9482339453408191 0.8278297722055448
0.995083440266244 0.0 0.9498737133399514 0.7730687119474974
0.9955277636134295 0.0 0.9534472888294185 0.8192323565827486
0.9949687550072104 0.0 0.9483998507179652 0.8716777408637874
0.9965935883978285 0.0 0.9480332549822391 0.8274842719624043
0.994411347609233 0.0 0.9508992855321993 0.8470866381940207
0.9959888564876664 0.0 0.9533006570920999 0.8832196029776674
0.9963889701443644 0.0 0.9518588414994561 0.8765222525647649
0.9941696946162594 0.0 0.9518153564053714 0.864912778329315
0.9946928681689101 0.0 0.951970017505897 0.8638981915606162
0.9965460396306153 0.0 0.9538581609030574 0.8664789093003904
0.9961097337751106 0.0 0.9556166542162707 0.8874606337168198
0.9967923849231575 0.0 0.9601086732897415 0.88590438639724
0.9936087503916063 0.0 0.957788953673824 0.8988483913095097
0.9906770153788803 0.0 0.9577362934968833 0.9197067551056031
0.9946604251870559 0.0 0.9576428134714858 0.8744203601854847
0.9953417889398425 0.0 0.9606101284052144 0.8647239263803681
0.9959255502775232 0.0 0.9600221676749199 0.890233977619532
0.9963188050682351 0.0 0.9626146586790431 0.8695027994448964
0.9952425633064356 0.0 0.9635784360953213 0.8727659163365858
0.9969249264094555 0.0 0.9668541448058762 0.8891600861450107
0.9971136732956744 0.0 0.9687221827923498 0.9044571634593718
0.9947396919513856 0.0 0.961837622105841 0.8594132995967423
0.9933607338158615 0.0 0.9610230085412027 0.8326963294151583
0.9958851632365842 0.0 0.9625513866057798 0.7894566098945661
0.9952776162163924 0.0 0.9607896789508379 0.8220057343933272
0.9967017236188072 0.0 0.9618675661281733 0.7517602705549703
0.994552034251661 0.0 0.9625817186428668 0.8390714430982887
0.9901457427327677 0.0 0.95660907504363 0.8478799481952812
0.993304388934473 0.0 0.9595793244670907 0.8363320827910063
0.9912467999465654 0.0 0.9574037002287241 0.819637363661788
0.9891918795312646 0.0 0.9601776710972838 0.9129981829194428
0.994538085391938 0.0 0.9622491077764777 0.8440155962498904
0.9931819966128689 0.0 0.9616675524688246 0.8340170145694829
0.9840979317500056 0.0 0.9587103942865141 0.8824293664798619
0.9883385423744168 0.0 0.9592684572380483 0.8362481764352527
0.9946262324347528 0.0 0.960759424469281 0.7896026087092194
0.9917790452575682 0.0 0.9589742013273354 0.7993623660290327
0.9920129656652112 0.0 0.9644351518193568 0.8258756593374029
0.9944974274515812 0.0 0.9670322221373712 0.8830114782526631
0.9860582600708568 0.0 0.9583033341484591 0.8468630677055847
0.9862683926517855 0.0 0.9536580470201362 0.8194005519075418
0.9913740024155161 0.0 0.9593858572193957 0.8510252146239754
0.9907605791070986 0.0 0.958082058663812 0.8564023127770195
0.9914924725942225 0.0 0.9655644191891597 0.8890828434378043
0.9915209885473465 0.0 0.96239091090829 0.8908101369933431
0.9952398059996408 0.0 0.9670953760225436 0.9148197843890251
0.9958628514833396 0.0 0.9699895349723949 0.9281509900352757
0.9895488269694008 0.0 0.9570007037756867 0.9027119969432276
0.9957506741140215 0.0 0.9583314786896604 0.9127134505180697
0.9937893998415028 0.0 0.9517333072990842 0.9251052567452313
0.994837654061168 0.0 0.9317923616338917 0.8779003529830003
0.990899248973981 0.0 0.9093176834505263 0.8798708528167446
0.9919322298186063 0.0 0.9132537003453011 0.9329228698797207
0.9883088542695561 0.0 0.22679828465086171 0.550722626682878
