0.9876723222067422 0.0179102687693436 0.17150209263210628 0.0
0.9958431527848417 0.021897639761371414 0.1590979019744904 0.002673082063619353
0.9960970986201346 0.023765717834835293 0.1697550342220393 0.0
0.9940269587531877 0.02409797776804727 0.15825620038690383 0.0
0.995100403233977 0.019918773689900367 0.1673685760345347 0.0
0.9943049047471418 0.020611137764328154 0.16619118358502105 0.0
0.9956086484732042 0.021350922555148356 0.1614560973855584 0.0
0.9868903631796572 0.01943329891309575 0.16674724183129472 0.0
0.9923732794760487 0.01866683030313656 0.16741483926891795 0.0
0.9905292661648921 0.018180721213266575 0.17332458012736063 0.002041411490230388
0.9938472028312607 0.019839472268622066 0.16729361601149775 0.003697383390216155
0.9890804935056619 0.02037281066952423 0.17931791281441223 0.013592233009708738
0.9905866624724756 0.01907482575011074 0.16986549761640388 0.0
0.984541535087379 0.018747906360407678 0.18200111139913902 0.0
0.9934317676796618 0.017433769954820683 0.181917833122651 0.022752497225305215
0.9919560834083379 0.017878914484304082 0.19028027930196229 0.0
0.9974728825151025 0.018354952745800554 0.18870899759112933 0.08264188516428808
0.9953109448151288 0.017593212514091905 0.18599216576423205 0.0
0.9958270476636837 0.01878236274520236 0.19073938318031058 0.010401188707280832
0.9954975121351841 0.016178039131039296 0.19265456769854425 0.0502540937323546
0.9883812173524942 0.01510215732492886 0.1972327846486186 0.07113341204250295
0.994524530734888 0.015150068863949382 0.19383742019618208 0.0984870111333143
0.9949972619409796 0.01658236495020717 0.19352170457939727 0.09046664758087604
0.996673132525711 0.013928852260624952 0.19548948236049055 0.13042334998685248
0.987219775355638 0.01675403088762771 0.20492438472698807 0.11722556606477501
0.9965267349843856 0.01643390813968081 0.20765534943930825 0.12565734846388044
0.9909119394486934 0.015778857415520757 0.20432009348926441 0.06750213614354884
0.9981211619628875 0.01566110829719206 0.20651060240466254 0.2796634754859298
0.9906378374969224 0.013300345162602313 0.2075642339046963 0.21654275092936803
0.9966720674720101 0.016517684024221695 0.21013497573804554 0.21489817792068597
0.9891989789716786 0.012229774933224205 0.21587410572133622 0.10109561752988047
0.9909310415088171 0.012832180923096532 0.2117814267994661 0.17330677290836655
0.9956705446263638 0.014507742800258211 0.22410668363758376 0.2215834857590802
0.9952973170653884 0.013230541814537427 0.22223733151393008 0.15154612829031433
0.9960336457109102 0.01048750080953306 0.2292914552750578 0.17759269210102097
0.9960812791850839 0.013475242420176139 0.2295377080540935 0.06742766126891425
0.9938968231704743 0.012589246097374046 0.23090942255495153 0.2696236559139785
0.9963518311960853 0.012457989851745567 0.23676136810154397 0.28226652675760755
0.994027207719609 0.013723078132775747 0.25387308092333005 0.1565040650406504
0.9959972439630411 0.012442503501791626 0.2470526290447963 0.05500248880039821
0.9966003139717425 0.0117709961083941 0.25551256864102007 0.07293519695044473
0.9933599087978378 0.019188812281168716 0.25353598193156146 0.17943925233644858
0.9961108385655738 0.012808870720277938 0.2639873624997592 0.23787680209698558
0.9892792862301564 0.012033225621162689 0.2608595183442219 0.15798319327731092
0.9909713637192712 0.017533881948269846 0.27134368673981785 0.17084984588287097
0.9967240049668312 0.016199194840493508 0.27983135281838134 0.35830469644902635
0.9922206912389482 0.016488499568106992 0.28339589124412207 0.2616470588235294
0.9943659189946548 0.011561611918168499 0.2940153958823948 0.34681452489671666
0.9929388526888463 0.01277579936438366 0.2957581000314564 0.319377990430622
0.9870627671978236 0.013057429818837412 0.29698152710328923 0.4500846023688663
0.9936461945057343 0.012526766716401195 0.30317080230091936 0.3770458678520913
0.9911483793884732 0.01410138217024553 0.31602419920846514 0.4216733422340899
0.9929298075181132 0.017802240704978493 0.32416487081762463 0.42322415993194384
0.9924771988320342 0.011491372901728256 0.33333857915791926 0.2964932451853981
0.9923256776833337 0.011137319690017237 0.34119462095649294 0.3469601677148847
0.9940321539357866 0.012864136018265256 0.3412908622287359 0.438641090825052
0.991085052633105 0.013891860851694018 0.3465502802803278 0.40443760984182775
0.9941069182011353 0.014875304381382239 0.3519265952877166 0.38530024625876114
0.9911977792132632 0.014931006690675533 0.3630777967606158 0.40588235294117647
0.9868903271549638 0.012889644522466964 0.3656279381602802 0.38139091775166717
0.9933985554935795 0.016344367395001964 0.39181817745672964 0.3771319178558998
0.99299995216913 0.016164275746725593 0.3852277049856316 0.4434673366834171
0.9929417223303375 0.019323287292601583 0.39317338404740404 0.45600722673893407
0.9935459968405796 0.020367365430867247 0.41411585472629847 0.49812734082397003
0.990741749264786 0.021371882241257145 0.42437988457948966 0.49504950495049505
0.9926640510659521 0.01516871636303088 0.42582533080926244 0.3806590257879656
0.9914528256124181 0.015516429280184823 0.417030037898098 0.3334131163235998
0.993193282908721 0.012782461267668677 0.41532047982834586 0.14523336643495532
0.9926579627511152 0.01268770713793245 0.4349294656845773 0.2102412942144228
0.9944559375120838 0.013181035469147957 0.4303851375785914 0.15856311662028838
0.9908552368792922 0.010376817272307498 0.426893717898064 0.22968301831286314
0.9941429652234035 0.012216375476247652 0.43292228672345634 0.27066311172271434
0.9946359460339277 0.011748391762447926 0.45147606522548084 0.19780976220275345
0.989975917028718 0.013487924527745809 0.4586131785786494 0.2586942257217848
0.9927113826724768 0.015514554708283711 0.4656961336799297 0.27301810237203494
0.9946537976724416 0.011434496189967796 0.4628062135474177 0.21662101521067662
0.993559526554077 0.013210727209636643 0.46031514008408975 0.3208624509971024
0.9944635090994509 0.012607527718728152 0.4494826093829974 0.72400967082016
0.9904143276669545 0.013998698995016635 0.4560421827910552 0.6494932432432432
0.9814232659153002 0.01238889091107633 0.46269679732206337 0.6758974358974359
0.9855551522104619 0.011192006130990981 0.4686367889678526 0.5790812720848056
0.9873979036755293 0.012723873666045504 0.4717562630703913 0.3054662379421222
0.9831186395040725 0.015649823494711085 0.49190104095409715 0.3656565656565657
0.9962590714480916 0.014705975751494097 0.5030913792215918 0.42653337498698324
0.9927421052948219 0.0126864971683803 0.5081798722006664 0.4209443361490145
0.9926639435148689 0.00943750825401018 0.5249450176150962 0.40098865949403895
0.989470724795162 0.007038260869565218 0.5307461863217775 0.29462675802380095
0.9910294791344832 0.005894433095828039 0.5478205780634977 0.2719499744767739
0.9903817227861145 0.006632562229093169 0.5454375574977001 0.21005154639175258
0.9902218759029695 0.004437430723853539 0.5610783286193546 0.21186112187828784
0.9888191477877335 0.00013729247132505406 0.5880501020146198 0.20305193206989908
0.9865573711981059 0.00011909976725079383 0.587996114877733 0.18011923385903345
0.9860215762266162 4.288762370398962e-06 0.610222757792895 0.18062479228979728
0.9882788544001471 0.0 0.6186126345596614 0.18730008292856296
0.9882510501004443 0.0 0.646471949103528 0.20282331511839707
0.9895711099065279 0.0 0.6766812394622779 0.21583582655598163
0.9913864721118681 0.0 0.6935316534611232 0.2174744330813695
0.9897011490887084 0.0 0.7095672382555033 0.23353374012921752
0.9881279403871049 0.0 0.7309974120928129 0.1564888956035655
0.9906389035483689 0.0 0.7540379956158905 0.08238417542077058
0.9884300220834784 0.0 0.7502562790362949 0.07128679181080928
0.9929225394174578 0.0 0.7928613882061909 0.07753342215967783
0.9855058679864499 0.0 0.82190397286317 0.06865015974440894
0.9893580609475882 0.0 0.8711830317819695 0.09159612023168934
0.9915824857081378 0.0 0.8579266399803938 0.05755735280234132
0.9950814044836396 0.0 0.843043790778298 0.041045971488066636
0.9927715998525188 0.0 0.834414252377092 0.03504156418319375
0.9927321922980116 0.0 0.8680158945750405 0.05645905031828508
0.9885854384855219 0.0 0.9030321391352142 0.12037308882314415
0.9924260859664359 0.0 0.9239868125869564 0.2556199304750869
0.9929618480939638 0.0 0.9190032347670326 0.18653839352031973
0.995054633311164 0.0 0.920269600787312 0.16974327027115643
0.9929840203308883 0.0 0.9190390664205133 0.18549550168257675
0.9930030456807669 0.0 0.9192814625317688 0.15269461077844312
0.9926575282825658 0.0 0.9207700058954622 0.15623685170121454
0.9845772419709434 0.0 0.9183276188101324 0.1880986134642647
0.9901905552425748 0.0 0.9291929741891769 0.21872565820221218
0.9896263443542447 0.0 0.9235078957665958 0.22124810416897867
0.9876656891825719 0.0 0.9207923332414634 0.1521853607161664
0.9868138691176237 0.0 0.9215002774886131 0.1499620882361201
0.9868225614722773 0.0 0.921960149759327 0.14662580044879864
0.9911875907311785 0.0 0.9291264135247288 0.21895424836601307
0.9857637677002593 0.0 0.937283020709626 0.36280198333157504
0.9875341215094618 0.0 0.9387074120230735 0.44642857142857145
0.9858361969491396 0.0 0.9430407008578208 0.42759578654936914
0.9874500395999485 0.0 0.9464136132892873 0.48837959974176887
0.9924035632699612 0.0 0.9430452542367311 0.37745098039215685
0.9917477368725042 0.0 0.9420573449501375 0.38292060364515695
0.9871549628046983 0.0 0.9403662307570492 0.31117273866960454
0.9914425857333249 0.0 0.9433127910011241 0.49117663329092215
0.991261219216027 0.0 0.9455477932927884 0.47212946313896736
0.9943831039660505 0.0 0.9474522540710869 0.4805008944543828
0.993117626027887 0.0 0.9435106460538604 0.5541031621196507
0.9935617942869464 0.0 0.9378228515460936 0.4247990353697749
0.9924198288196437 0.0 0.9421067300117435 0.4434994426324264
0.9937581265949202 0.0 0.9480101187668825 0.5677872183228666
0.9941878156810093 0.0 0.9485430488411895 0.5915193613602198
0.991585986360906 0.0 0.9460214312036774 0.49780494103469053
0.9939924457246613 0.0 0.9493888151671441 0.5815619331131681
0.9925232005213139 0.0 0.9516318446691807 0.6360107351672577
0.9917515109559424 0.0 0.9473495968761688 0.5292902815838596
0.9923487234314534 0.0 0.9549907855407879 0.6530255655692477
0.9913761585768267 0.0 0.9555482015368818 0.7188492160406389
0.9912931979643219 0.0 0.959398399802573 0.7187182565333826
0.9895080938064021 0.0 0.9540682829176091 0.7294847976800036
0.9964833260748562 0.0 0.9566751032935513 0.6028667479404485
0.9921191409979413 0.0 0.951184849246005 0.57637453493179
0.9946002944250851 0.0 0.9502807338359366 0.4861983113227971
0.9934875563380761 0.0 0.9588706309819508 0.655393457117595
0.9933573582440788 0.0 0.960439074577787 0.6472091883185097
0.9942141034943291 0.0 0.9629492133285424 0.7163580696894591
0.9923278823074276 0.0 0.9605925390565672 0.7799567411679884
0.9907497673711194 0.0 0.9593101613605092 0.7716914840220847
0.994558638096457 0.0 0.961697806336184 0.7781928254009145
0.993365880051085 0.0 0.9589685055411779 0.7770637666831438
0.995160659978953 0.0 0.9600632147996583 0.7281605639107859
0.9926963965207787 0.0 0.95970148331655 0.7827867740798004
0.9858070582389314 0.0 0.9507633747876602 0.7322473663675381
0.9887219955688148 0.0 0.9553114465432904 0.7674282229311316
0.9883839204241314 0.0 0.9542256846694862 0.7755070715930271
0.9840124609084099 0.0 0.9575147157702499 0.879045439686172
0.9914309608600054 0.0 0.9632956801474546 0.8704720334788283
0.9883934536669481 0.0 0.960172889697229 0.8419760102291409
0.979685591106893 0.0 0.9551935916820985 0.8494861866110656
0.9838364217943533 0.0 0.95561233615249 0.7970158122338494
0.9911029172393836 0.0 0.961753802342337 0.821959819598196
0.9888289220086298 0.0 0.9637466546810539 0.8760279356633208
0.9896915035924593 0.0 0.9665275658615612 0.8595642256751478
0.9918516745803 0.0 0.965918237407047 0.8691122593887609
0.9822708935600307 0.0 0.9582363059685003 0.852991565629942
0.9818574214782485 0.0 0.9550174954665032 0.8374740691946949
0.9890169277132601 0.0 0.9591169003011544 0.8413519880077094
0.9860340766629944 0.0 0.9576009598224845 0.8480979049989629
0.9890363689367753 0.0 0.9566693487683962 0.8186888053311493
0.9879303517242696 0.0 0.9552553268720552 0.83862229867331
0.9917041302815347 0.0 0.9502457750604769 0.8107065613397948
0.9927972396607083 0.0 0.9466762211614099 0.7983390438391136
0.9867802249944442 0.0 0.9333360659470784 0.7896681263476115
0.9941633890773711 0.0 0.9280571827423549 0.786465985184727
0.9913108891502534 0.0 0.9188157957460719 0.8074319517004452
0.9931927479222739 0.0 0.8941337843796365 0.77122046902588
0.9886161508360014 0.0 0.8639258574065141 0.7850167561529314
0.9903578352401496 0.0 0.8362559034458632 0.8314142303864878
0.9870345125282931 0.0 0.180648938526913 0.3772650587175214
