0.9875533292459239 0.008993005234982698 0.1717443917217687 0.0
0.9951189607809663 0.009864636910430645 0.15906714227454888 0.0
0.9957954411243651 0.008225559633276005 0.1686085396267722 0.0
0.9932669855591576 0.010683538228344858 0.1572334083218612 0.0
0.9948374045770602 0.006752177692621569 0.1668965527437014 0.0
0.9939152005307987 0.006564649612596807 0.16516323102920774 0.0
0.9945611397696386 0.00800408615440399 0.16045216210807645 0.0
0.9856934532358205 0.007530558406933929 0.16593830240694807 0.0
0.9911155515004892 0.00828236616453212 0.16678159549488744 0.0
0.9898514696130788 0.005096377389454166 0.17204527002343448 0.0
0.9931161560788587 0.0065684775071489865 0.16585345695301684 0.0
0.9883499727379497 0.008621939505971475 0.17815426418144042 0.0
0.9911235120120258 0.005508437764698217 0.16897223651887797 0.0
0.9837100471075255 0.007434189860480373 0.18100218186528771 0.0
0.992697729525836 0.00859859762634998 0.181477983934791 0.0
0.9916564062617785 0.006136783241780704 0.1891819412662383 0.0
0.997763804659278 0.004838242478067303 0.18808518236728103 0.0
0.994387685567966 0.006671637766152955 0.1853860621473516 0.0
0.9950223694545951 0.00833140476741495 0.18950926371879717 0.0
0.9951884610614325 0.008076201011131798 0.19225498399344468 0.0
0.9876249774255832 0.0080016994759949 0.19775252856233563 0.0
0.993828864041705 0.00887053754716374 0.19337485331190435 0.011418783899514702
0.9950821626804038 0.008069795352171947 0.1929406451470771 0.007443458345261953
0.9962433609543644 0.006355636602768809 0.194953496315432 0.004207204838285564
0.9867391673663742 0.006268652890353788 0.20352410894117007 0.0
0.9963295184567382 0.004510670899194375 0.20669121035160473 0.0
0.9903964027637303 0.006055600887496221 0.20396660181354062 0.0
0.9979573560093954 0.006508672947851376 0.20576234786013492 0.0
0.9898521145366974 0.004623024992389468 0.20585180394693006 0.016031598513011152
0.996279720347647 0.008070446008805751 0.20876471724366277 0.0
0.9881251138779229 0.005182008372405227 0.21499350761095729 0.0
0.9905357504433889 0.006976313030026354 0.21145246916236654 0.006530825496342737
0.995448819437977 0.006253093532287152 0.22321478159043992 0.055955235811350916
0.9953348720157353 0.004370065204147491 0.2212564774217813 0.009200102223358037
0.9958668991407728 0.0036825378815124443 0.2286636316487063 0.01262761955937668
0.9965108638730522 0.004359932252894249 0.22837905725612914 0.0
0.9936615498372895 0.00493587899526095 0.22979608873868676 0.011144332699103017
0.9956584948617626 0.0053324440858623845 0.23564398236103282 0.008919202518363064
0.9927529262464729 0.006125726498115997 0.2521992958550486 0.016112531969309462
0.9967789289938904 0.00512366802079848 0.24651794236572958 0.0
0.9959729235897076 0.005419874599385941 0.25475959949810173 0.0
0.9930474314366293 0.006481234493391571 0.2518742530846882 0.0
0.9947239170611915 0.003415000776610372 0.2630646217294466 0.0
0.9884239918394072 0.00234957860479339 0.2593553458520679 0.0
0.9904717297601793 0.0056930351658371564 0.27007769794722525 0.0
0.9962260403217797 0.006474899226576649 0.2777887759543058 0.10526315789473684
0.9914157362786474 0.006314481231868657 0.2809816045577804 0.02637832699619772
0.9936741496246185 0.00353361577206244 0.29319434329380306 0.0878346641615782
0.9916807071521012 0.004037269503901839 0.29452280511594275 0.003981420039814201
0.9862280782653858 0.003761738609637184 0.2952749044892588 0.1497005988023952
0.9928823337706912 0.00420544195052834 0.30171456310374567 0.08487167942368302
0.9900063317087608 0.0048509968677605125 0.31438860651137124 0.10992655768775171
0.9924100031954044 0.006066383367028997 0.3227198869657365 0.12731795567616463
0.9915340888342483 0.004856464111002191 0.33336178743999184 0.11106877500476281
0.9913697666892946 0.0028226933079243174 0.3393754120398937 0.06745252128356254
0.9931205732976596 0.004331982255741282 0.3393442017047264 0.07676006592889098
0.9897901551027501 0.005336575687185444 0.3446223410529627 0.050033654924837336
0.9931208441189773 0.005498009720481186 0.34976150864936006 0.1611788617886179
0.990239238811771 0.005407932382145595 0.36106320533735714 0.16636672665466906
0.9858399985642584 0.004613822084677354 0.36445984074137744 0.16297591297591296
0.9919732856438969 0.006449272230277264 0.389777549857188 0.047736782046405475
0.9920319819922077 0.006473581750664779 0.3830241265417354 0.22537364130434784
0.9923179415831961 0.0067278127754022915 0.3906004974160462 0.19753086419753085
0.9927872324004129 0.00695457653399088 0.41109928459669703 0.15855263157894736
0.9893381455311104 0.006824154166210445 0.42075360121542493 0.15659912895284983
0.9911445904025494 0.005531200460566094 0.42440914703583876 0.18406010125755348
0.9905740967600049 0.006749884921998161 0.41589999457756477 0.1956894090779332
0.991840892565703 0.004573538889571255 0.4141506429787351 0.07824034550293778
0.9914963764960862 0.005700916567943362 0.4333432993178546 0.1241771187027926
0.993384199343249 0.006101156179700612 0.43319500306231334 0.13680781758957655
0.989641409289099 0.00498186818655232 0.4282463417897877 0.16555105119260866
0.9929225068140913 0.006392360109985162 0.4350886389329224 0.30190588632147075
0.9934433773051473 0.006280923263629575 0.45369402758129324 0.22431027588964414
0.9884336603693299 0.007238087375950091 0.46074237431201603 0.26383763837638374
0.9914053482692845 0.006672516110673062 0.46615653681067315 0.3639517594581199
0.9931655338923394 0.005591402905766125 0.4621079725438418 0.17048608357782888
0.9920790745243097 0.006892980856882407 0.45907560448225904 0.23922155688622754
0.9926281033247402 0.00736939928487644 0.44784195107340863 0.4645847871598046
0.9883501667701906 0.007286381746782469 0.45348382319381897 0.4644708242768768
0.97939051357281 0.007398129909061616 0.46118080560441926 0.46565623992260563
0.9831636759740203 0.006241915191465986 0.4684361937622122 0.4712177720123237
0.9848845628558047 0.007439676473149013 0.47270110811783145 0.23617855808741128
0.9815938849953869 0.008752095830839692 0.49087704239361485 0.2594122166730695
0.9938380292357338 0.006615036339806982 0.5006175556154971 0.28166734115742614
0.9902281694232087 0.00506478228717801 0.5062806474385152 0.31897802075198034
0.9894153543330485 0.0028219543304125712 0.5229713162652471 0.23233282674772038
0.9863043833069592 0.0018568631716336741 0.52936919628053 0.1609245529873528
0.9881173601059697 0.0010093326967518003 0.547677951458075 0.18130841121495328
0.9868406763335206 0.00012018990004206647 0.5464104293564949 0.12189654206131256
0.9863441003564102 2.442989091114097e-05 0.5604266808500813 0.11834319526627218
0.9847994970586914 0.0 0.5879395587147207 0.10316886870355078
0.9829760695090473 0.0 0.5887652598036648 0.12934094074307023
0.9818787101393074 0.0 0.610323073198009 0.10118580521405528
0.9851138142549429 0.0 0.6200088997506658 0.14460643967757564
0.9845361137431559 0.0 0.6471510949030618 0.14045954045954046
0.9855787869551966 0.0 0.67876452030933 0.15819774718397997
0.9868831607123494 0.0 0.694904935953192 0.1288873700141581
0.9845446311715242 0.0 0.7118715254205473 0.12618363655708054
0.9837613576177359 0.0 0.7326023016300602 0.10495017020054956
0.9871947259573102 0.0 0.7553285543608125 0.07564040599323345
0.9857028679896955 0.0 0.7522281328338226 0.06313986821041659
0.9904093263637329 0.0 0.796608676644036 0.06326219512195122
0.9813877698077365 0.0 0.8142976707613863 0.05162682896622494
0.9853795385682304 0.0 0.8676944663996519 0.07925682031984949
0.9872045762456721 0.0 0.8661315359609782 0.03724315068493151
0.9920876662233279 0.0 0.8749664878537314 0.033160694616952965
0.9901444236275103 0.0 0.8468733587184873 0.017732965512378702
0.9899344123440137 0.0 0.8778093481658028 0.035006656746808675
0.9863420354600028 0.0 0.9128528472838542 0.11088422746117196
0.9900455512367885 0.0 0.9302792805308917 0.306881968473664
0.9912012802987363 0.0 0.9279370354059068 0.21831711505437892
0.9924775655431541 0.0 0.9282931088025219 0.1335696833229531
0.9900140297839236 0.0 0.9265201630416625 0.1587475149105368
0.989788380239962 0.0 0.92856444867984 0.12250175315568022
0.9893496206729375 0.0 0.9304640912626394 0.12636439966414778
0.9808584564940298 0.0 0.9279933687620137 0.1448845460361775
0.9865044813490206 0.0 0.9379781669643088 0.18146718146718147
0.9853095804172387 0.0 0.9339621781046931 0.20055571387859789
0.982427753690698 0.0 0.9348509823434008 0.0868485040701977
0.981978153287716 0.0 0.9324074606394599 0.08084683790005869
0.9816260455995451 0.0 0.9273764308310352 0.06303948888737851
0.9862995691896903 0.0 0.9332497869813107 0.11594141729624784
0.9807882953351189 0.0 0.9370820072921758 0.17451508324633222
0.9825432462865412 0.0 0.9411495365191116 0.2151644489078584
0.9825578723912624 0.0 0.9462128788966462 0.3453187557745611
0.982391559310231 0.0 0.9477932150202834 0.28034934497816594
0.9869073364552292 0.0 0.9455884128735262 0.16402462989650204
0.9858899669102983 0.0 0.9462007370532091 0.23806642870107084
0.9813001934462747 0.0 0.9445590777041273 0.17158791017278294
0.9860174219908413 0.0 0.9462184363051731 0.3148549155478562
0.9869516308041745 0.0 0.9493037142379837 0.4090080356539942
0.9888084895980095 0.0 0.9502309262203044 0.33588479501816293
0.987983048838312 0.0 0.9454956807897984 0.37924441221072064
0.9878344569431448 0.0 0.9383609742750043 0.2514424536896447
0.98718915407308 0.0 0.9440786351044642 0.3195130134688204
0.9866862222947035 0.0 0.9499312164229795 0.331986143187067
0.9869789073021179 0.0 0.9511600344471824 0.3983221694738896
0.9861675007081484 0.0 0.9509058359219582 0.4511225030935125
0.9877479527957116 0.0 0.9511376180675158 0.4212142817967422
0.9865672875408874 0.0 0.9534385032310138 0.5130552546045504
0.9845108381825105 0.0 0.9485790137429794 0.377564421901182
0.9872277308991109 0.0 0.9551558702245463 0.5475198412698413
0.9873040276597056 0.0 0.9560567209968437 0.6180967894487941
0.9877796068332685 0.0 0.9611340963811396 0.6562160484246469
0.9855871136780683 0.0 0.9540424415469155 0.647470705915976
0.9931841520511943 0.0 0.9581544486159262 0.574502689853622
0.987202426185114 0.0 0.951208292920488 0.48452699844917524
0.9901237951669636 0.0 0.9518152861509197 0.4486287470284687
0.9892927315095749 0.0 0.9591662909796863 0.6102122547056468
0.9886339099483339 0.0 0.9617455641454962 0.6300828750677717
0.9899708629946878 0.0 0.9630956445045296 0.6952110875903662
0.9880412015815995 0.0 0.9614448760856047 0.7644687927998435
0.9870804758307362 0.0 0.9599842830322823 0.7659875290023201
0.9908968261681501 0.0 0.9617043144883802 0.7572411420708635
0.9894428158617802 0.0 0.9594483473023411 0.7763540290620872
0.9917079119596657 0.0 0.9614810258452414 0.7361712149312608
0.98920457670939 0.0 0.9606514914489319 0.7776809826639951
0.9810870320516509 0.0 0.9528389370909056 0.7695468741438826
0.9836689904466822 0.0 0.9570839754909947 0.7951754385964912
0.9833921744081998 0.0 0.9560930882341471 0.8041077310598721
0.9792320465513901 0.0 0.9574084491535192 0.8486428056689888
0.9861366330438155 0.0 0.9634998763656853 0.891510001685001
0.9836133987435903 0.0 0.9602441379168678 0.8459990580982146
0.9747181448737023 0.0 0.9554248488142963 0.8474446687969261
0.9795755135007796 0.0 0.9579409848907356 0.8240205408122958
0.9864114449354766 0.0 0.9625884032083688 0.8237137953980317
0.9849104850630706 0.0 0.9624210099630918 0.8399133998298925
0.9857332137283349 0.0 0.9646601629410849 0.813184158667599
0.9868782584393075 0.0 0.9644288341157055 0.8280467650119361
0.9786450645622435 0.0 0.9544662141510336 0.7971408818216285
0.9776810455498888 0.0 0.9522376919521122 0.7908114474386205
0.9857021254582351 0.0 0.9538561899273785 0.7704871111429134
0.9819482506271827 0.0 0.9521763035460968 0.7824959073164589
0.9867850192243793 0.0 0.9485600344569005 0.7391711560507407
0.9852758561627541 0.0 0.946757202525346 0.7679506070768964
0.9888000684982007 0.0 0.9417222730559193 0.7459038864228927
0.9910251964172536 0.0 0.9368379983398301 0.7391819121259172
0.9864399576451267 0.0 0.919421426450896 0.7154367029562873
0.9941909889487107 0.0 0.9157240090998205 0.7293295275819887
0.9910088836955601 0.0 0.90259413442741 0.7441138087599576
0.9930623161336342 0.0 0.8753036380843012 0.7104702416425849
0.9888381544094323 0.0 0.842410544439214 0.7294707998177751
0.9900425690695097 0.0 0.8156075695622351 0.7992186170060357
0.977467404662681 0.0 0.1571579379363541 0.262283688929043
