0.9858701839868877 0.03668635243036391 0.17255782884516904 0.027034638130104195
0.9957429813653321 0.03469600166817166 0.15903905942450816 0.0
0.9946337723883197 0.035879249775434365 0.17003419167482312 0.06666666666666667
0.9950463982016097 0.03750803096899848 0.1595253046005382 0.009633911368015413
0.992963043125372 0.03463146139823532 0.16740870442775216 0.011082693947144074
0.995246071606132 0.03473968912135212 0.1680092838256096 0.10890180483328235
0.9945147156084656 0.03403015534863265 0.16302507041367756 0.12791411042944786
0.9887658214680991 0.03223348107121152 0.16789283556072915 0.08203000319182892
0.9938388566642757 0.03230779994228095 0.16903888306134537 0.18098669623059868
0.9905910851387045 0.033745181885750784 0.17593693772682956 0.17542184017828716
0.9960569461699831 0.034021273778523195 0.16934320346385712 0.1407849829351536
0.9893418160229771 0.03399217551548509 0.1805360538358661 0.1739251040221914
0.9871756373826236 0.032725931816317166 0.16971814988102313 0.11691474966170501
0.9849807690064052 0.03132998817074724 0.18338977351505767 0.09331476323119778
0.9941365367532189 0.034396683419516544 0.184099964233783 0.12596096984033117
0.9910620757035515 0.03327351407834808 0.19089698973240846 0.2328159645232816
0.9945432078834129 0.03115140529291137 0.18901103252734372 0.2744772651842018
0.9938004276585326 0.032096356903463484 0.1866502936941758 0.009644364074743821
0.9936860958496587 0.034544956478794984 0.19121044371019122 0.1286429202237268
0.9930424768052125 0.031818164182231566 0.19340918981780178 0.24590626764539808
0.9886048091424016 0.030692422618721692 0.19843396084662343 0.2756788665879575
0.9963417996052706 0.03278056080578783 0.19653688759858276 0.31087639166428777
0.9933207943418613 0.03307214628546566 0.19496235439797513 0.2238763240767249
0.9946372120340375 0.031028570428818868 0.19672883093970062 0.31974756770970286
0.9856793757055022 0.03257217301087016 0.2059394983957185 0.2889908256880734
0.9931976112257733 0.03038602997321111 0.2075936666988854 0.29061721561029613
0.9930635965368113 0.02930000836075168 0.20658565674797422 0.2409569923098832
0.9970720202695056 0.032470949721221984 0.20841400737162374 0.3528559002609452
0.9918614958650854 0.033255434324188884 0.21189306629883048 0.30227695167286245
0.9968178908761691 0.03158799917875963 0.2123975970732719 0.3595927116827438
0.9894352730824789 0.030168315019963223 0.21831385761389763 0.26351521247171233
0.9899839459685321 0.029884290363555287 0.21344604622003707 0.33036622583926756
0.995194603226428 0.031230214164397054 0.22621474279224962 0.36075612353567627
0.9948984295768155 0.03108311035465881 0.2248020998847741 0.33188553909044455
0.9950465151821414 0.029607669619495736 0.23191856639210587 0.3954862976894143
0.9940209637177836 0.030535419153660485 0.23161106568136555 0.2835147332094505
0.9944706620271502 0.02922956085673719 0.23448516954000992 0.42763337893296854
0.9941363733437909 0.029315990540294705 0.23896925381994774 0.4422623723487824
0.9950551559595281 0.031974024203592744 0.2579315878909938 0.4398976982097187
0.9913119950761717 0.029569353518821603 0.24985896547443387 0.34057785732549223
0.9949322305357015 0.031114677539453614 0.2597210022316995 0.42660072878709004
0.9922950958133577 0.03214608110448168 0.2558453445480706 0.436849132176235
0.9966808691243314 0.03091029152502954 0.26781956448916455 0.41000436871996504
0.9859933410135332 0.02970783511887177 0.26369554339279 0.40216346153846155
0.9876572474533645 0.030933912341153086 0.2737248357636988 0.4492063492063492
0.9934836518249931 0.032685771962998926 0.28234401109728396 0.5192776964372865
0.9927544485232918 0.03439358787337234 0.28776205545675504 0.49643536121673004
0.9953157677720365 0.030137025457008044 0.29794568813034344 0.5231449174226565
0.9941957929616172 0.032500322269488416 0.3009491267730885 0.48267898383371827
0.9894113516162776 0.034970644303831455 0.3033268242540603 0.597629009762901
0.9943199643948957 0.034865194763841006 0.3094612610573477 0.6364341085271318
0.9936596444475869 0.03408519230636702 0.3216354897531851 0.5864240727781665
0.9949216895481512 0.033384883606433935 0.32873238647953573 0.6018384131591679
0.9939429077467665 0.034657805429864255 0.3407861334636555 0.5716195143684563
0.9951765087168951 0.03473332849057031 0.3480420388708584 0.5617539585870889
0.9949596847706396 0.03373176347087523 0.3461454613071384 0.6001881467544685
0.9918102836943912 0.03352839624051811 0.3511265200732967 0.5621436716077537
0.9964894932612535 0.034190220714893076 0.3577334334742874 0.5399010539901054
0.9949133913177767 0.03438277542883704 0.3695721646621486 0.5639737991266376
0.9920030836128861 0.03594344479463579 0.3751819551971557 0.631877729257642
0.9944824097592901 0.03686657605396026 0.3982599734854643 0.5876224213377788
0.9925224052050583 0.03809827745706563 0.39175302744489876 0.6395759717314488
0.9945104795548542 0.03658469995085637 0.3981923592023702 0.5948365604830315
0.9942772812788285 0.03838302826119611 0.41838568049163044 0.543438453713123
0.9953549090387046 0.04001835027730218 0.4307398461571783 0.5346127484578478
0.9939597445890391 0.038034034352790035 0.43138098511542794 0.44058423142370956
0.9944229881529604 0.038747987663087374 0.4243611250125113 0.3927392739273927
0.9946627543882466 0.035211683483510704 0.42739198018526714 0.26564569536423843
0.9957448464011127 0.03743687082669559 0.44135082768004386 0.2054590570719603
0.9953532635049946 0.03723861398135181 0.4406919374392916 0.20655007949125595
0.9925774049861817 0.0323021321723599 0.4326179323238168 0.21682991985752448
0.9962129240174736 0.03427084106729351 0.4369030779653598 0.19334787350054525
0.9945023529397543 0.03399102463008488 0.45938053497782777 0.16401571856287425
0.9909331410207379 0.03605102036318435 0.46674410079484957 0.20828010684008827
0.9955316461571913 0.0332851282702753 0.47016938983660983 0.187789366573391
0.9971553411873231 0.029182996066315282 0.46796597325420486 0.18150019432568987
0.9918315432447711 0.03333027591056602 0.46467079532704947 0.36294370742201504
0.9949706217499267 0.032228783423422405 0.4546637977067278 0.8227645529105821
0.9924433468408146 0.03440603268179607 0.462780121473237 0.7440937781785393
0.9837051408817281 0.031613727796900644 0.4685780342850363 0.8150387303986397
0.9883482988591017 0.03159048597243712 0.4761524059795363 0.8313367560372694
0.9896175052797591 0.032496642631041954 0.4834030672434133 0.729801559177888
0.9874688382915074 0.03563038493013009 0.5023524902643338 0.8072171013924299
0.9942596256277584 0.0362108472492053 0.5098579456821568 0.7342920732751241
0.9936706489941068 0.03343805742191658 0.5157874182419406 0.7716886494519785
0.9952809099201578 0.03293556489601922 0.5357780169951615 0.7655569112776712
0.9940111324165367 0.032449565522293236 0.5456976537196626 0.7341856217831645
0.9932663338108815 0.025532998407234983 0.5603491734988989 0.7468270974122301
0.9945746895139275 0.02206787807334622 0.5608050468305233 0.6879779749158764
0.9919024241514756 0.02155247514364882 0.5750053277657513 0.6885971848805946
0.992400654955339 0.01698557063770034 0.6042335321409135 0.6507936507936508
0.9910616921790106 0.0028299049499114896 0.6006021875578494 0.5788949726231957
0.9919612167355487 0.0022985646835828447 0.6259529481248154 0.6149861005812485
0.9941678806756188 6.547316364144276e-05 0.6341780035802842 0.5542690185044908
0.9945083938739446 0.0 0.6592408262606091 0.5348577802565533
0.9922495978971281 6.932142031887853e-05 0.6890650997486739 0.5688382193268187
0.9931846839920037 0.0 0.7032454463705267 0.5341531466363543
0.9938462105256695 0.0 0.7198492070424117 0.5348425196850394
0.9890583493689669 0.0 0.7437305335466999 0.49790911625313633
0.9906932878644434 0.0 0.7653632867108111 0.38114209827357237
0.9931291899575482 0.0 0.7782518353465834 0.28339189260055586
0.9955155990286376 0.0 0.8126966139702655 0.1537564693169539
0.9848266509433963 0.0 0.8311084978755511 0.22988754325259517
0.9918983467596914 0.0 0.8772565404908905 0.30207882200086617
0.9903818186702987 0.0 0.9003610311499928 0.390775856081128
0.9934576435028549 0.0 0.9176165571861548 0.1838807330490544
0.9935732294922188 0.0 0.8877360295524452 0.08878683505549177
0.99102182685129 0.0 0.9057516588865773 0.14014368664501525
0.9896869079276555 0.0 0.9259700201120861 0.34093331754115835
0.9952042917828744 0.0 0.9365084636286879 0.7439607448414696
0.9942204809329571 0.0 0.9344376802893111 0.613134887593672
0.9919691501370388 0.0 0.934148513671919 0.5534464576742403
0.9939799809235759 0.0 0.9340728054173185 0.550500536288881
0.9944416902263967 0.0 0.9325129098819847 0.3190643152441258
0.9956301920101005 0.0 0.9423065702192074 0.6595590518579857
0.9887949297839437 0.0 0.9367006723454298 0.7213646532438479
0.9944280714164989 0.0 0.9397236070338542 0.5822210357714895
0.9961449952222367 0.0 0.937700128230885 0.5494316787963038
0.9911607952334106 0.0 0.9375499570739216 0.6765456329735035
0.9920019746517791 0.0 0.943859201194109 0.752852116430323
0.9931052508557986 0.0 0.9440472902679711 0.7415451442755197
0.9945020115720337 0.0 0.9427734355941961 0.7972972972972973
0.9944849006560886 0.0 0.9443665589956612 0.8121506934382116
0.9924629334597646 0.0 0.9450036591368323 0.8233747107090259
0.9894073084348006 0.0 0.9486478925170773 0.7446436781609196
0.9945937974973091 0.0 0.9529971784674136 0.8176063303659743
0.994490510029891 0.0 0.946698004425886 0.773492035081439
0.9949668301944712 0.0 0.9514146748353798 0.7840279019853336
0.9926476441181713 0.0 0.9538829221254239 0.7527185546707766
0.9944454990111598 0.0 0.949918775361635 0.8169200848656294
0.994837201267667 0.0 0.9502372256545039 0.7591801202912314
0.9955554648994451 0.0 0.9535580362915391 0.7935127225428827
0.9948106606847194 0.0 0.9485361212450718 0.8440122659780503
0.9961397866752425 0.0 0.9483400160246299 0.7964743589743589
0.9941900532076734 0.0 0.9513929012109152 0.7912260645898829
0.9957656179463138 0.0 0.9538237685625027 0.8645310690852952
0.996001586220042 0.0 0.9536893294678762 0.8670220642677329
0.9938046392547375 0.0 0.9531701221224858 0.8636363636363636
0.9944220561664517 0.0 0.9536733403688041 0.8499262042130685
0.9965526008965528 0.0 0.9552878426511818 0.852765465407593
0.9959549296688301 0.0 0.9568648535578529 0.8717173017507724
0.9969147344801795 0.0 0.9619433711899466 0.8786641929499073
0.9930061480674235 0.0 0.95861831776911 0.8882468576874962
0.990617098123068 0.0 0.9601278174387825 0.9113334884803351
0.994717639948967 0.0 0.9584930712620516 0.8711250812920008
0.9953791102627416 0.0 0.9611965141030298 0.8426015597125236
0.9954460509377111 0.0 0.9593520839817313 0.8287303601053967
0.9956296182017882 0.0 0.9609151580776246 0.7483313866177207
0.9947626000063676 0.0 0.9641888604172653 0.8367119211456202
0.996418045947437 0.0 0.9665927154096072 0.827326255687394
0.9967201081579433 0.0 0.969344610678087 0.8907103825136612
0.9938501811071818 0.0 0.9610261663535137 0.8178242301640818
0.9929051412296483 0.0 0.95564109985019 0.6687372386621804
0.9957544748424233 0.0 0.9620540273635861 0.7786458333333334
0.9952685502703384 0.0 0.9607004475308505 0.8096145902837353
0.9965925551821161 0.0 0.9590588561121448 0.694998730642295
0.994410628117119 0.0 0.9598441782783815 0.7739840415661533
0.9903605278789287 0.0 0.9536614805111158 0.7736551056293163
0.9936258860333641 0.0 0.9479143020406885 0.6198062635192326
0.9913457126618914 0.0 0.9524012182769218 0.7202463214372815
0.9891193148198737 0.0 0.9561032029386459 0.8218839983545866
0.9947223532763025 0.0 0.96101336880932 0.8171667829727843
0.9928834798752031 0.0 0.9584500981550944 0.7783174262532708
0.9840224758623489 0.0 0.9559023170098456 0.8296685323835139
0.9882710730626437 0.0 0.9559678912509274 0.7841828446431731
0.9945445462493046 0.0 0.9528206871749049 0.6888591776037546
0.9917866495888751 0.0 0.9579087056991049 0.7857219122867897
0.9919291676903716 0.0 0.9628353100510403 0.8070146742686233
0.9947347527214224 0.0 0.9659579979107022 0.8667538472316278
0.9860897314242737 0.0 0.956787674346928 0.8289933849546177
0.9859983184775264 0.0 0.9514904388151589 0.801782258427472
0.9914665422623431 0.0 0.9577968951878083 0.8354555672991427
0.9907136586157208 0.0 0.9551674833069956 0.832377494359917
0.9915369436003287 0.0 0.9617808463989469 0.8579437782020752
0.9919758580908101 0.0 0.9599875755350991 0.8708287377843896
0.9955927082622045 0.0 0.9629289906540881 0.8852430555555556
0.9961178518700196 0.0 0.9634125522752813 0.8887372503950581
0.9898675769695304 0.0 0.9520580278434969 0.8758557432836614
0.9959123964554036 0.0 0.9491349142958933 0.8722032510275348
0.9939931812547976 0.0 0.9393083356584753 0.8798242288004766
0.9950874663397178 0.0 0.9156080166401158 0.8306799550091493
0.9911645521503775 0.0 0.8877542077706119 0.8296165180932841
0.9915928467409462 0.0 0.866569014466853 0.8729541528596491
0.9892951071363193 0.0 0.19702952077172411 0.454020601192461
