0.9865140817277456 0.043443717086015216 0.16844668613452599 0.05277855347668249
0.9962573520928104 0.041738180891874054 0.15585064053552203 0.0
0.9954644650698078 0.041074409202784726 0.16592438462216272 0.05238095238095238
0.9947625147417092 0.04361832237625983 0.1573448200707868 0.013166345536287732
0.9939716259297181 0.03922144344687356 0.16467876084631425 0.026503277286976348
0.9952722882727016 0.041390875901576085 0.16479677502306797 0.11015384615384616
0.9952721086092533 0.039784408705092006 0.1613585136418441 0.1237334970832054
0.9883263413342869 0.036022846684342746 0.16611476603013714 0.06926268751994893
0.9939605752096256 0.03598117255089933 0.16819106299872996 0.1906474820143885
0.9907902619981014 0.039953065000379935 0.17493609802073515 0.15695638331741485
0.9958180853561073 0.04142909867003027 0.16825769126117074 0.13879408418657566
0.9900950659794255 0.03947913813237987 0.17967076608323537 0.19223300970873786
0.9881701029576054 0.03942527494285149 0.16960095116866997 0.19312094727939103
0.9847415665998619 0.038365032760624314 0.1822794221070187 0.10244988864142539
0.994145393228044 0.040830092812957255 0.18275522544518144 0.1809580130100532
0.9913492327211213 0.04064656100241313 0.18989740165848223 0.25942350332594233
0.9957622276871103 0.03769139493502286 0.18862580474412405 0.3627613674078991
0.9945912101321629 0.040481647766455776 0.1867692068122146 0.050331525015069316
0.9944738086134806 0.040266177507461955 0.1899630884442158 0.23674911660777384
0.993745511205249 0.038889840671577865 0.19296006351240033 0.27837380011293056
0.9884589644647362 0.03650318415432177 0.19708631535642457 0.3332349468713105
0.9959189693569207 0.03952657306453583 0.19532179519385093 0.37225235512417926
0.9940095185206835 0.03835042520655034 0.19354695658624216 0.2871457200114515
0.9954524256578418 0.036118809115256015 0.19608496339158332 0.36602682093084404
0.9865773784018707 0.03677860495621828 0.20385505577879137 0.3242545871559633
0.9942314715182723 0.035273127757631965 0.20658485046035666 0.3539994464433988
0.992848013255553 0.034538346123862466 0.20363105914169286 0.291085160922814
0.9980454678220232 0.03910125819124664 0.20806305431475366 0.40380184331797236
0.9915890497206276 0.039048505913474654 0.20974998305024553 0.3554832713754647
0.9972570547214542 0.036176948492915244 0.2096880470804075 0.4102357984994641
0.9900426396136865 0.03454258313155892 0.217544647871504 0.3389489564998743
0.9901540641048344 0.03440454248171711 0.21236068587630194 0.3538728037614452
0.9954019518695907 0.034541365310434106 0.2252224643148915 0.39549071618037135
0.9953186259448166 0.034782348003357715 0.22379113701793665 0.38634046890927626
0.9953233713132269 0.033457350080458255 0.23079518829670204 0.4430413756045137
0.9941572016878096 0.03387860092641902 0.2313579893194534 0.37367303609341823
0.9942323216366923 0.03304150375697897 0.23415244196066504 0.5090361445783133
0.9955169441772737 0.03361844484263986 0.23950037637027244 0.5312172088142707
0.9948196270081309 0.036663520499311215 0.25872605244402164 0.5071465033180194
0.9927909423312914 0.033908947874092446 0.25009260524418164 0.475
0.9957812222883284 0.03541417928144725 0.2598468728656762 0.5401970954356846
0.9926765035722837 0.03553389799315374 0.25540368797274887 0.540720961281709
0.9966136270391592 0.03553772775680525 0.26721458523473934 0.45609436435124506
0.9873587736010279 0.03332370728960626 0.2640689499106523 0.4753664984378755
0.9890858478559585 0.03499990043149844 0.2742584601833762 0.5236709865115049
0.9948156246693638 0.03611921372387572 0.2830129723756558 0.577842850170815
0.9927312618284297 0.03836425773898755 0.2876155083950063 0.5302634702112509
0.9954997159474175 0.03371798208193469 0.2978560654261061 0.5911680911680912
0.9941651050979652 0.03635401423006642 0.3006618322100206 0.5307301293900185
0.9890809295096284 0.038655178692511255 0.3030691665303163 0.6058495821727019
0.9945762011533016 0.03856686547501963 0.3094364817803722 0.6463039014373717
0.9938140737437464 0.03747456697916499 0.3212037759225557 0.5987380229025473
0.9945876992721809 0.03648829385004836 0.32837277717358176 0.6079903147699758
0.9941290819507782 0.038507755336464736 0.3407601446750219 0.5787965616045845
0.9947988018668587 0.03812430784456702 0.34778113344753825 0.563933626159102
0.9953869685810889 0.037278966684142795 0.3462882980810358 0.6143529411764705
0.9926851791258571 0.037074851636781314 0.35126737635778843 0.5611804767309875
0.9966958542938189 0.037830304653172504 0.3577735363409857 0.5302027748132337
0.9942992816853878 0.03800457659084955 0.36921687432554917 0.5637554585152839
0.9909468079859595 0.0396630211653224 0.37481847073857283 0.6399825973460953
0.994842674621287 0.040542215438005964 0.3988019219878066 0.5823259691538141
0.9937591349837354 0.04157872928711667 0.39254619693496656 0.6305127664064148
0.9951139200810527 0.039930553301120525 0.39829557291456386 0.5940882597835138
0.9954251333175955 0.04202782831435867 0.41880422482082236 0.5269127258746636
0.9947999917344422 0.044074756155787466 0.4305624036298324 0.5197120889906756
0.9944301768573667 0.04218431363406342 0.4319566629368111 0.43445539135194305
0.9944052284399874 0.0433894339796348 0.42493027081914114 0.40724838994822576
0.9952930369995966 0.03924664439887243 0.42868916857330186 0.2966441728980485
0.995651893959182 0.042544278462408616 0.44181089949813407 0.19892310484602818
0.9960999659443888 0.04238952444727054 0.43930432537953956 0.1736794510346295
0.992914712654253 0.037576004203138696 0.4323533475128998 0.20347556983871928
0.9963216070183593 0.03940990103443644 0.4376580020469639 0.1985352560463268
0.9951617718333657 0.03824558406950269 0.45859537596576805 0.17480096919349256
0.9917046551295048 0.04084378305655688 0.4659305790966125 0.2293345175410772
0.995540248857288 0.03939255369365117 0.469978456855921 0.18293351952521072
0.99743836251401 0.03556310563324735 0.4676179405988216 0.16914946927247052
0.9929114795197306 0.03868064441084099 0.46538770446828304 0.34547030775899434
0.9956027019571997 0.03725452065295815 0.45543198895194065 0.8072216649949849
0.9930660519716978 0.03999885713469382 0.46344495150042475 0.7329001985201227
0.9842553604733103 0.037127754453894844 0.46948346877609565 0.804055334470343
0.9885903267869763 0.03663881971581729 0.47712143056368517 0.8210686442289409
0.989956770176496 0.03784998142780638 0.48454252600709935 0.744007319304666
0.9875651277204744 0.040884841366753355 0.5029244947197722 0.8109648260955001
0.9950657834666615 0.041628299206070446 0.5114127309337951 0.7382378100940975
0.99439585694573 0.03944574057168067 0.5171659529415356 0.7743023038022101
0.9958898444757424 0.039634887205864486 0.5367764276819359 0.7737099023709902
0.9943302605334807 0.03931443058843496 0.5464888302460976 0.7433438068463701
0.9939735741524037 0.036413203973004314 0.562373757384536 0.7518056467498359
0.995210051976539 0.032409661584849044 0.5626554871851133 0.7017489552700821
0.9926717935523218 0.03169802867383512 0.5771349917727723 0.6993118899023844
0.9931011418470211 0.03082401692929447 0.606950012206247 0.6560891938250428
0.9916849707553986 0.023515093385347297 0.6051361151097507 0.5736222910216718
0.9925333301130326 0.015874818654626262 0.6290494998701373 0.6124906878569655
0.9944408827307808 0.007898925153160223 0.6361555920204707 0.5920213382813406
0.9948035379123373 0.007518849581042707 0.6601192031633121 0.5175701735590315
0.9931655694333353 0.004588673747604989 0.690394515828569 0.588149641577061
0.9941830786508286 0.0001936478137968688 0.7035990338164251 0.5345631671675821
0.9945217992365878 4.0019209220425806e-05 0.7202831197164745 0.5504577822990845
0.9897459043390219 0.0 0.7441224994844298 0.5086759713315729
0.9915749363411462 0.0 0.7660968122786305 0.41989038049090477
0.9937926515171518 0.0 0.7797343197026964 0.3341687041564792
0.9961878911723215 0.0 0.8152505519662451 0.17466802860061287
0.9854950485129036 0.0 0.831635450705348 0.24182205889025
0.9925893113123746 0.0 0.8777579751481455 0.30296437313026925
0.9913622550634049 0.0 0.9025037423342508 0.4508261836669844
0.9948741134054712 0.0 0.9243365311974525 0.24158491204330176
0.9946153731781994 0.0 0.8947632918883038 0.10422719349215573
0.9922440147090829 0.0 0.9104203002746203 0.15944444444444444
0.9905994138405138 0.0 0.9265266962672081 0.3446619008555022
0.9959909068876063 0.0 0.9370158621486144 0.7422577422577422
0.9948912774825898 0.0 0.9363611775720379 0.7536489402208402
0.9933763333607928 0.0 0.9365192171504215 0.6662565708533721
0.9947067499265911 0.0 0.9363125744810287 0.6817091781120558
0.995077789894178 0.0 0.938920120538789 0.5215067028538531
0.9963430802791055 0.0 0.9437349180442771 0.7570506286102616
0.9890226972960476 0.0 0.9376098075520208 0.8139021699154101
0.9945563223740073 0.0 0.9418814518814519 0.7458630136986302
0.9960608700663415 0.0 0.9394104609305647 0.6775637283518194
0.9921310047036987 0.0 0.939135109502632 0.7547566487963839
0.9927254654411051 0.0 0.9450487434494079 0.8374306106264869
0.9938543743410057 0.0 0.9445867860923058 0.7542131979695431
0.9955747350450681 0.0 0.9437038460192078 0.8307660498294221
0.9944569741216954 0.0 0.9447033386265614 0.8543689320388349
0.9930129959437044 0.0 0.9455642514598369 0.8555855481727574
0.9902929750296271 0.0 0.9495275875438195 0.7808885625114742
0.9946707146952257 0.0 0.9533070864862846 0.8544223029351133
0.9953998564249821 0.0 0.9475768389736083 0.8061469933184855
0.9957888347859296 0.0 0.952273406156705 0.8187661815909294
0.9929377882120904 0.0 0.9543097079495234 0.7789932484403043
0.9952416466793027 0.0 0.9506462023277117 0.8362182585010105
0.9957296664881476 0.0 0.9511713611093077 0.7859909874298363
0.9960943159901214 0.0 0.9543012793743594 0.8240118090864359
0.9952464286820157 0.0 0.9496629287496035 0.8916976456009913
0.9967709438532188 0.0 0.949462813099452 0.84825106733578
0.9949479477381317 0.0 0.9526378845209057 0.8418822479928635
0.9964992026383449 0.0 0.9545952291188264 0.8866718027734977
0.9969713997171846 0.0 0.9546227928690894 0.8875312822022671
0.9944197270190785 0.0 0.9538648811097211 0.8878028049298767
0.9955013229417906 0.0 0.9546911236030952 0.8723603314621758
0.9963406565986077 0.0 0.9557034115474485 0.8794748639129043
0.9960267062761138 0.0 0.9571888877076195 0.8969243557772236
0.9963315691707034 0.0 0.9617672614379298 0.8988274295536866
0.9938816222320996 0.0 0.9594922720316167 0.9124770533546515
0.9919771082656651 0.0 0.9613117435791536 0.9325334724395757
0.9938537828713178 0.0 0.9582165580359744 0.8892660847074039
0.9964101007506684 0.0 0.9624429069242222 0.875959864851029
0.9956875558670745 0.0 0.9603891011766091 0.8801836418982983
0.9963720198940381 0.0 0.9630454298520185 0.8201832414161181
0.9953859952052544 0.0 0.9649540730791193 0.8545429156581642
0.9966747971862113 0.0 0.9673635733036835 0.8569675484046905
0.9968430869460485 0.0 0.9696597447638797 0.9047788873038516
0.9943502885403662 0.00023144799652828006 0.9624551683003586 0.8474602261836305
0.9930149402960098 0.0 0.958485316710908 0.7365882499377645
0.9960623089131279 0.0 0.9634773209887407 0.8154498044328553
0.9952608777943681 0.0 0.9613728715600409 0.8301656998173136
0.9967897152575675 0.0 0.9622558038097759 0.763320431524335
0.9945078590023818 0.0 0.961218220927556 0.8066951994111714
0.9899903948233153 0.0 0.9548872639911725 0.8124950258654994
0.9933651637411522 0.0 0.9536183386234547 0.7102558074925737
0.9910405839109246 0.0 0.9546557246801399 0.7610004040747751
0.989005241391512 0.0 0.9576631400267333 0.8561412909996204
0.9948365634943592 0.0 0.9619371867289125 0.83557847244602
0.9927726211465842 0.0 0.9596767919264668 0.8038471906650749
0.983828428963658 0.0 0.957500868013552 0.8623040854831779
0.9878916210107933 0.0 0.9587640889433718 0.8344201487102183
0.994481308867363 0.0 0.9574080183800842 0.7454494908111905
0.9917031231602664 0.0 0.9603220723107372 0.8190913225019637
0.9921678244264246 0.0 0.9659146512327403 0.8412855436657779
0.9947249574724354 0.0 0.9671786216789526 0.881687024877027
0.9854919756295162 0.0 0.957100976116374 0.8373822559603907
0.9856354997754626 0.0 0.952832476559698 0.8177973825234224
0.9913551388042301 0.0 0.9593659599352091 0.8499668913527004
0.9902283275966288 0.0 0.9571056247598808 0.8521816768393587
0.9913776736555153 0.0 0.9648241952105641 0.8830293676499359
0.9917366753890648 0.0 0.961776398514425 0.8846022467275505
0.9954981604614176 0.0 0.9657680582976572 0.904740937295412
0.9959483319170724 0.0 0.9663374155343506 0.9072414429564611
0.989618376533868 0.0 0.9544643280651711 0.8886362830603418
0.9962144700197825 0.0 0.9537639926405955 0.891482588984277
0.9939233378066314 0.0 0.9452344217922426 0.9020722829616801
0.9951040478736394 0.0 0.9245873720064759 0.8569359596270253
0.9906972217140659 0.0 0.8971788388458751 0.8529805078875963
0.9917263932726382 0.0 0.880824904669985 0.8918440282344718
0.9885299621161244 0.0 0.202585998858286 0.4759651925378772
