0.9856330622974873 0.029050409106161114 0.17314366179301846 0.0
0.9954978669329219 0.029001561615648805 0.16017115102921903 0.0
0.9943337821773846 0.030429738308934536 0.17071375786608567 0.003869047619047619
0.9949684389983446 0.03139479389186609 0.16023203669488084 0.0
0.9928069233193946 0.02942685753720383 0.16856888511953902 0.0
0.9951287404314544 0.02838444629648007 0.16831350969237427 0.04998457266275841
0.993894675925926 0.028228268982832327 0.16281374409664856 0.08189655172413793
0.9887754394239974 0.027052286063163927 0.1686841974985721 0.017235876157037984
0.9934912354903895 0.026632378406454275 0.16944015787755587 0.019124168514412416
0.9902360165466189 0.0279540977732684 0.1758767716350579 0.1308500477554919
0.9963763293357056 0.028893880448321006 0.16993526433105222 0.06313993174061433
0.9889838508253755 0.02851023571910517 0.18102150472754042 0.03300970873786408
0.9869976080319768 0.027224897320767393 0.17021624640312127 0.008732394366197183
0.9850595904904157 0.02661482728371062 0.1839666878383553 0.019498607242339833
0.9941611989072991 0.027555304496321733 0.1845252184413466 0.01596688350088705
0.9909198171119453 0.02691401230089293 0.1915206058671927 0.0750712701932214
0.9941409354633604 0.026068004484817976 0.1892149213029737 0.14437437769664785
0.993651051452322 0.027391085048366768 0.18737469864230427 0.0
0.9934145739510357 0.029711046231249993 0.19195416972520984 0.0014858841010401188
0.992562788376085 0.02634375801475103 0.1935588257095422 0.02456239412761152
0.9884806266189052 0.025368785891600753 0.19903204415672393 0.08500590318772137
0.9964065295006235 0.026184105378832933 0.19687917682403777 0.1310305452469312
0.99312630206747 0.027013412376106678 0.19501211723454326 0.05926137990266247
0.994282790613617 0.025035550247756756 0.1966025367555762 0.19957927951617144
0.9852848992384731 0.02728210235044291 0.2061846699542304 0.14564220183486237
0.992932745677764 0.025489383125536766 0.20810266653731832 0.18267367838361473
0.9933724770642202 0.02292512858503754 0.2069583885636729 0.11819994303617203
0.9969074912707521 0.02669287570351093 0.20853145018334474 0.26979982593559615
0.9920168808187441 0.027046273948928817 0.2111330030384363 0.21979553903345725
0.9965719876508806 0.025468824033669707 0.21202385718932387 0.2491961414790997
0.9889715689630181 0.024057751429957152 0.21835884385465393 0.1523761629368871
0.9896735139256654 0.024776433037366628 0.21389564117079019 0.255470737913486
0.9951429967562683 0.02608165163659646 0.22669357309907168 0.2747603833865815
0.9944508983176904 0.025376576193423296 0.22465797301840001 0.2726808075645285
0.9949403129487314 0.023245499714091164 0.2315169345761297 0.3291241268135411
0.9938848204825131 0.024771430961617737 0.23137220550529958 0.2049376161401646
0.994460381961082 0.023701611854736543 0.23398623402472157 0.3752396603670227
0.9937239904679592 0.023150424144579386 0.2384168296812328 0.33604407135362013
0.9950403248066567 0.02459060447079349 0.2570651774446038 0.34322250639386187
0.9910029710711493 0.023078373040264222 0.2492169571540825 0.21222193812324214
0.9942037482511852 0.024904004501857844 0.2593405255282329 0.3328995314940135
0.992288984064825 0.02627668870595266 0.25557720568734577 0.33671562082777035
0.9962500508295381 0.02390605485674862 0.26680365984495497 0.3328964613368283
0.985554050461445 0.024151811385853938 0.2629057680459669 0.32019230769230766
0.9873200622651745 0.025702154116304006 0.2730067379833106 0.3406564319745897
0.9931101618501186 0.027579937484480357 0.28157327914298896 0.43059975520195837
0.9927659867436927 0.028528505874466814 0.28706326649307323 0.41634980988593157
0.9951297012685314 0.024779907325922196 0.29775927227568294 0.46283698664651046
0.9940209799215307 0.02648262543537921 0.3001607261937706 0.3975485661424607
0.9893299579417428 0.02829771290769529 0.3021107959219521 0.543953488372093
0.9942985363243315 0.028250822545953503 0.3085455937742793 0.5618973156111545
0.9935332609117078 0.027599450356750665 0.32092880686613273 0.5317328262419777
0.9947778957776394 0.027667355884926078 0.3280477493873691 0.5428986912263694
0.9940550983129399 0.028588015405527866 0.33998256226598345 0.48669284467713786
0.9952337027132172 0.02835448592291586 0.34740822185280673 0.4932812118250672
0.9949045220998572 0.026306892238511043 0.34543306766525345 0.5315739868049011
0.9912713835948079 0.026749060631526076 0.3503416645950063 0.522960932145305
0.9964221716535395 0.02701317966009066 0.3569848483149577 0.506457167455876
0.9952324454416747 0.02731926166041757 0.3691123866900063 0.5248908296943231
0.9923384759616369 0.02831923177528723 0.3745221899321053 0.5988576449912126
0.9943928931089052 0.030604599712076696 0.39738941495384605 0.5392626536138304
0.9924529885829416 0.03157667224480657 0.3910346354323895 0.5871929118002417
0.9944697179954387 0.0306714749162268 0.3977384199900701 0.5561586638830898
0.9939897836007299 0.03245305534986918 0.4182158975134675 0.5493449781659389
0.9955981501764635 0.03298417650991754 0.4304032404908015 0.542712589998054
0.9938111414033911 0.030513303932529417 0.43083233068378707 0.4270179200490121
0.9945678988281816 0.03070144490159254 0.4235882277956595 0.38586673607496097
0.9944108816414844 0.0274825550187869 0.4260415704682171 0.23715538847117795
0.9957890000851198 0.029088094806899986 0.44078849303930906 0.20927443533879672
0.9952037613374183 0.028338154716272556 0.43836811374903834 0.21080280172413793
0.9924985979536786 0.024219165058859717 0.43254280755175645 0.25302347640502726
0.9962170490802451 0.02612727925985808 0.4362456258900979 0.2405173666618224
0.9944001566795541 0.02605291635497389 0.45736383136539505 0.1848452021209875
0.9909749309033327 0.019651642029717475 0.4625475700836853 0.25805440150505604
0.9955931151434589 0.022086572613419835 0.46852256070864295 0.22485890200102618
0.9969381408774141 0.021841934755648853 0.4669431193126454 0.20789412040290467
0.9918351945762979 0.023422289065323586 0.46297645671468485 0.3615054787994283
0.995024069101214 0.016440192226396207 0.45148879878516524 0.7867765273311897
0.9925854499862693 0.018928344231948512 0.4596589955628056 0.7108411892675852
0.9837553310215632 0.017158157437117558 0.46602082329929895 0.7809180576631259
0.9882631212030675 0.016577636166603845 0.47321956832655493 0.7874331550802139
0.9897480851948978 0.021107113136042244 0.48120952889227836 0.7043650793650794
0.9875671782370214 0.022681398977217288 0.5000282001710811 0.775725069527215
0.994186273029664 0.020284461914839236 0.5065304294431925 0.6904557179707652
0.9938174105875031 0.018411880342985736 0.5129607041551123 0.7616875712656784
0.9955046428049111 0.012115350740504871 0.5310297579453436 0.7158460762896992
0.9943505186154651 0.012626016656114547 0.5415395395571149 0.6704527275635899
0.9934171461210307 0.012392649601774884 0.5587610176658335 0.7315580549123387
0.9947199008118645 0.01222612340437114 0.559817523059285 0.6688630095004597
0.9922813587667326 0.008333928121983013 0.5727262806486225 0.6760900814566363
0.9925459859280253 0.0015101074235508117 0.6007169538976437 0.630514189379039
0.9913736384238614 0.00011102520675921458 0.5994331989564918 0.5103790613718412
0.9921355696398206 0.00017154755190921703 0.625284650212691 0.5772447724477244
0.9942849689074513 0.0 0.6339019644093767 0.5210988092751201
0.9945412194385604 0.0 0.659203667724044 0.5171064400715564
0.9925752323932566 0.0 0.6891208514292114 0.5434876676763306
0.9934491664421123 0.0 0.7033406223507899 0.5160650949301064
0.994181547509378 0.0 0.7198034709935693 0.5040015615850088
0.989112395419445 0.0 0.7435987884738001 0.47485096870342774
0.9908324909756012 0.0 0.7650398096998053 0.3720807593792376
0.993194510470538 0.0 0.7773118749070568 0.26528942524033544
0.9955596379177415 0.0 0.8150144652021779 0.1702529994783516
0.98475435741409 0.0 0.8295868197423731 0.22852612104660383
0.9919915943473396 0.0 0.8789375143266132 0.33306763136918266
0.9903659828554675 0.0 0.9007959065366609 0.40235825023655286
0.9932761040949277 0.0 0.9175579901089059 0.1807075008188667
0.9935067460744185 0.0 0.8903370992251598 0.09009024205110905
0.9909668513894809 0.0 0.907697724042175 0.1462442299622325
0.9897484225098372 0.0 0.925910578601764 0.33121774719734265
0.9954235952558947 0.0 0.9365657826796545 0.7256514039969644
0.9943173681101305 0.0 0.9354665717723101 0.6891810396815824
0.9919391377627071 0.0 0.9357269348473263 0.6693112152902994
0.9942907697239887 0.0 0.9355243449902547 0.6254068241469817
0.9947234354288088 0.0 0.9374217542865948 0.4427578915571666
0.9957130551269604 0.0 0.94264641778692 0.6746842394288852
0.9887165667257709 0.0 0.9369807127813065 0.7487105673503658
0.9943205980438237 0.0 0.9407835523546665 0.652813233942612
0.9960511172862256 0.0 0.9399513015870391 0.7098646034816247
0.9912414240598229 0.0 0.9385855375184471 0.7279767666989352
0.9919152061982277 0.0 0.9441479501518573 0.7885502193229108
0.9929643775569169 0.0 0.9438726586450998 0.7329686209744013
0.9948998831681107 0.0 0.9430272931864228 0.7951680672268907
0.9942140869247669 0.0 0.9441536625152245 0.7980325853058715
0.9923212572227811 0.0 0.9448831647449152 0.8209616195698017
0.9894415647422312 0.0 0.9486982702638881 0.7480873813254678
0.9946645863661375 0.0 0.9530363399804718 0.817768554204961
0.9947697146605369 0.0 0.9469072080620358 0.7762769478486448
0.9952330279651749 0.0 0.951604499391573 0.7851143674052895
0.9923568477936842 0.0 0.9539380153539949 0.7762292926636866
0.9945950121386008 0.0 0.9500174864216883 0.8159199574995573
0.9950170768589008 0.0 0.9503889639066759 0.7613960113960114
0.9958506714075296 0.0 0.9537156948120813 0.7878076424870466
0.9948283872621534 0.0 0.948509919154175 0.8341136583790765
0.9963061183800088 0.0 0.9484981100501423 0.7962088803658357
0.9942292414484087 0.0 0.9518266503402204 0.8178170740768259
0.9958093299376825 0.0 0.953758655220521 0.8553881807647741
0.9960932023692696 0.0 0.95370545944636 0.8630005180963659
0.9937215523436876 0.0 0.9530606649802201 0.8599216245101532
0.9946508483270824 0.0 0.9538980412937176 0.855475040257649
0.9963324791433368 0.0 0.9552128096210619 0.8524779841871826
0.9960355055628007 0.0 0.9569191795374683 0.8712057472008284
0.9969302858211222 0.0 0.9619749942266848 0.8802603036876355
0.9929940086047133 0.0 0.9585659279208998 0.8852312637657004
0.990780271539466 0.0 0.9602552156131905 0.91178525678351
0.9947377907202759 0.0 0.958562794255835 0.8737242128121607
0.9955461068420671 0.0 0.961347487407516 0.8443625569374072
0.9951345469257544 0.0 0.9589348897840768 0.8177939393939394
0.9955406321620106 0.0 0.9601841871449428 0.7231976697143782
0.9946455672458776 0.0 0.9643213025888355 0.8469950506716946
0.9962101342403251 0.0 0.966918724072657 0.8484973807554452
0.9966900262034988 0.0 0.9693610591415277 0.8922353994182144
0.9937211993913024 0.0 0.9616563067634849 0.836446978159547
0.992711669801888 0.0 0.9589311290112574 0.7503565409049656
0.9957797786934035 0.0 0.9635966563881034 0.8222177105539201
0.9951900275621727 0.0 0.9615962142643902 0.8371123100857304
0.9966002129223593 0.0 0.9639247563851245 0.8062353534454629
0.9943083785269096 0.0 0.9617618360523957 0.8223581726003342
0.9899203371072917 0.0 0.9548226841410706 0.8019078492852209
0.9931408185391268 0.0 0.9533156175655751 0.7044699324686462
0.9913577854913693 0.0 0.9556533748223938 0.7755925365607665
0.9887202502680654 0.0 0.9569148671231865 0.840792597687887
0.9945992297006776 0.0 0.9624880822093285 0.8446944000700265
0.9923951049930371 0.0 0.9603514815305516 0.8174086746702004
0.9835183407471505 0.0 0.9573485412887164 0.8614532950423216
0.9877566908213654 0.0 0.9589488830968141 0.835312285518188
0.9943631634376192 0.0 0.9567678825156805 0.7360302380222699
0.9916588460012872 0.0 0.9621394143507387 0.8427654943292473
0.9918011617422906 0.0 0.965565599160287 0.8389614817881803
0.9946280411610393 0.0 0.9676576988505491 0.886865810912658
0.9855059061500985 0.0 0.9597337430467184 0.8632440092759598
0.9850870579365266 0.0 0.9571620806379909 0.8558775002170955
0.9911069777567955 0.0 0.9614386361599603 0.8671222076215506
0.9898177952618903 0.0 0.9593806487701543 0.864139768550471
0.9911959325805408 0.0 0.9632956970398717 0.8674710374756951
0.9914773135400455 0.0 0.9624656991212809 0.8864652279449802
0.9950202601195856 0.0 0.9598999446525199 0.8668660009289364
0.9953129185430408 0.0 0.9590674620118502 0.8656727197688816
0.989498941221534 0.0 0.9480906766950624 0.8569924197318025
0.9955682836876019 0.0 0.942971030562723 0.8467983474843193
0.9935300411463532 0.0 0.933871101526211 0.8605209592803704
0.9946663285475255 0.0 0.9095564551997203 0.8139847815140155
0.9901819221726584 0.0 0.8772395870930484 0.8067675827375739
0.9912880776488514 0.0 0.858332901723035 0.8616139403962925
0.989583687856497 0.0 0.19730144957531662 0.4451977774461138
