0.9850936202681926 0.031143592039216836 0.1695364310298974 0.0
0.995373462846974 0.030429149407141448 0.15669903362252616 0.0
0.9939491417539467 0.03135228344141993 0.16661002080587156 0.0
0.9947923637395406 0.033597473789779966 0.1569396673630815 0.0
0.9924876632329839 0.02995171465395502 0.1651618765099298 0.0
0.9949244280905849 0.030331741115951917 0.165333145734841 0.0
0.9936702145981882 0.030605056306501708 0.16101009558426366 0.0
0.9883198799250363 0.029063922349973494 0.16604328217485453 0.0
0.9931810706299563 0.028742900965521095 0.16755916585766892 0.0
0.9898208764421109 0.02976488796844077 0.17378996074660583 0.02324100604902897
0.9965054395306528 0.031112714036037593 0.16832250352295036 0.0
0.9887849917351835 0.030933496364265928 0.17892684843424747 0.0
0.9866912721396793 0.03020284132768214 0.16857109298969764 0.0
0.9851034278844845 0.028543504733761604 0.18239206679241063 0.0
0.9943499144952024 0.030735908219524155 0.18268533305937693 0.0
0.990642376307454 0.02999357496504025 0.18895343608927898 0.0006335128286347799
0.9939559176981313 0.030195256892188868 0.18772457882331367 0.0
0.9933460415284784 0.03045724537565273 0.1862117382534381 0.0
0.9931949098071993 0.03259729540492359 0.18968862260125202 0.0
0.9921038022517433 0.031062904707099593 0.192152056309092 0.0
0.9886625065053185 0.028666977726671965 0.19713251361872666 0.0
0.9964945043544066 0.03065349802227669 0.19544747885368818 0.0
0.99226478815583 0.02941496197194582 0.1936876548523119 0.0
0.9933583580405507 0.02621139766262592 0.1955517669803384 0.0
0.9853147050141893 0.028148299518892105 0.20517394830007318 0.0
0.9924385286947516 0.02659221752234903 0.20678713383880556 0.0
0.9935505737309765 0.024503263726183253 0.20573408272689112 0.0
0.9960783120431849 0.026860939807174498 0.20703526100752814 0.005802146794313896
0.9927006055442291 0.027395724508919757 0.21144428572227061 0.03136617100371747
0.9957383425048616 0.02699743098882133 0.21164501073798125 0.09458735262593783
0.9886085802936114 0.024225063303559717 0.21858635002397686 0.023635906462157404
0.9891048605229031 0.02634782790180413 0.21372238058328527 0.12695924764890282
0.9942931685075272 0.024977656332783413 0.22573235002563394 0.1508126831867839
0.9933053796670883 0.02441648717053937 0.22401433691756273 0.07130079223102478
0.9940539800985826 0.02291225185295918 0.2311150745579595 0.026061257388500805
0.9935616612818068 0.0240461411788656 0.23134932490006913 0.0010618529333687285
0.9942662420176057 0.02362550571396335 0.2337012906496568 0.03944124897288414
0.9944545287598707 0.02332626630036778 0.23813377770924635 0.12067156348373557
0.9947448360802749 0.025982656835353803 0.2582486818300212 0.04884910485933504
0.9909592704376399 0.024652257825800414 0.24892559711180506 0.0
0.9941567549548076 0.026146400809406663 0.25903789825793977 0.0
0.9917713525083005 0.026632561556440674 0.25485357410179643 0.11188251001335113
0.9958254756543266 0.022101647409120115 0.26660702251760277 0.18982088248143295
0.9854451035946049 0.024777340030248146 0.26327026293466416 0.05766458433445459
0.987850047915304 0.026270724029380903 0.272982483856928 0.1333158033131738
0.993662364749045 0.02795959853975755 0.2811624223224077 0.2876376988984088
0.9931018426378975 0.0286812607005567 0.28669866631547014 0.26140684410646386
0.9956160882132216 0.024233036709288266 0.29733430285918216 0.2705971277399849
0.9941546282910105 0.026045861601989906 0.29935321498588674 0.09875115633672525
0.9895682453291197 0.0282249587360944 0.3018356573863546 0.2727906976744186
0.9948478623372169 0.028430065830087725 0.30788050291364777 0.30450830477194835
0.9942374286689752 0.02771409777651247 0.31974123735217175 0.27879799666110183
0.9949873371372776 0.026862577028216653 0.3271359938137982 0.22740524781341107
0.9947064308421988 0.0281224006013521 0.33911716650687984 0.2500551754579563
0.9955020086216598 0.027348325413528107 0.3455990757448078 0.017595307917888565
0.995522509631528 0.025739669667879078 0.34392061569192467 0.26248821866163996
0.9918716727918004 0.02572760874649487 0.3488132587750086 0.23705909299129638
0.9966507604985544 0.0259382698159687 0.3551399401936267 0.2661498708010336
0.995079720826327 0.026117725377004877 0.3667065592340627 0.25327510917030566
0.9919577017739053 0.0277442459864328 0.3721886200716846 0.29008810572687227
0.9945052047754984 0.03018622797371912 0.39564804608613796 0.17069612338474363
0.9931594165356474 0.032098395661171696 0.39007653989444774 0.2913653764355593
0.9948066643585175 0.030920532762170144 0.3961497543991297 0.2639764606977722
0.9948926153611435 0.032340235084766654 0.4166912693631222 0.2493432574430823
0.9956284059924784 0.03340069232857909 0.4286043744618505 0.2339536650208887
0.9945478493957312 0.03042693695769024 0.429660806893688 0.20552980661658943
0.9946303281114319 0.03146720107242236 0.42331313260016085 0.2507947130667559
0.995076837798216 0.02802131140341246 0.42623402300973146 0.16261557525498047
0.996239161599323 0.029664138555900228 0.441684833881537 0.15154073448712538
0.995715610622473 0.02899409449927096 0.4376156902060732 0.12555579081092527
0.993154807681827 0.026053068224598783 0.43116327519649733 0.11002102312543798
0.996657478770146 0.02868401528619623 0.4357534791379756 0.10608288770053476
0.9950519885735147 0.028007382105058827 0.45746704753444767 0.09666421552242797
0.9915318242641041 0.023330270192508124 0.46360499213982936 0.14054110959048322
0.9957635398195505 0.024185239091990707 0.470797619047619 0.17533753375337532
0.9971735617046427 0.022982627880133832 0.4661490395172971 0.14186974490523016
0.9930884100884875 0.027442736224876727 0.46300115017426163 0.25
0.99548766715608 0.024906644120341014 0.45219207632846975 0.466802860061287
0.993121146326558 0.027479349765885428 0.459895281885459 0.41722942142726777
0.9840623611012547 0.024085919837348622 0.46565859698262635 0.46431312356101306
0.9880020398771099 0.02460760177118393 0.47332835970990833 0.47836906584992345
0.9896597414069334 0.026146637767332514 0.481246821312507 0.4792438843587843
0.9875946155142986 0.02888227939520544 0.4993662665324335 0.482897384305835
0.995075552828544 0.030107088188040025 0.507888944659262 0.47727668465958556
0.9939448780941589 0.02792596432147376 0.5143721295841862 0.5601955591770218
0.9955584691699515 0.027416623373118416 0.5327328516440971 0.4183928571428571
0.9941851444285043 0.026476634802411622 0.54148332617076 0.2668087897671368
0.9934080468930276 0.02173866090712743 0.5574729420218261 0.43188982910237267
0.9945517529842022 0.018790228071756964 0.5572255899588692 0.29593336599706027
0.9919483398436337 0.019895416978592404 0.5732501252282515 0.3467940813810111
0.992257992115926 0.018148637947736745 0.6024420752537384 0.3263392857142857
0.9913135968799858 0.009960026850345607 0.6018669201129093 0.42457142857142854
0.992300337539295 0.00580759682543766 0.6259291280054928 0.32617161272995837
0.9936183534158071 0.0007090156245227779 0.634112337913948 0.462932031350379
0.9938626915150423 0.0011972721798755583 0.6593429989214532 0.48038441284886785
0.9927947012698155 0.0024459792771913073 0.689119352426339 0.40837585034013607
0.9940869009113158 0.00020984213414830996 0.7031122745329486 0.37163106408464763
0.9937205227744541 0.0 0.7191622959930101 0.38152011922503726
0.9899074657921023 0.0 0.7432411763053325 0.3320761659460951
0.9915828228264478 0.0 0.7665253306090106 0.2578472315775293
0.993089061259156 0.0 0.7783879648912599 0.16692481302827808
0.9964777884175028 0.0 0.8132815727627312 0.10166177908113393
0.9856462433416942 0.0 0.8251038088482597 0.11037242228377962
0.9924033230320906 0.0 0.87623772288623 0.18002178310253616
0.9916048350169608 0.0 0.9025330046606642 0.23887087264150944
0.9944301449757988 0.0 0.9167438165265539 0.11744583808437856
0.9937266996194152 0.0 0.8915370574512685 0.05216955104088287
0.9913305130527263 0.0 0.8967060744095421 0.05756592292089249
0.9898957755886166 0.0 0.9211180641231993 0.16471833357386828
0.9959490448433664 0.0 0.9353237171516207 0.45629325813893873
0.9949567271978735 0.0 0.9341854504284657 0.3860453272217978
0.9927117402543043 0.0 0.9348823630688156 0.40427194581922377
0.9941669216219173 0.0 0.9342496936465408 0.37691842900302114
0.9950075930144268 0.0 0.9397876777219648 0.43927589367552705
0.9963401278440839 0.0 0.9419210096439101 0.4638095238095238
0.9889955184307468 0.0 0.9354668665974853 0.4529828109201213
0.9948714446606376 0.0 0.9399001657262229 0.4529346622369878
0.9968306071502498 0.0 0.9392826185660627 0.5118832050701675
0.9917185251757743 0.0 0.9366924555588934 0.4514541876230046
0.9927029162041445 0.0 0.942300440282682 0.42254654102505174
0.9934965622876623 0.0 0.9419232381800513 0.4010416666666667
0.9942778437601552 0.0 0.9399328353005466 0.4207748337379922
0.9943282804314043 0.0 0.9413915359219943 0.44651830581478824
0.9923941825837703 0.0 0.9423036098987891 0.44508918977004086
0.989302931913713 0.0 0.9461622760155053 0.4478208344949354
0.9944595572057685 0.0 0.9501188494018695 0.4574182649309351
0.9944344953310642 0.0 0.9433023461997301 0.3835125448028674
0.9945290329622353 0.0 0.9486959902099614 0.5070258659267878
0.9932557745537042 0.0 0.9523404459942677 0.5125380619738492
0.9949419148496765 0.0 0.9477163769488017 0.5230631437527989
0.994014781002065 0.0 0.9468386774313649 0.48448630679119836
0.9942028051981513 0.0 0.9501602705838005 0.5430296930045294
0.9940236511282309 0.0 0.9456525395586339 0.5776792437045093
0.9963909296896457 0.0 0.9462644576699408 0.571656292697738
0.9938062845021578 0.0 0.9490425860471501 0.580021318714786
0.9942933225688838 0.0 0.9501484974648022 0.6120601432732425
0.9956626463774659 0.0 0.9506859062051324 0.605010942570372
0.9938352947968023 0.0 0.9503876982271625 0.6078726607872661
0.9936879909809154 0.0 0.9503373996121004 0.6068542957177484
0.9961702113030335 0.0 0.9516639375546335 0.612924112924113
0.9956957428985551 0.0 0.9536939564246419 0.6187748193476987
0.996561553682188 0.0 0.9588519475426943 0.6432770718755927
0.99336402350227 0.0 0.9560056925077691 0.6657478427612655
0.9901988826186954 0.0 0.9570853231095648 0.7005633141650041
0.9948707978366149 0.0 0.9558662541454992 0.6754694191281432
0.9950463897486069 0.0 0.9578057394319632 0.6318848032913346
0.9962348258243229 0.0 0.957252343371606 0.6470498551608477
0.9958462107328109 0.0 0.9595011513091783 0.6257425742574257
0.9944375357680445 0.0 0.9620282790657669 0.6987378543523991
0.9956579176668334 0.0 0.9653279531833343 0.7559899749373433
0.9965264871944636 0.0 0.967312627771129 0.7736265801964378
0.9948933639495326 0.0 0.9618046512273976 0.7964110508649626
0.9939662620117554 0.0 0.9620969636202369 0.7886380948562723
0.9943141570332572 0.0 0.9617349823321555 0.7678029024637192
0.9950104782063838 0.0 0.9605631385275831 0.783598522517403
0.9952311648450605 0.0 0.962642251938936 0.7704852692064968
0.9939733406693942 0.0 0.961030939954538 0.7825314720179484
0.9919494544752862 0.0 0.9563690279492844 0.8051411109113787
0.9941851731712468 0.0 0.9606130212447511 0.8238470063368475
0.9907887988286815 0.0 0.9575652126000928 0.8075450217346305
0.9909865180120024 0.0 0.9586907843080233 0.8314833999309358
0.9949266571081945 0.0 0.9630850464067592 0.8734960810743347
0.9939369510274061 0.0 0.9643214231573066 0.8651381405479767
0.9855857422986907 0.0 0.9575207161444921 0.8149274921407565
0.9896096178512255 0.0 0.9589408458334744 0.7996112191058039
0.993964219365175 0.0 0.9648808233328657 0.8472344645218158
0.9921323568130149 0.0 0.9631178206679831 0.8348869433772124
0.9923109959684682 0.0 0.9651123198583552 0.8136771387518932
0.9943581085788332 0.0 0.9639654612538577 0.8315792068226073
0.9865874488720491 0.0 0.9585285299254453 0.8269830156292348
0.9869388892036334 0.0 0.9562038168863634 0.8203092310047456
0.991818279813172 0.0 0.9566932627138889 0.8017101981527668
0.9909951939368196 0.0 0.9553815632672155 0.8078817733990148
0.9914116951450396 0.0 0.9533528923370433 0.7720984900997558
0.9921873221327652 0.0 0.9494263173813831 0.7757571268902923
0.9958506770956896 0.0 0.9462687987397168 0.767177583663146
0.9964379515696102 0.0 0.9419236958472956 0.7536506445383853
0.9898874589543423 0.0 0.9283888297968235 0.7492331909152238
0.9951196139992681 0.0 0.9216000252492903 0.7517980434486649
0.9943517037729181 0.0 0.9129614277722735 0.7780658481078209
0.995161267368441 0.0 0.8878271181019682 0.7435045351282181
0.9916648961956196 0.0 0.8546190187085705 0.7472706118244362
0.9919241909366662 0.0 0.8308933506143901 0.8198526309394019
0.989585246396366 0.0 0.19643736116720517 0.4436146088982795
