0.9866576860590072 0.03518936121469402 0.172621482210344 0.03297931805477921
0.996217649757997 0.0330825883186956 0.15886992999196325 0.0
0.9956078713885883 0.034784039386368155 0.16977365562386523 0.05119047619047619
0.9948258780966184 0.03617251901283581 0.15919716020505564 0.010276172125883108
0.9939852003738454 0.0333923269447138 0.16769062085151304 0.019646924829157177
0.9952952739199116 0.03340456671135925 0.16747774418314731 0.10631127450980392
0.9952021026444225 0.0328722894957943 0.16266865051892757 0.1246928746928747
0.9884582282936943 0.030619956711730283 0.1670809295703629 0.054580274497286946
0.9937421275937507 0.03115151504555059 0.168387444572112 0.16957605985037408
0.9905365666844473 0.0329304777407967 0.1755191027566857 0.16045845272206305
0.9958034386566662 0.03276612157967253 0.1686885761548192 0.10324232081911262
0.9895480441171164 0.03287422236782848 0.1797916778743172 0.12565880721220526
0.9883889866489737 0.031509590423997695 0.16965678120040537 0.1162046908315565
0.9850445399097283 0.030321564676871644 0.18310824554333852 0.06208425720620843
0.9941770508197412 0.03224753215730195 0.18345243229374225 0.10526315789473684
0.9916739354531758 0.03145526621854497 0.19039665381421422 0.2486537852391511
0.9958370229249385 0.030182289262247725 0.18888653929770455 0.27879190175904417
0.9948994593131616 0.031476139533106635 0.18663770884804237 0.03918022905364678
0.994811683790024 0.033646595515715826 0.19100602019881327 0.16543136673584347
0.9941798040051129 0.030650791188333852 0.19308781833364588 0.2555053642010164
0.9885108982510089 0.029669573512709387 0.19781758856159465 0.26593860684769777
0.9958717525245446 0.031452424528558495 0.19558715937824897 0.3348558378532686
0.9943080914505658 0.032150887999098994 0.19472515768063495 0.23532779845405097
0.9955424837558878 0.030148497822381756 0.19661251711355393 0.343676045227452
0.9866141876878439 0.03178052477652937 0.20590087346729785 0.3136467889908257
0.9942368989900223 0.02975369593998235 0.20753088659161137 0.34126764461666204
0.9927812214007217 0.028575613170083433 0.20555470533471068 0.2825405867274281
0.9979411625130958 0.03113043323712863 0.2082806182733038 0.3974470554105019
0.9918844645290206 0.032095803154208506 0.21155157995772228 0.3403810408921933
0.9972580609844218 0.03100122565060628 0.2121735984079442 0.3957663451232583
0.9898866663744441 0.02973703465289134 0.21820220122318587 0.32687955745536834
0.9903890898032017 0.02939888876866157 0.2129123101160162 0.3813873117748704
0.9957395793325423 0.030534458551547877 0.22612510219138202 0.383921464579464
0.9954282399584117 0.030817016016995585 0.2246982995063083 0.385866802236909
0.9954378921139122 0.029308353132866217 0.2318687801007745 0.4296077377753896
0.9943789805767633 0.029843471325231803 0.23208092852360812 0.3613467656415695
0.9946652135345324 0.028623607021728597 0.23464476820355784 0.5054764512595837
0.9951714292494482 0.027896982688885293 0.23917200610041126 0.48504721930745015
0.9951806805972245 0.030852801433130395 0.2578524746167942 0.4612631040654564
0.9924457070375388 0.02855309756699039 0.24998310755068914 0.3742393509127789
0.9957630956574246 0.029984340007768017 0.2596708626318433 0.4533678756476684
0.9924335780292778 0.031439160038545 0.2554148112582885 0.49372496662216286
0.9969413677471801 0.03069752958272784 0.2674735088887014 0.473569244211446
0.9873309720263609 0.028945336187371398 0.2638747867839478 0.46466346153846155
0.9886776763123603 0.029969307971326135 0.27380720000062214 0.4709271870089052
0.9947668772930335 0.03153805783219232 0.2823365087730443 0.5522098105876639
0.9930019190304268 0.033285785799256104 0.2874267150220229 0.49026128266033253
0.9957278553487227 0.028901486249062712 0.2979185679380153 0.5283679663787065
0.9941611350243654 0.03155380522027007 0.300508292117767 0.5205827937095282
0.9890504413081482 0.03404670348721459 0.3028114138109894 0.6147787815612694
0.9944993978019467 0.03395256122861316 0.30884663973122345 0.6260759493670887
0.9937970989771489 0.032885573910158006 0.3209044039664652 0.5973813420621932
0.9946459823524748 0.03221786494393318 0.32814752911916767 0.6148325358851675
0.9942682409441752 0.032866377406103216 0.33995695100762896 0.5331700347009594
0.9950389525944359 0.03270706498317861 0.3472247496272743 0.5832930951231289
0.9954182780452777 0.03191259749845875 0.3455940078506769 0.616447985004686
0.9926942188825597 0.03163204425882736 0.3506464709856521 0.5685210312075983
0.9965182682189891 0.03240691126612369 0.3568242604621232 0.5367268041237113
0.9945223247812969 0.03234011040964389 0.3684631226473434 0.562513637355444
0.9913512381676707 0.03399583493906182 0.37394893095399345 0.6448416971785483
0.9950689330800894 0.03511666181581829 0.39787411438280335 0.6123595505617978
0.9936081206004123 0.03609266133969883 0.39115401588345877 0.603072734344613
0.9947009740608218 0.03487558825823561 0.39753321904853883 0.600328947368421
0.9949644363315918 0.03659514442558281 0.41802216726412844 0.5735833673053404
0.9947996061412786 0.03831032675170365 0.43009348656055546 0.587137312881168
0.9943771920450019 0.03624291106881803 0.430443780916011 0.4169914263445051
0.9946645469308059 0.03718669612487317 0.42296836928436266 0.36584015939783043
0.9950547801564245 0.03330656398218122 0.42593131571582776 0.25024940526436956
0.9956769077861831 0.03534505760724859 0.43987308310957596 0.19219167947185703
0.9959410882101277 0.03499992253226531 0.4375272576568415 0.168014329580348
0.9927305874605358 0.029883207035478723 0.43119306408491875 0.20921248142644874
0.9965424147407417 0.03258132728367573 0.4359888118683649 0.19139333508265546
0.9951401101059362 0.031960546255864024 0.45757562788038436 0.1595256986687825
0.991340761779914 0.033550214408170284 0.46439712518696213 0.2098105047516076
0.9956525401691371 0.03076923076923077 0.46810309757889007 0.17909880822373106
0.9974457638674299 0.026511233958019124 0.466418038415617 0.17993307884443188
0.9926721155748573 0.030512530164672185 0.463612668662937 0.3447444952222684
0.9955490678773334 0.029830188918884972 0.4541043468376732 0.8220738413197172
0.9930131601011073 0.03117641504845341 0.4619298880221439 0.747246891651865
0.9842523018308815 0.02899987804807229 0.4678896792906506 0.8176558417319896
0.9887535856734844 0.029025851355440713 0.4754842783140175 0.8296296296296296
0.9899838241172881 0.030292666316191933 0.4829837592077141 0.7443938332165382
0.9873870637118772 0.03327159543481675 0.5013305112992993 0.8058233706131893
0.9951132927203401 0.032875497045450945 0.509349817755087 0.7378772465242455
0.9944096076938876 0.029207295052365474 0.5148859546695886 0.7636232407073259
0.9959169096506902 0.026782452199564283 0.5340572223948061 0.7267908769675554
0.9942069528500384 0.02704020714454302 0.5439283153430374 0.7067292644757434
0.9941035308618767 0.019984659116545594 0.5586646974780473 0.6876597023898993
0.994986109604812 0.01793068056356149 0.5593665769814306 0.6670071501532175
0.9926118933749977 0.018546501068226032 0.5745589518951254 0.6865509761388287
0.9929505235167622 0.011507115579267433 0.6027651480743089 0.6367573419948572
0.9915668987297035 0.0019518989130325082 0.5998757690253408 0.5316865988599531
0.992233696557619 0.0018718801996672214 0.625707645645409 0.6102065613608748
0.994343825241015 0.0 0.6341366673852123 0.5573596519155258
0.9944335639293962 0.0 0.6583691549836579 0.490235554660761
0.9929874635532645 5.904960937399712e-05 0.689135731355134 0.560534343115599
0.9939542039558397 0.0 0.7035218286049126 0.5330978809283552
0.9942961859195452 0.0 0.7200068058589705 0.5487343613616527
0.9896698120686354 0.0 0.7437660945547278 0.49526108726752505
0.9915905417134966 0.0 0.7652192739024496 0.38410215940885284
0.9936517649317304 0.0 0.7777415228900777 0.2759683755158868
0.9965010763174482 0.0 0.814087366073318 0.16564435624511395
0.9856783878138414 0.0 0.8305504537424987 0.23196647710266388
0.9927503456831603 0.0 0.8784412079258601 0.32266998247894646
0.9915511839436294 0.0 0.8998213323821571 0.36612755569118094
0.9951817287268178 0.0 0.9167622861563566 0.1771454245918826
0.9948254859685343 0.0 0.8854345566024607 0.08698064264615477
0.9925050430562556 0.0 0.9061569242380328 0.14197605223215362
0.990335454910216 0.0 0.9265047157180685 0.35397395864019326
0.9957676504009683 0.0 0.9368962938341366 0.7519860973187686
0.9946623971807081 0.0 0.9350401384975842 0.6463049978641606
0.9936114506315079 0.0 0.935677725355726 0.58730784391013
0.9946242200319243 0.0 0.9353499688677618 0.6154811311649455
0.9947970364419451 0.0 0.934857801370537 0.3785956762551367
0.9960096509728569 0.0 0.9429159334236171 0.7001375515818432
0.9890273696058026 0.0 0.9369728612516446 0.7432402234636871
0.9945924605367052 0.0 0.9398435190313004 0.5768093910987248
0.9956448324740085 0.0 0.9375592619007825 0.57507593793613
0.9916235827664399 0.0 0.9388015793140823 0.7054484657749803
0.9921569209549168 0.0 0.943900009665492 0.7597817133443163
0.9932927600924978 0.0 0.9442452114777758 0.7581471613035458
0.9956982980524391 0.0 0.9437375930066491 0.8228778467908903
0.9939715916485397 0.0 0.9446232961435356 0.8324147785262298
0.9928181940631953 0.0 0.9453782227642737 0.8489463801377009
0.9900029815872485 0.0 0.9492818264532653 0.7767061633140443
0.9940353725717599 0.0 0.9527863921647921 0.8447070408665682
0.9959799179673546 0.0 0.9479685277200615 0.8024625267665952
0.9956942643601226 0.0 0.9521506303635783 0.8148049645390071
0.9924342716852478 0.0 0.9536728015236878 0.761763494025546
0.9949118087290111 0.0 0.9503857740952779 0.8346969297088062
0.9952829061815213 0.0 0.9508200082175937 0.7840486918030195
0.9964874323484622 0.0 0.9544273294477199 0.8106902425176413
0.9954859105531254 0.0 0.9495570955733831 0.8725315636128197
0.9964581632587469 0.0 0.9490611797096108 0.8372903991690162
0.9947083692449217 0.0 0.9521455217448267 0.8213614684202919
0.9966586894685797 0.0 0.954552348342883 0.8722409564684243
0.9967972021233729 0.0 0.9544229238750643 0.8824006488240065
0.9941794976407564 0.0 0.9536373278561567 0.883734127828616
0.9955312201579877 0.0 0.9547238233289992 0.8737299465240642
0.9960175224436235 0.0 0.955545638864922 0.8709801409352979
0.9958513138663324 0.0 0.9570091485905805 0.8924972723188499
0.9960505446256945 0.0 0.9615445009352304 0.8969160830568866
0.9934269218369919 0.0 0.9591028136713335 0.9064351742118986
0.9919971683009102 0.0 0.9613338376299786 0.9293462497824699
0.993540691525966 0.0 0.9581278835121765 0.886661277283751
0.9968864845176444 0.0 0.9625690428638649 0.8661979007439111
0.9953260875879336 0.0 0.9592863210443396 0.8342006360219717
0.9963221544165793 0.0 0.9616022527557679 0.760701199200533
0.9952781998293107 0.0 0.9648608140427064 0.8554878332480342
0.9963929678027752 0.0 0.9669584583189174 0.847693764371703
0.9967543550523468 0.0 0.9694664416903193 0.89812141937203
0.9939664103033828 0.0 0.9619272322390007 0.8340412621359223
0.9926968118163848 0.0 0.9587799419254751 0.7494287890327495
0.9959672035668592 0.0 0.9640847706092521 0.8372874521137174
0.9950841486127987 0.0 0.9614116027528459 0.8366184419199275
0.9966783792686944 0.0 0.9621568305112609 0.7645231352926621
0.9942823497093793 0.0 0.9607672949650568 0.7995188018707253
0.98931713042581 0.0 0.9544938511812963 0.8037444357161561
0.9925459257176419 0.0 0.9528584456766531 0.7068921560295742
0.9909144017398839 0.0 0.9555107805030526 0.7807852856770154
0.9879701324378956 0.0 0.9576758900616229 0.8670194721487211
0.9943770573266676 0.0 0.9624474530141561 0.8444483012973489
0.99179886449261 0.0 0.9597527059016707 0.8154868636469946
0.983058042475377 0.0 0.9568085664580579 0.8599906846762925
0.987016687338811 0.0 0.9574911177312476 0.8210122571500041
0.9938939608732634 0.0 0.9562265757509438 0.7358863977811164
0.9912154443682888 0.0 0.9614743961732498 0.8390039029356864
0.9918068590039842 0.0 0.9656333654383361 0.8407150286640381
0.9942128636527022 0.0 0.9673024593330186 0.8874551460278985
0.9846451830226813 0.0 0.9576333475566184 0.8482529779973622
0.9844239290641879 0.0 0.9546061027713872 0.8375007044767147
0.9911504843459851 0.0 0.960140311898135 0.8565352625790487
0.9892423939246682 0.0 0.9578635050751394 0.857472129451056
0.9914585812198583 0.0 0.9644070132348554 0.8772514033534109
0.9907755765115147 0.0 0.961499996910608 0.8851053293456093
0.9946865660213016 0.0 0.962844829291184 0.8888335197214029
0.9948495566296651 0.0 0.9613717707248856 0.8822558501858794
0.9889741200603841 0.0 0.950796252449758 0.8730686528784554
0.9957545098558169 0.0 0.949403763223341 0.8741746403169381
0.993098564932098 0.0 0.9395059936205923 0.8826146532911542
0.994462809623696 0.0 0.9187086118675162 0.8415432292132821
0.9895242579487504 0.0 0.8860272613063916 0.8290843641449518
0.991058549763713 0.0 0.8658208136919094 0.872407059492353
0.9893653326955538 0.0 0.19794453796402942 0.45393516252620747
