0.9868689054663035 0.03755660730702441 0.17284277333458237 0.0
0.9963269696851873 0.03501082730647588 0.15913351498214925 0.0
0.9956623066276011 0.036508082127220204 0.17026414524986566 0.008928571428571428
0.9948853207636459 0.03799773649216082 0.1596166548939501 0.0
0.9941194128337155 0.03524642206517506 0.16767194038250324 0.0
0.9951413868733983 0.03552468748711841 0.16765645829634468 0.028077753779697623
0.9955938095710335 0.034711734804709564 0.1628880200621507 0.08607439286812173
0.9883891384408192 0.032630459048416355 0.16754178312809134 0.025215448451962975
0.9938911987141691 0.032870220597878835 0.16858569702617499 0.11723946784922394
0.9907938587434411 0.034637920573268435 0.17574730289646934 0.11907035975803884
0.9956423853634058 0.034802196453932635 0.16879815688120603 0.05631399317406143
0.9897296791693948 0.034666192450943045 0.1801113674800585 0.023855755894590845
0.9884804741020446 0.03300560025098356 0.1698085473854408 0.06709713644020214
0.985043036728561 0.03217012951658523 0.18336551054162234 0.002502780867630701
0.9942394021323266 0.034325332400475236 0.18365086692019367 0.0
0.9916235532192562 0.0336179942007919 0.19059507607200946 0.10801393728222997
0.9960370931065787 0.03217597683192579 0.1892569771426396 0.1848655824759376
0.9950221034841585 0.03310543395296363 0.1867804423113284 0.0
0.9947664697426227 0.03513444425687896 0.19129211476868827 0.04517087667161961
0.9943153184517216 0.032512819717151656 0.1933203958890054 0.05110107284020327
0.9886522187371358 0.031320361069913545 0.19800962552900817 0.1729634002361275
0.9956393329970539 0.03299075065643324 0.19584343575901308 0.24921495860690837
0.9942014585243553 0.03346902469246097 0.19476459038711302 0.11909533352419124
0.9957493301105393 0.031650890627779114 0.19678474424539105 0.2450696818301341
0.9867904826841603 0.033130198694751894 0.20584002234044838 0.1080848623853211
0.994586171227448 0.031120979841454514 0.20775352523854848 0.20869083863825075
0.9925044000161222 0.030497694855940782 0.20558795737644212 0.14240956992309883
0.9981214259642293 0.03357612048773359 0.2086759472733554 0.2843051929213809
0.9917196190587294 0.034152755999285446 0.21160235421730308 0.2400092936802974
0.9974954415576675 0.03287469053513616 0.2125352556076847 0.3009110396570204
0.99041402452685 0.0316291676876991 0.2186399423450864 0.15690218757857682
0.9904555939670953 0.03129527155236184 0.2132650903767059 0.2501249375312344
0.9955365303946576 0.032280920388134855 0.22629831219215413 0.2790202342917998
0.9956607228441866 0.032579352319590985 0.2248878721531021 0.2770253002811142
0.9959385758892375 0.031187009061615353 0.23195511496297924 0.2979580870499731
0.9945742136071157 0.03185155135637358 0.23202021068415168 0.19962835147332095
0.9944620833659789 0.030881031892137947 0.23456589111137283 0.358805806628321
0.9954677044278867 0.030284245983150923 0.23955554714744257 0.3567681007345226
0.9952003830668411 0.033328578604962696 0.25849988617718395 0.329923273657289
0.9927797472661362 0.030669888471272812 0.25003186171543473 0.21493440968718466
0.9958954374321515 0.03208999615824717 0.25981460001320245 0.33888599687662674
0.9926512930170903 0.0331686676415531 0.25553208696812896 0.334045393858478
0.99709364361567 0.03233348622996345 0.267525400405781 0.34491044124071646
0.9876448189257069 0.030842666639025223 0.26427399341763164 0.32884615384615384
0.9889541560716649 0.032100317163219975 0.274250307010269 0.3653693407466243
0.9950264233069184 0.03332651940054426 0.2827552415374915 0.4878884267188647
0.9927747399806893 0.03537227056842794 0.2875454193559577 0.41777566539923955
0.9958612478387273 0.030813242679848363 0.29813024192813403 0.4601812112541726
0.9944582314625882 0.03388365574650137 0.3008128070169839 0.40009250693802034
0.9892215233352984 0.03629244221550658 0.3029985313479185 0.536046511627907
0.994625367584514 0.03628555656028909 0.3093083896399112 0.5641425969294822
0.9936561687303201 0.03529117313099375 0.321181921146517 0.5211633956017971
0.9948635712325844 0.03435394276543044 0.32844356858069235 0.5202424242424243
0.994180382473918 0.0352569427017245 0.3404068122756491 0.4847428073234525
0.994919454165119 0.03514046422133266 0.3474893602059717 0.45736623503542634
0.9954774821613821 0.034567765773093576 0.34602717151043144 0.5282752120640904
0.9925930503352696 0.03418997107039537 0.3510650322624089 0.48217550274223037
0.9964538278971176 0.03501727052610553 0.3572883780842355 0.4412144702842377
0.994088351787653 0.03542108363511636 0.36890808689684945 0.4596069868995633
0.990874033516005 0.037213845891133364 0.37447662844385937 0.5488259820057055
0.9950674171572891 0.03796954500244089 0.3983716003472537 0.49145477282200917
0.99385073925408 0.039104795737122555 0.3921879149421267 0.5652913653764355
0.9949544891058448 0.03756596563288013 0.3980397767344389 0.5138190954773869
0.9953228492853546 0.039238403269732845 0.4186582087463219 0.48918640576725025
0.9944855308982825 0.041262629641107273 0.4306175657950716 0.5263457164518575
0.9943034470701361 0.0394185205566679 0.4313007565905851 0.3868053654530523
0.9943342638315271 0.04072417194138559 0.4247816136931863 0.3813897763578275
0.9950316202748766 0.03673798340626103 0.42652415310141634 0.2218422252621979
0.9954656926752656 0.03965974869405619 0.44159352981687827 0.18395436790873582
0.9959757356612104 0.03976449211569747 0.4380694338844573 0.14239119852010515
0.9927031416793546 0.03465257467541977 0.42999555761548197 0.15505297473512633
0.9963945362519153 0.036451177857043826 0.43742726749995364 0.16403275439420018
0.9952592889779375 0.035786256003129235 0.4589540312015233 0.14186413902053713
0.9916040938234627 0.037925555659978384 0.465872310782711 0.19131630883320375
0.9954769631456708 0.03603870895365967 0.4691261251946624 0.15977961432506887
0.997464651628667 0.03136891996005971 0.46728162213839697 0.15321013870690825
0.9929833702187689 0.03516533717027495 0.46454777428994354 0.30611735330836454
0.9956379889484177 0.0345874248574725 0.45501996430564184 0.7663438256658596
0.9931181610017533 0.03716649623500976 0.46319624357441064 0.6883729366950844
0.9844385052699455 0.03463151935666488 0.46916972919864136 0.7621313035204567
0.9888945982161186 0.03411428999422837 0.4765837540674451 0.7750190985485104
0.9900369222850242 0.035049090222409984 0.4839026619444762 0.6980406518952573
0.9873491530427723 0.03803581615348625 0.502290884247357 0.7776667998401918
0.99536560811329 0.03876973167456356 0.5107605852734903 0.6899518238128011
0.9944997795321249 0.03575025581938748 0.5165217223965759 0.7587719298245614
0.9961469550158496 0.03503687870159934 0.5361647878141729 0.7445460942997889
0.9944575328144133 0.03482832037616251 0.5457666143887028 0.7066246056782335
0.9942859182325963 0.03005384203572285 0.5611731807538236 0.7251035625517813
0.9951544763890958 0.02529890583225168 0.5609122873032835 0.6512444648037868
0.9930102827089948 0.025404144089567978 0.5759926739338244 0.6656640810511318
0.9931153800689895 0.02149829921703601 0.6049909789535586 0.6275618374558304
0.9918252931945326 0.013476849713256371 0.6026030123910576 0.5276059297303607
0.9923061788360772 0.005952904104009689 0.6265228111008107 0.5899298288809554
0.9942134423561401 0.0021799661330586736 0.6349627521816131 0.5900270492767259
0.9943574244254124 0.0007003487736892973 0.6590190268636585 0.5262216258526221
0.9929726804187117 0.0017174190964681238 0.6896718751825187 0.5662530467538223
0.993992325029233 8.341809688339227e-05 0.7035612356919855 0.5308277027027027
0.9943293725250061 5.717699997998805e-06 0.7200461953235038 0.5294416243654823
0.9896979127541986 0.0 0.7439186998855644 0.4929789840731317
0.9916512977482523 0.0 0.765821504447 0.4029638972095223
0.9937862787020173 0.0 0.7789305363150604 0.2982366904035266
0.996423195009596 0.0 0.8132061160126153 0.15526308058403596
0.9856190479557553 0.0 0.8293565843900184 0.21735740664751743
0.9929131166663339 0.0 0.8774263275798987 0.28985430743243246
0.9916720769363706 0.0 0.900432879522311 0.36774949547555497
0.9955089699191175 0.0 0.9149556685792574 0.15700829467172783
0.9951917578219716 0.0 0.8878817227453173 0.08711812307885328
0.9925949310002706 0.0 0.9082030588796769 0.1456420543682329
0.9905731095364663 0.0 0.9265088349560298 0.3386800828647529
0.9959541462429755 0.0 0.9369973524528452 0.7413836796756209
0.9948750800768738 0.0 0.9362021780602545 0.7353791975852094
0.9938709038246184 0.0 0.9365381069235025 0.6331489315543986
0.9947864114080596 0.0 0.9359518545033891 0.6384419983065199
0.9951795936129615 0.0 0.9388929331742303 0.5050850283427809
0.9963944146367336 0.0 0.9434879839786382 0.7201032084361678
0.9888843862299013 0.0 0.9374128047631733 0.7959158415841584
0.9946666100038247 0.0 0.9419135164572541 0.7130765056972328
0.9960374297965399 0.0 0.939189379259904 0.6540182914964001
0.9921621063757879 0.0 0.9395062104563613 0.7438149298489879
0.9925140468685761 0.0 0.944431703137747 0.7823958219997824
0.993742570885119 0.0 0.9445512757781561 0.7558933002481389
0.9960445874458443 0.0 0.9439127616888785 0.8137193203272498
0.9940645716045294 0.0 0.9444371905551658 0.8263109096528278
0.9930050522937367 0.0 0.9454366430030147 0.8394015484410965
0.9904385280903049 0.0 0.9495003056049156 0.7671446957161243
0.9941587213213631 0.0 0.9527961778991761 0.834794601517092
0.9956770911095543 0.0 0.9476657261557558 0.7943490701001431
0.9958216716267981 0.0 0.9522254095790158 0.8115113057467155
0.9928998166140707 0.0 0.9545112240762823 0.7982787389127953
0.9953009540386977 0.0 0.9506522670751912 0.8322461212976022
0.9956258232802199 0.0 0.9510006954376217 0.777022218707994
0.9963383800443859 0.0 0.9544089079971245 0.8172413793103448
0.9953179992292739 0.0 0.9498722074643325 0.8854425144747725
0.9966860027814862 0.0 0.9493489176605165 0.8443275732531931
0.9949947873563836 0.0 0.9527087073937467 0.843771094277357
0.9965389667226694 0.0 0.9545403910223892 0.878893268413324
0.9970709327026258 0.0 0.9546644575579529 0.886107634543179
0.994426477061189 0.0 0.9538564773614183 0.8871471130656831
0.9958228266664267 0.0 0.9549503401729439 0.875551691855022
0.9960347332654532 0.0 0.9557113653125572 0.878191148171905
0.9958557413778937 0.0 0.9569855009879742 0.8908626198083067
0.9961378560140434 0.0 0.9616325899649334 0.898749769046006
0.9938608370413362 0.0 0.959389341180741 0.9059945504087193
0.9921969871016443 0.0 0.9614631981196108 0.9305135951661632
0.9935141238950544 0.0 0.958054219377703 0.8898309661392234
0.9969740341308403 0.0 0.9626979971520706 0.8700368399508801
0.9954024457547855 0.0 0.9600693777185002 0.873507759649821
0.9963121709863936 0.0 0.9621810944223524 0.7851355961112059
0.9953685291784934 0.0 0.9649491547406938 0.8568034657846928
0.9964505211402785 0.0 0.9669638192761167 0.8465097475518821
0.9966645645323929 0.0 0.9694186686102847 0.8994899090707474
0.9941240243309315 0.0 0.9620019586349553 0.83249517903732
0.9926763658768194 0.0 0.9592487198089751 0.7619802620935123
0.9959557625390284 0.0 0.9639171912518658 0.8312786074638335
0.9950748649949656 0.0 0.9613138407002835 0.8328662994814314
0.9966929862165523 0.0 0.9636926953573421 0.801752559430852
0.9942098074513466 0.0 0.9615402598387895 0.8178776819287769
0.9892577358810968 0.0 0.9549793717666063 0.8177705198907748
0.9924869572013835 0.0 0.9544536756117896 0.7329236326791339
0.9907601466650332 0.0 0.9559111694532646 0.7854433848514742
0.9879102624707863 0.0 0.957195391237853 0.8552269831690471
0.9945689032186336 0.0 0.9621760552718864 0.8390435326333039
0.9918989762590178 0.0 0.960376016103737 0.826652671604547
0.9832580286232978 0.0 0.9570602779551414 0.8595981061029714
0.9872862858810145 0.0 0.958484773408187 0.8338138036289638
0.9941465871540276 0.0 0.9579430982789618 0.7538101515173956
0.9915130201103033 0.0 0.961542735232677 0.8368808322291449
0.9920801231955222 0.0 0.9658764287783249 0.8407737374715538
0.9945513378100971 0.0 0.9673378978772724 0.8845471113109749
0.9850092609818396 0.0 0.9562033536798314 0.8317095409328866
0.9847357729561045 0.00021383970575656488 0.9528188236338753 0.8215122314186241
0.9909602287914879 0.0 0.9593162655590208 0.8513716391428962
0.9892542276788798 0.0 0.9561339762921899 0.8469437915725763
0.9911916826380319 0.0 0.9639473610694007 0.8770966713983603
0.9909914760626205 0.0 0.9614973725113525 0.8856745929180667
0.994947397646507 0.0 0.9642361501988032 0.8976966727148751
0.9949582818535369 0.0 0.9651450329543363 0.9045878717572299
0.9890546760528448 0.0 0.9538157372250012 0.8879065725534707
0.9959198112356198 0.0 0.953699315733506 0.8924368904686373
0.993220959401119 0.0 0.9438380512114488 0.8984451613339556
0.9945698012717847 0.0 0.9245448558666411 0.8582308208454484
0.989906860499314 0.0 0.8958533817031618 0.8514778088435156
0.9913908665054708 0.0 0.8789174832202721 0.8899162387908287
0.9884114167778772 0.0 0.20748631644427015 0.48722147620456563
