0.9863973907849677 0.031655196190314656 0.17351561311396005 0.0
0.9960260298287628 0.03074263001944283 0.16026193587854184 0.0
0.9954213188758168 0.032532194020589406 0.17095772336526 0.0
0.9945676449898494 0.03311339908469318 0.1600282413955323 0.0
0.9938512946778864 0.03104734018320381 0.1687702460411927 0.0
0.995270786495316 0.030454976145168046 0.16831302865965195 0.0
0.9948324080069434 0.030036900240608358 0.16302132446852954 0.0
0.9882487326181192 0.02852523819796655 0.16846626220775376 0.0
0.9937017946914929 0.02858721425044042 0.16919838061495596 0.0
0.9902938122540107 0.029883779390992304 0.17569948472772393 0.0
0.9957298531704517 0.03062885666762706 0.16947600074059244 0.0
0.9896273715454655 0.03041543563242915 0.18098262196250842 0.0
0.9878178153631904 0.02912817661405482 0.17014810437832378 0.0
0.985028112782861 0.028426917592436 0.18377140021883565 0.0
0.9940118385174165 0.029300069429235766 0.18426650686949095 0.0
0.9912767385149179 0.02853857689121273 0.1912412740561758 0.0
0.9952645129080213 0.02800742365446263 0.1894127299619142 0.011616329239960173
0.99439980610928 0.02908878672337331 0.18741760848266112 0.0
0.9942248367450413 0.03111555120563703 0.19203560829911867 0.0
0.9934152220490845 0.028070260636463853 0.19373979292362611 0.0
0.9885442484327162 0.027000451492913715 0.19876821402977943 0.007674144037780401
0.996245186057799 0.028510502870612693 0.19679064182366757 0.02312303739651727
0.9935747364728409 0.028902369292168616 0.19521573376963686 0.0
0.9949341030468641 0.027097973564851763 0.1968567838875496 0.015514067841178017
0.9861123694552935 0.028785302729762915 0.20637496841506603 0.0
0.9935945190088297 0.02700561638686675 0.20786816962675714 0.016329919734292833
0.9933722043380824 0.026163861449520865 0.20694292759000577 0.0005696382796923954
0.9975987196416944 0.02855739011198143 0.20871289190791265 0.06208297069915869
0.9917398075863922 0.028923021290419362 0.2110991519661074 0.09502788104089219
0.9971513646314114 0.027598984695930338 0.21242464755469806 0.12513397642015006
0.9896521782548388 0.02573616349302413 0.21839487987077255 0.04651747548403319
0.990225207505125 0.02631233478336108 0.2137999591886319 0.16424010217113666
0.9954562749309604 0.027437815601295313 0.22645554035676446 0.18518518518518517
0.9951621051234241 0.02787945559555775 0.2251360146438196 0.18195757730641451
0.9953167134173696 0.02631637449828822 0.23200041191707793 0.1800107469102633
0.994197007515209 0.02692624467095242 0.23183582172129527 0.062383859835412794
0.9943800653440266 0.025622002382973234 0.2342546311296213 0.19967132292522596
0.9947116051165283 0.024641953867687645 0.23890990984635235 0.15057712486883526
0.9949718687971231 0.026890796262393303 0.2572097051283457 0.10946291560102302
0.9917135572907936 0.025059456958076574 0.24915933948605312 0.004078511343359674
0.9952861046391674 0.026341818347184482 0.2589045612291615 0.01010886469673406
0.9923251446361723 0.028645512678438036 0.255303078234122 0.08678237650200267
0.996814910335978 0.027459664137113357 0.2672613868259782 0.21494102228047182
0.986755771721256 0.025150978531880395 0.2630697766540505 0.14134615384615384
0.9880870892340143 0.027212242461941948 0.27338087145652246 0.14883474576271186
0.9939822313352192 0.028743259218042643 0.282113427805702 0.37356181150550793
0.9925629813136148 0.029821690736584767 0.2870945728651099 0.30085551330798477
0.9953154344303189 0.025234661651154698 0.29759792262994794 0.3857394809775762
0.9942941282484788 0.02788001103674167 0.30036421543644726 0.3228492136910268
0.9892214036306466 0.029723853571712606 0.3020910741479203 0.45976744186046514
0.9943823980996678 0.0296595655688132 0.3087714530092167 0.4760408483896308
0.9937962614248123 0.029224352361994197 0.3211593999574336 0.4394949976179133
0.9947183485231141 0.028480825393952264 0.32789899231290076 0.45918367346938777
0.9942800675580646 0.02923835156108963 0.33995963303919635 0.42168407020662074
0.9953988105136508 0.0289098045574643 0.3472200347764112 0.40615835777126097
0.9955190086642222 0.027898738531288294 0.34552153018376897 0.4738454288407163
0.992253586852309 0.027674530619438687 0.35049053822401155 0.4480786825251601
0.9966173714111688 0.028281921453202363 0.3569293818102525 0.41300602928509905
0.994606313976918 0.02848748290464807 0.36850657549291144 0.435589519650655
0.9915470000999144 0.030458301688453433 0.3742121391719712 0.5160228270412642
0.994814473933354 0.03189707364977162 0.39755601898240817 0.4441433930804502
0.9933471315200629 0.03318269116284367 0.39145855265173074 0.5198040016333197
0.9948779934666069 0.03213600490793071 0.39798322215549053 0.47940623039933095
0.9949263221101464 0.03381833326615883 0.4184991525729328 0.4929732103645147
0.9950205198358413 0.035008086887211506 0.4304973679665863 0.5142740619902121
0.9941739012150155 0.032931213439740446 0.43192420768130424 0.46027495090162474
0.9946365322167255 0.032887060623985845 0.42541905080315245 0.4920973184159119
0.9948718571897291 0.02958468343893395 0.42798514692409445 0.2627935260548227
0.9958213461391208 0.03151718167363591 0.4424854492317689 0.21790886344681173
0.9958905205583073 0.03147494707127735 0.44102063089705673 0.21606104102137946
0.9928136563535269 0.026980745412811976 0.43462779818780234 0.2759299166120116
0.996413631107694 0.029828943491012165 0.4395316169003617 0.2733832416343465
0.9951664019609976 0.02984864453677331 0.4584523244172913 0.2260294788026136
0.9911950739023884 0.028979943072747733 0.4652764356640381 0.3456998313659359
0.9960394129098286 0.024650917920976276 0.47064337147464286 0.268262987012987
0.9973878043575838 0.024612226010145385 0.4671518276641971 0.18985769143889766
0.9926556074731898 0.028757322297671438 0.46469729414824285 0.3383141762452107
0.9958084765767081 0.025067134013624672 0.4535856462409988 0.7399838122217726
0.9930778871222369 0.026147066868495633 0.4611356641953321 0.6673936750272628
0.984600747671931 0.023017880505887482 0.4670816721456716 0.7434235608082348
0.9890548923162705 0.024240551951395326 0.4747938422561754 0.7530981887511916
0.9902606043426218 0.025753300104233497 0.48229175809707714 0.6934496195954722
0.9877316694971572 0.029625684106915358 0.5012605630147823 0.7583694367861362
0.9950875236492821 0.02738711243230553 0.5082337012443715 0.6722241320041251
0.9944983771843968 0.024210036724450344 0.5143104632612046 0.7531356898517674
0.996164099810123 0.021476110197090028 0.5335486200224626 0.7523049645390071
0.9944681867016831 0.021387949144325652 0.5433264748811527 0.6853008878658337
0.9941954208319896 0.01773788631052326 0.5589652947282776 0.6961984536082474
0.9950429791230638 0.014702901488388254 0.5590799447966878 0.6261048909840896
0.9927979667089077 0.015138753144527256 0.5742088801104358 0.6470679975046787
0.993082775011047 0.009459440380313875 0.6024463566112358 0.6215500418176749
0.9917640291907827 0.0010618047046426703 0.5997785633506528 0.5102179067404313
0.9924651695216107 0.0020219910286209293 0.6259365921594081 0.5993253373313343
0.9940807710350121 0.0 0.6336423511049892 0.5217891106698714
0.9943405599337647 0.0 0.6590848983814206 0.5280072422767907
0.9930122771263451 7.958921694480103e-05 0.6894782670269959 0.566456047001441
0.9939114259492098 0.0 0.7037085784288911 0.525190516511431
0.9943692269535505 0.0 0.7200688678156077 0.5222155807929867
0.9895698620376652 0.0 0.7438248131866416 0.4769828064337216
0.9912566788420322 0.0 0.765436527227789 0.38706668739312916
0.9934786261190984 0.0 0.7785252157455693 0.286590807675145
0.996150432897858 0.0 0.8167597997134204 0.1800872394931801
0.9851453106929006 0.0 0.8298172787225828 0.23773653401098152
0.9924985987749121 0.0 0.8803534770336156 0.3655495978552279
0.9911600545182527 0.0 0.9012837100620854 0.40830873353013175
0.9942948061228501 0.0 0.9235812752691315 0.23074993729621268
0.9942780597566402 0.0 0.9006561898778908 0.11531641828851269
0.9916443398013586 0.0 0.9123205935058892 0.171466481710443
0.990295868632753 0.0 0.9268782620402789 0.34957391626528345
0.995857849381034 0.0 0.9369376328438616 0.737744475488951
0.9946827726980398 0.0 0.9355663906680122 0.6782608695652174
0.9928354992330111 0.0 0.9365506122016835 0.6966060606060606
0.9947816395903034 0.0 0.9363696874424665 0.6686909581646424
0.9951548981300586 0.0 0.9403486869026972 0.5822998313324734
0.9960474749742287 0.0 0.9426896770862957 0.6637684232849115
0.988826129391769 0.0 0.9372045483582471 0.7707697938270098
0.9943200375830519 0.0 0.9414454568229846 0.6971575122889506
0.995984484790417 0.0 0.9396974865543146 0.6970043686290825
0.9918089217197408 0.0 0.939106062476849 0.7280504758849321
0.9921524510027868 0.0 0.9442622387126142 0.7847548690396239
0.9934994308549147 0.0 0.9443383391657272 0.7463120714730938
0.9955201402833428 0.0 0.9434513928220352 0.7977375091651828
0.993998709774908 0.0 0.9440250200840001 0.7855571114222845
0.9926090582007633 0.0 0.9450689907944775 0.8239539748953975
0.9899201596806387 0.0 0.9490415401383134 0.7539166284928996
0.9946166057809693 0.0 0.9529877094863216 0.8180474830066004
0.9952321553276731 0.0 0.9473297830287585 0.7893228233608026
0.9956676344670315 0.0 0.952004269439933 0.797864768683274
0.9928159937427092 0.0 0.9540667404770837 0.7638357561846467
0.9951094632768361 0.0 0.950363160401816 0.8139883577350503
0.9953099373282501 0.0 0.9505685534204563 0.7580504786771105
0.9960500018247275 0.0 0.9540669476782047 0.80471186997209
0.9952288456219747 0.0 0.9493835942231399 0.8606010703993413
0.9968195061712514 0.0 0.9493481278404545 0.831121559111246
0.9947474790909677 0.0 0.9520799858706562 0.8097493442145147
0.9961214364680444 0.0 0.9540810079281695 0.8635587961526529
0.9968513578040329 0.0 0.9543483403651316 0.8710773093110832
0.9941941451253 0.0 0.9534927355274273 0.8680817722059976
0.9953450228980326 0.0 0.9545296129480879 0.8679510335139474
0.9962697159077902 0.0 0.9554574645462297 0.8682289665770265
0.9960021164584749 0.0 0.9570642780876325 0.8865380894020513
0.9965008461738808 0.0 0.9617277685334739 0.8853459972862958
0.993426762049959 0.0 0.9589435620732987 0.8927041180671269
0.9914264715018679 0.0 0.9607949937762124 0.9203101317476974
0.9941868883607096 0.0 0.958204631096725 0.872665443160963
0.996208105874167 0.0 0.9619729133509195 0.8562877315051673
0.9953343809860333 0.0 0.9596331129908369 0.8488948359599564
0.9962153389274492 0.0 0.9615397293417477 0.7598829920601755
0.9952165402217579 0.0 0.9646368262540242 0.8435205537108919
0.9964834685960605 0.0 0.9674385338106015 0.8656170409817088
0.9967151095018745 0.0 0.9694092737234291 0.8941628676141951
0.9940518294643431 0.0 0.9622264028294908 0.8533604887983707
0.9927605451830515 0.0 0.9608879948398588 0.8090396267149523
0.9958409573684985 0.0 0.9646550383981594 0.8561229132397719
0.9951494797230798 0.0 0.9617064498843426 0.841810530501342
0.9964717300139504 0.0 0.9640786138253431 0.8141511121712685
0.9941936795971672 0.0 0.9623409933950594 0.8393477449544972
0.9898331295442545 0.0 0.9553102709137546 0.8213015502402736
0.9929718199413069 0.0 0.9563356581539254 0.7635091446517642
0.9909679028989377 0.0 0.9575967755755211 0.8185192015121479
0.9885735128324159 0.0 0.9589869682390547 0.890366305520379
0.9945540783247424 0.0 0.9631456856274708 0.8648250953113504
0.9923101570009613 0.0 0.9626110147107848 0.8668032358535922
0.98346681928642 0.0 0.958297511192209 0.8795908164442564
0.9878394894079304 0.0 0.9608445320371429 0.8707807036323414
0.9941447472936478 0.0 0.96197538332197 0.8099813911704312
0.9914722559717639 0.0 0.9649607452717934 0.886842935950817
0.9918895110184579 0.0 0.9680290731976322 0.8684048346728044
0.9946782894866627 0.0 0.9683910461742761 0.8964422008598618
0.9853435772207348 0.0 0.960212303167698 0.8693952259238401
0.9851990370713395 0.0 0.9576477773058139 0.8621650589496249
0.9913769943511384 0.0 0.9617918608627344 0.8679775776058101
0.9899849213586273 0.0 0.9594657551501431 0.8646694798331465
0.991721601222891 0.0 0.9636711064878678 0.8668672600475792
0.9915304672073533 0.0 0.9626129284586763 0.8877181341649526
0.995391865109066 0.0 0.9599891826352641 0.8659961930406926
0.9956306111977005 0.0 0.9589264633769818 0.8635915794469176
0.9892269106784046 0.0 0.947318791571671 0.8539802752925595
0.995716037955013 0.0 0.9436065455140986 0.8489996560532692
0.993674212359229 0.0 0.9332448052217116 0.8578986049630666
0.9948042310605746 0.0 0.9102821548173644 0.8155646619529864
0.9906819879520191 0.0 0.8752462841532475 0.8006356199589256
0.9916707691746666 0.0 0.8574769682736049 0.859818623274547
0.9892597727408813 0.0 0.19604305494058752 0.44088077749696186
