0.9869859839263341 0.014922507276626267 0.1721184051118759 0.0
0.9962664710700104 0.020159174077775302 0.16032681315063038 0.0
0.9956246821027286 0.020932148260962537 0.17060638609807494 0.0
0.9952870866173315 0.019602692902309135 0.15903383719453212 0.0
0.9944728966376224 0.016731500270263086 0.16804327914752293 0.0
0.9953842195868925 0.01665194171556669 0.16703224464384464 0.0
0.9956832015382899 0.015952629745733193 0.161879547038456 0.0
0.9883411451586311 0.015224039356468554 0.1676368602321146 0.0
0.9934974210578633 0.013852223646427454 0.16845958678019746 0.0
0.990812350673346 0.013740586739561654 0.1739501736355444 0.011461318051575931
0.9958215456890449 0.016227071020318576 0.16837160456547512 0.005119453924914676
0.9894946671708015 0.016215731623166935 0.17986435395564573 0.0
0.9887884556887672 0.014909270136693933 0.16969727580641392 0.0
0.9854841363087011 0.016793070601990062 0.18309414655573317 0.0
0.9944185453269985 0.014073058585172334 0.18291291360470563 0.0
0.9922216949126939 0.01192914912053999 0.1906352038395942 0.0
0.9957647216586497 0.016745810682675624 0.18904850319837435 0.04115499502157318
0.9950835682691503 0.015476611575872783 0.18683648633350525 0.0
0.9951641312659252 0.01667018297037982 0.19113871825433207 0.0
0.9946204423191871 0.01414000295758972 0.193035201680161 0.0
0.9888843955275267 0.012794430971339924 0.1983362249490653 0.020956316410861865
0.996239524607649 0.012995127314623028 0.1953325694322151 0.06365972023979447
0.9943892612872426 0.012947041469090485 0.19373666963094358 0.012882908674491841
0.9958989323061332 0.011477801004648841 0.1958768977243456 0.053378911385748094
0.9867545858926119 0.012478259370026754 0.20487144345671132 0.0
0.9946795130111978 0.013332344360381743 0.20764307718496067 0.05618599501799059
0.9931588460227085 0.014961256536231655 0.20684194603588785 0.00740529763600114
0.9979512983221085 0.01407481824975379 0.20714745327006526 0.20307513780098638
0.9917886204542197 0.011005052559144576 0.20809209385883354 0.13313197026022305
0.9974908140441436 0.015424798636156572 0.21087374760305858 0.12995712754555197
0.9898311852579578 0.01163061667681169 0.2173533257382951 0.0859944681921046
0.9907499581653331 0.012387781188386132 0.21271290106400448 0.1903923541247485
0.9958631539677397 0.013010839679736277 0.2248054457882099 0.2251777719252041
0.9958423050074231 0.011409154643814208 0.2229343041639532 0.20774917155238337
0.996081924735992 0.00913957818888394 0.2297730907441513 0.22783449758194518
0.9949419554476857 0.011344417400289816 0.22945668114443943 0.1138232953037941
0.9948076686357572 0.010661271142248793 0.23178927497912716 0.3407285675157491
0.9958156696988806 0.010368361407982564 0.23675477672404427 0.23084994753410285
0.9950184506467121 0.011402803516864663 0.2544230943497937 0.15805626598465472
0.9934773200853514 0.009928792884006141 0.2469437444729763 0.009930486593843098
0.9962673850189838 0.01005333068336149 0.2566195473019002 0.08132992327365729
0.9927636377837885 0.016062467781947188 0.2538765222356062 0.13724966622162885
0.9968768614680402 0.010559201485762828 0.26498290073355046 0.24071647007426825
0.9880907925167441 0.007008799208975755 0.2607239798954742 0.1937799043062201
0.9895448744028766 0.011802442995200094 0.27134298246017474 0.14687421541551593
0.9952714121288594 0.009381997958023186 0.27874117040056823 0.319981369352585
0.9932540173864758 0.009301322289091654 0.28313239037577054 0.2578512396694215
0.9956741123394801 0.005959665127786 0.29506418566144144 0.3682106748177757
0.9939801018789676 0.005618616095407266 0.29624249323501795 0.3512779914046596
0.9887370551008929 0.005064421096072607 0.2970848737931218 0.5113320999074931
0.9946459030892665 0.005512796431618467 0.30359364408312456 0.4429106223678053
0.9934734909274218 0.006984745481677997 0.3166994976389975 0.4738344433872502
0.9946022973149233 0.012853449509040563 0.32522755124733255 0.464482076094128
0.994356848095589 0.008458144363049945 0.33512237078984997 0.34086345381526106
0.9949120946777945 0.005170248028619054 0.3423248249463754 0.4312604241124613
0.9956457630906459 0.006510031862184983 0.34159807599625786 0.496
0.9931973448560828 0.007669895629405743 0.3475144220805777 0.47825096788886357
0.9963454122669552 0.008152927564421323 0.35285796051428486 0.4368578767123288
0.9937895005587883 0.007933727692624152 0.36413773559066576 0.4670886075949367
0.9900606742302159 0.00602718968594176 0.36738553417385533 0.4493912411411957
0.9947764892931799 0.01050833738272588 0.3925730308810838 0.4115210843373494
0.9938994067170036 0.010207676545787536 0.3853472050425609 0.43696251825409704
0.9944499203516577 0.01289782091550518 0.393461887210726 0.46544376505466
0.9950280112891967 0.012600344673105408 0.4138247490515944 0.5135194068905364
0.9940128196097767 0.012563924662980008 0.4246821592330138 0.5425260263209586
0.9941652538927634 0.006731317426785906 0.42497923710634145 0.38617200674536256
0.9941725111842538 0.009620110851919541 0.41804489014506885 0.37789036113276175
0.995038221239959 0.007200220781012833 0.41756620508215575 0.15843949044585987
0.9954283008214487 0.006944159099313802 0.43529151317095616 0.20621450486324172
0.9959689531875309 0.007615339813511114 0.4315513644223986 0.17370227136554278
0.9927065764224475 0.005957402678939299 0.428582122423443 0.23877352125346726
0.9963727128308931 0.00697233981826081 0.4337522785386972 0.2588095238095238
0.9954636719250219 0.007480304053216604 0.4533265839844945 0.16698301954547787
0.9914151480119705 0.005502766861344426 0.458366781168993 0.2675885492479379
0.9954996059562818 0.006593093923061306 0.46569377899999054 0.2360269589488733
0.9971037397776349 0.006221515929048869 0.46347851911604493 0.20259301014656145
0.9936366384150942 0.007229393603073185 0.4595202375346705 0.32395350869527223
0.9957310182998746 0.007913672122368662 0.4502142592556489 0.7512730121425774
0.9929917444810142 0.005562132212785595 0.4560167104776339 0.6830591529576479
0.9843953913966268 0.005373654945731189 0.46392582424777423 0.7501878287002254
0.988465335087113 0.004922667013257083 0.4708831129703234 0.6460691823899372
0.9899430937135989 0.007316424863230009 0.47623163152156694 0.4222630101489959
0.9866562134809231 0.008604160188022621 0.4952207768349158 0.5395556759685722
0.9962363916100259 0.006296811087724872 0.503339053226492 0.5712232284030473
0.9945031727788134 0.005680356579490208 0.5098015202035366 0.6964254878259368
0.9960838651652022 0.0026542002252767263 0.5277798296887423 0.5590914923649429
0.9936807848653546 0.0021086365368254583 0.535604793036981 0.4413373232896502
0.9944453559513874 0.001246471053567411 0.5528292689920147 0.4026260214856303
0.9945909205077202 0.0008006303144111636 0.5532925666306336 0.3378253503773294
0.9930689912020808 0.0008343308347254506 0.5685230879651033 0.3835751388142576
0.9928677424895981 0.0 0.5964319538041775 0.357064878353088
0.9915622670229558 0.0 0.5924257428485711 0.25146962769431747
0.9916304573228073 0.0 0.6177170588179702 0.285948573771452
0.9936632145160701 0.0 0.6270524772426121 0.28349383341780704
0.9936523335819972 0.0 0.6542442336962885 0.32139166379607303
0.9929484310996809 0.0 0.6847921215160226 0.345834177984999
0.9945543142615503 0.0 0.7012844342844312 0.3819719597683633
0.9939435928877989 0.0 0.718199622369417 0.3745751681249548
0.9902823613459618 0.0 0.740797118907638 0.31042484826847555
0.9922699881021046 0.0 0.7619689025136017 0.22431291539428777
0.9933401418276492 0.0 0.7646815438587592 0.13649677797305212
0.9968376243083418 0.0 0.805750530028556 0.11500355429180736
0.9861897362006341 0.0 0.8218302619692142 0.13908297518917923
0.9928468553278251 0.0 0.8785399774602289 0.20326273821280955
0.9925200742856543 0.0 0.882732894881923 0.10986474369980351
0.9962783803844402 0.0 0.8834899750137616 0.0736248764459167
0.9953373770173162 0.0 0.8552528826145965 0.048085028048792305
0.9930240343376665 0.0 0.879189009011837 0.07497411207789238
0.990654646664292 0.0 0.9163581785107109 0.19096530401923736
0.9957094296131199 0.0 0.9305506271310531 0.3721996593737718
0.9949728974573904 0.0 0.9269064384098716 0.2924807265814764
0.9945683387575742 0.0 0.9263049128388834 0.2517727230868404
0.9949086559543509 0.0 0.9252898711989178 0.25985573651499344
0.9954471824072256 0.0 0.9263663047647638 0.21025182536134704
0.9961054627301711 0.0 0.9291259340851911 0.23603428126217374
0.988371379650751 0.0 0.9272254063735035 0.31226765799256506
0.9942532845557163 0.0 0.9334039252669691 0.3288442828613856
0.9953856064768485 0.0 0.9330825356227936 0.39154583723105707
0.9917700134448032 0.0 0.9283998961265937 0.2814977230561646
0.9916660963981843 0.0 0.9296836658028222 0.2634590768767412
0.9925743967774514 0.0 0.9349032154385427 0.33440130068859986
0.9960444253900973 0.0 0.9403770608419455 0.5170442806969217
0.9927036012044628 0.0 0.9422739720469806 0.6170432025366627
0.9918826180180368 0.0 0.9444797882505302 0.7893608331631611
0.9895743023649354 0.0 0.9482634379523984 0.6941366967785921
0.993415823804062 0.0 0.9514835064875998 0.7447874720357942
0.9961882586886461 0.0 0.9461357009011933 0.6290835501590055
0.9955903801678427 0.0 0.9492698952512237 0.6217096336499321
0.9918550770057306 0.0 0.9478045159583055 0.493520345581569
0.9945544036024715 0.0 0.9478731112575084 0.675026872088857
0.994819411904501 0.0 0.9483275168427565 0.6422136422136422
0.9963680062661281 0.0 0.9518177314476776 0.6518928901200369
0.9950332963374029 0.0 0.9474373133008667 0.7308995367489456
0.9963902319891856 0.0 0.9455533725920716 0.6403136799302933
0.9945249514379523 0.0 0.9473116731896468 0.5865168539325842
0.9960527286055721 0.0 0.9524745283002706 0.7604834897697346
0.9967198114849283 0.0 0.9538248544228298 0.844542835055169
0.9941124704348925 0.0 0.9520299241540895 0.7795448830776968
0.9955558304423365 0.0 0.9538069613627435 0.8121453955982293
0.9957250392843501 0.0 0.9551191035040925 0.8432124737037495
0.99540629052465 0.0 0.954459812864005 0.7552550908692797
0.9961589232379892 0.0 0.9608430034601738 0.8464766567581745
0.993455603229538 0.0 0.9579605780673678 0.8337751270156837
0.9921007393033042 0.0 0.9602068192348693 0.8476637508000854
0.9933442146408463 0.0 0.9578217421208075 0.8705995306165991
0.9971330214988368 0.0 0.9614074090989163 0.7976529836564044
0.99487218202302 0.0 0.9575199032221151 0.7666562402252112
0.9961965594163916 0.0 0.9582519277662642 0.6515254723407307
0.9950730633912819 0.0 0.9630507026284771 0.7806847961507067
0.9958406172088713 0.0 0.9632208345298612 0.7160081403832124
0.9964952690549042 0.0 0.968506960051213 0.8613050599086286
0.9938165685543645 0.0 0.9617123654859504 0.8312994912206878
0.99238214392318 0.0 0.9585113845704282 0.7394700762044447
0.9954994818413236 0.0 0.9632181069154507 0.8189169239028319
0.9948142427060511 0.0 0.9608417564680075 0.8223182098665195
0.9959414882054117 0.0 0.9612201403072551 0.7527757830193891
0.9936716134565738 0.0 0.9612626069352032 0.818465342361833
0.9888028034351104 0.0 0.952938711367208 0.7726936893327558
0.9916471068033615 0.0 0.9550761739348353 0.7490266615058856
0.9904236399787071 0.0 0.9558605087448369 0.7869752066115703
0.9870752585886298 0.0 0.9578253573696289 0.8736641309094252
0.9935999040318827 0.0 0.9634834167257411 0.8733579269389958
0.9911829463122989 0.0 0.9617636467677053 0.857327852004111
0.9823855267407148 0.0 0.9575792978958612 0.8789418393658677
0.9865548687466805 0.0 0.9585106075077422 0.8373326467559218
0.9933368694733645 0.0 0.960785520544561 0.7983279438441517
0.9907886142842136 0.0 0.9644910610391851 0.8850908325312801
0.9911762029335094 0.0 0.9679256674302597 0.8729613625131474
0.9937716295058332 0.0 0.9667401750471941 0.8793295956668409
0.9841070921297665 0.0 0.9594594134857454 0.8666819541811353
0.9838218889877296 0.0 0.956778974052553 0.8550462128926137
0.9901723008989715 0.0 0.9615532533814914 0.8690872243693787
0.9884342293493034 0.0 0.9588305612589397 0.8590484003281378
0.9904494824120244 0.0 0.9602186840624103 0.8433310019494338
0.9899946081590151 0.0 0.9594019272483099 0.8666812420911759
0.99351084772545 0.0 0.9549126008537449 0.8377917596914959
0.9938565078908064 0.0 0.9526717019379561 0.8322125863748087
0.9878991511721907 0.0 0.9399706167817953 0.821182576855053
0.9947230725207818 0.0 0.9368985050277173 0.8233950626825988
0.992391986656384 0.0 0.9268524929050125 0.8363855552244467
0.9938426081096605 0.0 0.9035610901405439 0.7980591923934669
0.989643187241475 0.0 0.8737403175939983 0.8003522133406521
0.9912669126691267 0.0 0.849290360446783 0.8488337642749407
0.9875189299148419 0.0 0.18633896633458627 0.4029774565953728
