0.9863400643899258 0.0296179230756464 0.17351758104747816 0.0
0.995926833378706 0.029389753428296073 0.16049583690801697 0.0
0.9954200219859984 0.03139747976841115 0.1711556627081988 0.0
0.9944078947368421 0.03125112831482383 0.1598724389338954 0.0
0.9940099023294824 0.030332396121234003 0.16902293977950222 0.0
0.9950812423251363 0.029324212392147768 0.16827325488764605 0.0
0.9946233152227818 0.029030711633948714 0.1629528766780249 0.0
0.9877686733896228 0.027551139000035828 0.16861797271128062 0.0
0.9932301299964224 0.027535965235066323 0.16949442023626 0.0
0.9899713721794484 0.028782261640798227 0.1756143182313124 0.0073225087551735115
0.9953522634314296 0.029918074095817766 0.16958469683146976 0.0
0.9895149301619217 0.02851265983081632 0.18105981559567758 0.0
0.987988429028138 0.028078288279337782 0.17052677773485803 0.0
0.9845642826698933 0.027471059373471607 0.1837625013578039 0.0
0.9936239346115231 0.027498608426641008 0.18429588908427477 0.0
0.9914788286411074 0.027255180001802153 0.19161342401758724 0.0
0.9950365090403338 0.02671300799054103 0.18939010327687572 0.0
0.9942769902283176 0.02750369485477115 0.1874914696892269 0.0
0.9941529184096329 0.029318319816527244 0.19231785183311295 0.0
0.9934444071114488 0.026202367173279454 0.19390434393635794 0.0
0.9883131871469355 0.02520865887778089 0.1991988036910044 0.0
0.9961221498411057 0.026071122536418165 0.1967650836451245 0.0017128175849272054
0.993739006718996 0.02637054763537669 0.19513039096559795 0.0
0.9950072650459713 0.02516617935004328 0.19685732524025337 0.0
0.9861432803662806 0.02685234312016372 0.20636589123742816 0.0
0.993856010082445 0.02569306920918735 0.2081897038541748 0.0
0.9936334163704114 0.023837285516175546 0.20734157049852991 0.0
0.9975918656409483 0.026842060505139 0.20847495182504874 0.016536118363794605
0.9916393265269655 0.027046010904640035 0.21064400251764787 0.042983271375464684
0.9968802320601176 0.024696008977836713 0.2120600327306111 0.06939978563772776
0.989362427548585 0.022277016577801463 0.21858571322155426 0.05179783756600453
0.9903516745593072 0.02342222523085745 0.2141569338208734 0.1617032392894462
0.9954168922012296 0.025146660331852973 0.22626421608448416 0.16759925393018918
0.9956943121408598 0.025441163483385116 0.22488774530061098 0.1689240991566573
0.9956475662353667 0.02396999959568188 0.23182476855806772 0.20096722192369693
0.9944909812530206 0.02478349729629992 0.23151056116525237 0.0756570215025219
0.9945816582414521 0.02279298788971291 0.23368189754958701 0.16296904957545877
0.9950668411797619 0.021742100336478862 0.2382471060713442 0.11568730325288562
0.9949677807587193 0.023868416589800757 0.25673867030656566 0.119693094629156
0.9922965876310068 0.021971818287069053 0.2488740821555191 0.0
0.995417667702293 0.023516403040220443 0.25871546328090644 0.055960437272254034
0.9925670190935721 0.027720776144739504 0.2555464365344738 0.059012016021361816
0.9970855296675039 0.02524033212933331 0.2672581941161203 0.21406727828746178
0.9868510998136596 0.02291861455671217 0.2630422106632994 0.13942307692307693
0.9883557024860435 0.025352000142976238 0.27333072414310533 0.10010593220338983
0.9942624344354681 0.027429342606144658 0.2818255716526801 0.3136919315403423
0.9927021086827894 0.028643531354700727 0.28681688105149544 0.2730513307984791
0.9950413754954602 0.023925712371279446 0.2975965184602408 0.3527336860670194
0.9940295690160249 0.025667343128862152 0.30006521554808396 0.2643385753931545
0.9887971188065855 0.0273937440171812 0.30179839974586536 0.4390697674418605
0.9940195225340405 0.02714382983728858 0.3082968951561756 0.43326326852338415
0.9934245553929733 0.027300055566484783 0.32074623135177815 0.417839255902695
0.9946820448269469 0.027772392906518763 0.3278707452009593 0.43415937803692906
0.9942842052110932 0.02875270360890467 0.33991490281876463 0.36628779755522195
0.9951460820288912 0.028463964651766458 0.3471947803506216 0.35459433040078203
0.9954033239933607 0.02741006446122346 0.3457632934473389 0.43873704052780393
0.9925745544550855 0.026933057567689028 0.35086934507078754 0.42994505494505497
0.9967843716352818 0.026872033749340832 0.3570973101405251 0.42204995693367786
0.9944953862994674 0.027287231458843722 0.36863270025818057 0.43056768558951963
0.9913159741067764 0.028895785711500067 0.3739646544361423 0.5083479789103691
0.9945216933993174 0.030843505907288928 0.39742017711206784 0.4493538974572739
0.9933961585497446 0.031778379981070734 0.39128645277067636 0.5072697899838449
0.9945116436125951 0.030912857664043364 0.397618925363363 0.4751787538304392
0.9946429565651015 0.032325795845285686 0.41826785672828054 0.4836515251261795
0.9947894188487849 0.0330786716012506 0.4300912024022489 0.518829308227589
0.9937351650286228 0.030508749702519745 0.4309943871032572 0.4216436126932465
0.994602564664514 0.030363037199504877 0.42478163773096045 0.4682620502376103
0.9945567320952329 0.027248737005062997 0.4268103647997427 0.2301520976098947
0.9955108231210839 0.028768311965539743 0.44161284024210934 0.20789262528266103
0.9957261020499195 0.028558594699045693 0.4405985984674831 0.22079215506013944
0.9925662259673592 0.024445010268778995 0.4339166089120137 0.2621462893753337
0.9961283386723034 0.026447174447174447 0.4388203018928839 0.2743176405935153
0.9949118456101677 0.026189500364792707 0.45845728354547416 0.2027074174865676
0.9913590183417521 0.02060534837794733 0.4636017085017358 0.3219000216403376
0.9958734407858904 0.022130595385264528 0.47096657011329424 0.2738599762671639
0.9971099010107376 0.022846788416514077 0.4671156623175674 0.19032663316582915
0.9927804312076124 0.024596591985773218 0.4637478045044825 0.3183008982035928
0.9955192454716173 0.01755480394777976 0.4520128641546832 0.7265545878063602
0.9932248194713769 0.02057041355699122 0.4599616442038828 0.6639388979814512
0.984453913355315 0.018004371222108722 0.4662301449526951 0.7292184215555131
0.9886040949600683 0.01805418316602044 0.4735206221023546 0.7311149359342131
0.9901193035612837 0.020681053920761305 0.48130715869281004 0.6692293611568735
0.9875153643330926 0.02320178017018901 0.5000301761739904 0.7277456647398844
0.9951494904164694 0.02194304112990547 0.5071863816463433 0.6441844459738472
0.9942804949655307 0.020428849020184745 0.5136482386483381 0.7599615014436959
0.9959310276222699 0.017042905251537774 0.5324089642342804 0.7422919265728034
0.9945256302210042 0.01709152099239295 0.5424671603611041 0.6696666666666666
0.9939064288246617 0.01551186622441937 0.5593126017409157 0.7059018019507357
0.9950300757883647 0.013822058684781584 0.5600940776804622 0.6326067211625794
0.9925291024444148 0.00910272349280158 0.5729092354009755 0.6509073543457498
0.9926769274857014 0.003205768768786956 0.6010927052950638 0.5982021247616454
0.991459575242951 7.267104442421318e-05 0.5986790357197912 0.46305621210564174
0.9920954724005475 0.0002573202242974622 0.6249114493962816 0.5572033898305084
0.9944136461074057 0.0 0.6332854279279633 0.48115577889447236
0.9943165508222784 0.0 0.6590970610605145 0.5211172429327627
0.9924790383799112 0.0 0.6892980696897019 0.569020140303236
0.9936593411864842 0.0 0.7036372500003893 0.5175466666666667
0.9940193560741836 0.0 0.7197562120836317 0.5012810405991328
0.9897154861842258 0.0 0.7438209810217519 0.4668080398303522
0.9913563075169578 0.0 0.7651035062160367 0.36629400211512314
0.993722164683066 0.0 0.7768595237548763 0.24802842955895238
0.9962459988842671 0.0 0.8153343440791574 0.1674993511549442
0.9852034627033183 0.0 0.8290813990979982 0.22714335000862515
0.9925739665828496 0.0 0.8805297241975614 0.3687466737626397
0.9911661210699224 0.0 0.8993709729874194 0.3291300323924109
0.9943653405424906 0.0 0.9154724327624392 0.16068320599427713
0.9942816420003615 0.0 0.8858598942795834 0.07830585490159958
0.9917304212027761 0.0 0.9055751997742794 0.13345135318653603
0.9902525565958825 0.0 0.926309191717495 0.32611311672683513
0.9956978050277555 0.0 0.9365915388403084 0.700038114597891
0.9945980103230568 0.0 0.9345443175136986 0.5782847304422684
0.9929266864520553 0.0 0.9360415211764334 0.6188224166469615
0.9947249409570815 0.0 0.9358326886902824 0.6025355871886121
0.9950979297656474 0.0 0.9386742154125041 0.4666150404405438
0.9959840344149042 0.0 0.9417246191475775 0.5723357809089105
0.9888359305029136 0.0 0.9363597463080658 0.6642677633082019
0.9944582348460018 0.0 0.940686850399204 0.6089930590483855
0.9961344720124926 0.0 0.9398553756940528 0.6885547382085677
0.9917279453459202 0.0 0.9388632955935093 0.6882491438356164
0.99204661478617 0.0 0.9436021583257834 0.7134565778159931
0.9933216868523659 0.0 0.9439851302811622 0.713420365535248
0.9954982204553368 0.0 0.9431377892386349 0.7555438780872307
0.9942428846960948 0.0 0.9440347039941522 0.7588681566536806
0.9924991115993766 0.0 0.944700964520885 0.7810650887573964
0.9898303511337 0.0 0.9487074543807429 0.7197716180127084
0.9943717760405427 0.0 0.9525322079977276 0.7801783944499504
0.9954134025592134 0.0 0.9469776794625532 0.7341397849462366
0.995591618846682 0.0 0.951696676899583 0.7677661571466882
0.9926506674793997 0.0 0.9534903637408259 0.7187158584755021
0.9948246549861929 0.0 0.9499629583118767 0.7920695467045152
0.9948909730388883 0.0 0.9499375285900579 0.7272799177410425
0.9963696008278426 0.0 0.9540750937075771 0.780507847810009
0.9951138934773254 0.0 0.9491156344737982 0.8391146349520978
0.996462462559008 0.0 0.9487676910189146 0.8036283588887202
0.9946652707297174 0.0 0.9519140575539444 0.7981874447391689
0.9962505899136963 0.0 0.9539322120089069 0.8394331101074599
0.9966283989768029 0.0 0.953859121769322 0.841038961038961
0.9942680541324569 0.0 0.9532870822533984 0.8445907269605037
0.9951980346699872 0.0 0.9541196550994181 0.841596130592503
0.9961229132622 0.0 0.9552083642491336 0.8455059791693456
0.9959733998953408 0.0 0.9566872797078271 0.8563374805598756
0.9965265287244629 0.0 0.9615737672928617 0.8705407085146053
0.9932937690331372 0.0 0.9586067119613166 0.8732226072410085
0.9914818248845118 0.0 0.9605959000317175 0.9002460168697282
0.9941274101278339 0.0 0.9580103938991839 0.8574219810040705
0.9963588308566612 0.0 0.9616729081520017 0.82925701366766
0.9952004704236254 0.0 0.959367875757707 0.8344103392568659
0.9959325732516625 0.0 0.9615226535737437 0.7619068069572686
0.9950322997122348 0.0 0.9645477849010777 0.8433820736802127
0.9962744803023532 0.0 0.9672116562872443 0.8600682593856656
0.9967419620702075 0.0 0.9694209742607955 0.8922247882986913
0.9939146703699417 0.0 0.9621752024757099 0.8527248279680456
0.9925886942378395 0.0 0.9619521086936823 0.8429779411764706
0.99565655333681 0.0 0.9646710606940574 0.8598980428505223
0.9950304355596674 0.0 0.9616603965375381 0.8420191633559243
0.9962613171439884 0.0 0.9648753690811632 0.8406273245722787
0.9940316495047312 0.0 0.9627010921784509 0.850712501836345
0.9896180192307485 0.0 0.9556358463478598 0.8254072914091046
0.9927734994288295 0.0 0.9584792182972582 0.8105721423800926
0.9910428165839729 0.0 0.9585516669522963 0.8364742648799659
0.9881294459340176 0.0 0.9585286779829869 0.8826742611699893
0.9943746588386227 0.0 0.9634584692010292 0.8701018412355838
0.9918774291290575 0.0 0.9620788869931514 0.8587790226360972
0.9830875902462536 0.0 0.9586225800866977 0.8899908244343362
0.9874540314853925 0.0 0.9600010210767254 0.8555420476769385
0.9939132841495839 0.0 0.9614605017141958 0.8028849976939103
0.9911198658153682 0.0 0.9644185863775968 0.8820047060234102
0.9915568772548613 0.0 0.9678776798215379 0.8696598947712912
0.9941757909129814 0.0 0.9681752591293665 0.8961148852839494
0.9848468894707408 0.0 0.9602506703747546 0.873352934770772
0.9844766278111385 0.0 0.9579098262739343 0.8666236798655685
0.9910602642527685 0.0 0.9619409470963229 0.870853510627938
0.9893812056631981 0.0 0.9600272984303403 0.8708795900939368
0.9914377899877171 0.0 0.963826097247494 0.8702384570340007
0.9909134969215028 0.0 0.9631968011175628 0.8951826714035739
0.9947771304376966 0.0 0.9609548475967385 0.8752110469670158
0.994952776093235 0.0 0.9607780487427438 0.8770833010940716
0.988652478854317 0.0 0.9499370475291156 0.8696262595745438
0.995434284373703 0.0 0.94688155927771 0.8639812606539444
0.993125346962997 0.0 0.9359676031925624 0.869026248941575
0.9942473383870513 0.0 0.912574998209695 0.8238586906324608
0.989710866323266 0.0 0.8828337478690998 0.8206725210592963
0.991101768258798 0.0 0.8629961281239 0.8685261778651672
0.9896617570595733 0.0 0.2001334352450415 0.4579014297928343
