0.9866555303602281 0.034636855043191306 0.17326737683566074 0.0
0.9962242042377571 0.03287338316973111 0.1597768528574182 0.0
0.9957334350121292 0.03475656455388392 0.17066396559515282 0.0
0.9946108472908511 0.036032508708318194 0.15984122277971413 0.0
0.9941271786381871 0.03348251768028946 0.16825861171920248 0.0
0.9952830188679245 0.03341190346229248 0.1680540716274872 0.03363159518667078
0.9950329004913379 0.03282983702436463 0.16295881777762483 0.029248768472906403
0.9880575587421774 0.030834493503772917 0.16810040280040064 0.0
0.9936892003696148 0.031018401042988267 0.16899727123289304 0.04406873614190687
0.990355619438104 0.03306168892165794 0.1757981103742178 0.04998408150270615
0.9955359807278074 0.03309960352193348 0.1691199822573722 0.0335608646188851
0.9897102318973455 0.03295271702944017 0.1806177645368281 0.001941747572815534
0.9882084996354902 0.03138294609447449 0.17006587470278425 0.029217199558985666
0.9847270796093366 0.030665145770507853 0.18364608071452962 0.0
0.9939711861726279 0.03218155541235673 0.1840120593113597 0.0
0.9914894902378336 0.03151252147526296 0.19092595742412757 0.09534368070953436
0.9958334782198334 0.0302660566974223 0.18931373138960764 0.1384002655160969
0.9946824213618315 0.031222541039642254 0.18716818986447695 0.0
0.9944375161078736 0.033291465170097054 0.191683734893918 0.02912332838038633
0.9939085775359928 0.030322615079307315 0.19350226744209317 0.039243365330321855
0.9882627255007924 0.02951008927479516 0.19822732486989925 0.1192443919716647
0.995786443243744 0.031026492030413858 0.19628268939870666 0.2269483300028547
0.994118836287109 0.03135534011526498 0.19502855815369333 0.08101918121958201
0.9953707264370342 0.029630666981762376 0.19689135332663105 0.2103602419142782
0.9864962301822905 0.030987998049486418 0.2061642590176665 0.10407110091743119
0.9942905296068099 0.029262703708962407 0.20810951073071027 0.20287849432604485
0.9928273367669251 0.02866063668211075 0.20662598429274737 0.12247223013386499
0.9981016447544551 0.03085279728537281 0.2088276595607941 0.2692196112561648
0.9916400417572562 0.031734652234482935 0.2114318879802601 0.22026022304832713
0.9971962253042795 0.030284680162923974 0.21253426346304125 0.2821543408360129
0.9899052744362733 0.02886813604788501 0.218651626756804 0.21724918280110636
0.990343297838296 0.02947607471789059 0.21345149662438015 0.28413826918362345
0.9956949395904793 0.03061465590309163 0.22645615120625645 0.2904998691442031
0.9954381950392829 0.03095866667334599 0.22480624480834938 0.31852986217457885
0.9953769817555888 0.029557967832937175 0.2319726041770999 0.3433637829124127
0.9941216749024193 0.030264137485681932 0.2322150110494345 0.27236527740907884
0.9943303803546062 0.02893521667155335 0.23469142145083174 0.43659271432484253
0.9955618511565044 0.027947718422487673 0.23949902160032668 0.40424973767051414
0.9949423097412242 0.030799563878009976 0.25865681651818323 0.3906929174124265
0.9926142206276412 0.02878315244440712 0.2501470746479437 0.2938997283279822
0.9957683937758658 0.030354211716647164 0.2599949925948483 0.42284980744544287
0.9928079490558858 0.031098653697104402 0.2557374915823992 0.3719626168224299
0.9969464679245762 0.030931892309497527 0.2676890007053183 0.3855395369156837
0.9873803097894059 0.028868011640996644 0.26416734984089485 0.4065723195010794
0.9888868325381172 0.03016018859306007 0.27408417967763127 0.39396346306592533
0.9949731907706221 0.03185891038756189 0.28255589721390295 0.49560117302052786
0.9927178576342418 0.03340890609769889 0.2874008218378094 0.4095984794488002
0.9957271992484228 0.028888314289015178 0.29809397829420076 0.5162337662337663
0.9941286836658288 0.031558560391532944 0.300678875216156 0.4616096207215541
0.9889762935497309 0.034205963376179406 0.3027540964748588 0.5648837209302325
0.9945180275593374 0.03418979117910165 0.30921456018644844 0.5806201550387597
0.9938023124063402 0.03311014811104422 0.32128030020082166 0.5373488261797487
0.9947003037630769 0.03241481131244582 0.3282291264402554 0.5429189709064679
0.9943775719032635 0.032773261790028575 0.34004557088059023 0.4700924974306269
0.9950990936378658 0.032627933179136225 0.3473047108121132 0.5117130307467057
0.9956296329596388 0.032055312624903805 0.34585610929900223 0.5628967787444157
0.9927132992891438 0.03180940643905639 0.35082857449325755 0.5158962795941375
0.9965403232333482 0.03251807642911627 0.3571005172362485 0.46602150537634407
0.9943583853484339 0.03273100233100233 0.36871544323139716 0.5137554585152838
0.9910256178910202 0.03424852823145358 0.3740929833789355 0.5913722089746369
0.9950755442661842 0.035238447261836815 0.39795955488546747 0.5249010210460513
0.9938384176279527 0.03616958848901521 0.39157868366930515 0.5692464358452138
0.9949766865187051 0.034921225573682615 0.3980400330255562 0.5531516538381527
0.9952411908765482 0.0365770505885669 0.4186233842373038 0.54103783336779
0.9947514792611717 0.03820272310540591 0.4305210629777706 0.5530757689422355
0.9944708508307689 0.03611540004285879 0.43114055806877777 0.41208035222894884
0.9946284396913635 0.03671875529643063 0.42440984068258775 0.4063113788136703
0.9951800231582452 0.03333319589952489 0.42801484244889215 0.27728005733739475
0.9957764482311143 0.035331429128677976 0.441411143870615 0.20474221475642848
0.9961734678417364 0.03522629357454016 0.43992972584084894 0.18563477025106584
0.99288899004047 0.03009368842489216 0.432874871039999 0.237787100903079
0.9966114539876855 0.03277567030311187 0.43761281796893514 0.22122571001494767
0.9952223314007524 0.03256102018438046 0.4571422129675706 0.18299843775251845
0.9912409520989188 0.03450373424351999 0.4647523170341962 0.2769883017979116
0.9958842611754335 0.03224357411470916 0.4707229150428683 0.2291759323972298
0.9975475138534812 0.027146340820801362 0.4664470050380303 0.1794641967931481
0.9927594559023584 0.03136610095931888 0.46431673966634224 0.33790946216004863
0.9956644038276944 0.03075471911254702 0.454569216372976 0.8038901142971726
0.9931130160890874 0.03299997996445121 0.4626036251893039 0.7314079422382671
0.9844102709681918 0.030296869531627794 0.4683610687094388 0.7976100151745068
0.9890421971856928 0.030071696543900357 0.47585500242267975 0.7937127976190477
0.9901937001052046 0.031125207473993853 0.48322749205305876 0.7124866974104292
0.9875562019653154 0.03432351861187351 0.5019465406920823 0.8011764705882353
0.9951865251922225 0.03387587142671456 0.5097341956887546 0.7176108163614582
0.9945904275821736 0.03054136973220248 0.5153943402819704 0.7735082209495658
0.9961212481526186 0.029587560671501777 0.5349449553156278 0.7146078273473989
0.9943949707514391 0.030119854452530414 0.544919449035103 0.6919579871453205
0.9942776499930389 0.023273614811926375 0.5597504143417713 0.691358024691358
0.9951961015708629 0.02107493370018927 0.5604726462976709 0.6633143200240168
0.9928258331943683 0.020463724588862447 0.5752279836222047 0.6845584763104046
0.9933338907336184 0.01660403211993592 0.6040956857722548 0.6277332608990901
0.9918249175840965 0.0032856961215465374 0.6003434021351411 0.5229774197208669
0.9926327102352316 0.002806513512644319 0.62606641084628 0.599030303030303
0.9941828727396793 5.456454221440373e-05 0.6345308877494557 0.574067853543836
0.9946069527013685 0.0 0.6583823788766269 0.4817023857662758
0.9934851175423116 0.0005570959129184638 0.6895992239377219 0.5593840852804997
0.9943637578064168 0.0 0.7037169214561612 0.5173780487804878
0.9946949113629081 0.0 0.7203084600178096 0.5427210479309318
0.9897456101404657 0.0 0.7439359080025155 0.48630509704335206
0.9918836127944787 0.0 0.7655875757487507 0.39243284146802876
0.9936259110555405 0.0 0.7787497981553776 0.3049986037419715
0.9963405076192844 0.0 0.8153307378707894 0.17510602750289167
0.9856590856046265 0.0 0.8304151055827785 0.2396831080476233
0.9925818533852784 0.0 0.87970205259962 0.3519563581640331
0.9914770869341805 0.0 0.9011094635258432 0.4031162056421168
0.9948937941560769 0.0 0.9223101743987678 0.2201435552840562
0.9946561803356129 0.0 0.8933359960321423 0.10071955102830703
0.9922919410416929 0.0 0.910414554652595 0.16069152767773037
0.9906294618264398 0.0 0.9268116522890314 0.3519236504622726
0.9961096654671375 0.0 0.9371434221831495 0.7484984984984985
0.9949703893837972 0.0 0.9358380180007739 0.6919127086007703
0.9933675088082555 0.0 0.9358752036273825 0.6123630349390118
0.9949552020152393 0.0 0.9359683221261714 0.6385407113013349
0.9953194923664079 0.0 0.9379265315107971 0.46567031666173425
0.9963522278104097 0.0 0.943388528016621 0.7192752674088627
0.9890189535564162 0.0 0.9374540964056396 0.7940464666021297
0.9944460291625418 0.0 0.9411186858617081 0.6818409706206758
0.9959744570657713 0.0 0.9390683494454855 0.6540320288069743
0.9920530582567771 0.0 0.939061127407838 0.7303206997084548
0.9926043969224969 0.0 0.944398029608297 0.7763726420065339
0.9937456839003729 0.0 0.9445049658344069 0.7519395671702735
0.9956823115883611 0.0 0.9437201491048903 0.8219819070396174
0.9941848436312241 0.0 0.9444577345035433 0.8281218066625792
0.9930115251182071 0.0 0.9451392000726043 0.8085722849435508
0.9902631728594358 0.0 0.9494622037020848 0.7761454411899734
0.9944483505161816 0.0 0.9530782692018791 0.8448428726233869
0.9955768780178533 0.0 0.9476744233649076 0.8030884584486299
0.9958274987269949 0.0 0.9522539568327515 0.8137709596860506
0.9929309894709951 0.0 0.9539515726410385 0.7535112936344969
0.9952580490700348 0.0 0.9506689957598919 0.8365511769373182
0.9956931759921446 0.0 0.9510663943339766 0.7789806400632161
0.996215844941939 0.0 0.954274753568766 0.8141665303451661
0.9954833942665801 0.0 0.949749567008379 0.8790686234319914
0.9967872226193245 0.0 0.9492336112204682 0.8294607951611713
0.9949725354459362 0.0 0.9521446640895359 0.8064034151547492
0.9965534524057488 0.0 0.9544881675232978 0.8732524197265324
0.9971052905388015 0.0 0.9546637703413794 0.881591598254567
0.9943931306979421 0.0 0.9538399246434833 0.8870601589103292
0.9956777019144338 0.0 0.954860937359261 0.8757360813704497
0.9961331859389412 0.0 0.95559507205759 0.8765938360991863
0.9959046565143511 0.0 0.956982256601743 0.8881043256997455
0.9962988692286586 0.0 0.9617734229004752 0.9008543856414039
0.9936851511342102 0.0 0.9592971496015663 0.9075082899099952
0.9917350140719269 0.0 0.961136032388664 0.9300023158869847
0.9938702358705936 0.0 0.9582486826040627 0.8903444929645803
0.9963563769241097 0.0 0.9623108531176624 0.8702224031757342
0.9954416815336964 0.0 0.9597796859453728 0.8561158116105052
0.9963121292274117 0.0 0.9618434121753896 0.7709776266633086
0.9952452131015237 0.0 0.9649458486755159 0.859046642747309
0.996616108581023 0.0 0.9673886300218412 0.8603232415206009
0.996758089858589 0.0 0.969591980407296 0.9043141099919779
0.994021774072566 0.000780482164537203 0.9621031157916761 0.8414373088685015
0.9927896426695583 0.0 0.9574128312597002 0.7124293614577982
0.995892839492672 0.0 0.9636843775359917 0.8253012048192772
0.9950829030742107 0.0 0.9611596532705718 0.8271901196646829
0.996487667234455 0.0 0.9619743658988992 0.7627411696901502
0.9942356330101326 0.0 0.9607188087586297 0.7983694625165348
0.9898278947323141 0.0 0.9545788703520677 0.803903565151237
0.9930839560162631 0.0 0.9535645475415143 0.711379420878299
0.9909573717173552 0.0 0.9550839702851068 0.768897840246829
0.9887565179806171 0.0 0.9572745986143949 0.8475629991813978
0.994723172325575 0.0 0.9619824435140831 0.8359647235964723
0.9925921775815606 0.0 0.9599240361725997 0.810164163464897
0.9834929469556988 0.0 0.9574110249964555 0.8644010704193723
0.987664238283968 0.0 0.9584768488171146 0.8319780907139114
0.9942265336621001 0.0 0.9573153010845334 0.7457890265694115
0.9916120825328105 0.0 0.9612184009619764 0.831735412263636
0.9919213417467289 0.0 0.9657759490829202 0.8407446333007164
0.9945303400817607 0.0 0.9674656196699866 0.8869332131462526
0.9849420289176702 0.0 0.9563991642839561 0.8337629527692482
0.984995947716114 0.00029862207243718273 0.9531666329441153 0.8234026485918995
0.991343620179446 0.0 0.9591471855311332 0.8481432079046414
0.9898118001496827 0.0 0.9564356452766299 0.8464533839166609
0.9914655212550184 0.0 0.9624556531931445 0.8635418240962641
0.9912381080058795 0.0 0.960442135487209 0.8770713876608041
0.995047839759251 0.0 0.9636997275140629 0.8930372600677455
0.9953308692367107 0.0 0.9625998431541536 0.8881402515626522
0.9892566751336592 0.0 0.951560757151421 0.8760055368096125
0.9959668004246234 0.0 0.9511738802637328 0.8813925579492878
0.9935672962538327 0.0 0.9412448982437409 0.8882974586158503
0.9946774413327725 0.0 0.9210712433400915 0.8478842524638289
0.9903164700890167 0.0 0.8906406553233741 0.8385654949954067
0.9914886055301282 0.0 0.8722412176419783 0.8804908029103798
0.98923805780632 0.0 0.1997953304298061 0.45750147744210645
