0.9875156086713568 0.020388766108232557 0.1723902515616774 0.0
0.99616184480075 0.021762838421749545 0.15976217433593834 0.0
0.9961906062978473 0.02387331532742054 0.17040348151303472 0.0
0.9944161385748532 0.024072985612430042 0.15883932250046406 0.0
0.9950515057020549 0.01970898404806041 0.16787738311948783 0.0
0.9948340371200202 0.02145981590805422 0.16698277688764643 0.0
0.9959366156082413 0.021818954215365543 0.16218549086783388 0.0
0.9874637258985668 0.0204261005615516 0.16758685283098765 0.0
0.9930186051001972 0.019443289820071524 0.16836657879277211 0.0
0.9907737379479219 0.01902577860766942 0.17428748698766958 0.0
0.9944862250410961 0.01942649627557061 0.16782770317641688 0.0
0.9893770409511934 0.020085506456443677 0.17994852637442302 0.0
0.9897785014236947 0.019249825502967353 0.17006270185804032 0.0
0.9849932122627042 0.019219237560103495 0.1826192480263143 0.0
0.9939377101952753 0.018099049328726618 0.18279593091619112 0.0
0.9922292209973318 0.01844229991244181 0.1909049439569033 0.0
0.996565450693054 0.018716569885341566 0.1887603762231607 0.0
0.995394401973055 0.017402301273269014 0.18647429918322073 0.0
0.9956041540743997 0.018927225013353564 0.1912477609197005 0.0
0.9952110252300472 0.0162431906614786 0.19318054026656953 0.0
0.9884643342115131 0.014938379918860514 0.19784119870282554 0.0
0.9953155746488203 0.015233640305998148 0.1948171534847515 0.011989723094490437
0.9945757231963306 0.01607809695143083 0.19383586578031023 0.0
0.9966533753675245 0.013598752497441646 0.19577169889973853 0.0
0.987329723275088 0.01676158164707783 0.20516012683531437 0.0
0.9957409917335189 0.01805140489856585 0.20791719500206585 0.0
0.9920185042781989 0.0163175061712317 0.20569500947249034 0.0
0.9982368977181809 0.015796145317016355 0.20690383060308332 0.024369016536118365
0.9913597630550363 0.014900458139127945 0.20803911046762963 0.024163568773234202
0.997272283040748 0.015873820823899428 0.2103340615198633 0.003215434083601286
0.989856978284591 0.011836410565828613 0.21653812090904373 0.0
0.9910882253482611 0.012940787481874532 0.2123080212659414 0.061128526645768025
0.9962076737249821 0.014647071441735493 0.22464158298617343 0.08621607237892497
0.9958299504138728 0.015362894277299288 0.22308663370622392 0.0759008433427038
0.9961348029045004 0.013158387207393298 0.22981422496979587 0.0830198817839871
0.9960486371010489 0.015829361700410414 0.2301082118297166 0.032121051234404036
0.994150136558914 0.013388206559172423 0.23133753692431197 0.09066009312517119
0.9961721066767846 0.01237017143042323 0.23680960231569897 0.06715634837355719
0.9945721212030192 0.01421914219556054 0.254325458233931 0.04782608695652174
0.9946634883552238 0.012599814717649373 0.24707872317313512 0.0
0.9965611378410582 0.011075787310950711 0.25605388654877437 0.0
0.993500114607551 0.018816275492155945 0.2539418868322523 0.0
0.9966830568156584 0.01541359055601513 0.2649405002483656 0.08235037134119703
0.9891997651132417 0.0104622099820728 0.2609624578764765 0.00024009603841536616
0.9906325203107793 0.01714145749694353 0.271735314496882 0.0334610472541507
0.996514113497141 0.017022266122511676 0.2801454704589753 0.19458070544265357
0.9929315420408938 0.01714227168802036 0.28407390158739293 0.09474182851729038
0.9954066408403524 0.011782890316516236 0.29490268984560825 0.21221939365887527
0.9938026086807535 0.012511948236562829 0.2968059987086375 0.1740561896400351
0.9881516472396816 0.014008840606687195 0.29816240076444633 0.3890165441176471
0.9942977132592125 0.013372840914104954 0.3044455548404746 0.29935720844811753
0.9924975068713059 0.015567749755674735 0.31746687368801796 0.3149737720553171
0.9940854990611323 0.019224601540385144 0.3253973407153083 0.3056179775280899
0.9937573394596204 0.01190832223158696 0.3353128794217377 0.2358000358358717
0.9939233866048555 0.011359837232182942 0.34267677879535047 0.2526777020447907
0.9951843745146762 0.01262915364214168 0.34215125861759577 0.3169180018850141
0.9925597777737432 0.013713926240465519 0.34795214339266906 0.296673455532926
0.9957193928750627 0.014094623813537582 0.3531834595964612 0.29445119481571486
0.9928093033997633 0.014494018163642302 0.36461736139198814 0.33633885510589223
0.9888874086502745 0.012324322420176864 0.36756285015837387 0.34130072262367983
0.9941880354148276 0.016941276263756116 0.3931053991272475 0.3040488922841864
0.9937025732155195 0.016761765669324778 0.3862602405751572 0.3495759188425079
0.9941783110479642 0.019648630425511657 0.39421151479206923 0.35192735359525573
0.9947191887204095 0.021318454926387925 0.4151263660577085 0.3747795414462081
0.9926086719256866 0.020773993723339927 0.42533533034310456 0.4226086956521739
0.9935780317036947 0.013805017378436974 0.4261981815379874 0.33474897618686483
0.9930847554819593 0.01568450162709904 0.41911816405709945 0.3408535709153614
0.994324991872049 0.013012036236887696 0.4181439353236032 0.13557351638618245
0.9943022914539223 0.012741731045666014 0.43588019550243273 0.17848954821308158
0.9954170962760731 0.013403670217426326 0.43386208590512565 0.16751237236108502
0.9921237761392482 0.009796276099018413 0.42988508650879614 0.24157861464824348
0.9956352041155516 0.011426154384475832 0.43531737072465493 0.30442517233711364
0.995221336166565 0.010551749449473942 0.4535239019932606 0.21055099648300118
0.9911522124923632 0.012192731811476848 0.4603805154755418 0.27491236855282924
0.9947963963612562 0.012343649086632182 0.46741228657647793 0.32973394189023714
0.9965101946138752 0.011266332218833386 0.4639444379997743 0.1923412204234122
0.9942404704905488 0.011723927749107946 0.4607198055927375 0.28284572051608214
0.9956733382752656 0.01163187632703533 0.45070419233546183 0.6580852775543041
0.99259200472207 0.011929685787122817 0.45710041097628074 0.6110005427899403
0.9838260627468722 0.011236282596369817 0.4645921088822204 0.675282404748229
0.9878076954606768 0.010286061722273383 0.47134554100049175 0.6232806052269602
0.9895033747095081 0.011814525746395715 0.47663497578044256 0.3933861522562866
0.9858869656055397 0.014494881724327 0.4956987240992459 0.47896950578338593
0.9969489524574502 0.012366680167409208 0.5048590377628607 0.5424464740230573
0.9942647850078536 0.01061812911282652 0.5108171163070732 0.6527263102170461
0.9957218419415059 0.00808153339136502 0.5286311420536093 0.5852150151013951
0.9929825731517917 0.006011292045126435 0.5375097228558167 0.5205992509363296
0.9942323596231903 0.004717100896267306 0.5532616090663217 0.38068073778284844
0.994278277916294 0.004112726168107 0.5531247534599284 0.31562891113892366
0.9925765848010775 0.0019015014721604777 0.5669258199049418 0.337261063105525
0.9923487656858645 0.0 0.5945451557353035 0.29381944444444447
0.9906377851961548 0.0 0.5921409514460111 0.23890028268942964
0.9906793446523326 0.0 0.6164836722798948 0.24655701143016448
0.9926916008712224 0.0 0.6260868883373911 0.2582559481290181
0.9925634595388098 0.0 0.6536501473111614 0.30430299697552926
0.9924225584242852 0.0 0.684408327914556 0.327733949945593
0.9939862901661046 0.0 0.6993575626372529 0.3070463193806587
0.9930551983126704 0.0 0.7169041561042049 0.3510356195800186
0.9898420950694146 0.0 0.7401006679897079 0.2786692759295499
0.992159548721857 0.0 0.7620835974837596 0.19218551461245234
0.9925593972788448 0.0 0.7631324110593567 0.11983111883770024
0.9965190726553027 0.0 0.8047205511469029 0.10561098320115972
0.986398627380093 0.0 0.8199228041577831 0.1139765755716676
0.9924596947284716 0.0 0.8771709324505513 0.17143039632101684
0.9925531852837035 0.0 0.8764616022166787 0.08602516677243109
0.9965361210797317 0.0 0.881683707455301 0.06829299857642035
0.9950826714438483 0.0 0.8506612820815156 0.04276569915020417
0.9932398860244783 0.0 0.8759046518815272 0.06664712703732494
0.9904560522485941 0.0 0.91344913233404 0.16053594690155698
0.9952932714284434 0.0 0.9311949132613676 0.37829278825392254
0.9947142783738921 0.0 0.9273114975409557 0.28169485848266623
0.9950102210347448 0.0 0.9256188619867859 0.2195338119294514
0.994800809209103 0.0 0.9260866557597568 0.25119883749091787
0.9953727810255032 0.0 0.9290163606344124 0.22110833835298166
0.995661119009785 0.0 0.9278322299195095 0.20791746102949424
0.9876592467604548 0.0 0.9249305711708766 0.25957921136965306
0.9936565422908344 0.0 0.9334414177836133 0.30776490326639755
0.9948302470005626 0.0 0.9335903066380724 0.3978203351392214
0.9914972068556528 0.0 0.9295055897670229 0.2720585015544949
0.9911613240692098 0.0 0.9297928509742935 0.24724620994051047
0.9917872865911042 0.0 0.933763234177117 0.2884781325219129
0.9954686145274486 0.0 0.9390939900918921 0.4218865143699337
0.9913001466775111 0.0 0.9408406828965802 0.5090998524348254
0.9910311512300317 0.0 0.9439697869229061 0.7260452090418084
0.9891425057697808 0.0 0.9479485713452727 0.647354741343171
0.992476626158566 0.0 0.9506208536656682 0.6742891401164782
0.9958895560536984 0.0 0.9458949352565154 0.5706433655133535
0.9949948416224885 0.0 0.9486101399395199 0.584392492591373
0.9910601283513338 0.0 0.9459799800083063 0.4324918208896919
0.994105016849891 0.0 0.9473666009030339 0.6540027137042063
0.9943778123139358 0.0 0.947605279032371 0.6018390225469202
0.9963352599048262 0.0 0.9517799710315563 0.6364059900166389
0.9945155627041198 0.0 0.9471969850622594 0.7185133239831697
0.9961188353722384 0.0 0.9452172100341408 0.6244723264540337
0.9942644947418271 0.0 0.9466482464289961 0.5583162217659138
0.9957681042537924 0.0 0.9521634452734294 0.7484469929688033
0.9964697709781699 0.0 0.9534741952319692 0.8269678785739498
0.99405237411985 0.0 0.951257827219445 0.7251402038231924
0.9956148978814146 0.0 0.9536765644515752 0.7894217120286366
0.9951305917913731 0.0 0.9552079301719706 0.8334265299782542
0.9948715695817948 0.0 0.9534750420694403 0.7149357176868949
0.9955755515687953 0.0 0.9603204557766798 0.8351082504388532
0.9930069356673222 0.0 0.9574079983929992 0.8170140037490352
0.9921145828085955 0.0 0.9601422242097102 0.8269139072847682
0.9930140623879611 0.0 0.9572831856903486 0.8408007126762039
0.9972853805018895 0.0 0.9609092443704338 0.7656103944662553
0.9942278652619165 0.0 0.9564354413002444 0.7356059942161073
0.9958601846357652 0.0 0.9591778190855772 0.6819371231370169
0.9948246007459932 0.0 0.9628020355531989 0.7729130434782608
0.9956704372746188 0.0 0.9645122310664301 0.765011119347665
0.9959282444112671 0.0 0.9674618562632671 0.8329807936373635
0.9936217620297294 0.0 0.9618674763387965 0.8370928291338277
0.992019230870965 0.0 0.9603412073028853 0.7941482715535194
0.9953955885072544 0.0 0.9629917490004912 0.810417580933734
0.9945630537654739 0.0 0.9602204357169137 0.8050249637622806
0.995826167691837 0.0 0.9624750070140173 0.7827273783250087
0.9936026040613997 0.0 0.961515231937561 0.8245402990204502
0.9884091399633397 0.0 0.9542173597239877 0.7994515733986476
0.9912079286920737 0.0 0.9588972666638819 0.8340956446612796
0.9902307040012589 0.0 0.9573977809125225 0.8218180130852397
0.9868372277752036 0.0 0.9583644738582809 0.8864861049015225
0.9933619597431396 0.0 0.9640861066180266 0.8875051508630557
0.9909558035644379 0.0 0.9630453504790591 0.8861748692217358
0.9821182293717307 0.0 0.957683257672732 0.8817825339488883
0.986278977554504 0.0 0.9594306140686838 0.852879027997887
0.9930114934193829 0.0 0.9624638804587407 0.8231140961585716
0.9903267227849907 0.0 0.9649933724155837 0.893945656333716
0.9906977761709241 0.0 0.9680256103345474 0.8771604622622213
0.9931818866420589 0.0 0.9674086464230571 0.8876775765176913
0.9839310908319433 0.0 0.9602015507302304 0.873246320466537
0.9837503412310675 0.0 0.9578975069110531 0.8623314528067859
0.9900168316738059 0.0 0.9612867804369232 0.8642043499520092
0.9881991472732616 0.0 0.9596477239592607 0.8639137459087066
0.9902383841658938 0.0 0.9588632585203658 0.831822691702288
0.9895411166420662 0.0 0.9593195863973495 0.8660600776096753
0.9932314950580593 0.0 0.9548463953532956 0.8370558405121086
0.9937115670218356 0.0 0.9528351642000238 0.8326980486948258
0.9872865457693972 0.0 0.9395034128911082 0.8204518483290145
0.994376869919139 0.0 0.9361883598884213 0.8212792617888317
0.9921010321971395 0.0 0.9260790448687861 0.8339119919518466
0.9936407032884788 0.0 0.902096416697451 0.7939528671943465
0.9894874317707967 0.0 0.8710981985928066 0.7966986019961095
0.991022386521394 0.0 0.8495609037504898 0.8493496392122267
0.9863946581791561 0.0 0.1852647493507318 0.3978118530890514
