0.9862473540357483 0.02857000619523852 0.17315850426080062 0.0
0.9957685182424313 0.028784981998171557 0.1602526193723684 0.0
0.995267375530267 0.030419737252153987 0.17072952313451628 0.0
0.9946994906803056 0.03047079705857493 0.1597894326556828 0.0
0.9937319216064031 0.028942479520161362 0.16852203166038437 0.0
0.9952497216794267 0.028005445283681714 0.16813190671973258 0.0
0.9944989164532408 0.027595925503875296 0.16268169448530068 0.0
0.9882491268303978 0.026205268487365225 0.1684991989131799 0.0
0.9935297839945397 0.02639296958356766 0.16932399638847487 0.0
0.9900835808561668 0.027396033326091102 0.17544595371675273 0.0
0.9958119304340746 0.028867164020789874 0.1694271919442409 0.0
0.9892251175077136 0.02773474417237559 0.18076469892024857 0.0
0.9876681952474556 0.027314612464284294 0.17026107820166764 0.0
0.9849855570544944 0.026133888923808433 0.18365221192409273 0.0
0.9938729289874766 0.026383276235754736 0.18409177956653275 0.0
0.9913363609694311 0.02616308846794417 0.19139469462466727 0.0
0.9950462220146937 0.025471313194481517 0.1890295405193307 0.0019913707268503153
0.9943282550095288 0.026828887849009515 0.18719590776612408 0.0
0.9941660934573502 0.028609733959825738 0.19201284376450548 0.0
0.9933456615929264 0.02541211126688449 0.19358205851254132 0.0
0.9884141644615186 0.0246358519261826 0.19889098412047554 0.0
0.9962959394373292 0.025506697223947612 0.1966472142787651 0.0219811590065658
0.9937652959169876 0.02585794373616455 0.19494339712861464 0.0
0.9949338370597939 0.024341633823002508 0.19671767364284298 0.007099658164606889
0.985886645078751 0.0261836279483651 0.20623900921941254 0.0
0.9935334957592189 0.02492998498514803 0.20801531570766008 0.0
0.9934525825856306 0.023231068290217413 0.20689581351094197 0.0
0.9974384248442367 0.026186490369545633 0.20833110178345465 0.004351610095735422
0.9921132884887572 0.02655395631993896 0.21079940409160655 0.03973048327137547
0.9969188721514474 0.02445734793520964 0.21196615310928393 0.06939978563772776
0.9896328377914242 0.02242116049031187 0.21822172791864813 0.049283379431732464
0.9902905504220624 0.02361437678921293 0.21369902302634447 0.1629060252913464
0.9955096729843858 0.025098736256436476 0.2262492077053481 0.17372768451905143
0.995301591828556 0.025178560138412333 0.2249486223169432 0.20010222335803732
0.9954509881252427 0.02357200468165362 0.23177825162611942 0.21708758731864589
0.9942269845822166 0.024589965575863175 0.2315580593493818 0.083089992036103
0.9944037742797566 0.022422388112363967 0.23378497233910508 0.25472473294987674
0.9946117567121974 0.02149110955253759 0.23828321992433146 0.12093389296956977
0.9948348182656075 0.02310220785679795 0.2566532102241899 0.11432225063938618
0.9915922024276406 0.021266982696884536 0.24866592854803748 0.0
0.9951159736096503 0.023010392791242253 0.2587114990852965 0.01214470284237726
0.9924501995547521 0.0265383556634743 0.25535429602691084 0.0787716955941255
0.996573114514137 0.024448591523670408 0.2670722049689441 0.22695500218436
0.9866455676171788 0.022030197647508527 0.26283116512235505 0.184375
0.9879754184392129 0.024776320505153587 0.27309085117700177 0.13559322033898305
0.9938844621764816 0.0267407778476493 0.2815223430554862 0.34110787172011664
0.9928138122957261 0.027679654192964205 0.28674034144351085 0.26806083650190116
0.9953279184725488 0.02289714631407625 0.2975636973752967 0.37137818090199043
0.9941947356612423 0.024521593002097813 0.2998341830068465 0.31637372802960223
0.9890810082181897 0.02683166508488402 0.3017254794851192 0.4832558139534884
0.9942342408052369 0.026516042369585078 0.3081967657630571 0.4704033525405972
0.9936783374283374 0.025988038968254606 0.3205993647198421 0.43779790276453767
0.9947220602265878 0.026257504631628802 0.32768154420549106 0.4582931533269045
0.9943131161555198 0.026622319739300498 0.3392620124220447 0.37991803278688524
0.9953708402059523 0.026403010262801667 0.3468195606943761 0.4108015640273705
0.9955030943572342 0.024472875368664587 0.345112493917149 0.47266729500471255
0.9921319876943366 0.02436322965282005 0.3500750496218868 0.45288197621225984
0.9965904544811774 0.02420474989686343 0.35640919868827714 0.4059000861326443
0.9946587522777787 0.023549131882610503 0.3678583871101778 0.43580786026200874
0.9915202309424895 0.025814810621784468 0.3733392719064179 0.5230034722222222
0.9946888953333701 0.029061736405067 0.39703149957954964 0.45282232868152467
0.9932058032464893 0.03017358549182556 0.39057798687695294 0.49171483622350676
0.9947933693872799 0.029339085737658577 0.3972062879360466 0.4569602556421011
0.9946383455743047 0.031072254179882804 0.4179540609614162 0.49759088918090233
0.9949003042307777 0.03197923660614779 0.4298054000818847 0.523248730964467
0.9938828895786881 0.029275222015340992 0.43033186307908694 0.39769408147578783
0.9946579869609584 0.029199883303593844 0.423931044146778 0.4299524321006598
0.9946630244319742 0.026051875261523555 0.4249381380138921 0.20907022822338006
0.9956463821946512 0.027471197838758843 0.4402356138112509 0.19638449736508573
0.9957270292974266 0.026749377970701784 0.4386268354268801 0.19781718963165076
0.9927261939358714 0.022714431957396107 0.4325175125362095 0.24292912873862157
0.9963117503323784 0.024959014552641035 0.4369994827189823 0.2518877216021011
0.9948726502668833 0.02521062111440358 0.45647136020997714 0.20256547300908606
0.9909428777422009 0.0176859691507702 0.461697408340171 0.3027838897924041
0.9960671803759629 0.020534236557484317 0.46907570520859 0.26069643972517176
0.9973939394682655 0.021497591267299714 0.4662989276660879 0.18149156232988567
0.992619341136388 0.02217691100231884 0.4626360028072917 0.3196837804228104
0.995502768241007 0.015969760262688627 0.45151419555890243 0.7492434940488198
0.9929680512769552 0.017738130535108865 0.45909250154688125 0.6774251389636005
0.9843509511214716 0.01643546638927483 0.4657585798101799 0.7500476281196419
0.9888331709089914 0.015947556930849757 0.4727787043852865 0.7194659931445065
0.9902635585981505 0.018448434023054558 0.48055469034811005 0.6590389016018307
0.9877217403719171 0.021183567537234913 0.49932429258209493 0.7151851851851851
0.9948717761406097 0.01840094472891423 0.5061157061392721 0.6641496481894629
0.994328136743379 0.017159390305009133 0.5128177032467068 0.74231277117525
0.9959486315244412 0.013408456808516402 0.5312344011393049 0.7051646331271937
0.994400149934165 0.01201227303149093 0.5408234517684669 0.636587240584166
0.9940006258767927 0.010990443800965942 0.557511742716639 0.6235602857559411
0.9949307250743764 0.008886260223372062 0.557923411372038 0.5488150437918599
0.9926241144887974 0.0051136203643736096 0.5718281904319273 0.6297252163352057
0.992860427203946 0.0008823345319891696 0.6004574430456444 0.600268817204301
0.991530562112806 0.0 0.5982939693746003 0.4391190453090133
0.9923093085260535 1.5010957999339518e-05 0.6244595302891267 0.5117238384715589
0.9940265260264091 0.0 0.6326702172833238 0.45361296822053304
0.9941570398285509 0.0 0.6583871569064075 0.47624481327800827
0.9929006434714968 0.0 0.6890017294321659 0.5277488003338201
0.9939310338038464 0.0 0.7034314565235673 0.49134702965286914
0.9944069239186903 0.0 0.7196393029393597 0.4803349642453895
0.9893876644564243 0.0 0.7430082772629372 0.4218487394957983
0.9912921232967707 0.0 0.7645208757865728 0.3479780329505741
0.9932507936888979 0.0 0.776072316548652 0.23775761013424088
0.9959263264720964 0.0 0.8149167127999528 0.16277955271565495
0.9853059626422379 0.0 0.8266805159246569 0.19685939703472197
0.9921050435820867 0.0 0.8790398547965171 0.3225496091401082
0.990658015383088 0.0 0.8981242820044987 0.3041680449884221
0.9934668939185455 0.0 0.9083061895857248 0.12739719492414847
0.9935265566749448 0.0 0.8839916143243033 0.07642254532399928
0.9911225887938472 0.0 0.9005612645809645 0.11708171372431762
0.9899455326787058 0.0 0.9251074775304272 0.30763656633221853
0.9957742762999097 0.0 0.9366600918482213 0.7023390342052314
0.9943221801933032 0.0 0.9339288059897544 0.5553997194950911
0.9920315531791966 0.0 0.9354419540670302 0.6332986953007735
0.9946299382895343 0.0 0.9354230377590518 0.5901437371663244
0.995015607636853 0.0 0.9377692520415677 0.43982630272952855
0.9956856874748649 0.0 0.9408503435095735 0.542243393852238
0.9885509954903278 0.0 0.9361217354246073 0.6720447810339151
0.994193006993007 0.0 0.9398719462030977 0.5890997023809523
0.9960193044520045 0.0 0.9392495621701806 0.6502041222742209
0.9914088996268191 0.0 0.9382425656024649 0.6798780487804879
0.9918301512198799 0.0 0.9430059064671601 0.6859884460981103
0.9930099550302887 0.0 0.9437817657995897 0.7205747477835525
0.9950190516070673 0.0 0.9426638037608173 0.7485168426344897
0.9939411415210281 0.0 0.9435066108423162 0.7432668087579927
0.9922388871014763 0.0 0.9447495785964225 0.8116323096339925
0.9895783768728167 0.0 0.9487593025014539 0.7455365359838027
0.9947079321816692 0.0 0.9530145125158274 0.8111881188118812
0.9948516784883554 0.0 0.9469917169444728 0.7767921146953405
0.9952592249003244 0.0 0.9513472911948062 0.764553909748536
0.9924198022021125 0.0 0.9532013294075289 0.7196269196751628
0.9947924770660426 0.0 0.9501062823756682 0.811334037310806
0.9950345657662042 0.0 0.950376978250237 0.7593675889328063
0.9958627515600561 0.0 0.9539167844451362 0.8039022790621413
0.994980316432308 0.0 0.9487266982841346 0.8371517522152151
0.9964432343198946 0.0 0.9487993263501526 0.8117795790882725
0.9943032898796584 0.0 0.9511977925066487 0.7743529084330643
0.9959265962664444 0.0 0.953825754754855 0.8540736177421839
0.9963976968917677 0.0 0.9539804507287598 0.8674859342611786
0.9938541704793881 0.0 0.9532348535377281 0.8666381705492626
0.994869077671432 0.0 0.9541344729848096 0.8628422250485307
0.9962642608949517 0.0 0.9553492083643157 0.8638464501219669
0.995921482162564 0.0 0.9568773665632251 0.8751289989680082
0.9966897824931208 0.0 0.9618281694400944 0.8819092370471127
0.9929698550575055 0.0 0.9585616222174383 0.8863095238095238
0.9908615422847082 0.0 0.9602567255360044 0.9084474355999071
0.9944355006812832 0.0 0.9583576948985871 0.8695558080398204
0.9955624669461577 0.0 0.9612694638087171 0.8394558516329546
0.995086180740665 0.0 0.9589837751654828 0.8218029350104822
0.9957063710317027 0.0 0.959951272387027 0.7133488721210445
0.9949742231417642 0.0 0.9644475122977169 0.8424939240979622
0.9962542988519173 0.0 0.9669139955234064 0.8480510599498519
0.9965611587745703 0.0 0.9692187274011179 0.8901005586592179
0.9937668194596124 0.0 0.9618934787532449 0.8478956820488796
0.9926340382627556 0.0 0.9591686075619686 0.7588590057049714
0.9955940743981022 0.0 0.9639512089836862 0.8397174308151298
0.995009857266777 0.0 0.9614073250640457 0.8370226622372792
0.9962386721942628 0.0 0.9630940743286018 0.7939525462962963
0.9940804521814689 0.0 0.9619948620022675 0.8348148148148148
0.9900278051167869 0.0 0.9553676340926431 0.8150141946542396
0.9930655653834415 0.0 0.9561401448220002 0.7610821007108187
0.9913591286236663 0.0 0.9571632873192665 0.8078724126230065
0.9886368786345684 0.0 0.9584331119593488 0.8755057006252298
0.994283280625203 0.0 0.9628331580680637 0.8564783174232237
0.9924919692866531 0.0 0.963269438110213 0.8749001471515662
0.9832755007773597 0.0 0.9582904764329481 0.8840610428147521
0.9878658384080958 0.0 0.9600375504381877 0.8533531002005755
0.9941558028905513 0.0 0.9611480583001293 0.7985031119514693
0.9913041888024287 0.0 0.9641548741769032 0.8768076175785711
0.991642397452482 0.0 0.9672766384159746 0.8622256526448143
0.9942531335734628 0.0 0.9680227270387238 0.8952617854524917
0.9851529355312513 0.0 0.9595164172446408 0.8643134819066793
0.9849581457371792 0.0 0.9573151998033713 0.8586638609226136
0.9912832941243296 0.0 0.9623049128651731 0.8737235103575495
0.9898962810400025 0.0 0.9596174401958905 0.8661650395873609
0.9913647472042578 0.0 0.9637097406022958 0.8702080122698482
0.9911802201353851 0.0 0.9628395834619217 0.8908454194059929
0.9948108504100446 0.0 0.9609851824413589 0.8751455601967453
0.9953531341716433 0.0 0.960771355880519 0.8752304254245492
0.9890356053781415 0.0 0.9493761665357278 0.8656836841451954
0.9955616797742329 0.0 0.9470621870852505 0.8646146841382291
0.9934785965575895 0.0 0.9369678903310266 0.8721355716681998
0.9943993989367628 0.0 0.916442250851529 0.8352069972474885
0.9902630739945425 0.0 0.8838654019802777 0.8221045392022008
0.9913093106229409 0.0 0.8637505689448416 0.8693386995904698
0.9897365118503835 0.0 0.198125 0.44777039156544163
