0.9866151286096055 0.033086121757075475 0.17324856016220722 0.0
0.996075371530631 0.03187154556824142 0.1599777896700312 0.0
0.9956194265024697 0.03400957554652459 0.17081555084683933 0.0
0.9944709208670601 0.03402119009486263 0.159618044513289 0.0
0.9942363385261745 0.032492299313569124 0.16847231915495614 0.0
0.995059545478184 0.03207953435255888 0.1679607413195512 0.0
0.9952669438176864 0.031082897580943868 0.16285648550004705 0.0
0.9881103492619547 0.029567918642386736 0.1681343178569577 0.0
0.9937341956582685 0.0296542294784644 0.16898504927880947 0.0
0.9904018031152426 0.03189589226150324 0.17572415794804586 0.0
0.9955427628901778 0.03227581796000505 0.16915610014216 0.0
0.9894869632731933 0.03147375213979577 0.18066899818214416 0.0
0.9882205011007223 0.030575125685506032 0.17017905063300806 0.0
0.984774019715792 0.02978767045449296 0.18377860327464127 0.0
0.993916289676441 0.030654860331552448 0.18403943401939166 0.0
0.9914828757597383 0.030550021703651332 0.1913264347368553 0.0
0.995734042711733 0.029298183262999527 0.1893304612153361 0.013275804845668768
0.9947549049757057 0.03012938418408193 0.1872877796058389 0.0
0.9944998638096413 0.03217633376607319 0.19190853023718088 0.0
0.9939305999527692 0.028985816814764184 0.19365302217812377 0.0
0.9882755530405237 0.028135941279130657 0.19824740550489722 0.0035419126328217238
0.9958012127121485 0.029582408345996174 0.19624557264700093 0.027119611761347417
0.9940591744225415 0.029997443178780135 0.19514013547976283 0.0
0.9954938897095629 0.02817607150119626 0.1968371614765661 0.014988167236392323
0.9864027184770261 0.029834819255186794 0.20616305986453576 0.0
0.9941892700560556 0.028138423526278673 0.208034873644425 0.03016883476335455
0.9927989334649802 0.027549812605735465 0.20671638881307405 0.0
0.9980238356571112 0.029841614378852396 0.2086981699418748 0.0
0.9917099339808846 0.030296409439497556 0.21110278157585027 0.012081784386617101
0.997250635030316 0.028737327243856154 0.2123759126983173 0.02116827438370847
0.9898293735580757 0.02718824916013887 0.21890498146094298 0.014583857178777974
0.9902633844876124 0.027748857180644515 0.213895757961277 0.15480111477071193
0.9956172487220555 0.02912235554263375 0.22655298513521904 0.19291233679722888
0.9953937779132388 0.029172884973361575 0.2251607415794168 0.2075134168157424
0.9954948238532811 0.027653242442181144 0.2321468380178835 0.2229983879634605
0.9941922478435676 0.028577706727735658 0.2320762828272592 0.10034510220334483
0.994139704373457 0.027550480490619474 0.23441669824916106 0.2815666940564229
0.9952014288301453 0.026784349957346215 0.23923769000399098 0.2573452256033578
0.9949734129899042 0.02915399712588083 0.2582287540257017 0.19846547314578006
0.9922364541386605 0.027403310161655245 0.24998687397685587 0.02346938775510204
0.9956926428982072 0.028792134831460675 0.25991700685918967 0.11270171785528371
0.9928152572127835 0.03007923039196574 0.2556602452414352 0.10627503337783711
0.9969449532660418 0.029278476500840166 0.2677413847272886 0.23547400611620795
0.987359959491107 0.027498186128632803 0.2638899123273093 0.21322115384615384
0.9885953537189642 0.029522927144916028 0.27385781640298135 0.15545550847457626
0.9946800471541275 0.031171197085191043 0.2823328059154356 0.3529987760097919
0.9928882561778974 0.032158982806525745 0.2872371864905014 0.2915874524714829
0.9957343935869838 0.027498601672707734 0.29809459787175724 0.38951592676197644
0.9941478396642882 0.029988022140689245 0.30039265766740036 0.324468085106383
0.9891712892964141 0.03290489698601357 0.30260377656481446 0.4567441860465116
0.994438590542444 0.03282400314546416 0.3090251093269053 0.4737117447031127
0.9937436187347854 0.03150460581890483 0.3210917305697496 0.4351763584366063
0.9947882616968337 0.0312539131160694 0.3280469871419242 0.42565597667638483
0.9943061011648223 0.031644412788894564 0.3401147643124738 0.4045987176652664
0.9952108251486685 0.031826777677285124 0.3473337807185474 0.37512218963831867
0.9954206301280984 0.030956814438157988 0.3456880695777954 0.473138548539114
0.9924562370862291 0.030660747246383804 0.35075055244113423 0.4407593778591034
0.9963914966409629 0.03142605301111988 0.3570930486644901 0.39341085271317827
0.9941798801506072 0.03176425516882807 0.3686429751707618 0.4089519650655022
0.9911476313265798 0.033336055943352955 0.37420614514366524 0.5151715039577837
0.9950296745683018 0.03465837454353038 0.39777879190511 0.4366402667778241
0.9936971188027763 0.035694751365141594 0.39170037624982534 0.5231816248404934
0.9949669650545999 0.03415673367612399 0.39791025094677934 0.4676003344481605
0.9951277851819303 0.03613487237393477 0.41856597522096617 0.4735405291894162
0.9945997979937939 0.037273175805236994 0.43035684117056905 0.5047709923664122
0.994247967603077 0.03511392683396092 0.4311973865661565 0.3836113125453227
0.9944509427554922 0.035277760822532846 0.42470546022364486 0.4017740293732732
0.994894921893034 0.03229882670971344 0.42926805500530374 0.30034202650705427
0.9956125642745361 0.03408722994247161 0.44128639763562305 0.18928194297782472
0.9959409111072864 0.0337795421105125 0.44040792561356457 0.18092770475227501
0.9927606586590028 0.028758206453415282 0.4334678385171322 0.22750884589324702
0.996426362116533 0.031557662671653074 0.43804552229282495 0.20952834035612342
0.9952549182180441 0.03195630254539124 0.4580990385629402 0.1733295901179113
0.9910964248571994 0.03319474623565491 0.46478900219011193 0.2575548894110022
0.9957557790270037 0.030528235735802316 0.46966792776106686 0.19946284691136973
0.9975080479504553 0.02659353335207045 0.4668905781857589 0.16405976712807957
0.9925051151759436 0.030337106474839007 0.4638746934577961 0.31359553501351706
0.9954799492329274 0.02979782068470566 0.45445257248171983 0.7646107178968655
0.992888308184904 0.03159996104781381 0.4624671255655975 0.6859323882224646
0.9843577241441136 0.02892258152639854 0.46825214296573203 0.7571237330273475
0.988983212217533 0.029088839843020547 0.4757941842850093 0.7742490912569352
0.9901100886997551 0.03036702581600733 0.4831695908821667 0.7033582089552238
0.9875219504151351 0.03326293312083571 0.5018257073779061 0.7836163836163836
0.9948700968278353 0.03292810741473052 0.5094057437625047 0.6908620689655173
0.9943982600289996 0.02928519217146739 0.5152008512732351 0.757761594480644
0.9959772105863132 0.027894446493902957 0.5348581420498291 0.729673384294649
0.994408739746173 0.028251863838239327 0.5447372166458003 0.6994835915375646
0.9940502256154446 0.020831000920926705 0.5594546087916922 0.7204639602319801
0.9950658875084342 0.019170103027552954 0.5600457858134517 0.6547582383738836
0.9926587691556333 0.01910113621894497 0.5748165787360248 0.676702624376107
0.9931223124701386 0.015714043897759974 0.6038999432674592 0.6274869479328348
0.9915494814291107 0.003764004012246636 0.6009569832468565 0.5647961751383996
0.9923416341228382 0.0029115077450822748 0.6262017554709762 0.6032539072508327
0.9940125817435538 2.40065123120672e-05 0.6346207027299313 0.5950700011966017
0.9944733081023389 0.0 0.659166545747305 0.5281331370995132
0.9932083646165397 0.00018997643265335462 0.6896153516929039 0.5645377400625279
0.994063949411316 0.0 0.7037436253695495 0.528340297867781
0.9945966324739932 0.0 0.7203195349722462 0.5262833675564682
0.9895238455429068 0.0 0.7439668593003664 0.4911909117165688
0.9914891869927535 0.0 0.7659778184962303 0.4063486922017977
0.9934013204560266 0.0 0.7794784925861195 0.3173509139946059
0.9958937758348946 0.0 0.8161761772623335 0.1778496362166532
0.9853119053850452 0.0 0.8307920772369861 0.24428551395316225
0.9922344721755816 0.0 0.8787196767119553 0.32432593298017975
0.9911199202042547 0.0 0.9011773338493337 0.40014306151645207
0.9941976767580993 0.0 0.9228877086962805 0.22385038860103626
0.994194944626063 0.0 0.8944890340185913 0.10005841761291029
0.9915699549405296 0.0 0.9103737280830195 0.1571828754138253
0.9902687944729811 0.0 0.9260546688535529 0.32902248631014797
0.99592783239012 0.0 0.9369574226532712 0.7317166074149314
0.9945545296514138 0.0 0.9359777626401375 0.7288242730720607
0.9925081208407825 0.0 0.936612422644969 0.7275142314990513
0.9948928412647702 0.0 0.9366935718986098 0.6923609508423725
0.9950857563982313 0.0 0.9400793508596343 0.5728183118741058
0.995875878693641 0.0 0.9433682216307444 0.7423341494695115
0.9884904444441962 0.0 0.9370360387631295 0.7817440711462451
0.9939991609565095 0.0 0.9413108044026256 0.719053934571176
0.9961432949056904 0.0 0.9398132872216116 0.6934253161910735
0.9918625852516733 0.0 0.9388327874032074 0.7359181475498116
0.9923364949433664 0.0 0.9444742787910541 0.7949921752738655
0.993646765699443 0.0 0.944455764957885 0.748865043334709
0.995206316926768 0.0 0.943319442794683 0.8073693050598363
0.9943865304641492 0.0 0.9442549687392103 0.821890856373615
0.992648750124883 0.0 0.9451797510018564 0.8336996336996337
0.9899393131755878 0.0 0.9491595768435428 0.7638454461821527
0.9949313362070467 0.0 0.9533029261377937 0.8295734410402916
0.9948885003893929 0.0 0.9471045276325005 0.7901941486982196
0.9955165259897121 0.0 0.9519788387194686 0.805826110267179
0.9928604172340786 0.0 0.954522656743208 0.7990105132962276
0.9950738481368022 0.0 0.9505065784370268 0.8323189556320014
0.9956692507021442 0.0 0.9509420234782155 0.7672836576491061
0.9959081502091008 0.0 0.9540682641072658 0.8145651816537892
0.9951430338097389 0.0 0.9494462479759005 0.8827334549676563
0.9967991492983533 0.0 0.9494765668180642 0.8442355794739634
0.9948190539263486 0.0 0.9526997860642806 0.851421188630491
0.9961635274715737 0.0 0.9542384754779547 0.8757927300850735
0.9967652713042431 0.0 0.954375942843578 0.878304534042239
0.9942136459021921 0.0 0.9536868573813727 0.8844024978711326
0.9951994905857364 0.0 0.9544822101304593 0.8721623250518985
0.9963219175024297 0.0 0.9555705455097208 0.8752080932257651
0.9959056919681626 0.0 0.9570603057391913 0.8922800718132855
0.9966882698166458 0.0 0.9619707563714214 0.8945684935719997
0.9937204528124817 0.0 0.9592768865598177 0.9030957181828965
0.9912783950371254 0.0 0.9608278445318912 0.9293487749519874
0.9943744422126409 0.0 0.9584710620114778 0.886189396393478
0.9958274619317193 0.0 0.962031485052016 0.8735549504187432
0.9953744068336484 0.0 0.9602142091759797 0.8806301757220764
0.9960815371793514 0.0 0.9631179725514917 0.8316143395883502
0.9951992651681281 0.0 0.9649292210786982 0.8597257443411289
0.996642685851319 0.0 0.9676922650676657 0.8727331907374686
0.9965986394557823 0.0 0.9693615384418995 0.8986390322006761
0.994136006911173 0.0003182225822316082 0.9626331045854737 0.8621205559273987
0.9929731201189719 0.0 0.9599602533365722 0.7761273209549071
0.9960076649467513 0.0 0.964532919627736 0.8475211441930826
0.9952350705537666 0.0 0.961645939546492 0.838289658782347
0.9966134530209034 0.0 0.9645065839718383 0.8236963144376083
0.9943152465789756 0.0 0.9622576467300217 0.8364837166932362
0.9902388380849919 0.0 0.9556777685356758 0.8242226748133061
0.9934128170801676 0.0 0.9561068087953429 0.7533800701051577
0.9910787586886323 0.0 0.9569012741306393 0.8030115186078489
0.9890667660429479 0.0 0.9581088520557804 0.8633279629671651
0.9948266539687908 0.0 0.9628580908811146 0.8553088056568335
0.9928408177631114 0.0 0.9611954409729435 0.8313067477300908
0.9838966209506247 0.0 0.9581148588664846 0.8715821054230594
0.9882746518736556 0.0 0.9596942409767132 0.8459171147495634
0.9945823640737625 0.0 0.9586707587779033 0.7591400753109201
0.9918903157196601 0.0 0.9627779120812472 0.849462056268339
0.9920518481096755 0.0 0.9665796957244377 0.8479544366568879
0.9949146895940921 0.0 0.9679406117613146 0.888368312855572
0.9855940788279453 0.0 0.9576938171422831 0.8404824899481261
0.9857329964833522 8.52224305437191e-05 0.954915654590015 0.8350973989415607
0.9914292039222047 0.0 0.9602391150193906 0.8558391952850896
0.9905540773110607 0.0 0.958269001644184 0.8570574680099725
0.9914325976879718 0.0 0.9626959815718951 0.8645853743495961
0.9917390611731084 0.0 0.9610512175739192 0.8775538018223826
0.9955546185369173 0.0 0.9620959852081894 0.8798885432416306
0.9959813625621188 0.0 0.9620518599356879 0.8820995008524536
0.9894559765934731 0.0 0.9502961658602882 0.8681406393422996
0.9960107744010442 0.0 0.9469982901441001 0.8633859316543568
0.993885806113236 0.0 0.9373308831837671 0.8733484052634429
0.9949564289525165 0.0 0.9151915087490092 0.8297054412785102
0.9911898769821017 0.0 0.8826950392624554 0.8181076129748222
0.9918843031547363 0.0 0.8655773097682294 0.870864828794121
0.9882897277635525 0.0 0.20073575909498054 0.460148499634557
