0.9870287448006122 0.012569471132527271 0.17214716751827747 0.0
0.9959179231802631 0.016308029156370512 0.16026553447666614 0.0
0.9960483661058659 0.015349754672949929 0.17043200648489895 0.0
0.9945726187882813 0.016841000493896845 0.15890169618592448 0.0
0.9948161301796434 0.012478659009778053 0.16824414882011657 0.0
0.9950185726110423 0.011860276912791822 0.16674788686186545 0.0
0.9951550307527468 0.012556458740449299 0.16210859096423189 0.0
0.9878255545612961 0.011475119873629203 0.16781577837851244 0.0
0.9929539265469272 0.011025305072957575 0.1686826327567326 0.0
0.9903144256812647 0.00933030284197349 0.173427877239729 0.0
0.9953948474348338 0.011518174379102564 0.16802245514637848 0.0
0.9892137064461326 0.01227087807043772 0.17956568974285847 0.0
0.9892210857592447 0.009332611937057571 0.16918819894375578 0.0
0.9848751464771043 0.01380348212631969 0.18250212049881093 0.0
0.9939083628055699 0.01192149070921105 0.1825987990450607 0.0
0.9922173649807857 0.00899968248717115 0.1905369141462221 0.0
0.9960252664412538 0.010133143233374775 0.18867447104035479 0.001327580484566877
0.9948293691830403 0.012968137981448599 0.18687234817102258 0.0
0.9950683445856823 0.0138555943257028 0.19093879205448838 0.0
0.9945928114337327 0.011879368238023519 0.19319611355216884 0.0
0.9883505919404794 0.010406919598977786 0.19859789031293246 0.0
0.9957424875132057 0.010929473393666836 0.19521947520790459 0.011989723094490437
0.9947106636820017 0.009983155191445292 0.19378945362874972 0.0
0.9959192093788605 0.00870989550661876 0.1957806066350562 0.0
0.9868742663897256 0.008158210518116374 0.20462645244237987 0.0
0.9949483416957795 0.007472884571046333 0.20710183103519145 0.0
0.9930107526881721 0.010286457432605372 0.20668365693062274 0.0
0.9984693852720309 0.010580391061397174 0.20721946995916504 0.002901073397156948
0.9916159999222691 0.007024167832056544 0.20736520688390805 0.00046468401486988845
0.9972261609142846 0.011924944285259472 0.21023793018680456 0.0
0.9891852033919135 0.0074083896119812 0.21614349775784752 0.01332662811164194
0.990662594323551 0.009815598708662705 0.2124249612361779 0.10451484160638563
0.9959408303627852 0.010112108120530846 0.22460986060315624 0.13056221689315214
0.9957240172612085 0.008172984622003231 0.22262069051843647 0.10043444927165858
0.9960101993052647 0.005851364997756487 0.22951498496512657 0.11875335840945728
0.9952904510218028 0.0076123267584696985 0.22898884804685066 0.010618529333687284
0.9944867357274687 0.007077847236379711 0.2311790552201009 0.1848808545603944
0.9958854774581338 0.007314273673376145 0.23618572331897114 0.02938090241343127
0.994858167574147 0.007648828365836199 0.25324909454627714 0.027877237851662403
0.9941764622007869 0.00690465079308099 0.24644046147157195 0.0
0.9961786466952022 0.007057382104465812 0.2556217303202841 0.0010165184243964421
0.9928325117568974 0.010521677991976718 0.2534835835019705 0.002403204272363151
0.996785721086406 0.004900852544140491 0.2641634076533803 0.16972477064220184
0.98790777256235 0.0022464061140500696 0.25943357454464644 0.0731420507996237
0.9900367301311284 0.006718288604376569 0.27023381638379673 0.048582995951417005
0.9958761199010269 0.00626767185663768 0.2781882225850483 0.15879265091863518
0.9931593159315931 0.005979684391761563 0.28201414547583076 0.10740013097576949
0.995055012980591 0.0037361180175700314 0.29408992006311707 0.2402965547317924
0.9935331344219183 0.002950875229370071 0.29556911564859356 0.2442917313234316
0.9878612104969263 0.002839634157287235 0.2962792931008233 0.3976449275362319
0.9939672881084309 0.0033837786924961395 0.3026502411629194 0.31154014918824047
0.9928339356769977 0.003604201521876397 0.3158885840041798 0.35081502480510274
0.993853672083783 0.006689726391820511 0.3241008321027257 0.38085585585585585
0.9937397509331763 0.005086094657412915 0.33383151376128833 0.2538510911424904
0.99407322062363 0.002618598136532489 0.34120109568811374 0.26143120770965755
0.9950797746454257 0.0031970671216584546 0.3403300282329208 0.36624353549600375
0.9930299874043212 0.004956175067353148 0.3466562954200827 0.35804381500331933
0.9959384811415691 0.005014350278758289 0.35146901295853333 0.34360189573459715
0.9931966566977368 0.004599990279077709 0.36278216140039155 0.3005952380952381
0.9893140789021804 0.0036138455694228163 0.36508904158744104 0.3088997482600326
0.9942093765029898 0.007482962022167375 0.3899475498086148 0.2542924807578449
0.9937975321892267 0.006981204846721526 0.38272201729925553 0.3021926910299003
0.9941601742915191 0.007511940436757106 0.3914603391397034 0.3722036286771182
0.9945955879685939 0.006427333591664514 0.4119491423149097 0.4291967607791639
0.9931697171784829 0.006429974986179454 0.4223908709483345 0.43869002284843867
0.9935338345864662 0.0040701319279391 0.42389390197232507 0.3068854222700377
0.9936191447538769 0.0053658516710737 0.4149710883245207 0.24452554744525548
0.9944321739763597 0.0040864465040098 0.4133968561398655 0.11069296651959512
0.994570578236451 0.004802431266265614 0.4333929074309772 0.16812980565477992
0.9955813170822649 0.004952903572539813 0.4307912845393064 0.156290061869461
0.9922387453343603 0.0038956067148031653 0.4273350275773622 0.19844245745601385
0.9956723775805217 0.004394781970139679 0.4323135866939876 0.22553977044706638
0.9950022941872539 0.004284260228707751 0.4506655493653401 0.14458084146469416
0.9913292449409479 0.003313464338987448 0.456601874834174 0.20963946869070207
0.9949328999394045 0.0041138602710168466 0.46343709953011536 0.22516942359542375
0.9965316928350626 0.003209037024411603 0.4624797238673658 0.19197690503398088
0.9938831459790897 0.004372646311545945 0.4585105768074148 0.272681324235532
0.995425034438878 0.00495154709282557 0.4489944637308584 0.6664117759510609
0.9924233875517869 0.0037548996424246334 0.45473486183868483 0.5812049770792403
0.9836181504082724 0.0034094853106306526 0.46266915574871764 0.6375523012552301
0.9873964973986957 0.003155347693907638 0.4693156446777421 0.5567086730911787
0.9893397778996842 0.004002433912514367 0.4732978384499655 0.30296010296010295
0.9859585151900211 0.0044897289441401455 0.4922031159569468 0.3916091343600637
0.9965131868693382 0.00353914825345893 0.5022653039721842 0.49221949221949224
0.9937021586568786 0.0024287986589018465 0.5082016754473659 0.5601097059271675
0.9953048610537926 0.0009486107087985338 0.5253539621144501 0.4286348501664817
0.992915141280348 0.0008353404708535787 0.5315389027197667 0.2857142857142857
0.9939366076127412 0.0006189556530072895 0.5495597423184808 0.27940460457675453
0.9940614667332714 0.00020392630977134762 0.5495936511725044 0.24355197498947875
0.9920491665943791 3.0067558044481195e-05 0.5646333291202331 0.2742323681715411
0.9917770426657486 0.0 0.5927639772012023 0.25716590147661
0.9904738799548731 0.0 0.5911339409562778 0.21674800924736706
0.990231278924911 0.0 0.615245262094154 0.2095451535679723
0.9925662847710935 0.0 0.6247409049094549 0.21998443276902122
0.9925001621090572 0.0 0.6502014988108331 0.22111157630311912
0.9922933016581562 0.0 0.6795384682465282 0.22848721118189597
0.9941501646110756 0.0 0.6966005884421722 0.2435319995810202
0.9928809622400651 0.0 0.7129200160489336 0.25750658000752
0.9900051539922726 0.0 0.7359471850587006 0.22022243758364485
0.991925259799398 0.0 0.7535527246768671 0.13398136663878393
0.992872839864167 0.0 0.7575009955845231 0.09669200739675364
0.9965839649532627 0.0 0.8023980074743714 0.09265536723163842
0.9858879351269084 0.0 0.8194676751363194 0.11161443123548484
0.9923825193429556 0.0 0.8736589986490055 0.13563309542690985
0.9922099656421556 0.0 0.8668691056910569 0.06611465452747169
0.9958179792216679 0.0 0.8703677515206486 0.055320605545311
0.9945499821151647 0.0 0.843808760115536 0.037239784117193524
0.9925097642384345 0.0 0.8746323523340362 0.06280302744090571
0.990340834409008 0.0 0.9126701549920117 0.14883889914923248
0.9951763371543079 0.0 0.9293609364824094 0.3215615690168818
0.9947351308228369 0.0 0.9270662482618475 0.27053693104388116
0.9943896053028356 0.0 0.9238202044678528 0.2010351626684193
0.994886245741327 0.0 0.9241292765400043 0.2170870767104354
0.9950766822079212 0.0 0.9261754533382349 0.19049775463225027
0.9951807121440033 0.0 0.9256666121653592 0.1849505086138987
0.9875459296085911 0.0 0.9236112321194605 0.2285702113156101
0.9930321016645721 0.0 0.930012928635929 0.24023714396185075
0.9941535493409783 0.0 0.9300550400407814 0.3010242318261304
0.989727150030181 0.0 0.928317167714278 0.23231982456880193
0.9891663111186961 0.0 0.9290060552839561 0.19695603156708005
0.9900725362710008 0.0 0.9316313993842298 0.2283183663427236
0.9939748475258122 0.0 0.9343589952533258 0.29437890353920887
0.990823403506171 0.0 0.9408176865900016 0.4597483425788121
0.990041067286457 0.0 0.9441455971924478 0.6961921379451914
0.9879350208411927 0.0 0.9477526379541524 0.6040503375281273
0.9917973155061041 0.0 0.9500748921293408 0.5901444215203936
0.994576433555295 0.0 0.9448156601771072 0.4631053036126057
0.9942200269543002 0.0 0.9458653666782776 0.454
0.9894670536899934 0.0 0.94461459355164 0.3757923471984454
0.9930510594629353 0.0 0.9460615478269228 0.5947975328506302
0.9932234390559191 0.0 0.947502685628873 0.5677423327996058
0.9957527094969073 0.0 0.9493568611405324 0.5270141114296959
0.9942783647534471 0.0 0.945501733102253 0.637408436473857
0.9954219451275499 0.0 0.9410613285679563 0.4839155682551387
0.9932384650961649 0.0 0.9447484960433078 0.5032473644578314
0.9951745136332175 0.0 0.9513444839662534 0.686744664438159
0.9953783510507475 0.0 0.9532261071586369 0.808682698446478
0.9925895348206647 0.0 0.9508969423396014 0.7026358646480487
0.9946933902666109 0.0 0.9529150357991244 0.7366421277606269
0.9947652293325382 0.0 0.954186085460016 0.7741113744075829
0.9943262116311506 0.0 0.950802715347996 0.591234306799262
0.9952298220657168 0.0 0.9597395857060114 0.7861022453664819
0.992374375654202 0.0 0.9573357997654514 0.8099205687940899
0.9913760397931655 0.0 0.9596691625545537 0.8027463060617136
0.9928330577269111 0.0 0.9572269131230073 0.831241136614318
0.996828778543035 0.0 0.9597738076794494 0.7106643742009434
0.993643298430838 0.0 0.955742233748661 0.70699279839775
0.9950506429796371 0.0 0.9572958780880552 0.640492466268208
0.994383705936836 0.0 0.962384151530463 0.7631817201983186
0.9946619516146924 0.0 0.9639519583367971 0.7502570641220746
0.9954502087389082 0.0 0.9669533945253928 0.8263057728906745
0.9928236064507293 0.0 0.9616816708929636 0.8287248322147651
0.9913335102508175 0.0 0.9609733211627111 0.8225789076807066
0.9950645442106578 0.0 0.9629388712644291 0.8121796601025087
0.9942572901968689 0.0 0.9602971953676357 0.8062719340609807
0.9958631932815644 0.0 0.9627281077825374 0.7848930286712269
0.9931914359851477 0.0 0.9611129338963976 0.8201610837578621
0.987438843472543 0.0 0.9539790250774964 0.78813492376965
0.9905882047065476 0.0 0.9598670649842623 0.8578329701488618
0.9900262094572458 0.0 0.9575974639030601 0.8293926859076808
0.986042041406553 0.0 0.9586672808493597 0.8968569321182993
0.9928828149265652 0.0 0.9650355912486944 0.8952043040675294
0.9899505346458558 0.0 0.9631950559347865 0.8861292944850896
0.9808385950999015 0.0 0.9579692214154277 0.8947358090602182
0.9850564261766922 0.0 0.9598508072756999 0.8604729789846433
0.9926399663075522 0.0 0.9641750420371363 0.8502007075792625
0.9897772897331605 0.0 0.9649335554840104 0.8888940341128347
0.9899453340784641 0.0 0.9672675590868033 0.8645119289242906
0.9925060656092394 0.0 0.9667271954101037 0.8754599215552938
0.9828214714681415 0.0 0.9587449344933304 0.8532834024341314
0.9821825626617271 0.0 0.9559746020730641 0.8425288509784244
0.9889157707150696 0.0 0.9595784697649357 0.8459007154090195
0.9863052903713081 0.0 0.9565680555591294 0.8316096347887454
0.988546290094825 0.0 0.9542223755714655 0.7955348670397573
0.9882999973748082 0.0 0.9542948456257796 0.8262687841416155
0.9916920177039714 0.0 0.9484533341133362 0.7956597838032714
0.9924622453477453 0.0 0.9452217649748514 0.7897156390751935
0.987378480922902 0.0 0.9327796231750356 0.7838572483561851
0.9940554623322431 0.0 0.9271272015912262 0.7824086792000217
0.9913251999121055 0.0 0.9181154898198424 0.8057431058325877
0.9928056958259551 0.0 0.8932006741451894 0.7690769855380868
0.9885721774764475 0.0 0.859888218846026 0.7733756732637835
0.9904521681155661 0.0 0.8328915423534817 0.8258069728377774
0.9899193938372347 0.0 0.17229383543293386 0.3385167859327879
