0.9867109888333093 0.038012193093154095 0.17211104916030628 0.0
0.9958726201151779 0.035778504985588044 0.15856807065438808 0.0
0.9958048816400796 0.03710704480443876 0.1694968907072428 0.0
0.9941915091250509 0.03911344956479104 0.15891328619278006 0.0
0.9942950968670371 0.035170307803039924 0.16687328537358906 0.0
0.9948756261793243 0.03611794709604731 0.16682758553220245 0.0
0.9950884789986337 0.03601155913721655 0.16273889436166916 0.0006157635467980296
0.9878766214152901 0.03312193097483399 0.16740903620722955 0.0
0.9935235038810645 0.03313390980835061 0.1684285570315737 0.004988913525498891
0.9903729392072991 0.03576487377519981 0.17535937806144167 0.0
0.9951927249452147 0.03583425268081726 0.16872513544613682 0.0
0.9895461536714074 0.03545100376043374 0.18039046304006728 0.0
0.9882613472768895 0.03411158728656599 0.16971684619939892 0.0
0.984446148187672 0.03310153221186973 0.18310332496356652 0.0
0.993658022843358 0.03603580978955935 0.18354212105595313 0.0
0.991378290558278 0.03431720353814862 0.19034000311050298 0.0
0.9960420066417787 0.03244734159649829 0.18907259765928625 0.02987056090275473
0.9947642755587478 0.033689703169497466 0.18687297576424128 0.0
0.9944516026600064 0.0352597119498748 0.19115960925119851 0.0
0.9938984610441142 0.0321869578330487 0.19314974922072425 0.0
0.9880436828079376 0.031023252039356675 0.19781376311158774 0.01269185360094451
0.9955221152674546 0.03311496372706585 0.19569923544639095 0.06337425064230659
0.9940554540174391 0.03314175612655361 0.1947079557140634 0.000286286859433152
0.995544564124098 0.03149091948313521 0.1966867870258116 0.032079936891927424
0.9865656550819158 0.03312329482845655 0.20558574449421885 0.00028669724770642203
0.9944687414890797 0.03128518475103356 0.2076334706075644 0.05424854691392195
0.9925958954312241 0.03055333563353298 0.20560959401881565 0.0
0.998261026177093 0.03273213488649516 0.20852289448419264 0.0011604293588627793
0.9914519423923625 0.034131548760205924 0.2113525338685399 0.05692379182156134
0.9971108637604997 0.032723878820579554 0.21219015542291342 0.09297963558413719
0.9900339588135236 0.031249843810757617 0.21801065279326148 0.04224289665577068
0.9902298745306347 0.030704232344545116 0.21314487745185964 0.17862595419847327
0.9953620030257408 0.03195067039218445 0.22626874055940205 0.21049826805222488
0.9953975327334355 0.032320560365887846 0.22452055373779395 0.23255813953488372
0.9954346395644855 0.030912635223239993 0.23157866262713697 0.2565824825362708
0.9943176691194922 0.03182009366013085 0.2316146406449226 0.10937085213697903
0.9940980646477057 0.030438517256414825 0.2342910629020983 0.3297726650232813
0.9956042885355498 0.030602122855429643 0.23958708599221942 0.31951731374606507
0.9949072832242425 0.03350690747926102 0.2583971473481615 0.24731457800511508
0.99248536980187 0.030870031256648174 0.24981719829856824 0.03567787971457696
0.9957143683756362 0.032571692313411026 0.25971216350445725 0.2243623112961999
0.9927056329703373 0.03348115072253003 0.25559760216580596 0.17009345794392525
0.996936061238126 0.032264359118872134 0.2675812083642036 0.2688947138488423
0.9872919707382404 0.03064132401038724 0.26404465101806657 0.25793269230769234
0.9886244077060955 0.03208929157694119 0.27385235599241975 0.2600635593220339
0.9947790775152692 0.033508787619400474 0.2826470022644412 0.397062423500612
0.9924912754699988 0.03536025418310741 0.2873302935681942 0.32366920152091255
0.9952960074848057 0.031072080191686266 0.297703743546804 0.4346421471172962
0.9939590884472774 0.03402529542056469 0.30048374538910233 0.372109158186864
0.9888044567810864 0.03650985392479252 0.3029159758541004 0.49093023255813956
0.9940808057491025 0.036662997770439985 0.30918351599949845 0.5265486725663717
0.9933450987699881 0.035597014925373135 0.32110538515633885 0.48940728398000477
0.9944583375500365 0.034449375121594204 0.3282414148926206 0.47474502185526957
0.9939264005397669 0.03544497652748081 0.3404034818850249 0.4438798055678303
0.994828966098692 0.03506579002191612 0.34740411496855567 0.43426197458455523
0.9954434137832178 0.03449739790783204 0.34602239907579746 0.5016493873704053
0.9924418844158394 0.03394614267551233 0.3508834358384987 0.45448307410795974
0.9964161948855587 0.03489638138664796 0.3571909473518057 0.40073212747631354
0.9939067370498582 0.03499954024816659 0.36860468860694273 0.42358078602620086
0.99076486366206 0.036678094702471443 0.3741591862799494 0.5297344744349353
0.9947998524169126 0.037736267723750314 0.3981231268913237 0.46040016673614004
0.9938574467217733 0.039130507771993964 0.39196122685559964 0.5379544971294918
0.9952124714575726 0.037611240487378884 0.39814473755266233 0.485374007521939
0.9952089690810251 0.039306426573932816 0.41855225639355076 0.4899916597164304
0.994555164207983 0.041204515294002 0.43071225679481634 0.5191287878787879
0.9940414693338416 0.03925253659547771 0.43177677122161845 0.42136097341144657
0.9943310850775369 0.04033843956213738 0.42543766478312556 0.4202058269314393
0.9947994616027522 0.03640868369767196 0.42973307987104814 0.316081935062105
0.995374368804199 0.03942372991434166 0.4414747830104458 0.1923452450693224
0.9960090846951488 0.039384504461877946 0.4414934493810689 0.19860720503548948
0.992621203629845 0.034407990417745574 0.43401803221961627 0.24621979734996102
0.9961798658595483 0.03603949303270079 0.4385704607155099 0.2263847069532946
0.9950726413760347 0.035466099178175066 0.4588384394530131 0.18893874934436738
0.9912294753704445 0.0375659992834783 0.4660420533482523 0.2840572347811362
0.9956199888668613 0.03557769147521357 0.47091330075431 0.22784560850728633
0.9975046167655419 0.031808075684509496 0.46763376270991436 0.18157578292466148
0.9927762340804938 0.035064048543279526 0.465110614817665 0.33291648057168377
0.9954580931165126 0.033825510931139814 0.4547890471889567 0.7832561883678809
0.9929955203620472 0.03667800177891669 0.46305438921364195 0.7179347826086957
0.9842497040049899 0.03380565450011467 0.4689452332498618 0.7840304182509505
0.9886695351597787 0.03332745780637201 0.4764326645879607 0.8019102196752627
0.9899133913034869 0.03424288268052969 0.48392133580471275 0.7197346600331676
0.9874763905722248 0.03734040402469558 0.5024645321336619 0.7993244585734155
0.9951633893039444 0.038271743796821855 0.5106951337361311 0.7135497166409067
0.9944429407585343 0.03516549749163206 0.5163614506111 0.7718465045592705
0.9960192313916149 0.03474004958518461 0.5361991916259082 0.7731374977880021
0.9943506736102573 0.03411991565395927 0.5458265290899047 0.7453426764655614
0.9940696247942991 0.029671332378791868 0.5611202771354397 0.7289658552524098
0.9951484028470651 0.025857974380414542 0.5615406946120882 0.6954041204437401
0.9927105021177659 0.025503667028911638 0.5761854854577506 0.7047276296417471
0.9931361893728576 0.021283580346119997 0.6052574745117111 0.6562544983446091
0.9915752214934301 0.011878147598140496 0.6031812719846178 0.615579565159397
0.9923204173056257 0.003923031409976076 0.6267231995131807 0.6505910800644814
0.9940726008900848 0.0010082427115181908 0.6351893755618798 0.6338222389369437
0.9943495202550137 0.0001867792945812992 0.6593987526227616 0.5637266493260819
0.9930324651192554 0.0004440998891033803 0.6897074263779353 0.5874475087958234
0.9939465733742717 0.00018028199332687547 0.7038129906063753 0.5534943917169974
0.9944902938550875 5.7171442864289286e-05 0.7203615214482703 0.5488396080453842
0.9895354128315016 0.0 0.7440625910241323 0.5132469541674725
0.9914809604598228 0.0 0.7662212779351589 0.42510022089503396
0.993320292342218 0.0 0.7800617600913979 0.34918608362591763
0.9959118180217814 0.0 0.8181527213517763 0.19673780268736077
0.9853009653572434 0.0 0.8311986782610913 0.24920319645249203
0.9921502600718355 0.0 0.8785969369547103 0.33045457197875944
0.991041188808902 0.0 0.9021306732444581 0.4515782197987866
0.9943723043835204 0.0 0.927020690316068 0.2964114588643083
0.9943275926756284 0.0 0.8999139199324452 0.12021116768216343
0.9916820577351113 0.0 0.9122098223863798 0.17370105590619486
0.9903288005441596 0.0 0.9264266571495606 0.34560689207529355
0.9958410532706536 0.0 0.9369835019687983 0.7510977292685986
0.9946088629398474 0.0 0.9361276398900448 0.7499371701432521
0.9928031365634059 0.0 0.9366912245360797 0.7222424022278726
0.9947809402125597 0.0 0.9368366675276415 0.7252200092635479
0.994989684644857 0.0 0.9398391442366687 0.5751824817518248
0.9959922749647871 0.0 0.9436391678879974 0.7706155632984901
0.9886630027016251 0.0 0.9372538477940365 0.807396558037349
0.9941338279233818 0.0 0.9415562472950029 0.7355550746591647
0.9960644116340603 0.0 0.93975094398928 0.7031694433157253
0.9917941468771697 0.0 0.938926484943562 0.7475880872483222
0.9923215774982578 0.0 0.9447854217659722 0.8391925606713541
0.9935628023911565 0.0 0.9445233896602693 0.7672671127123005
0.9953176762348935 0.0 0.9435314281249898 0.8272251308900523
0.994242764217245 0.0 0.9444377781921665 0.8405542343087582
0.9927351886829713 0.0 0.9452861093694561 0.8419408579758434
0.9900255570437394 0.0 0.9492819535912032 0.7732526141992295
0.9946842403976838 0.0 0.9532159136858412 0.84094038953374
0.9951217551114174 0.0 0.9474264910505862 0.8082461318307844
0.9955622445221456 0.0 0.9521466167274407 0.821521136830816
0.9927859483990251 0.0 0.9544967461425441 0.8054413437144606
0.9950702500402722 0.0 0.9505404147227592 0.8378021978021978
0.995608198753176 0.0 0.9510008327817044 0.7780325794717697
0.9961756229505557 0.0 0.9543175237523338 0.8188150454806196
0.9952558559693675 0.0 0.9496479507997809 0.8913331128018525
0.9966349270990178 0.0 0.9494152618474576 0.8523622047244095
0.9949273009887409 0.0 0.9528702177043947 0.8603805048131585
0.9964817153346439 0.0 0.9545330316424192 0.881831496184383
0.9966946710606295 0.0 0.9543821787115699 0.8840654481132075
0.9942970185482736 0.0 0.9538453897162753 0.8940017016449234
0.9953574493982233 0.0 0.954675165906972 0.8793852322084865
0.996248260328157 0.0 0.9556558704854158 0.8806189654069954
0.9958645010483467 0.0 0.9570877566823471 0.8975228829290149
0.9964310030913399 0.0 0.9617761082577793 0.8938948142699522
0.9935259898667668 0.0 0.959151410603723 0.9041785037878788
0.9914827374805267 0.0 0.9609680910744541 0.9294425087108014
0.994095857566095 0.0 0.9583488059958691 0.8866846361185984
0.9960959982814921 0.0 0.9622616594501539 0.8760207488059165
0.9952717357193168 0.0 0.9600906002635288 0.8781738649504751
0.9960717783806243 0.0 0.9635513286989916 0.853356314342945
0.9952365364812428 0.0 0.9649920872924577 0.8619977469019903
0.9966018556159221 0.0 0.9676783046603199 0.8747563805104408
0.9966886392815552 0.0 0.9694325671825508 0.9002573431537847
0.994012617647563 0.0006073401393990224 0.9624640477346694 0.8550668324525956
0.9927002584663343 0.0 0.9600903548169576 0.78402376739994
0.9958846308732595 0.0 0.9643102850590651 0.8422480751619578
0.9951449778170273 0.0 0.961474173862327 0.8342849727485077
0.9965296589539763 0.0 0.9636764473373328 0.8025017413512886
0.9942339207315839 0.0 0.9615763485978498 0.820715578449116
0.9896523027497092 0.0 0.9551139394563768 0.8157824366242379
0.993057041530666 0.0 0.9561546708250085 0.7612476543548904
0.9910405326434533 0.0 0.9553424498632693 0.7747003072661964
0.9886121224580926 0.0 0.9576822799218263 0.859018162201043
0.9946193268264037 0.0 0.9625302688423544 0.8468044293312408
0.9925985856070785 0.0 0.9600385105053135 0.8117837059521725
0.9834940287122097 0.0 0.9577195770429681 0.8711418006188212
0.9880145590851679 0.0 0.9599364568027147 0.8520301272617089
0.9945050891206213 0.0 0.9579591540207093 0.7519324849613503
0.9917546423010173 0.0 0.9617270468241028 0.8371666948531484
0.9920289504092774 0.0 0.9668423650047294 0.8524574101970582
0.9947701524965964 0.0 0.9678001611880193 0.8877531638055892
0.9855292570600199 0.0 0.9578626991996239 0.8444250581588567
0.9857833370665975 0.0003402517863218782 0.9547624231092671 0.8352080884959053
0.9914517874181107 0.0 0.9597491370441942 0.8534406940305517
0.9904335206003675 0.0 0.9575963418758179 0.8545087848582399
0.9914203525715657 0.0 0.9638769433759415 0.8753447963800906
0.9914967045389228 0.0 0.9614884945044755 0.8823084970359177
0.9952635978453263 0.0 0.9643482243853537 0.8962423694848896
0.9958102623333449 0.0 0.9651092799197919 0.90106887324016
0.9894019627333682 0.0 0.95304986432046 0.8820415744931751
0.9960052252328179 0.0 0.9520832452339855 0.8849665129026655
0.9938125124216687 0.0 0.9420968659719433 0.8913769476729432
0.994901340161578 0.0 0.9193923438925565 0.8421146878191408
0.9910642116809301 5.4244643341470026e-05 0.8892995822179915 0.8338968044992064
0.9916407874868229 0.0 0.8711616521110291 0.8787347994042476
0.9882230141395563 0.0 0.20264219723034863 0.46821000055774925
