0.9867836865070571 0.043006357113917516 0.1644145983658827 0.0
0.9966378077417297 0.04268574106329741 0.15041003723632088 0.0
0.9958644975331629 0.04112500232537332 0.1588688588007737 0.0
0.9951244821600977 0.04517250908560017 0.15112851589122064 0.0
0.9943852756220845 0.040569362139038924 0.1592901557875248 0.0
0.9957940105724773 0.04344746735379122 0.1586698773111257 0.0
0.9954000978116369 0.041865265915298315 0.1557867277710519 0.0
0.9886520831542968 0.03832774819419576 0.1584372007416006 0.0
0.9938195900351074 0.039159430622224836 0.16195795302860855 0.0
0.9909016168063595 0.04018971105573835 0.16839200073074748 0.0
0.9962836430071274 0.04286301804055523 0.16136767074570604 0.0
0.9900671105050667 0.041113449021146664 0.174031978335926 0.0
0.9885254501816465 0.04335672839875993 0.1660115150976154 0.0
0.9852551485175457 0.04000762832187869 0.17670965862607532 0.0
0.9945728530357186 0.04112692750838367 0.1771466282187723 0.0
0.992174101375293 0.04248262525834915 0.18478225583603133 0.0
0.9956738185910287 0.040474763127434234 0.18266996692552773 0.0
0.9950213371266002 0.04209574659434078 0.18218107688085547 0.0
0.9949338133135867 0.04160288149892917 0.18472252170619452 0.0
0.9940041976703416 0.04277519661536065 0.18865706443856112 0.0
0.9894173592738471 0.03860809415731293 0.19173511645122807 0.0
0.9966814644974022 0.04088271487936083 0.1894497203385516 0.0
0.9937203299293583 0.04004128046530138 0.1899139934163816 0.0
0.9951253464887109 0.03796202736682967 0.19215257960144305 0.0
0.9866913888987544 0.03863262801717049 0.19997825967065 0.0
0.9937392060541365 0.03795796030725451 0.2035805803447591 0.0
0.9935548952716334 0.03502767138271126 0.20024730788389983 0.0
0.9971923068965559 0.03947582742142808 0.20468559927901422 0.008703220191470844
0.9925062468218457 0.040008047765857355 0.2089356428649279 0.04228624535315985
0.9968678701151733 0.038651307687305785 0.20863233158812136 0.09110396570203644
0.9896977285793633 0.03508488616551382 0.21745830907810904 0.024138798089011818
0.9900844683552192 0.03732658985272381 0.21234272489708653 0.10684430512016718
0.9952804816045626 0.035731414627992175 0.22484096969483622 0.1254996003197442
0.9942150274067072 0.03428939529431064 0.22462112834728842 0.08101201124456939
0.9950868854600898 0.030816406529478688 0.23147792584253404 0.026329930145083287
0.9941481568486842 0.03128603715562819 0.23211811699657683 0.009556676400318556
0.9944376656604215 0.03147180054287725 0.2338422967057808 0.033415502602026845
0.9957200412255224 0.03445249377300759 0.23839281270417106 0.0062959076600209865
0.9952919788107701 0.03724806086240202 0.25383141233016354 0.0
0.9919950669600142 0.033399866119324974 0.24754827039615288 0.0
0.9952273847980758 0.03436376618646562 0.25759241780714176 0.0
0.9921762856260673 0.03344930646026516 0.2537900540696598 0.06408544726301736
0.9963710522804811 0.030987617597583842 0.26650949468062285 0.08650065530799476
0.9868516167093088 0.03101186871431751 0.2638190231650411 0.0016826923076923078
0.9886663683576058 0.03219621766994136 0.2736123619250591 0.061175847457627115
0.9943511648439675 0.034047652465347335 0.28218571805370646 0.2222766217870257
0.9926667617410624 0.0360291847691045 0.28735337705745095 0.22980038022813687
0.9957267443659749 0.03320666567964599 0.29720740777178145 0.26077097505668934
0.994733370765304 0.034195591425728575 0.2999652931531769 0.04116558741905643
0.9896319386982891 0.03595204905362617 0.30273296537465055 0.22767441860465115
0.9951915361309556 0.036609447381175116 0.30932861105774523 0.23490640653836015
0.9942145245050902 0.036191751178272114 0.3204390556795441 0.21130455521106606
0.9951100065517128 0.03423062566233718 0.3277344068764791 0.1000971817298348
0.9951965065502183 0.036061861318803554 0.340234600448609 0.19646408839779006
0.9957895611925665 0.03551561729751561 0.34634129201706676 0.0
0.9963296329876058 0.03515121508830352 0.3453844067774852 0.20499528746465598
0.9923322118582362 0.0347942238267148 0.349743232308666 0.18048557031607879
0.9967554195124191 0.035623156145049115 0.35574865265638733 0.2487080103359173
0.994457714008884 0.035453623326616474 0.3666132918571616 0.24475982532751092
0.9911208685453069 0.037469514448303896 0.3727811413113487 0.2751101321585903
0.9953181601939363 0.03928699309258283 0.39765334421937976 0.13943309712380159
0.9938818777910485 0.040350906590325836 0.391861024576819 0.2949808592088473
0.9952992066431124 0.03921428784462112 0.3973235166040353 0.26187473728457333
0.9955367683829807 0.04121643680190956 0.41865944362161117 0.23107135064368317
0.9953579216331554 0.04318878954795334 0.42985156803038305 0.20264488525865423
0.9951105354352523 0.041009161373535115 0.43257233521583194 0.18426395939086293
0.9945503423690183 0.041572397042694845 0.42547887777619303 0.2630323054331865
0.9956382679985266 0.037515007647732815 0.4286378964750389 0.15451406018746916
0.9962982728920518 0.04086984951958444 0.4443985465979001 0.15044486384470207
0.9963552193961498 0.04019245388540169 0.44202633033774313 0.14992025518341306
0.9937048562364561 0.03618185185030485 0.43566696081241885 0.13404340836012862
0.9966663599023521 0.038552467391486815 0.4412648142471035 0.1494297689833317
0.9955010833188246 0.036971454342559454 0.459441526793685 0.1292419462766466
0.9914762656306908 0.03889251052920711 0.46673165041407166 0.1609032258064516
0.9962527923902861 0.03790100777671875 0.47378287033484257 0.18177215189873416
0.9977666389080692 0.034258824353143334 0.4687023059107362 0.1263395786250638
0.9932246724193033 0.03837780093647582 0.4657797996215921 0.24349797184442853
0.9960753891513957 0.03645420597843911 0.45484578882117394 0.42737487231869253
0.9934419427452656 0.039778967698131724 0.4622354397678916 0.37707610877897424
0.9846795495274472 0.036615582004567354 0.4684725981320108 0.4474290099769762
0.9883392551455074 0.03613610695666568 0.47566513468207594 0.43950995405819293
0.9902390184316342 0.03729135838895371 0.48393482168196006 0.4442771084337349
0.9879500575359831 0.04101657671190786 0.5021496497584064 0.43896051571313455
0.9952419101514846 0.042298397866983604 0.5108114380837289 0.4417551802193975
0.9948288616726542 0.039913419078035396 0.517495870642092 0.534528417192911
0.9961491104708947 0.04146073076981408 0.5363717736279116 0.3892857142857143
0.9944392248341497 0.03936489505632072 0.5445927697080875 0.28524476734129045
0.9938861500713362 0.035671810718071253 0.5607941548241911 0.43669817690749496
0.9951964576110335 0.03244917945431371 0.5609641376055386 0.34659257092717166
0.9925675884921495 0.03435593577541912 0.5771085152226635 0.3732406308292352
0.9932291666666667 0.031744630655716 0.6062158546639762 0.34106011435635913
0.9917889300926785 0.02869229206436053 0.6065062096667247 0.4277843954734961
0.9929180625635551 0.026459360330207342 0.6301399427597059 0.3063973063973064
0.9937721000313039 0.016984976417607316 0.6366097456112307 0.450076608784474
0.994210404352128 0.016300920010519724 0.6621162924510405 0.4941628897129515
0.9935079557074249 0.009790062945264764 0.6906751829657377 0.43358081096516277
0.994905930082937 0.0018845301847431016 0.7037618043201241 0.4099316220154691
0.9941747691930191 0.0014136556277773336 0.7194473276037527 0.409995764506565
0.9907556279902701 3.1797816761901128e-06 0.7437933629340977 0.35095829721660404
0.9921696739657957 3.886101886525825e-05 0.7660208655539 0.3103336309765403
0.9933172140506414 0.0 0.779025458275879 0.20342245989304814
0.9967425354229946 0.0 0.8141146687140752 0.11569332135369871
0.9859688794674752 0.0 0.8270872528981548 0.1330033358441838
0.992906401625959 0.0 0.8791050720543772 0.22325639116406057
0.9919952723756312 0.0 0.903916917287187 0.32330261425615947
0.9951308237013603 0.0 0.9192963443944326 0.1317450187903283
0.9940823394317033 0.0 0.8952440742778677 0.05958945189312593
0.9917148286186307 0.0 0.9026010927521574 0.08245508148010586
0.9902889697672929 0.0 0.9230028310390069 0.19653874307225766
0.9964082354671033 0.0 0.9358242640551347 0.4867982568572161
0.9952784389877224 0.0 0.9350732647142148 0.48527312832489944
0.9932250031448187 0.0 0.9357530621232442 0.48744113029827313
0.9947194520468404 0.0 0.9351514067963628 0.4565795839380745
0.9953976890191004 0.0 0.9403731650112442 0.4788454851049032
0.996445066104789 0.0 0.9422749943795432 0.5083333333333333
0.9889640182991118 0.0 0.9359396209663594 0.5371587462082912
0.9946702444548386 0.0 0.9402202673547564 0.5003365492483733
0.9966703411628367 0.0 0.9394857140497438 0.5531694993109784
0.9923142477483458 0.0 0.9375610501488206 0.5222929936305732
0.9927696717040125 0.0 0.94284435171123 0.5003447483337163
0.9937026837849288 0.0 0.9425223509280728 0.46798343421471805
0.9949888222864988 0.0 0.9410383886429032 0.5037474928744854
0.9942318044882863 0.0 0.9419814929535092 0.5270077456176111
0.9923948896631823 0.0 0.9430520439157659 0.5532394971526807
0.9898691744561123 0.0 0.947188559351111 0.5278319858749186
0.9949049540006385 0.0 0.9512646214641758 0.567922090827785
0.99535598558667 0.0 0.9447477829086867 0.4801075268817204
0.9953206481516219 0.0 0.9496926962917863 0.559294728363018
0.993468538951534 0.0 0.9529259763903802 0.5653918159935811
0.9954883033768162 0.0 0.9489326620145453 0.6165070271238027
0.9948646104820636 0.0 0.9483531901778858 0.5712363463669463
0.9950857577143298 0.0 0.9515544092694376 0.6175977185036068
0.9945867135220008 0.0 0.9470761426231434 0.6636827574667448
0.9971368620694834 0.0 0.9475840019876308 0.6420221648701989
0.9943770616813102 0.0 0.9503913891802864 0.6643212237093691
0.9947890616947755 0.0 0.9512510317501641 0.6838542076674802
0.9964737144892201 0.0 0.9524682446934458 0.7160214323447287
0.9943934777420733 0.0 0.951538811992338 0.6759159675915968
0.9944698915693694 0.0 0.9514639984910915 0.6582951791004579
0.9964414074937751 0.0 0.9526469263568312 0.6632362459546925
0.9959013735436499 0.0 0.954595884788423 0.6841488807912546
0.9966260696866147 0.0 0.959867273509058 0.723580317099362
0.9937891623581474 0.0 0.9571065393200154 0.7301054650047939
0.991174032971065 0.0 0.958456475040545 0.7558385166060322
0.9942578605614981 0.0 0.9562372155136589 0.7332090575141181
0.99584387444298 0.0 0.9592050974127803 0.6892774492157367
0.9961731504044945 0.0 0.9581283659148319 0.707040390680639
0.9966313486122308 0.0 0.9613202431810713 0.6909840728100114
0.9951997015169853 0.0 0.9633482266366481 0.7494007191370355
0.996410029886445 0.0 0.9667175917593434 0.8084871034240032
0.9972859386405362 0.0 0.9685645528896962 0.8138684420272868
0.9954796487605523 0.0 0.9629988721925464 0.8353846153846154
0.9944064016568595 0.0 0.9632025854653592 0.8254362093805027
0.9951119258485991 0.0 0.9632989358585488 0.8096890978987049
0.9951942760733679 0.0 0.9612960961173823 0.8104743431493564
0.9958706154346842 0.0 0.9642373055307824 0.8118367211151403
0.9944390970807658 0.0 0.9625214099971614 0.8223056468011888
0.9907967864118018 0.0 0.956246621348118 0.8249391221714082
0.9934960233542993 0.0 0.9615455689865934 0.863320221196055
0.9905370754384389 0.0 0.9585297255525647 0.8360237892948174
0.9896321395926335 0.0 0.9589815446070992 0.8627736146716624
0.9951302388342856 0.0 0.9645176640045269 0.9047395472966294
0.992753127547422 0.0 0.9641493136235848 0.8870428873383486
0.9850635611151548 0.0 0.9587410634967638 0.8518488534477524
0.9886625861945916 0.0 0.9598621081509687 0.8353002108690023
0.9940976622291261 0.0 0.9659616044785972 0.868041124357432
0.9919369505910882 0.0 0.9646299841908876 0.8672091819935086
0.9923307095882286 0.0 0.9665444726095397 0.8357802311317709
0.994869568145115 0.0 0.9659665175806197 0.8561449599175025
0.9861021774661254 0.0 0.959915340004645 0.8512157815417145
0.9863089642254309 0.0 0.9580101252059868 0.8505957464112887
0.9915702596772092 0.0 0.9600250089929598 0.8406893154284046
0.9906630565727168 0.0 0.95940198611827 0.8522250708864628
0.9914636272657573 0.0 0.9584272835848221 0.8188191798733064
0.9917360222001583 0.0 0.9552841307225588 0.8262793524170209
0.9955973358851858 0.0 0.9524370319160171 0.8121817332398972
0.9960678006852197 0.0 0.9498868186107736 0.8054440307045828
0.9894611269099147 0.0 0.9368742384309812 0.7972260425859806
0.9956419251615016 0.0 0.9292040618548013 0.7849071988817271
0.9939775553184892 0.0 0.920187364731756 0.8073920895730519
0.9952011611126855 0.0 0.8955428049152026 0.7683350443697526
0.9912274012012019 0.0 0.8620712179869618 0.766988060332546
0.9921467669831294 0.0 0.8413524643958784 0.8355002807392632
0.9830254267655218 0.0 0.17993130738438443 0.3811377184177643
