0.9869973093051182 0.027968455020921466 0.17328049496105247 0.0
0.9962151211096435 0.028625416288902254 0.16065391212072602 0.0
0.995726422696363 0.030227299559387993 0.17109778263006625 0.0
0.9949168472687747 0.030075227709166506 0.1598925112750941 0.0
0.9942679458065249 0.028949381072430107 0.1689544020130366 0.0
0.9954216465100492 0.027637104851605195 0.16819644523542152 0.0
0.9955064042693292 0.027384851533050474 0.16291733246760595 0.0
0.9883451660155573 0.026322965904959025 0.16865444430246326 0.0
0.993945110994789 0.026100711606548182 0.16948824301964072 0.0
0.9907353578849313 0.027261831572802753 0.17565217520884807 0.0
0.9957948710992343 0.02814244476046951 0.16956347334356944 0.0
0.98957691552076 0.02736745894926405 0.18113468419092535 0.0
0.9883160782092433 0.02693797679234169 0.17058129823500884 0.0
0.985034893105454 0.02609951851845001 0.18382357998904025 0.0
0.9941173769521584 0.02645152806907762 0.1842250593363635 0.0
0.9917683713611329 0.02583423954816413 0.19170714091277452 0.0
0.9956078589150406 0.02490144884971212 0.18919728064805602 0.0
0.9949486437243726 0.026279384803909837 0.18750679047739138 0.0
0.9947496686476549 0.027928395770898187 0.19227085501473337 0.0
0.9939936649843085 0.025105045794426132 0.19390241083973347 0.0
0.9886777144578371 0.024133917601688874 0.19911006932718858 0.0
0.9959605907727411 0.02513605746942846 0.19650146702385507 0.0
0.9941164936689283 0.02531597536413789 0.1950663622490248 0.0
0.9956937337538261 0.023976601921984978 0.196940864996794 0.0
0.9864864534009725 0.02581447489299355 0.20645724810092564 0.0
0.9941321147345591 0.024454877103604205 0.20808879218061702 0.0013838915029061722
0.9933522326498528 0.02226438900334158 0.2069217993255065 0.0
0.9977710834578379 0.025541781119339725 0.2084415594794915 0.0
0.9920298724803908 0.025844104608651667 0.21042149807540583 0.0009293680297397769
0.9972879219447145 0.024093882958370644 0.2118930005027572 0.0
0.9900801165154004 0.021724950426691713 0.21858654819097154 0.017098315313050037
0.9905671555735259 0.022597036441180805 0.2138199275302083 0.09718734304369664
0.9959762552414246 0.02413592794055317 0.2262928574146657 0.10658140154543032
0.9957564246771526 0.024228785258363087 0.22481012578003506 0.11883465371837465
0.9959368530020704 0.022825773774320247 0.23165735479685742 0.1354110693175712
0.9947049138992302 0.023927946898049824 0.23145746059515648 0.038492168834616404
0.9946472455203017 0.021714428596058395 0.2334366849688455 0.13612708846891264
0.9952329985900067 0.02072133364921041 0.23833808532322912 0.07371458551941239
0.9952925926343805 0.02227331661842937 0.2569026927135035 0.07365728900255754
0.9927361380571578 0.020350967831878227 0.2486107657566718 0.0
0.9957320701032328 0.02218330595739704 0.2588494248370391 0.0012983640612827837
0.9929005522772931 0.02585902069379515 0.255287042014319 0.0
0.9967975874566035 0.023359334373374934 0.26683354056827624 0.14220183486238533
0.9874303567834171 0.02150306318103166 0.26309718446894087 0.06201923076923077
0.9888774106865584 0.024206844918886406 0.2731657889082458 0.03840042372881356
0.9947272381532867 0.026436105104682455 0.28179363518596556 0.2551943290149108
0.9930460780205278 0.027694430817830438 0.2866725561418925 0.1782319391634981
0.9958536063104398 0.022983526029402686 0.2977115038745046 0.2829428067523306
0.9944135105289026 0.02389294712711248 0.29978289449210527 0.21091581868640147
0.9892711418570452 0.025919299402043412 0.3015641650446842 0.4069767441860465
0.9946486562694462 0.025623188799229032 0.30810190351688294 0.40602883355176933
0.9937560687965478 0.025860124732469566 0.32056972217693674 0.3699022179823515
0.994979642915515 0.026672580489724925 0.32769715485965245 0.3667704093847259
0.9945947201627575 0.026645220110633996 0.3393883054519358 0.2868638100985717
0.9954676630962902 0.026197533339060875 0.34684925721036286 0.29521016617790813
0.9958055332452803 0.02370897856507475 0.3451439244122171 0.4026861451460886
0.992378113431606 0.024004031488146022 0.35017343827960684 0.38484432234432236
0.9965365863087041 0.024187551512561432 0.356356115473142 0.34345391903531436
0.9941483823699533 0.023800061048159522 0.367664134704136 0.374235807860262
0.9908631859526896 0.02506303821550262 0.37269069565808033 0.44372713578652895
0.9950534784983851 0.0293543047440838 0.3971320827615073 0.3636552009946125
0.9938447963111938 0.030510528864705837 0.3907703501240267 0.40882408634728273
0.9948940645007242 0.029853216796523706 0.3973622556730987 0.39823356231599605
0.9952127105862644 0.03125861255372553 0.4182020560414121 0.4442982456140351
0.9944693102010905 0.03223220977880875 0.4295726142370403 0.4731073675664705
0.9942946228125239 0.029811692456692566 0.4306799172687856 0.3679187192118227
0.9944815062299096 0.029288169089023656 0.4238226617459123 0.3989573750383318
0.9949231733628783 0.02662212886118668 0.42523029698997933 0.1912051411654271
0.9955378131761464 0.02752574123283269 0.4405368099014648 0.18893313195111905
0.996020204370504 0.027849978810566466 0.43916394133728504 0.1845229877122739
0.9929329905143737 0.023537757232162344 0.4340307410868744 0.25501914277710336
0.9964496210548487 0.024152323386661873 0.4382303913002192 0.26358490566037734
0.9953568247545777 0.02485861743112597 0.4569926282220526 0.19134049186006236
0.9910437256936229 0.017989520839039735 0.4622053601151951 0.29326445459964234
0.9961071011213454 0.02050951096006596 0.468655936123697 0.2408877244355398
0.9975022347457908 0.02142827817171948 0.46652852867157296 0.169223210873956
0.9926759192581542 0.02084210986640234 0.4623055338006163 0.299849009681144
0.9958531274742676 0.01574600371576256 0.45180347066048065 0.715991902834008
0.9932046805852098 0.01854677308210808 0.4594320098862349 0.6529090909090909
0.9847302675160504 0.01614784207698725 0.4661079941835706 0.7103553687428353
0.9891314628779657 0.016259180411194025 0.4734669339611284 0.7247275460353251
0.9904325942907506 0.017429608316845327 0.4806403774488657 0.6297229219143576
0.9876053801065982 0.02046816920477996 0.4993151242482021 0.6857725839361899
0.9952458405670416 0.018554268894808868 0.5062945315565005 0.6365828453324147
0.9947616838014588 0.017839736574531334 0.5131582500996897 0.7287480680061824
0.9963845383873076 0.015137510622665976 0.532038154645708 0.7170148187823603
0.9945531311438425 0.013909745686119105 0.5414749267248609 0.6343431017451432
0.9943652351071438 0.012019962046037287 0.557971663343508 0.6066795884896377
0.9951272365781472 0.010768136764044292 0.5590727609556663 0.5870042441094687
0.9929150243650263 0.007061128879679265 0.572565427844778 0.6155884645362432
0.9931999359769135 0.003747389238111574 0.601060940983669 0.5661333333333334
0.9918822823081929 0.0 0.5977332766309958 0.3929824561403509
0.9924290357948425 9.435155819454005e-05 0.6235723161747635 0.43987956487956487
0.9940646563751634 0.0 0.6328399061819925 0.4594157388904748
0.9941956099086777 0.0 0.6586182341182095 0.48569886670264434
0.9929237039917693 0.0 0.6892740589761442 0.5377348126991102
0.9940610504816861 0.0 0.7036836014944968 0.4950985559186255
0.9946620200330815 0.0 0.7199161320919552 0.48253658536585364
0.9896759804890428 0.0 0.7435309475347607 0.4414568345323741
0.9916434607665313 0.0 0.765244794633052 0.36208330183687354
0.993402072742808 0.0 0.7775996000098099 0.25820683859446397
0.99603322810782 0.0 0.8154729855309686 0.16153566350319104
0.9853526666187226 0.0 0.828577136984982 0.21494574432010852
0.9923312721252845 0.0 0.879964269448133 0.3426904376012966
0.99124527138374 0.0 0.8994723216319159 0.324105698364192
0.9942103960796739 0.0 0.9099623964034307 0.13043585872336214
0.9939331826542097 0.0 0.8877599568373553 0.07875202411299762
0.9914435077558716 0.0 0.9048632191273039 0.1270210622271266
0.9902988934868657 0.0 0.9255160786690235 0.30238000114148733
0.9960690553160919 0.0 0.9366400767807862 0.6673374418312162
0.9946117784710516 0.0 0.9338335624109778 0.5264560710760119
0.9926262110145972 0.0 0.9349415478752522 0.5501258389261745
0.9948767379105757 0.0 0.9352958418268782 0.558047493403694
0.99521301898043 0.0 0.9387164654566296 0.4670643374520665
0.9958226946077019 0.0 0.9417632958152189 0.5846184860397138
0.9882845608804167 0.0 0.9361610584694969 0.684810421028146
0.9939238490045157 0.0 0.9398582728248123 0.5850320604842568
0.996241876236225 0.0 0.9392868955480584 0.6347323297776891
0.9917326027894525 0.0 0.9383630225855525 0.668267266040049
0.9920322320488187 0.0 0.9426883939721785 0.6430871212121212
0.9933444144650208 0.0 0.9439865519486392 0.7152856407617088
0.9951183002430438 0.0 0.9428884892934725 0.7603562551781275
0.9940430509625536 0.0 0.9434779790647179 0.7515067681059184
0.9923985907656352 0.0 0.9446412639916839 0.7864529472595657
0.989821667347621 0.0 0.9488587052789683 0.7377516315837853
0.9948258588644752 0.0 0.9530470057513339 0.8052974896224551
0.9945958859818086 0.0 0.9466834819391216 0.7636412507839799
0.9954319158781283 0.0 0.951729927049431 0.785479719534925
0.9926745099621509 0.0 0.953793930443084 0.7488266845457593
0.9948642457040199 0.0 0.9502343381212489 0.8192239858906526
0.9953391450970849 0.0 0.9505587092919032 0.7547169811320755
0.9957287068684197 0.0 0.9537531136914478 0.7985935072368959
0.9947247358630397 0.0 0.948757696737709 0.8417440452159871
0.9967675741045697 0.0 0.9491701881679288 0.820781554124869
0.9944426884099573 0.0 0.9517973919536576 0.8057512163241595
0.9958314888593773 0.0 0.9537775921135306 0.8569011918492887
0.9964613226176355 0.0 0.9539923563021379 0.8649546158955058
0.9938176643548532 0.0 0.9532499211439386 0.8707705430764856
0.9947823680489228 0.0 0.9540819387959197 0.8639909327288486
0.9960184128372415 0.0 0.9551814955713185 0.8658575534972852
0.9957226013161049 0.0 0.9568045871987015 0.8804796286745745
0.9968496318533069 0.0 0.9619621345312193 0.8844044611497935
0.9933697379920348 0.0 0.9588409945248679 0.8873649210307565
0.9909045511239485 0.0 0.9603420059071982 0.9127431059506531
0.9946056341677718 0.0 0.958453534292353 0.8757297297297297
0.9956313524594949 0.0 0.9614565091673251 0.8481536339956075
0.9949620467992607 0.0 0.95917672198316 0.8369709809331428
0.9956880128830111 0.0 0.9608909463834133 0.7487841068337318
0.9947641776996712 0.0 0.9642861888657821 0.8415016617516267
0.9961563302051567 0.0 0.966777709716127 0.844518302677108
0.9963854636187134 0.0 0.9689671305590527 0.8843419532569092
0.9938750002679821 0.0 0.9618856814341213 0.8462376892833509
0.9927264908469449 0.0 0.95946970763362 0.7642182442697668
0.9955536018138949 0.0 0.9638260010939753 0.8355656295075211
0.9949325265755804 0.0 0.961174173443227 0.8306414549274506
0.9961841171401051 0.0 0.9632405804819598 0.7977018887784341
0.9938512457244114 0.0 0.9619799575391009 0.8363683363970589
0.9904388755213691 0.0 0.9554777096189476 0.8115743354030589
0.9933816210953629 0.0 0.9565731783701023 0.7611450240473548
0.9913801125161336 0.0 0.9575815328637096 0.8110852500912742
0.9892086251365927 0.0 0.9583159449410512 0.8635969317870514
0.9946108077558087 0.0 0.9627043974347295 0.8558158051887731
0.9926942666021055 0.0 0.9627872430987298 0.864939291525848
0.9836712473286986 0.0 0.958467733380856 0.8793146453308774
0.9881950828506605 0.0 0.9606424301729456 0.8625521238250053
0.9942936537756443 0.0 0.9606291947455472 0.7884390540477341
0.9914975748192835 0.0 0.9643267682038441 0.8769281016642171
0.9917664333938143 0.0 0.9677031946702139 0.8657986415699641
0.9945361978344446 0.0 0.9683132262499282 0.8966253634641603
0.9858003427220754 0.0 0.9599870324800637 0.8631115702034712
0.9857506325323222 0.0 0.9572771919527806 0.8558831474549454
0.9913371069465344 0.0 0.9613957248115369 0.8642341549295774
0.990741392453537 0.0 0.95875075031565 0.8553960403962805
0.9916882186053457 0.0 0.9627587070212529 0.8598799834866714
0.9918355073366623 0.0 0.9618235149038122 0.881157493632732
0.9953237500553987 0.0 0.9596160508160666 0.8639904481487493
0.9959101630404728 0.0 0.9596759319409831 0.8668605640557558
0.9891899773219678 0.0 0.9476813723499684 0.8559172938343567
0.9955618273808521 0.0 0.9443517677847886 0.8525871629114712
0.9938905643293274 0.0 0.9336222767266061 0.8588611475237699
0.9947768388076726 0.0 0.911904633631854 0.820316262193005
0.9912617896023862 0.0 0.8766686610823029 0.8028613787310607
0.9919317229465858 0.0 0.8585948968891995 0.8611138216579798
0.9892431031068828 0.0 0.19842716699926663 0.4502031143054652
