0.9869338455917641 0.03565694031780326 0.17246684978658527 0.0
0.9963027949988597 0.03395924639685061 0.15927135150718116 0.0
0.9958318490895397 0.035719713832193425 0.17011975670140528 0.0
0.9945125145673627 0.037143372185558576 0.15931152989795186 0.0
0.9944300353481127 0.03401701733875383 0.16757635485850583 0.0
0.9951465078665707 0.034131934487871905 0.1673503919022889 0.0037025609379821045
0.9954864061903863 0.03350932011636677 0.16276894784055496 0.003078817733990148
0.9881348065532888 0.031305022739462014 0.1673456882623229 0.0
0.9939194321304774 0.031550698328418975 0.16852163215091245 0.004988913525498891
0.9906199015629851 0.03364954596093865 0.17535473988240038 0.00795924864692773
0.9953788076021869 0.03349780309711661 0.1686141720636866 0.008532423208191127
0.9898408855252327 0.03360944629613409 0.18024641942851857 0.0
0.9885279302288383 0.032270339728127324 0.16989013998945698 0.0045297095656807885
0.9846731833157207 0.03136684938080209 0.18305604085472382 0.0
0.9939042349056183 0.03386631248481712 0.1837570038152593 0.0
0.9915814747142232 0.03252247988641742 0.1904752566272829 0.0
0.9961365699546596 0.0309751954694504 0.18915754003687363 0.06538333886491869
0.995050533998674 0.0319358988326997 0.18695667075014605 0.0
0.9947641293395622 0.03392285269606448 0.19130540037691776 0.0
0.9941791747866489 0.030839234979780333 0.19322121052901373 0.001976284584980237
0.9883451977819572 0.030162351728501673 0.19789708243149345 0.020956316410861865
0.9954204443838006 0.031752820631459844 0.1957242948871651 0.12103910933485584
0.9942139804453969 0.031963221945611915 0.19464753151033193 0.001145147437732608
0.9957128801583989 0.03035921588149162 0.19673955925153264 0.09781751249013937
0.9866554380742311 0.03173062183843442 0.20578678767425823 0.0025802752293577983
0.994537327650428 0.02987702910839945 0.20774886674521237 0.10545253252145032
0.9925957959366666 0.029494055934424425 0.20609823652485804 0.005411563657077755
0.9980751049749167 0.031735510084730106 0.20862187711711508 0.11575282854656223
0.9916609549920037 0.03260491991686996 0.21121647645561784 0.13197026022304834
0.9972727350137276 0.03100213718887233 0.21221756717131346 0.17095391211146838
0.990065567981882 0.029597536723073414 0.2182344100319825 0.09856675886346493
0.9902710359692024 0.029508405084457966 0.2128667603381093 0.199951992318771
0.9957350555117811 0.03069183300457844 0.22618329197235656 0.19877600979192167
0.9955054329323824 0.03106999738587753 0.22461538952099364 0.26237373737373737
0.9956378369586112 0.02982195022275142 0.2318406884335656 0.2904352498656636
0.9943538020369821 0.03036731914344919 0.23214241809698372 0.17334749137244493
0.9944404852075863 0.02907308875372406 0.2345868720566543 0.38153930430019173
0.9955484721916905 0.028348497447694427 0.23941263495860746 0.33342077649527807
0.9953637477166646 0.03159196495135522 0.25850545609286646 0.30562659846547313
0.9927680819842551 0.029240214967264675 0.24978750347614462 0.14788902291917974
0.9959718963662781 0.030823467193319878 0.2596961634571828 0.3048006096012192
0.9928170063046522 0.032148354001815795 0.2556276879738755 0.22456608811749
0.9970793813725765 0.03137614736035756 0.267551239448634 0.3036260375709917
0.9872651134999924 0.02908026580678083 0.26388035350101974 0.30516543680076175
0.9887131694900645 0.030565659428619416 0.27391215122687607 0.28743771308680827
0.99485749479515 0.03244684759907599 0.2825707905497038 0.4193157000727979
0.9927515838320919 0.0342739135162955 0.28735546202937806 0.33293726235741444
0.9958149673404062 0.029733179840547824 0.29779744679234293 0.4462111801242236
0.9942607340083681 0.03320646527056235 0.30069186246313245 0.396854764107308
0.9892069942575362 0.035464294026029825 0.30293710521328376 0.5290697674418605
0.9945632096749105 0.03564831541866137 0.3092755262553244 0.5461578133058278
0.9936510798158666 0.03456619704075961 0.32120988948971546 0.5073739295908658
0.9948974054087015 0.03356106624409817 0.3283161573072728 0.491432651118515
0.9944301340019781 0.03395972062977318 0.33996393180092715 0.40052041633306645
0.9951773420628413 0.03395257618282688 0.3474881801173644 0.4513317191283293
0.9956104862361469 0.03367198942763224 0.34600127497323757 0.5304921120791146
0.9923877025594426 0.03331513229503039 0.3507650302118434 0.4768435251798561
0.9963307672054167 0.0342454823955028 0.3571079526471926 0.41881998277347116
0.993961183858577 0.03405893640078343 0.3684940655803661 0.4458515283842795
0.9907603636197436 0.03550283229214792 0.3739168923350542 0.5423177083333334
0.9951045172390244 0.03638886495772015 0.3979370535183422 0.4613461137737029
0.993885244014733 0.037846019923308306 0.39148914482918185 0.5199365205316405
0.9951137432755168 0.03648851350121793 0.3979509395084929 0.5081125487779832
0.9952169965498456 0.03812885385459217 0.41845616894991483 0.5012180267965896
0.9947074575739637 0.03974240628362619 0.43038405121217493 0.514564863397865
0.9945165384358472 0.037909298807690305 0.4307957659388422 0.36924646181308174
0.9946523217907236 0.03885393559892082 0.4232851530115705 0.31951193175682974
0.9952110433995395 0.035128117460801314 0.4269187894075158 0.2374118024374599
0.9957506841191995 0.03782849688409746 0.44057970782110095 0.17982715757073517
0.9961115434311993 0.037826297585651356 0.438873036451313 0.1658510059815117
0.9930210820470847 0.03252371477294752 0.43229801827742514 0.20606907059421026
0.9966013986691333 0.0344816479715442 0.43698081389876026 0.19423705086327578
0.9952700758866946 0.03416215182888946 0.45716341646012165 0.15252612842864316
0.9909675508993009 0.03669507888612353 0.46431669830619166 0.23675712813466163
0.9959751868314365 0.03460103475593834 0.46902538745269357 0.18869224247562527
0.9976722081521773 0.029576488548725313 0.46691455395461684 0.16817359855334538
0.9924350881159855 0.03404777251239999 0.464179563715492 0.3237302248126561
0.995699573916357 0.032957223301053024 0.45471409717999467 0.8062
0.993006958262844 0.0358174259147004 0.46279277660057516 0.7285457809694793
0.9844617852321579 0.032953717650678116 0.4687798427973261 0.7948960302457467
0.9891185557129449 0.032338403432669686 0.4761871172327742 0.7851932895696572
0.9904358053732821 0.03316243143400873 0.4833823992443325 0.6734522207267833
0.9876224921640703 0.03648327124836629 0.5018393887278344 0.7750236518448439
0.9949491875362163 0.03674804933299773 0.5102477580033647 0.7067453625632377
0.9947368993509044 0.03362660232145331 0.5158887248568369 0.7594287806664226
0.9962355310718546 0.03271280547937803 0.5350498078122798 0.7058167330677291
0.9943352378997172 0.03261042895869877 0.5446550896003043 0.6685870224378411
0.994099140157023 0.025986221912998337 0.5593835754234902 0.6312880827547116
0.9949933542738277 0.02307896413609116 0.5602301365110418 0.6466342613050523
0.9926478909143323 0.023039260590039877 0.5752703268632456 0.6681649101053937
0.9931899654421505 0.019789273803249803 0.6046073531187308 0.6324072806897496
0.9916673557606459 0.010854636212373318 0.601332801948552 0.48712559117183396
0.9924304453574284 0.0055934524460103255 0.6261066763425254 0.563988603988604
0.9939860417674579 0.0014826960647502092 0.6338563788505228 0.5365827981892831
0.9945148574856676 0.000956544866620317 0.6581206119881499 0.46892544075642667
0.9933567535364178 0.0006441347807118844 0.689233538005505 0.5326333127444924
0.9941032092173496 0.00018832797047017423 0.7036820631956504 0.5266132346896836
0.9948133901244394 0.00011434157831397625 0.7203722055323631 0.5374156411274316
0.9894788210033184 0.0 0.7437929650219228 0.4877737226277372
0.9916286158353451 0.0 0.7652281408015813 0.38344582066305716
0.9932910795361124 0.0 0.77799453765119 0.2868465252991812
0.9960153675972072 0.0 0.8144892880346205 0.16798217104652244
0.9853596315328474 0.0 0.8294659839995921 0.22763157894736843
0.9921598161498623 0.0 0.8783850651730557 0.32413793103448274
0.9911458223838656 0.0 0.9000659181986544 0.37364517969195665
0.9943214010679605 0.0 0.9195683633180284 0.1981694775812423
0.9941276453619379 0.0 0.8899040911980378 0.09428015050498383
0.9917144764379014 0.0 0.9085758608454563 0.15234116807233694
0.9903344487622338 0.0 0.9259602223398886 0.3329522720777365
0.9959280563427706 0.0 0.9370312899763755 0.7482762943462454
0.9946063605125636 0.0 0.9352792300498857 0.6664448880017743
0.9927575113268248 0.0 0.9362363115179186 0.6811660214074243
0.9949057775474462 0.0 0.9361964877195176 0.6603181247383842
0.995158904277827 0.0 0.9371815350344809 0.44157931516422083
0.9960502608771414 0.0 0.9432385042225981 0.7272031489175595
0.9886385718976366 0.0 0.9371640783030468 0.7975335249042146
0.994161689541493 0.0 0.940704234496237 0.6700019428793472
0.996053532721096 0.0 0.9392505234456497 0.665681883160202
0.9918250195695826 0.0 0.9387872522211814 0.7300481508042209
0.9923909889200917 0.0 0.9442374219502447 0.7784220335473183
0.9935201951423911 0.0 0.9444589838351869 0.7659206510681587
0.9953140110029937 0.0 0.9436358116483818 0.8427738442315702
0.9941748114662035 0.0 0.9444401201925806 0.8494437072573237
0.9926977621649753 0.0 0.9452281303824398 0.8420409410326917
0.98992414965789 0.0 0.9493847813612587 0.794278925242186
0.9947185632634868 0.0 0.9533483730765857 0.8580632565404139
0.9949277235057976 0.0 0.9474631601178091 0.8296962679255366
0.9954995970212539 0.0 0.9522239099924339 0.8365879637848394
0.992780859528212 0.0 0.9544416272166946 0.8069059132943073
0.9950951237032974 0.0 0.9506734929698636 0.851253384575072
0.9956792732226842 0.0 0.9512333682164749 0.795919974795211
0.9958870086574604 0.0 0.954140652700722 0.826058631921824
0.9952937633554282 0.0 0.9495628537971957 0.8847739953100995
0.9967544160521351 0.0 0.9493140550573027 0.8403097377456352
0.9948612428052024 0.0 0.9522672681343097 0.822319380733945
0.9963134180516664 0.0 0.9542990441238202 0.8743455497382199
0.9967448508513004 0.0 0.9544860703169616 0.8908424908424909
0.9941476690488548 0.0 0.953869427193955 0.9060009872364432
0.9952738755907655 0.0 0.9547149009417125 0.8883720930232558
0.9961162359194952 0.0 0.9556164605007695 0.8851729399796541
0.9957233738343184 0.0 0.9569148944869579 0.8938058668009569
0.9965649666307707 0.0 0.9619441716588465 0.9010027347310848
0.9935196697084144 0.0 0.959281981331061 0.9148898574625987
0.9912412113198434 0.0 0.9608920140665376 0.9357052243109215
0.9941938423178482 0.0 0.9585942032855655 0.8967050629520493
0.9959185245980109 0.0 0.9621740601396492 0.880792019040867
0.9951554712489772 0.0 0.9596985237671285 0.8642437199358631
0.9959561658973444 0.0 0.962033506053161 0.7920800510964445
0.9949714358460241 0.0 0.9647224080823529 0.8589010786392551
0.9963252718422831 0.0 0.9669196240400746 0.8496965369510889
0.9964354181974885 0.0 0.9692221529001908 0.9004624532041401
0.9937998086149012 0.0009827725748641461 0.9619509881863956 0.841244485014453
0.9927481979038818 0.0 0.9578861274694084 0.7246540957511939
0.9958863444934115 0.0 0.9636956156499987 0.8246590684498321
0.9951622654602997 0.0 0.9613233140470074 0.8302261515792171
0.9965010297301579 0.0 0.962247020121123 0.7688109806515627
0.9941725487857347 0.0 0.9610456501799196 0.8090208781337616
0.9900962621376455 0.0 0.9549224200406891 0.8058721571511108
0.993360394443201 0.0 0.9559005011148456 0.7539245759653554
0.9913006354575459 0.0 0.9554941001672803 0.7750392161076133
0.9890856011765877 0.0 0.9570565588369477 0.8391854392903183
0.9947401210395158 0.0 0.9618862960224244 0.8338042035871752
0.9929914871006146 0.0 0.9605534000425876 0.8170406034970078
0.9836778212449804 0.0 0.9576178585892203 0.8675849437446268
0.9883028488880234 0.0 0.9593977907984559 0.8413574568128386
0.994426123431283 0.0 0.9585300208631944 0.7605734553366517
0.9917692132675846 0.0 0.9617523370675709 0.8379055528186361
0.9918534638347536 0.0 0.966429406140444 0.8492222993629798
0.9946859746402965 0.0 0.9677339055793991 0.8886517000509956
0.9853800074001564 0.0 0.9583584632421842 0.850389588686261
0.9855142500176799 0.0003397893306150187 0.9544047644459623 0.8326519994053813
0.991447912758057 0.0 0.9602306390090732 0.8574123619400426
0.9905503527963704 0.0 0.9590315880893086 0.8640661845929664
0.9914675666025391 0.0 0.9641156906363753 0.8770361138484726
0.9915381603103074 0.0 0.9617660594828705 0.8842794759825328
0.9951715234849338 0.0 0.9647217512432794 0.8992018507807982
0.9957897849100507 0.0 0.9647776748473496 0.8991044745463321
0.9893753531809479 0.0 0.9528275780093568 0.8812983573450018
0.9959233012350495 0.0 0.9520814105522227 0.8855274925216641
0.9938228293094117 0.0 0.9424871732225751 0.8925713667820069
0.99484105910022 0.0 0.9213148871600549 0.8482327204454589
0.9908782325563938 0.0 0.8916861753967528 0.8400972910578342
0.9917311760307821 0.0 0.8737071560428775 0.8824244377740621
0.9884213005383644 0.0 0.20156368716453027 0.46290171585543355
