0.9865389293551703 0.031176709196843424 0.1735648773220355 0.0
0.9957418953426576 0.030813810055665452 0.160397769536829 0.0
0.9954579465552588 0.03268413591355083 0.1710671632404507 0.0
0.9944477132923242 0.03268297235100125 0.15989400367097378 0.0
0.9939596452898085 0.031494635164660195 0.1687791157333679 0.0
0.9951874037309602 0.030558807437182575 0.1683861277008692 0.0
0.9947222463309899 0.029909154802165532 0.16295375783768623 0.0
0.9881529333481203 0.02856985611114848 0.16865216471322858 0.0
0.9935139301991134 0.02870192370851415 0.1694055203276812 0.0
0.989989329977292 0.030174661336492655 0.17574600984500796 0.0
0.9955892089610558 0.031069219190420168 0.16955554752461233 0.0
0.9894751476861501 0.029961192226871762 0.18094497110699853 0.0
0.9878322558648815 0.029300384471608876 0.1704519371184767 0.0
0.9849458436508337 0.02853100008225653 0.18383794914048507 0.0
0.9938611956635446 0.02889089999095936 0.1842144726955708 0.0
0.9913455449196938 0.02886621401206236 0.1916669337370917 0.0
0.995381449546776 0.02804328077501985 0.18942269951296023 0.0
0.9944986677229749 0.02874752168288258 0.18739845569232064 0.0
0.9942677937236495 0.031012321247218273 0.19211295882328966 0.0
0.9934190023567908 0.027845986479135908 0.19373759407741456 0.0
0.98838886020591 0.026703333091677165 0.19893092825358413 0.0
0.9961200799882944 0.028075701795201764 0.196772023027525 0.0
0.9939449970401012 0.02840950536726653 0.19530344529565738 0.0
0.9952577875943039 0.02686699682915503 0.1970396931752866 0.0
0.9861305799349439 0.028492829794982334 0.2065583325875763 0.0
0.993594565944829 0.026911229264604715 0.20820504166361525 0.0013838915029061722
0.9933866429264105 0.026042615906142156 0.20727741726306553 0.0
0.9974529997529665 0.02892233882346892 0.2087933128458859 0.0
0.9919072347327479 0.028527260552423835 0.21102038371698376 0.0
0.9967838068385783 0.026775785221293025 0.2123100955158399 0.0
0.9895985705951347 0.02526269149262499 0.21868341566421076 0.004526024641689716
0.9901790110108936 0.026163325774995 0.2139996777340417 0.11200200451014783
0.9955667709105548 0.027290862316769263 0.22655188362124457 0.13828936850519585
0.9954700179109468 0.027306600408028507 0.22521932976857106 0.168668540761564
0.9954141895156122 0.02570695906273153 0.23205690672608176 0.17006985491671145
0.9942606952185645 0.026670901263321334 0.23183117825289123 0.05149986726838333
0.994431249696742 0.025251807337017065 0.23425729137426865 0.23774308408655162
0.9945468693209566 0.024503189929075575 0.23883224925305419 0.11044071353620147
0.9947558235187898 0.02644434608877656 0.25734630718609025 0.06342710997442455
0.9916997758251436 0.024683969766031055 0.2492002316651204 0.0
0.9952581114727533 0.026120834716633002 0.25923799884100346 0.0028190671450538185
0.9923886539630187 0.028533772720082014 0.2556285654084173 0.01335113484646195
0.996782890874947 0.027004825743955862 0.2676180356662254 0.18654434250764526
0.986639034931695 0.024680161438611254 0.2633533371165791 0.11322115384615385
0.9879082349242728 0.02680843950701908 0.2734459647710739 0.04263771186440678
0.9938174582184104 0.0289454636934514 0.282065769083795 0.3030599755201958
0.9926954602498158 0.029885677017361355 0.28713746448075433 0.23788022813688212
0.9951946167824481 0.025753550836654353 0.2979236211743966 0.3313177122700932
0.9940259313564433 0.027785661103079395 0.30042038143783467 0.25046253469010177
0.9888691337202855 0.030275225246421043 0.30217707352745754 0.4432558139534884
0.9940282869339453 0.03035271105281903 0.30886572880312463 0.4437729900157646
0.993643481704902 0.029525074917030467 0.32134008290816324 0.4118769377533985
0.9946412648225201 0.028928862463405064 0.3280974865066857 0.4167066730676908
0.9943005067303178 0.02944369960534018 0.3398128899782256 0.3347271586870165
0.9953762454917783 0.029897408748157793 0.34736992908478787 0.36070381231671556
0.9955390452025596 0.028543542252040446 0.34575298178582897 0.45004712535344016
0.9923003272330626 0.028423416896102015 0.3507987862981295 0.4210887465690759
0.9965247568779847 0.0293131510813838 0.35721521931812256 0.3725236864771749
0.9943881585926876 0.029594734398089764 0.3688325376352366 0.40065502183406115
0.991346336696106 0.03127821780434985 0.3743650189320844 0.5063512921594393
0.9947585506086265 0.03255669170021476 0.3977681048163392 0.42092102521358615
0.9932874880840323 0.03384135054741077 0.39149122467540004 0.4611143925969679
0.9948883939881626 0.032939003245048726 0.39819244399178794 0.4397480186953871
0.9947642394528177 0.03477339899491544 0.418907110308713 0.479244454206018
0.9950167930911205 0.035706227668224164 0.4307388511700483 0.4963429500203169
0.9939445978064044 0.033844372541119425 0.4316993547603601 0.40228405983593374
0.9947926561350694 0.03390639988385803 0.42498620871896364 0.40491259795057266
0.9947015747017205 0.030452381509461487 0.4269228284458893 0.21816863976805992
0.9955904409315983 0.03239959930274149 0.44152981901373867 0.19134752737908986
0.9957340387100528 0.03218601446584657 0.4412642008507505 0.2096046896137081
0.9926149531759697 0.02793631973243773 0.4343305095420547 0.2486312679238724
0.9962136898059016 0.03034139153012175 0.4386852430138522 0.24919668526974462
0.9948811854860155 0.03023152134925118 0.4577630253382514 0.19067933553099348
0.9909961413768451 0.030836226421758577 0.4649652574325529 0.3032189049888165
0.9960562313742732 0.024877948438672328 0.469853731831632 0.25410948574875586
0.9973127346451178 0.02560758673844684 0.467578410703442 0.1804418103448276
0.9923614209354832 0.029166733457004754 0.4643145985337983 0.3150271038834089
0.995474099799935 0.02743095609689896 0.4542468908808889 0.7531338455317428
0.992883415463696 0.02745729311075721 0.46147094535448835 0.6810810810810811
0.984388952334932 0.025615485619644357 0.46785438609596375 0.7540106951871658
0.9888543951324801 0.02624674619512676 0.4752047953295813 0.7209428830462375
0.9902103166201759 0.02774498847262679 0.48268169920850124 0.6459872830383228
0.9876381522342536 0.03134368825534938 0.5018327730351791 0.741464339908953
0.9946880459728132 0.028390806786373936 0.5085007887657504 0.6713082344851298
0.9943602503386629 0.026487840892017944 0.5150225787384145 0.7434741784037558
0.9960295482172528 0.021512784271241526 0.5333549437927957 0.7127278923155563
0.994603094623751 0.020702620710265823 0.5430253605044058 0.6573218480814409
0.9939441610955487 0.016966073279112794 0.558561135400918 0.6358151854031784
0.994890812880492 0.014906535371332444 0.5591673539785559 0.6073454339194555
0.9926538994369221 0.012219879020758597 0.5736872017637545 0.6662964138368772
0.9929474751746109 0.005463521357585151 0.601628399749257 0.6172451489477999
0.9916080496565677 6.257784380973913e-05 0.5993533099591215 0.4995048960281659
0.9924472649267072 0.0006304345495287823 0.625538570036537 0.5767721363747854
0.9938190512633654 0.0 0.6336460385665436 0.5249637455976797
0.9942189227222592 0.0 0.6586845543357448 0.5009603072983355
0.9932531591958947 0.0 0.6893393780065493 0.5384126311327753
0.9940210113819857 0.0 0.7036116170397994 0.5030556121409656
0.99478349540208 0.0 0.7200292654238222 0.49613365155131267
0.9891505692564888 0.0 0.7433105330032437 0.44317375886524824
0.991240096489395 0.0 0.7650139316073292 0.36933590848313774
0.9928027502232636 0.0 0.7777948248714285 0.2814635458703255
0.9956121304130047 0.0 0.8171108878042556 0.18489537230464187
0.9852041345863527 0.0 0.8300546082798949 0.2389891035619449
0.9917653543177537 0.0 0.8800504939186887 0.35876288659793815
0.9904440631362302 0.0 0.9000272644141488 0.36400470526728534
0.9931685680125251 0.0 0.9196545184041067 0.19811219179557119
0.9932177448229396 0.0 0.8928650522480941 0.09324689744094841
0.9908032055142424 0.0 0.9071209395656669 0.144609742238752
0.9898500566322749 0.0 0.9257679047074273 0.326487747957993
0.9956826761344625 0.0 0.9367472754786018 0.7223350253807107
0.9942231650744846 0.0 0.9346445054798893 0.6169443226654976
0.9917643339329926 0.0 0.9354776914626295 0.6597442215182447
0.9944775145575532 0.0 0.9358277149940972 0.6362264150943396
0.9949614823138089 0.0 0.9388646724702774 0.49931635617843106
0.9955312754856945 0.0 0.9419054905745609 0.6270466949666464
0.9882985865586227 0.0 0.9365014881815996 0.7307288629737609
0.9939432932014501 0.0 0.9400707007693907 0.6255278310940499
0.9959418704021052 0.0 0.9395251308883208 0.6816555952989269
0.9913797798088531 0.0 0.9384077312774062 0.7201357946106514
0.9917968357264941 0.0 0.943790863580601 0.76352
0.993003990154702 0.0 0.9439767900003422 0.7418688693856479
0.994676476202044 0.0 0.942781908478703 0.7861940684096311
0.9938945608095928 0.0 0.9436578754210773 0.7815792113976121
0.9922815536800283 0.0 0.9448357938284548 0.8192872117400419
0.9895060130626401 0.0 0.9488346023380745 0.7594587130626899
0.9948493408990896 0.0 0.9531844538524473 0.8199169303797469
0.9944093842396785 0.0 0.9467296744027801 0.783212398100869
0.9951120454708252 0.0 0.9516723690176841 0.8022840827980015
0.9924327087226175 0.0 0.9538393995255473 0.7695226851071006
0.994683668919605 0.0 0.9502258744205647 0.831312505531463
0.9949817533117278 0.0 0.9504261175717487 0.7673756622123824
0.9955620301296716 0.0 0.95374520550071 0.8092618441579769
0.9947323337726616 0.0 0.9487923926756471 0.8576910516002613
0.9963505801655533 0.0 0.9488557041903486 0.8214258996035012
0.9941953913622177 0.0 0.951582194275735 0.8050346220427005
0.9957345781290521 0.0 0.9538375416314655 0.8677359367735937
0.9962211161836998 0.0 0.9538545008933499 0.8677276091783864
0.9936742277189285 0.0 0.953240278156256 0.8785439521299331
0.9947260006592499 0.0 0.9541148852872132 0.8691626409017713
0.9962348716386668 0.0 0.9552919241757101 0.8686791001730436
0.9959023323581394 0.0 0.956942866716246 0.8809815950920246
0.9968094393846074 0.0 0.9619494958200465 0.884734239802225
0.9928607290830859 0.0 0.9585406825166405 0.8896568160152526
0.9904344808830287 0.0 0.9600588079264545 0.9141440653251677
0.9947441282333743 0.0 0.9585789869059335 0.8736996098829649
0.9951946763177865 0.0 0.9611513497493951 0.8463788944207771
0.9949181745887802 0.0 0.9591041058412789 0.83389997536339
0.9954895839089352 0.0 0.9616610392818908 0.7836808860430907
0.9947104984045099 0.0 0.9644969529541435 0.8551208501833913
0.9960597197324024 0.0 0.9669752146283789 0.8577931034482759
0.9964405889990883 0.0 0.9693028463117561 0.8990557553956835
0.9935636899938691 0.0 0.9621854521511014 0.8635767901822947
0.9925392657680033 0.0 0.9599195593711485 0.7818230852211435
0.9955241460541814 0.0 0.9641973576481327 0.8490434782608696
0.9950207791770773 0.0 0.9615030948736242 0.8388921977367481
0.996236019728157 0.0 0.9626505371714856 0.781566741109775
0.9940733877537979 0.0 0.9618330905042823 0.8299948785068002
0.9902079545576797 0.0 0.9554784117651166 0.8150754848761618
0.9934133180926221 0.0 0.9573719208994331 0.7811455790696021
0.9915455274931827 0.0 0.9575944267059731 0.8128360599473744
0.9890384511186574 0.0 0.9588039102537681 0.8798178565620426
0.994448819247949 0.0 0.9628696763722608 0.8579561817416539
0.9928681110525784 0.0 0.9635394181045354 0.8757413935031767
0.983381995490252 0.0 0.958080727944739 0.8781619776384174
0.9882440048273847 0.0 0.9601335067127802 0.8510219372375459
0.9943719784005658 0.0 0.9606752661308307 0.7891826211580701
0.9914049942036872 0.0 0.963978997854693 0.8727955415613405
0.9916093141686809 0.0 0.9672569462875225 0.8620930174625713
0.9944027360790836 0.0 0.9680837741959831 0.8951328445712498
0.9857451029533355 0.0 0.9603066509130407 0.8681946881694963
0.9855927178509079 0.00012876089102536588 0.9569279185183668 0.8523246786854136
0.9912582549417197 0.0 0.9611739128936787 0.8638709564548015
0.9905131645645109 0.0 0.9584598459845984 0.8538579620924702
0.9913034443471791 0.0 0.9625806799465003 0.8610435332250453
0.9915339897914456 0.0 0.9626618355742635 0.8879208837732354
0.9948511688445424 0.0 0.9602845011376462 0.8702665366487892
0.9955687865662243 0.0 0.9594019637147952 0.866524036602655
0.9893162753598392 0.0 0.9475343507505113 0.8548250307489421
0.995417355307237 0.0 0.9444089207215328 0.8533385375203852
0.9936127868797494 0.0 0.9336848981718496 0.8598165348942772
0.9944509906659048 0.0 0.9110313652487042 0.8185798468709321
0.9909479173875763 0.0 0.8731547299639835 0.7954441150284083
0.9913326777194208 0.0 0.8576332467822543 0.8602456116707659
0.9894024837986122 0.0 0.1943738745163065 0.43490548950320046
