0.9864659605539408 0.040101191897302164 0.17165329078080757 0.0025604551920341396
0.9958686470888675 0.038736124956972276 0.15870178402791715 0.0
0.9950564498209935 0.03850414070312065 0.1689980058936749 0.0
0.9944115326495406 0.040725130400339364 0.15910146508907072 0.0
0.9936768270250385 0.037113589248191345 0.16656693626697247 0.0
0.9952266714865509 0.038042317108622783 0.16699010979983706 0.0
0.9948070879323007 0.03820886401200017 0.16280287959669412 0.0
0.988002866890602 0.034305492154314166 0.16719578765172885 0.0
0.993722883908586 0.03403853075716118 0.16843347663530459 0.0033259423503325942
0.9904023094656624 0.03700249279019945 0.1755469428606637 0.004775549188156638
0.9956178088772959 0.037493636959538564 0.16903881994395248 0.0002844141069397042
0.9899159102151041 0.0368716726856417 0.1802250685336497 0.0
0.9875484830286453 0.03687398790621099 0.1695992753873492 0.0
0.9845421608061038 0.03400703854604328 0.1834337013279359 0.0
0.9937786246398604 0.038263133426313344 0.1838585329927762 0.0
0.9909006917941333 0.03730573767935269 0.19013291813798108 0.0
0.9951969892686805 0.0336551724137931 0.1889035625170634 0.08629273149684699
0.9943757888288306 0.03577558474089263 0.1866462484284697 0.0
0.994089222327813 0.03801973634767729 0.19075387566671437 0.01337295690936107
0.9931737623183889 0.03522198973277497 0.1931494533975957 0.007905138339920948
0.9881449378520231 0.03347150350179803 0.1977800549182231 0.01770956316410862
0.995762675706942 0.0358516079494216 0.1956243830346289 0.11047673422780474
0.9936859461460525 0.03501574471635258 0.19413291266838179 0.0
0.9951935520102355 0.033309536644472615 0.19640779727033 0.038127793846962924
0.9861269425769776 0.03452301877980796 0.2051010232448569 0.0
0.9936061302981485 0.033382171051401614 0.20718733814239707 0.061444782729034045
0.9929081048309716 0.0321729346782412 0.20523375383865852 0.0005696382796923954
0.997629163720363 0.03604371662344736 0.20860583616214984 0.07397737162750218
0.9914202068293062 0.036991581376720505 0.21153999345022614 0.07156133828996282
0.9971077447222729 0.034712734843602835 0.21231861240655303 0.05171489817792069
0.9900260159116043 0.03323421916620207 0.21839894723192116 0.049283379431732464
0.9900271066271367 0.032319904743004564 0.21308513830106415 0.16916053766167893
0.9952840147494219 0.03390752893736997 0.2261040133592208 0.20570210498268052
0.9950083890039517 0.034129051099562734 0.22429177808260983 0.232813697929977
0.9952130465433858 0.03241334980263039 0.23150941247035828 0.25470177324019344
0.9938532063589396 0.033362418518708616 0.23216225429470252 0.08866471993628883
0.9941119757164094 0.032777557911315605 0.23503502600643397 0.3168994795946316
0.9951258875081818 0.03158277928053189 0.23961058725750414 0.2864637985309549
0.9948138386246139 0.0351473653180805 0.25949579619963203 0.2313986192789568
0.9921135429633012 0.032589995315354385 0.2500527376342055 0.07408337518834757
0.9953734402504407 0.03437360576366971 0.26056223888464897 0.23529411764705882
0.9927938467822559 0.034460903318817626 0.25593117690354195 0.1807743658210948
0.9965389086889401 0.035021856891819275 0.2680125743322333 0.2422455220620358
0.9868225494043625 0.032446891231999 0.2645886611200578 0.2375
0.9880616161564945 0.034496800099072036 0.2744732128038722 0.21610169491525424
0.9939765637694468 0.03604097437611361 0.2829473144783008 0.370270929948743
0.9922920826514935 0.03786852197274086 0.28796026370906774 0.31630228136882127
0.9953436200413763 0.0332423331923472 0.29796409142354974 0.4217687074829932
0.9941360298850378 0.035286041647459486 0.3010457411990101 0.3670212765957447
0.9889851575637932 0.03773055480717742 0.3032145236508994 0.47186046511627905
0.9940537761317213 0.037893425305621266 0.30949941534388553 0.5095904613789528
0.9935678308673436 0.037250109022470106 0.32148526186170007 0.48427073403241183
0.9947092528908803 0.036123451017068035 0.328543348256462 0.4661016949152542
0.9938527797614971 0.03772765061503642 0.3406658806175978 0.43239683933274803
0.9947898520694507 0.037883863597146274 0.3479638248021919 0.4281524926686217
0.995243222746972 0.03691230763912152 0.3463992656135428 0.48892554194156457
0.9919957724491676 0.03672229592064186 0.3513967901632845 0.44565711687130516
0.9966328419973798 0.037664602263456165 0.35794137976367046 0.3648105017997036
0.9943918043896098 0.0376487836393907 0.3695707033041986 0.4019629225736096
0.9913075504672402 0.03946042221823353 0.37514721113545363 0.5003248862897985
0.9947402543708378 0.0402278149290819 0.39872014834349495 0.42976240100041685
0.9932882606318173 0.04181478004759427 0.39245445114439476 0.5181182453909726
0.9951359015354913 0.04029174586305769 0.39876338050221827 0.45948739148408435
0.995036731095927 0.0418407798123935 0.41897852306943983 0.45838991270611057
0.995268353679007 0.043921017247616254 0.4315888392896619 0.4968632371392723
0.9942132357049673 0.04199410609037328 0.43189531523804475 0.3761605679956308
0.9946832153516981 0.04346183019992415 0.4257080158693835 0.3780439121756487
0.9950397030385313 0.0393759572260618 0.4297613118824387 0.2892151898734177
0.9957932378212351 0.04314303859995766 0.4429800453864599 0.19809901531728666
0.9958466635712632 0.04251852623077908 0.44160169909405284 0.19990554581028203
0.9928870318224483 0.03800292662532228 0.4343608377248919 0.24279187017488577
0.9961554622103126 0.03958826856627633 0.4389533970367518 0.23080793559516963
0.9947084893867554 0.03863807869850682 0.45896092635515284 0.19630842512652574
0.9912087805340059 0.04161303720575955 0.4655415021347391 0.25560437923586804
0.9956707947218877 0.04010398475597625 0.46989554599934924 0.20522845305479373
0.9974040218032725 0.037934889531710196 0.4681467436729833 0.17496167603474705
0.9920799672579652 0.038752217278781004 0.4651928934050487 0.3257894736842105
0.9952717944783568 0.03758419157760003 0.4555060271319979 0.7756877022653722
0.992723401030427 0.040412499606993516 0.46372181935952733 0.6969862018881626
0.9839921679701367 0.03786544404625452 0.46987377182444273 0.7696284948295672
0.9885421347929954 0.03707998937174381 0.4774795082611004 0.7860829669279297
0.9899897966259522 0.0381196665368506 0.48475086706889303 0.7073488372093023
0.9878291899958995 0.04132273775954883 0.5033161297977101 0.8024544734758512
0.9940782224927712 0.042134778123081404 0.5111866224805085 0.7160344827586207
0.994114041800095 0.04006871314195189 0.517335363434726 0.7856866537717602
0.9955628734831323 0.04022385390445211 0.5369406187354828 0.7707670554966419
0.9943897058208743 0.03948279803010258 0.5468661985205635 0.7499146466370775
0.9933145517107582 0.036791104165241284 0.5623062916864332 0.7384514219957258
0.9948752626770759 0.03326240623196769 0.5630384185474857 0.7104706073929328
0.9921082608861436 0.03166087026323699 0.5771635070041087 0.7203432609793033
0.9928823326254704 0.03032837141047934 0.6071628876534225 0.6827753370701409
0.99131125999319 0.025330585089771256 0.6061354931375679 0.6208327569511689
0.9924555526552394 0.0162323957996319 0.6296960794710792 0.6455886369844305
0.9937729688075363 0.007004700321784553 0.6363755537012717 0.6533420707732635
0.9946848013551916 0.006064210661348821 0.660560181443892 0.5506417736289382
0.9931491835176474 0.003105342986416049 0.6904573754882489 0.5826006478482184
0.9939009079092485 0.00011835561019041804 0.7037665073737218 0.5459670424978318
0.994703715263868 0.0 0.7204779633925265 0.5403217327305225
0.989020363034612 0.0 0.7439592111640162 0.5180153573538098
0.991200528644792 0.0 0.7663896358435467 0.4410891509033845
0.9928087006318499 0.0 0.7810181579540378 0.385040765685927
0.9953372437506692 0.0 0.8196269529708122 0.2203663358347454
0.9849941858956669 0.0 0.8309734175220566 0.2580941335652846
0.9918083939868676 0.0 0.8786725306927582 0.3358508661511719
0.990413043960755 0.0 0.9033779126766023 0.5279178509214266
0.9933408570047616 0.0 0.920576785269382 0.22545454545454546
0.9935745278130172 0.0 0.8979460322341111 0.11667708186344669
0.99103648785505 0.0 0.9097154412540905 0.1625496679540971
0.9898286823510094 0.0 0.9254869580295436 0.3341773576412334
0.9957111902008555 0.0 0.9369466996498238 0.7562382445141066
0.9944263791942028 0.0 0.9356736478018282 0.7147261086080152
0.9919379976132376 0.0 0.9356285728571191 0.6822105145163099
0.9943894348880624 0.0 0.9363046344268616 0.7017582660621475
0.9949339152927407 0.0 0.9401302805632601 0.6013425321648331
0.9956755041334134 0.0 0.9433635357789337 0.7681570585565138
0.9884654578284713 0.0 0.9369480173200958 0.7947207164741927
0.9940781049935979 0.0 0.9415741722085696 0.7691366266132621
0.9964404962267224 0.0 0.940699406423397 0.7695486677542143
0.9915310222706532 0.0 0.9380908083726691 0.743103448275862
0.992421748176601 0.0 0.9450522909956658 0.8638428344310697
0.993582330908471 0.0 0.944519382883988 0.7664167004458857
0.9944958840595804 0.0 0.94314272442773 0.8500155585520174
0.9946367222811032 0.0 0.9446806785707047 0.8740465883323026
0.9927143451510707 0.0 0.9454454880138027 0.8627813752698119
0.9895066573165464 0.0 0.9491932254397922 0.8029057017543859
0.9950840543077252 0.0 0.9536943517063096 0.865160848733744
0.9939454922001261 0.0 0.9467756342719533 0.8232632419483631
0.9950485706229591 0.0 0.951996456828317 0.8447569877158626
0.9932420763176606 0.0 0.9544521622078073 0.7791728212703102
0.9951029149578571 0.0 0.9507598051202315 0.8573807854137447
0.9952796564493975 0.0 0.9509788936072829 0.799826758012442
0.9953873122640385 0.0 0.9539493087955018 0.8392009169805141
0.994851741916327 0.0 0.9494591499219436 0.9018961253091509
0.9966235958007782 0.0 0.9495365825177214 0.8632478632478633
0.9945130153254933 0.0 0.9525039800412133 0.8557303370786516
0.9959600585102458 0.0 0.9542970877711052 0.8966812294013949
0.9963275010134431 0.0 0.9543500510029156 0.9044824297557039
0.994205236478053 0.0 0.9539416373557283 0.9078198552659313
0.9946590488448941 0.0 0.954316946449842 0.8915078680034526
0.9960923855344969 0.0 0.9555959009317638 0.8976859820233314
0.9956329146182681 0.0 0.9567621250699897 0.8866421949853792
0.99681425940296 0.0 0.9621737524789361 0.904390243902439
0.9934257460129725 0.0 0.9591844501702909 0.9126886266220422
0.9904928368038582 0.0 0.9603364733085922 0.9342393182079927
0.9946517827587141 0.0 0.9588337898996633 0.8991456665412928
0.9950977530687202 0.0 0.9618267681121397 0.8933162612035851
0.9954861280725383 0.0 0.9605571745625615 0.8980859805591742
0.9957640486437817 0.0 0.9634195577981863 0.858674643350207
0.9948535021997128 0.0 0.9649313333820803 0.8733775329162387
0.9965046789663916 0.0 0.967207045662319 0.8561394029447521
0.9964426344403395 0.0 0.9694051555567658 0.9051085230280572
0.993977608452359 0.0 0.9619730178884376 0.8472222222222222
0.9929427719300105 0.0 0.9577468011737391 0.7191510065073283
0.9956461597530124 0.0 0.9619399914875241 0.7794167882985
0.9951264411343936 0.0 0.9606876199957335 0.8124100381751048
0.9964528590568853 0.0 0.9614668439040893 0.7514489823426338
0.9942339961964831 0.0 0.9611059733953503 0.8105631684034901
0.9907935899616543 0.0 0.9554992606197525 0.8114482575857956
0.9939963288545939 0.0 0.953058415536643 0.6944201358503146
0.9913840599632623 0.0 0.9538448093257004 0.7461029121780103
0.9899274666914606 0.0 0.9571422681545819 0.831666196541324
0.9945752706243225 0.0 0.9608881708972795 0.818790533142424
0.9936077680709305 0.0 0.9593341990239181 0.7872797107998193
0.9841068955093238 0.0 0.9574753227353358 0.859495406046236
0.9890035423461074 0.0 0.9588296838992149 0.8247767857142857
0.9944172405607067 0.0 0.9543837885727516 0.7108050258520042
0.991823833177368 0.0 0.9592122147212953 0.8037611215961176
0.991757173532035 0.0 0.963874894434899 0.8213258514022751
0.9945124358468219 0.0 0.9667837493874826 0.8789015045322867
0.9861096134461661 0.0 0.9568091223441875 0.8299771305984497
0.9865431747676267 0.0 0.9510567401511716 0.7989715357926787
0.9914496001364463 0.0 0.9589545286736063 0.8475093787325674
0.9914103910988014 0.0 0.9566431653380798 0.843729640459993
0.9914827617933518 0.0 0.9630260324061737 0.8708302906123491
0.9919209978562245 0.0 0.9599351805520439 0.8724576512140723
0.9953355515323905 0.0 0.9639602271241491 0.8957095371445484
0.9964020425716194 0.0 0.9682505017063061 0.9169962296627188
0.9894234942373535 0.0 0.9550234112467071 0.8918051034245154
0.9955040725900179 0.0 0.9561151704101233 0.903146113318662
0.9938815722490731 0.0 0.9495921208310651 0.9179610255716869
0.994605434174201 0.0 0.9277158878662376 0.866969643610792
0.9917415822020178 0.0 0.9001126514682394 0.8585190700300777
0.9916955814290259 0.0 0.8903433875249032 0.9041714607251136
0.9874967255079484 0.0 0.2097520285129294 0.49027755016570157
