0.9867516449043613 0.036305196943688584 0.17250894528658056 0.0
0.9959836702954898 0.03406564864985894 0.1593627504534681 0.0
0.9957386214223354 0.03584320586624902 0.17005745074990614 0.0
0.9945668885008944 0.03680660045922508 0.159458257733319 0.0
0.9942436312732044 0.03401221204747795 0.16750057802070598 0.0
0.9951627143003798 0.03432431674055783 0.16748724799337625 0.0
0.9952707179884915 0.033325051299381625 0.16260254491017964 0.0
0.9880818912652736 0.031456906000748165 0.16737607486840467 0.0
0.993843531495095 0.031449417439813485 0.168632785712156 0.001385809312638581
0.9905391468955763 0.03412220134551463 0.1753093767638917 0.0
0.9954046561087692 0.033874034850440445 0.1687988998431582 0.0
0.9899399228820979 0.03383964865287131 0.18049169179308217 0.0
0.9881235683838848 0.03236614688169581 0.16956073802070148 0.0
0.9846730390829731 0.03147438369739122 0.18319626399332176 0.0
0.9937254311933156 0.03385556485028608 0.18350177811497956 0.0
0.9912456124232764 0.03290980671177261 0.19023543402952103 0.0
0.9957228655310651 0.031269098739411805 0.18908609233748014 0.021573182874211748
0.994621440686409 0.03204153578428609 0.18682438705245685 0.0
0.9943915736814336 0.03395025105995051 0.1910729455512991 0.0
0.9936036866135081 0.031270760132399336 0.19301976332071843 0.000282326369282891
0.9882637403741176 0.03045621747624458 0.19785706755604113 0.0
0.9956129019678572 0.031967543667857055 0.19563265135940422 0.029403368541250356
0.9938353003632096 0.032214659548627796 0.19421093168319134 0.0
0.9954614479421487 0.030684213646563964 0.1963162206619346 0.004207204838285564
0.9865346738269559 0.0321018350218441 0.20532299753921016 0.0
0.994267115298888 0.03048318791976046 0.2072542295966304 0.049820094104622195
0.9926941386928386 0.029884461161008614 0.20529174094258937 0.0
0.9980175825459643 0.032854422300609226 0.20839196375875838 0.0
0.9915052349339161 0.03453306910581201 0.2109814292090956 0.012314126394052044
0.9973235781813227 0.032126646586066655 0.2117523294259092 0.0
0.9901015661154006 0.030563215989588697 0.21793448660839065 0.011817953231078702
0.9900776905592719 0.030125372683999698 0.21276792342814538 0.13689271255060728
0.9956036295217137 0.0314522204699099 0.22586348238266274 0.14940079893475366
0.9953257818222937 0.032030050811808194 0.22407055622279537 0.17812420138001533
0.9955059087380316 0.03066039637489518 0.23108289960933026 0.1937130574959699
0.9943181888423371 0.031554912410639534 0.23166369083045668 0.045925139368197504
0.9942354187809683 0.030269579948392453 0.2344418491161407 0.27115858668857845
0.9954456880183872 0.02980071511199916 0.23935629432170322 0.21852046169989506
0.9949570117222519 0.03297898517610228 0.25865709143761423 0.18797953964194372
0.9923236094048296 0.03058983802492066 0.24973906345788074 0.012317747611865259
0.9955515241942484 0.032255433548211254 0.2596494452482049 0.15587778353184878
0.9931491824153104 0.0321446092614575 0.25562035622771223 0.12977303070761015
0.99694066050225 0.032135256537299 0.26737961647893727 0.2053298383573613
0.9870771069328891 0.029837659914933132 0.2637475538920899 0.17548076923076922
0.9885788024601843 0.03157852765049249 0.27370955753148163 0.12579449152542374
0.9944377337291745 0.03342758952563868 0.28251687135094766 0.3319461444308446
0.9924386460861081 0.0350853403930178 0.2870037579419204 0.26259505703422054
0.9956189596669468 0.03040752523337784 0.29748301866778964 0.37566137566137564
0.9942429271473502 0.032655527503396065 0.30031921132650397 0.31891766882516187
0.9892264432764868 0.03565439055477292 0.30265268490990593 0.43046511627906975
0.994327268484987 0.035505850299597186 0.3089293342626526 0.47695128339444737
0.9935105753136292 0.03455583208588563 0.32085694578032703 0.43143334128309085
0.9949602934055708 0.03351448121570185 0.3280530861610278 0.41177896267571495
0.9941951590462846 0.03451188367008444 0.3400588308075466 0.3640542907180385
0.9950778535187786 0.03457519623084413 0.347273980182967 0.3824535679374389
0.9955914536416075 0.03402699696072552 0.3458121206776291 0.45970782280867106
0.9920867920550471 0.03363942373722649 0.35048752023491325 0.4103967168262654
0.9965277400226893 0.03455986048426186 0.35714458201792443 0.3462532299741602
0.9940404813411026 0.03444449552855277 0.3685333140231883 0.3792576419213974
0.9909238561580385 0.0361507192230533 0.3741381294662942 0.48384260276983954
0.9949279148014302 0.03729518522918497 0.3979894530008146 0.389745727386411
0.9936760542607495 0.03878206866977182 0.39185610856580233 0.4790217162133671
0.9953433046130238 0.03723241113294449 0.398061999265213 0.4162271805273834
0.9953231596215427 0.03891955391770329 0.4185865326633166 0.4445797807551766
0.9948184134765017 0.04067972499675704 0.4307727976882415 0.4888930722891566
0.9944084548437793 0.0384490294426414 0.43138994690674054 0.3831506058857473
0.9944177395618669 0.0397287281251482 0.4252257304694072 0.3959487030020402
0.9951296630013573 0.03584329781406135 0.42978256780498736 0.30894217839533844
0.9956596019762664 0.03859669433389007 0.4416922124813216 0.18440561292030713
0.9960360657406981 0.038467930246772745 0.44119293369427276 0.18238709677419354
0.9930097788024236 0.03342553915308211 0.4329538532714447 0.2135566417481311
0.996382443956938 0.035456652498757096 0.4382134689426909 0.21353080239187874
0.9952020598866095 0.034768533412165 0.4578343832033686 0.18060374739764054
0.9911901117561878 0.03689625149941492 0.46498685398735745 0.28942204780592223
0.9959478916946435 0.03456491962178078 0.4699989773286546 0.22354506152311274
0.9977405953200149 0.030751105771057885 0.46674709492184197 0.16175302759579113
0.9923143379258053 0.03425754936501076 0.4644072498979418 0.31656129258868987
0.9957434434799824 0.032656590275662076 0.45461061792340623 0.7586067233697853
0.9930645618114873 0.03565774627141016 0.46290349652994756 0.6850136239782016
0.9845364227275728 0.03262477015355992 0.4687583000290599 0.7557894736842106
0.9890248046634311 0.032261712439418416 0.47628822363421264 0.769319051262433
0.9903224208805904 0.03304646389251726 0.48368979812786156 0.6994973003165146
0.9878950601553834 0.036113736120264105 0.502103326506332 0.7790143084260731
0.99459346272825 0.036218058838710494 0.5099250314497539 0.6979274611398963
0.9945269193856805 0.03306493309859722 0.5157149386571082 0.7682460833014902
0.9960272873675413 0.03245415902791142 0.5352973691007118 0.7527317589002468
0.9946700838001836 0.032349633213699595 0.545281922919827 0.7179056888739721
0.9937517405865509 0.02654607314181092 0.5598323262718342 0.688109468386285
0.9950774396962513 0.024661807232830422 0.561018210098225 0.6640576080150282
0.992507971004132 0.02340740131486712 0.5753474867862786 0.682570593962999
0.993072324785855 0.02083710780702072 0.6050193377364855 0.6389969736273238
0.9916363884829821 0.013942805056838004 0.6034039151619557 0.5751743735468872
0.9927095403047398 0.006820270968101359 0.6273921680312156 0.6242904290429043
0.9938525039800862 0.001917246493772766 0.6350946572495321 0.619112883129828
0.9948269894919772 0.0012249640677206802 0.6593654522255216 0.5248843245683331
0.993441653993683 0.0012008991347367774 0.6900680786745712 0.5685873394703944
0.9941749628012362 8.607865975526761e-05 0.703833379409165 0.5323532567872089
0.9949462990518013 3.4297669473359284e-05 0.7205796102239013 0.5334166146158651
0.9892811382689234 0.0 0.744009105784484 0.4977217644207465
0.9913745621451866 0.0 0.766162157230122 0.42081184495092333
0.9930701935496262 0.0 0.7802662567003086 0.3517086390376099
0.9955448913167612 0.0 0.8186197286231506 0.20258147545327226
0.9848651694931241 0.0 0.830578203246623 0.2493830675778284
0.9920386562896966 0.0 0.8790510855273707 0.334516306675641
0.9908129049136827 0.0 0.9024854119920546 0.45823135911241636
0.9938820063226591 0.0 0.9249309019477331 0.2545072801131955
0.994132673197104 0.0 0.9016794102924 0.12056783843127024
0.991393804486453 0.0 0.9132452822095707 0.17776869636289333
0.9902391520207092 0.0 0.9260086686201896 0.3329095637099104
0.9959286486413675 0.0 0.9370088942006224 0.7414837244511734
0.9946717231041157 0.0 0.936226690391163 0.7516641065028162
0.9926705021106816 0.0 0.9363401350676547 0.6934195064629847
0.9948671834856236 0.0 0.936758106317025 0.7057740970784449
0.9952018098456137 0.0 0.940202323654496 0.5856244721779112
0.9959771431124914 0.0 0.9436163842495834 0.7671809256661991
0.9886331902801266 0.0 0.9372264299465738 0.8036332179930796
0.9941146918996454 0.0 0.9414498141263941 0.7420139272687079
0.9961879826492164 0.0 0.940330220475059 0.7464208242950109
0.9918406069952893 0.0 0.9385460244591709 0.7343880972338642
0.9926372009934407 0.0 0.9449040617175385 0.8248961724099225
0.9938333590516616 0.0 0.9446279085123432 0.7575510204081632
0.995021186563219 0.0 0.9434027512201155 0.8366579634464753
0.9944317423250383 0.0 0.944437463366229 0.8524590163934426
0.992803172460109 0.0 0.9454533523764311 0.8499586092715232
0.9899348727057431 0.0 0.9493687479669007 0.7841304746197545
0.9950336624098058 0.0 0.9534751160320765 0.848825831702544
0.9944753031117481 0.0 0.9470770368770232 0.8132739420935412
0.9954899544334191 0.0 0.9521264924382031 0.824772605671482
0.9931918185232311 0.0 0.9547539019601318 0.8022549869904597
0.9953952349732565 0.0 0.9508469230094526 0.8437197855322142
0.9956809158414228 0.0 0.9511400595823767 0.7872642626055394
0.9956648158861582 0.0 0.9540031602989174 0.8235679750880931
0.9950299389047711 0.0 0.9496056892358057 0.8916280608868299
0.9967965761531468 0.0 0.9495219508143965 0.850348288517714
0.9948005478992537 0.0 0.9527537885381319 0.8574121550294074
0.9963003668170027 0.0 0.9544463547917593 0.8862289277191903
0.9968986490335529 0.0 0.9546112569733746 0.8891502499264922
0.9943780588994839 0.0 0.9539669219056309 0.8987135990952785
0.9952993645478929 0.0 0.9546719675277786 0.882447234838365
0.996155118855833 0.0 0.9555495269813967 0.887087508776409
0.9957291780057299 0.0 0.9567943977416999 0.8834525153682098
0.9966740382222752 0.0 0.9619731932447042 0.8990022647976985
0.9935735527882545 0.0 0.9591965151224348 0.9082910121648754
0.9909725730804263 0.0 0.960672120374357 0.9316565481352992
0.9943502691805889 0.0 0.9585360940340419 0.8922191132156694
0.9955157160085786 0.0 0.9620099357501198 0.8809645709604751
0.9953342688823754 0.0 0.9602851523608202 0.8883317454746026
0.995933747249926 0.0 0.9632282901393874 0.8442086972426722
0.9950737796150204 0.0 0.9650213952050474 0.8682261391336958
0.9964693882594522 0.0 0.9675602478923941 0.8743356287840274
0.9964831229691196 0.0 0.9692990555192006 0.9025418089872688
0.9940663441884793 0.0009526558891454965 0.9624931466968605 0.858138629283489
0.9928112951743422 0.0 0.9588458928195752 0.7485717912911006
0.9958171405733157 0.0 0.9634770924221432 0.8179523325574534
0.9950825999122944 0.0 0.9613453132459109 0.8297927044833682
0.9965275100017642 0.0 0.9631623586250383 0.7883975543864639
0.9942681109478975 0.0 0.9616351463712056 0.8203055555555555
0.9903016557335247 0.0 0.9551220781079923 0.8111746707463083
0.9937294636946926 0.0 0.956152532904526 0.7502032887603903
0.9912354078573665 0.0 0.955415341339392 0.7694905774029773
0.9896058545350739 0.0 0.9577059645060271 0.8449512843224092
0.9947829028783063 0.0 0.9619307727542654 0.8390048674959437
0.9932881465415732 0.0 0.9610560593379368 0.8220407519182594
0.9837419546858142 0.0 0.9578653521179359 0.869543128104772
0.988639722913441 0.0 0.9594962116278891 0.8399543262266306
0.9945437780901747 0.0 0.9586582936772765 0.7604205558625428
0.9917579181509923 0.0 0.9619186923241884 0.839495537227432
0.9916465578096956 0.0 0.966382502766273 0.8501135226190767
0.994626083867455 0.0 0.9676705641645326 0.8867681166280116
0.9857997316946004 0.0 0.9574765881429902 0.837229366090136
0.9861608143334002 0.00033918426185025017 0.9538914077375615 0.825123447140716
0.9914170815235154 0.0 0.9593993349891076 0.8509190910406715
0.9909882066268662 0.0 0.9576391267789854 0.8527899976846492
0.9913550073345662 0.0 0.9631060555813491 0.8708092091575013
0.9918728994805989 0.0 0.9611369785690246 0.8788967286722258
0.99546381475686 0.0 0.9649071150142224 0.8991466521842122
0.9963544911562433 0.0 0.9662641069878353 0.9059684424821418
0.98965241618433 0.0 0.9539019710772404 0.8849151114854382
0.9957437070938215 0.0 0.9529410633038025 0.8894812368843352
0.994010914509398 0.0 0.9450124490120252 0.9016550334117902
0.9947550664658659 0.0 0.9230657049180327 0.8529980928091635
0.9915076677485049 5.377789728421619e-05 0.8945307415895651 0.8450539931064829
0.9917179638322203 0.0 0.8784614238092645 0.8884610087968265
0.9875089593038288 0.004070556309362279 0.20234943447139367 0.4662016819162686
