0.9874568790422913 0.019991489448115633 0.17247989120443552 0.0
0.9964570576991609 0.02163909157135376 0.15982029274890905 0.0
0.9961883732239791 0.023782986336550807 0.17057892006724348 0.0
0.9950995594148344 0.024557961972039508 0.15941427331396008 0.0
0.9947175384215907 0.02039500658403343 0.16806302709026377 0.0
0.9952252087090004 0.022222827778139158 0.1676349763730448 0.0
0.9956781859950088 0.02148876759131638 0.16252319356923095 0.0
0.9880758777555833 0.019976436568975516 0.16812647545265583 0.0
0.9937060900033271 0.019464344604503324 0.1690247998772108 0.0
0.9906848475982002 0.019805337162921398 0.17448169318250828 0.0
0.9956464853945076 0.01959559532636027 0.1684384440383396 0.0
0.9899184927846072 0.0211274364230304 0.1805437814431319 0.0
0.9890023586977471 0.018712178329346633 0.16936206067170298 0.0
0.9854086913278389 0.018818870682716062 0.18247929437478816 0.0
0.9943665132695517 0.017932445156130877 0.18297784159715524 0.0
0.9921973123516545 0.017998497909701774 0.19083065720368617 0.0
0.9964525533669081 0.01902084985111338 0.18879683186461368 0.003982741453700631
0.9954230454152962 0.017850967649850898 0.1866666351520423 0.0
0.9955134383088606 0.020419832926000962 0.1915589590604043 0.0
0.9948338028031855 0.017685351883354294 0.19336872948731057 0.0
0.9889657400009229 0.015128987969235631 0.19827189621908253 0.0035419126328217238
0.9958475080174287 0.01640468995009302 0.1954495820244791 0.04053668284327719
0.9943997408708105 0.016853998212675983 0.19411710689015865 0.001145147437732608
0.9961335706664127 0.01425469373752495 0.19596663974285788 0.014199316329213778
0.9871276996822319 0.017412045671520916 0.20557921270777904 0.0
0.9947856435456158 0.018070032742298445 0.20789460986141994 0.015222806531967894
0.9930224089430477 0.017260041223605003 0.20663201884715102 0.0
0.9980911386984218 0.015886365390361718 0.20710584434953133 0.040905134899912966
0.9917903340233437 0.01683324932119184 0.20883686697215034 0.05065055762081784
0.9969332613464467 0.01655577766506549 0.2106482289442204 0.012057877813504822
0.9895940346760019 0.01284383966375996 0.2166086111032445 0.0007543374402816193
0.9905287002607172 0.013037202217996834 0.2117818752229957 0.11040787623066103
0.9962990559216947 0.014660160439925672 0.22494616309747942 0.11826544021024968
0.995522468775273 0.01683108871963647 0.22357467453197974 0.11116790186557629
0.9959638371637455 0.014310792554181195 0.23022763337764401 0.1829661472326706
0.994904667981591 0.0161830188260502 0.23012554925840314 0.036614486601220485
0.9945310761434825 0.013585005365023276 0.23206408263254 0.275663837941418
0.9958451970627904 0.012000461789922043 0.23701670205006187 0.14218258132214062
0.9947763605889559 0.013258988377566169 0.2545458633302684 0.08005115089514067
0.9931844050582246 0.011582572449994825 0.2466918648655558 0.004966887417218543
0.9961400353421332 0.010993192720564437 0.2560463150281201 0.0007363770250368188
0.9924503301248706 0.020168397325551025 0.25423012139705536 0.0
0.9966525836441377 0.016933731243955953 0.26524311153112085 0.15028396679772826
0.9880955093587728 0.007368591715582753 0.260244477338796 0.03336359509759419
0.989835728952772 0.015736568165848282 0.27105805301027 0.06082289803220036
0.9955468911355931 0.015420344400137401 0.2798493070260909 0.245897903372835
0.9934116646552317 0.016157993100257634 0.2840870600153511 0.1362847222222222
0.9955761351226673 0.01108039047812387 0.29481481944153826 0.2606473594548552
0.9940152099636284 0.011302803246756142 0.2966930162178453 0.22057407050664612
0.988473530865039 0.011652698008947568 0.297866455014813 0.4160614235318531
0.9947821460974801 0.0120412532589803 0.30418435990314313 0.3307148468185389
0.9934211167057861 0.014633348837851903 0.31781655065592057 0.3764399043686155
0.9942985261952197 0.01801546307876128 0.3251592187854825 0.3476254566429533
0.9942744198376021 0.011166744500866028 0.3348225621706526 0.25687536571094205
0.9946009633287954 0.009946363666757415 0.3424677780092529 0.2758988964044144
0.995782988432056 0.011623956164907998 0.34244164637124114 0.417083144025443
0.9933098416674642 0.012912504626728823 0.34826602393785266 0.4068965517241379
0.9963645054061687 0.013347568133429263 0.3529707507771782 0.3001247549456425
0.9937415568810366 0.013683862887195369 0.36445240658279937 0.3157710484859093
0.9897338932882294 0.011672250943958852 0.3668750624156893 0.3101747463359639
0.9949040727914357 0.016651503151611152 0.3929886748368507 0.30540006585446167
0.9942754495036407 0.015193822533770883 0.38522733528593733 0.3158893709327549
0.9945683736689022 0.018121822977167808 0.3937634391475399 0.36002761477390405
0.9951606328793932 0.02050600848097964 0.41497822239016724 0.4251810136765889
0.9936908249273723 0.020498923413231483 0.42604873143466204 0.5091918805055534
0.994549823424473 0.014756120052962923 0.4268121667698835 0.37046074350509545
0.9941816200490865 0.015538161213513287 0.41890355344388774 0.3304315841098578
0.9954129108887804 0.013523216025555337 0.4176078284421381 0.1405133366884751
0.9956115585767072 0.01281626386575569 0.43546235277566575 0.1773280327671365
0.9960513135438734 0.012943273186733356 0.434721722779398 0.19458577951728637
0.9926917935410504 0.010004690136013945 0.4299731233735061 0.24886839183534035
0.9967966909224247 0.010565310143428512 0.43626237966769 0.361725002986501
0.9955922492215753 0.009682038195036189 0.453515745401731 0.25793551612096977
0.9916048454114779 0.011277492017792918 0.46125760265355864 0.3462947005601034
0.9956335393951372 0.010802526265909478 0.4672672209315965 0.3849663510893122
0.9973337156314597 0.010687320991043496 0.46376116176073157 0.245453916891378
0.9937639466415013 0.010453561195400958 0.4605028378427069 0.32200391097867587
0.9959668395576134 0.011180631005180231 0.45104532883326304 0.7357339630066903
0.9932314597481006 0.009568068416632991 0.4568899114301371 0.6344580777096115
0.9845421820620627 0.009932683982052949 0.46473569138982046 0.679340937896071
0.9887005438959062 0.00909038579898425 0.47159214054382087 0.64370046902798
0.9903143207036034 0.011065193708415489 0.4762500116699913 0.3753185649872574
0.9867884505248979 0.013346265700799996 0.4947371788469701 0.43005855562784645
0.9963164135063215 0.011273914182927119 0.5028311829280222 0.44521019986216404
0.994860083402876 0.010525975233951003 0.5096557873746996 0.5157282579962993
0.9963461632917595 0.006664239201307444 0.5276129298077742 0.4993623188405797
0.9940814995283564 0.005416368076476195 0.5351857615575107 0.36893632033868407
0.9947417561178674 0.004294429573531225 0.5516478136658541 0.3236213866219205
0.995033727776825 0.0038296688409341774 0.5519926644328558 0.28891605541972293
0.9936249013377588 0.002265601370632471 0.5671296517270457 0.3466943866943867
0.9935610151993459 1.2114432933489744e-05 0.5949793511073583 0.30579830767096683
0.9920142139807527 0.0 0.5925767367807151 0.2507062538082313
0.9920790192313259 0.0 0.6172544436665692 0.2526002971768202
0.9937850473546284 0.0 0.6272302037564957 0.26246105919003115
0.9941279547097676 0.0 0.6523825393616747 0.25917498103740005
0.9936917324674686 0.0 0.682763373580292 0.2781556645851918
0.9948827218706467 0.0 0.6978897735539806 0.2744329319518342
0.9942359436741321 0.0 0.7158527454665119 0.324676157496473
0.9902181889996075 0.0 0.7378701899163818 0.251856619467274
0.9922068268100604 0.0 0.7559900964686092 0.1558994924494016
0.9933437059483511 0.0 0.7603296995479926 0.1103680382151775
0.9963368178912523 0.0 0.805034697357272 0.10469614408718439
0.985830982431549 0.0 0.8199217231777127 0.11969299974493937
0.9923990242402838 0.0 0.8745800915636193 0.16878634285891975
0.9921332608345604 0.0 0.8717596406296286 0.08103632713471373
0.9960087430834974 0.0 0.8791851149661711 0.06620396423435253
0.9948289082882601 0.0 0.8515818650355764 0.04368273323791289
0.992796920015729 0.0 0.8757578686573033 0.06796228004134393
0.9906138092478017 0.0 0.9133925567608362 0.16588520118905337
0.9953460434645698 0.0 0.9297719097612382 0.3532058492688414
0.9949344234638756 0.0 0.9267056462053228 0.2790855472623832
0.9946085855354303 0.0 0.924695438315876 0.226909152142797
0.9951571661891885 0.0 0.924685337830909 0.24140030441400304
0.9956690691454358 0.0 0.9274563988525948 0.21382205465075602
0.9954982933212604 0.0 0.9263514489094683 0.2047878808936451
0.9874926028826191 0.0 0.925367287623847 0.2753657164291073
0.9933083410178377 0.0 0.9327067124148263 0.307581406910266
0.9944207561397043 0.0 0.9315227018749224 0.3495763855161621
0.9910303600868563 0.0 0.9291290914819318 0.2687537679786409
0.9910759569412073 0.0 0.9276195346291078 0.23077187435562582
0.9917659292654989 0.0 0.9300424820760891 0.24327125985709525
0.9952286341979822 0.0 0.935543329129537 0.3449813057233247
0.9914116586357389 0.0005087521264249034 0.9403158217746872 0.48525102559093575
0.9908474929636193 0.0 0.943075405205799 0.6631458498371622
0.9890887066608455 0.0 0.9476066468756201 0.6081912325780581
0.9923811287131005 0.0007384232719923826 0.9501468991920544 0.6344043887147336
0.99545923230173 0.0 0.9445946123155503 0.5197393394913324
0.9948271028938943 0.0 0.9458488762068948 0.471680101824353
0.990776687633652 0.0 0.9450609550526723 0.4015669126355106
0.9939473779865201 0.0 0.9465747646205244 0.6082888581406075
0.994310209091954 0.0 0.947856667812148 0.5921261767942291
0.9961011596798147 0.0 0.9503125860680117 0.5652097285865351
0.9942278695901606 0.0 0.9462513351551555 0.6754493332474393
0.9960133985777125 0.0 0.9419325474016489 0.5100623915185064
0.9940318088804623 0.0 0.9461729851078248 0.539663873781175
0.9955697978991219 0.0 0.9511106046963497 0.6924467156923844
0.9962315213277296 0.0 0.9530021618869297 0.8006064690026954
0.9938152347064702 0.0 0.9504103209724755 0.6848092795003345
0.9953674046002279 0.0 0.9532416752125056 0.7574372068166974
0.9949230748135147 0.0 0.9538300563849127 0.7710994525547445
0.9946512318812937 0.0 0.9517044548484043 0.6425177588559063
0.9956878150741014 0.0 0.9598922909414045 0.800033052388035
0.9931030039650699 0.0 0.957530318413225 0.819486568457539
0.9920391995623669 0.0 0.9604147435933801 0.845816838215888
0.9930165529206819 0.0 0.957615945495116 0.866501919133498
0.9970522714197526 0.0 0.9609209935962801 0.775072490449671
0.9939712826487829 0.0 0.9563924313403707 0.7406455547327613
0.9956645537595333 0.0 0.958372657936536 0.664076531173258
0.9946977044205859 0.0 0.9626740201639411 0.7741339293389495
0.9955979802761695 0.0 0.9642852045540982 0.7593206466134643
0.9958743634401054 0.0 0.9675905123701374 0.8402399591558883
0.9933237907935546 0.0 0.9620607074015534 0.8405070181577822
0.9917935937564459 0.0 0.9616086463951493 0.8419406459121327
0.9954274571113969 0.0 0.9638112994269952 0.8385368366821226
0.9946338486617182 0.0 0.960861536929679 0.8246318607764391
0.9959467827984079 0.0 0.9636657099634818 0.8146228101537362
0.9934813087591722 0.0 0.9620867166368133 0.844402002488642
0.988493836175422 0.0 0.9544992489607713 0.8039080337705092
0.9914033124731658 0.0 0.9606397830370633 0.8746771745786629
0.9908502690807964 0.0 0.9580446660700563 0.8259459960168589
0.987105337487753 0.0 0.9591017265696107 0.8980218845272139
0.9936984822604612 0.0 0.9647980957151008 0.8962373037857803
0.9913246202913272 0.0 0.9642526832732298 0.9036280441524082
0.9820860736826358 0.0 0.9587510253018166 0.9067599527000394
0.9866196474917771 0.0 0.9607948479115617 0.8787426763955286
0.9932906439554039 0.0 0.9653614959976267 0.8681906531124757
0.9901123416006253 0.0 0.9658773879377156 0.9081514435330645
0.9904371867741275 0.0 0.96842895164931 0.8813305900244086
0.9927895860641122 0.0 0.96761609365377 0.8872424789921062
0.9835204828539416 0.0 0.9607081159755426 0.8747113228386867
0.9834696064488885 0.0 0.9579197066929821 0.8603547088757515
0.9891300881475086 0.0 0.9612160715788968 0.8635148406809253
0.9875578431850589 0.0 0.9590925531521888 0.8564142768027245
0.9893887576579506 0.0 0.9568289247414039 0.8153925496292753
0.9892503823360734 0.0 0.9560646841287556 0.8385360459384201
0.9924519198040366 0.0 0.95090473242604 0.8112678020464728
0.9931852384806787 0.0 0.9481089972629336 0.8056910946915129
0.9875780580973549 0.0 0.9349872971856908 0.7955744105588018
0.9938758464875648 0.0 0.92948979812237 0.7935888167686616
0.991766552050952 0.0 0.9211734830650153 0.8168279591753751
0.993319764474929 0.0 0.8981137934979814 0.7824794657164308
0.9897406277934442 0.0 0.860479098727787 0.7759012469745333
0.9908264819438705 0.0 0.8435026135829321 0.8409572004748954
0.9873301339746805 0.0 0.1808309664924499 0.3778033994547292
