0.9869434841568463 0.03075375791175706 0.1733540264224882 0.0
0.9961030242708884 0.030175708016835247 0.16017132142382745 0.0
0.9958027765034355 0.032178115279246244 0.17077493684205683 0.0
0.994660813256797 0.03255387275491671 0.15970277747594888 0.0
0.9943129256852891 0.030554491379287462 0.1687574392430429 0.0
0.9951501947995965 0.029877168518329885 0.1679470567496132 0.0
0.9955381926029597 0.02969600222702618 0.163025603834457 0.0
0.9882070732616519 0.028323890289476027 0.1684217223936627 0.0
0.9937152342390614 0.027952870038772826 0.16916756833882263 0.0
0.9906063217211714 0.029498195490055244 0.17557895271183227 0.0
0.9956110250616437 0.030182882637639248 0.1692320079341848 0.0008532423208191126
0.9896136941011074 0.029509910017421523 0.18062900777196203 0.0
0.9883965470221737 0.028744438795827165 0.17039233733186823 0.0
0.9850166064757483 0.02792777309619905 0.18338781415786937 0.0
0.9940010635869406 0.02844138524894949 0.18390465239145973 0.0
0.9916025509516984 0.028012399397093535 0.19111433744326026 0.0
0.9959280738137519 0.027510456661570197 0.18943280649268182 0.019913707268503153
0.9949959037265018 0.02817450025409592 0.1874882332801365 0.0
0.9948096589937409 0.030543223593633005 0.1919239229126437 0.0
0.9940780360259909 0.027132121805557175 0.19372995102821586 0.0
0.9884983490133549 0.026304810257495093 0.1984557275393929 0.0
0.9958041668291542 0.027598900521317974 0.19630336623473751 0.04196403083071653
0.9941292871973161 0.02788137892669966 0.19504292357933695 0.0
0.995611411550716 0.026404121391008405 0.19688193540981097 0.0
0.9865003806674778 0.027969220079971106 0.20634000514739365 0.0
0.9943285554303105 0.0263331366283717 0.20810619516937137 0.05424854691392195
0.9930628123476074 0.025383176207360962 0.206883978822193 0.0
0.9977844639948025 0.027247053797975283 0.2084683880034638 0.0002901073397156948
0.9918097439618282 0.02706058953320756 0.21058158500346313 0.045771375464684017
0.9971859499456778 0.02582472608483124 0.21198544205799996 0.07690246516613077
0.9900096810136447 0.02456268323817807 0.21807088421778412 0.045763138043751574
0.990519080929819 0.025074913553636512 0.21316764154206988 0.14827671708405654
0.9959003414745514 0.026302522784149053 0.2262699284470167 0.15396825396825398
0.9955700489089218 0.026760478621505872 0.22471152655099144 0.20214669051878353
0.9957693800718453 0.025203233965526994 0.231629743364773 0.21144545943041376
0.9946397098991717 0.025853571018197286 0.23147287054456442 0.08733740376957791
0.9945462233996244 0.023909370602300816 0.23386297020989022 0.2977266502328129
0.9951391195961423 0.023081811411178033 0.2385876742652231 0.19832109129066108
0.9955042681236934 0.02507325392108731 0.25689168554513936 0.15319693094629155
0.9922714814161528 0.023299209882255156 0.2487750824816868 0.0027624309392265192
0.9955390559052156 0.02504304580321505 0.2586236240143649 0.0513283466597885
0.9924465377969299 0.02813954586612516 0.2553053954484028 0.08251001335113485
0.9968291192548431 0.026555936408719748 0.2670498874062205 0.2107907383136741
0.9873607773932109 0.023381110122609905 0.2628105088956446 0.17668269230769232
0.9885535517581009 0.025496795174800052 0.2729437365110245 0.13983050847457626
0.9945114594379473 0.027603039766368586 0.2818299056645777 0.3353658536585366
0.9928823664067709 0.028747993060569164 0.28656934752903934 0.2583174904942966
0.9957507537986998 0.024656985301807797 0.29727827292626846 0.36004031242126483
0.9941799687490426 0.027181575102620793 0.30010388006732763 0.32007400555041626
0.9889394679494286 0.029189032936818717 0.30188410570211655 0.49023255813953487
0.9943823023689599 0.02910276918902725 0.30849897211769334 0.4832723470987977
0.9935218470166753 0.02862751231000278 0.32071049395555745 0.44627114605670715
0.994694154790199 0.0284731207751893 0.32779782415361614 0.47143890093998553
0.9942769063023705 0.02796957699274828 0.3391894662722665 0.35591836734693877
0.9951033825398378 0.02816704938086143 0.34669851642571275 0.40053763440860213
0.9956445040566251 0.0271701800554513 0.3453605614196407 0.4874028726159642
0.992465833926042 0.02648203780802334 0.3503324793092532 0.45957058017359526
0.9963945356379317 0.02708998634518256 0.3566062451178721 0.3987941429801895
0.9938953793069382 0.02694660356756447 0.3679169346422556 0.434061135371179
0.9907794858595128 0.029012929278706166 0.373180921490166 0.5022811210080382
0.9949925427221161 0.031207068059747534 0.39703523509678085 0.43011872526556966
0.9938244740732215 0.032753260324144245 0.39079491431551977 0.47095638568355175
0.9949141360966085 0.03204373860973705 0.39749215747060157 0.45980450827847597
0.99502876585814 0.03363669574934457 0.41832308491334264 0.5048966267682263
0.9946348697005056 0.034723437055826464 0.4299493270523823 0.5378269617706237
0.9941110331312062 0.032760559739763356 0.4307723522358826 0.3908986505885731
0.9946753147151951 0.032102493559559325 0.4243487889185026 0.4318113093438162
0.9948606357502925 0.029460081946687873 0.42713522556999556 0.24922786547700754
0.9956232761029903 0.030946585635952973 0.44042528907189704 0.1953609931394969
0.9959482127533731 0.031114547588947085 0.4405009168968243 0.22164716471647164
0.9927964357490496 0.02599408253425184 0.43410562473711717 0.28454235413402157
0.996428247116869 0.02881531429148673 0.4387147312848366 0.29026045487894353
0.9951183017153024 0.028333623592244284 0.45647648583202344 0.21254637436762225
0.9908413507915533 0.02330923824721117 0.46308387346486846 0.3346220368297894
0.9959950279737528 0.02164179545871261 0.46858679217308086 0.26529357516138946
0.9976147261533933 0.023104045844802103 0.46658576456853673 0.1916998231653404
0.9925097177042254 0.025825994719695072 0.46362326002150256 0.3386569872958258
0.9956378392087243 0.01978203429941515 0.4523361552886162 0.7699577719686306
0.9929315323707499 0.023249154537150252 0.46031985834866923 0.7021657419008412
0.9845515132195015 0.01907703224192934 0.466221671709443 0.7695223654283548
0.9890915246473789 0.02009374333164095 0.47393580749722103 0.7772020725388601
0.9903437501160607 0.02186292591645239 0.48139382643727696 0.7039941637789531
0.9875190112664826 0.026069071899905732 0.500425851919709 0.7598076923076923
0.9949757614271906 0.02268799680079726 0.507283637323617 0.6880451513596716
0.9946283987915407 0.020607834207066744 0.5134598923845011 0.749576031656303
0.9962382625520116 0.017782403763973158 0.5325009950018141 0.7357973990417522
0.9944876485368634 0.017649603761356786 0.5421857207219103 0.6680360246484437
0.9942439827783582 0.015234156639910559 0.5583471932056864 0.63765359859567
0.9950364518020874 0.013222793197325736 0.5592351208654858 0.6430072028811524
0.9929205416268102 0.010518474877431436 0.5734478466914522 0.6649818354130469
0.9932832032299873 0.006529660752060433 0.6018682983998054 0.6301881571665744
0.9917572968535596 0.00016552849007737448 0.5992913548293252 0.4928193499622071
0.9924164023074424 0.0009219059870289972 0.6255848415986747 0.5980127576054955
0.9938881144784427 0.0 0.6338885367560126 0.5493640870877344
0.9941430302673476 0.0 0.658667430108416 0.5081702859600086
0.9930966833557331 0.0 0.6894097727453107 0.5552887239384346
0.9941311304771502 4.0366636705651865e-05 0.7038979470386445 0.5298720524479221
0.9946470937857659 3.716356255628136e-05 0.7202658294609448 0.525438946528332
0.9895318041138388 0.0 0.7437288384412599 0.47602425133198606
0.9915996425379804 0.0 0.7654995896779818 0.38928789731051344
0.9932034419574663 0.0 0.7775623102131626 0.2782672927768691
0.9959253916131572 0.0 0.8160897250200108 0.17588491891711897
0.9852989196102817 0.0 0.8287693100183994 0.22411299242746532
0.9921900147788228 0.0 0.880004586802838 0.359997362173569
0.9911553305657249 0.0 0.8995823409672079 0.34614917395529643
0.99432956074909 0.0 0.9163891112760294 0.17079320715739588
0.9940534197125876 0.0 0.8923145245516308 0.09352254280777085
0.9914320989046301 0.0 0.9091151328760863 0.1534869831962429
0.9901848230760668 0.0 0.9260350949058952 0.3325765514029573
0.99592812489478 0.0 0.9369639548432694 0.7309806930060094
0.9944126205883077 0.0 0.9351654466347997 0.6556603773584906
0.9927577209418302 0.0 0.9365982849125826 0.7066436583261432
0.9949049906967498 0.0 0.9363813503478462 0.661286731967943
0.995232528669027 0.0 0.9402068420048123 0.570767004341534
0.9956516495591349 0.0 0.9426326840682387 0.685197225834417
0.9880684831332094 0.0 0.9368056932017127 0.792591668745323
0.993830142721984 0.0 0.9413143879209679 0.7191071237851117
0.9958758972748155 0.0 0.9400520797143888 0.74144280762565
0.9917091511236878 0.0 0.9391000759829001 0.7324344253660592
0.9918624253056302 0.0 0.943753592312819 0.7628684101286841
0.9932416023571523 0.0 0.9443005719847307 0.7656007451102143
0.9952607128480143 0.0 0.9434106275240227 0.8165988947972057
0.9936580705004964 0.00020660500301961158 0.9440484615029194 0.8190013167223742
0.992329382471739 0.0 0.9449716876218494 0.8343724023275145
0.9897218982633872 0.0 0.9491496483033428 0.7806061715960076
0.9946820610669304 0.0 0.9531392222728354 0.8382957884427032
0.9948980998235813 0.0 0.9472480761944044 0.8055456171735241
0.9954690798230826 0.0 0.9521543495370867 0.8300455235204856
0.9924817000545665 0.0 0.9544321049596741 0.824974057419578
0.995078810749378 0.0 0.9506732319858572 0.8517380617977528
0.995292400169882 0.0 0.9509043000696108 0.7924751538097492
0.9958929989909616 0.0 0.9541017402367757 0.8197015412215608
0.9949054230388922 0.0 0.9493378691369814 0.8834500733018407
0.9966439464017554 0.0 0.9494331187379647 0.8536457160021026
0.9945023698720409 0.0 0.9524852043985735 0.8564773068830779
0.9960630262949487 0.0 0.9542369121371668 0.8838550880701485
0.9967136782602316 0.0 0.954377743297566 0.8845307917888563
0.9939903339639842 0.0 0.9536678561809857 0.8979490806223479
0.9951574694206287 0.0 0.9546721797500932 0.8917639213071024
0.9959186102673391 0.0 0.955412615554621 0.8794659885568976
0.9955848407463402 0.0 0.9569438823274505 0.9012812299807815
0.9966555535567014 0.0 0.9620376840904672 0.9028032806953116
0.9932521496019777 0.0 0.9590115742315429 0.9081138537852841
0.9912028479094895 0.0 0.9607910274031372 0.9307954479810525
0.994295792307973 0.0 0.9585839991908567 0.8933977455716586
0.9959058306015522 0.0 0.9621016940863873 0.8779739063699156
0.9948018231388016 0.0 0.959743116986708 0.8773886943471736
0.9957587615814008 0.0 0.9623230661717684 0.8079773321708805
0.9947813734125067 0.0 0.9646720161681702 0.8638723862094775
0.9960969387468658 0.0 0.9673609513558533 0.8777680181221396
0.996237765281179 0.0 0.9691132802426613 0.9001598863030734
0.9936756877234191 2.89452356142179e-05 0.9625197284081234 0.8701617048195153
0.9926182811639629 0.0 0.9601478743068392 0.7883796560163611
0.9955862376408345 0.0 0.9647715307550481 0.8677810485001402
0.9948469430661845 0.0 0.9617824316876744 0.8525247836610192
0.996213677009544 0.0 0.9648770202796196 0.844712345490615
0.9938350331083526 0.0 0.9626402039554733 0.8568694542712985
0.9897280122149881 0.0 0.9561789481864787 0.8378304341870977
0.9928569644596519 0.0 0.9580297068737288 0.8002407318247472
0.9912071270852436 0.0 0.9583851141458396 0.8314950412457133
0.9884148679544683 0.0 0.9582096168914181 0.8692840225906359
0.9943239937736269 0.0 0.9629373858885834 0.8595519258360005
0.9924167823362225 0.0 0.9628805779833697 0.8686461794019934
0.98322646636056 0.0 0.9589365233670251 0.8965644195554867
0.9878801458456399 0.0 0.9610273953358881 0.8724665899637136
0.9942183937914968 0.0 0.9616978827326759 0.8061440677966102
0.9913180137499071 0.0 0.9653130938221985 0.895117322810928
0.9916715286890067 0.0 0.9680841039838549 0.8718989625620207
0.9942973499791155 0.0 0.9684238345134353 0.8999240478859994
0.9852614080681792 0.0 0.960243312359011 0.8719928592168797
0.9851811700936782 0.0004250797024442083 0.9575458210314544 0.8626901172853234
0.9910904680196438 0.0 0.9619334207456697 0.8724012818136073
0.9899028427234552 0.0 0.9600662325407932 0.870651463432348
0.9913177594972824 0.0 0.9629822654895284 0.8650337949893492
0.9910606018891481 0.0 0.9620609435857669 0.8846590309300116
0.9945947692782772 0.0 0.9597738167439035 0.8676433091490693
0.9952247204509306 0.0003924390084374387 0.9589195820081781 0.8658616961021575
0.9887960883257962 0.0 0.9465820185476796 0.8519144593815164
0.9953365113253575 0.0 0.943232409998943 0.8491885798990164
0.9933176778122487 0.0 0.9324560261357449 0.8565846231920832
0.9941712139255731 0.0 0.9093231294275815 0.8142688514318641
0.9905657390698706 0.0 0.8718926173311495 0.794087630580114
0.9914184168454734 0.0 0.8591513002463389 0.8625475857637189
0.9881337042739463 0.00034722222222222224 0.19210115037956174 0.42726586076905465
