0.9865320851393268 0.03517045240065959 0.17292714893471214 0.0
0.9958300874035456 0.03308070692379178 0.15981931315157835 0.0
0.9952007594633792 0.03523245595493268 0.17029211358649077 0.0
0.9944961341894902 0.03601669941925007 0.1597281968005133 0.0
0.9937011558926722 0.03365806851776913 0.1680594600839527 0.0
0.9951969944247894 0.03328473095865991 0.1678810695752292 0.0
0.9948072453325141 0.0326313785853536 0.16288060636787974 0.0
0.9883264220760946 0.030950794160339436 0.1678343764874399 0.0
0.9939327196504716 0.031041688351560306 0.1688687201616412 0.0
0.9903880886184023 0.03318294602622285 0.1756040913416507 0.0
0.9955264100560115 0.033245624878591486 0.16903239918389204 0.0
0.9897929172069893 0.033090144765996116 0.1806167968167085 0.0
0.9875332876168099 0.0318702747947563 0.16992789205589798 0.0008212428141253764
0.9847625884551242 0.03116716261417253 0.1834438112899363 0.0
0.9939536960265323 0.033162274734821924 0.18421522676981228 0.0
0.9910799032208524 0.032179455136215944 0.19073174172714874 0.0
0.9951154628573984 0.03075283543028351 0.18929714420057484 0.03385330235645536
0.994402858847481 0.031268107696691416 0.18719149464673548 0.0
0.9942902167738625 0.03347927034711127 0.19170767416975826 0.0
0.9932827326788116 0.030435023079035388 0.1933336640603246 0.0
0.9883163833023163 0.02979867794046721 0.19830576381894308 0.015053128689492325
0.9959024387865074 0.031342031242859905 0.19624392452588263 0.0536682843277191
0.9938131020959944 0.03164959742100717 0.19490480141732636 0.000286286859433152
0.995206729624633 0.02985042693482193 0.19675224865536284 0.028661582960820404
0.9861035785947855 0.03135008810455795 0.20586409511849327 0.0
0.9935369937494962 0.029767185128235455 0.2078054129810344 0.08137282037088292
0.9930586797066014 0.02937686686107602 0.20656240363292422 0.0011392765593847907
0.9974188633506585 0.03184038701721657 0.20881681342079414 0.05889178996228604
0.9917318593346092 0.032263156170551976 0.2114948774170385 0.08782527881040893
0.996908033151336 0.03045111476109427 0.21236865883153505 0.09887459807073955
0.9898933183604717 0.029511678768611677 0.21804800377801603 0.03746542620065376
0.9901355130082959 0.029626099561168365 0.21289550498994367 0.15675934803451583
0.9954213297293183 0.03073168427199963 0.22598761561060968 0.16244154565591928
0.9948627737333953 0.030685593355294062 0.2245353041428412 0.22765257027095467
0.9950652340562938 0.029421945309795777 0.23185564742055628 0.22617773019271947
0.9939508801080015 0.030271492346488998 0.2321304319571926 0.08707194053623574
0.9943376929738122 0.02915910490203883 0.23481813634922113 0.317447274719255
0.9945439215563814 0.02809789741353228 0.23936709557234148 0.24213011542497376
0.9950052681752044 0.031340312782732326 0.25852761603922586 0.202287166454892
0.991417855364591 0.029256742445095005 0.24953823797574828 0.014738393515106854
0.9951092276681572 0.030878766625935684 0.2596695179398048 0.1552072800808898
0.9925636965161082 0.031791735686287376 0.25586501936139894 0.12790387182910548
0.9965005019251052 0.031098284744643268 0.26788142061746567 0.24202708606378331
0.9865680900355737 0.028889193102103635 0.2635613120582516 0.24199623352165725
0.9876597826803434 0.03072752394911574 0.2737208336083811 0.16955380577427823
0.9933898704298726 0.032350356566522694 0.28233541166765763 0.3656333902855748
0.9926365965157736 0.03390927446493471 0.28747656522283 0.2860536944642433
0.9955000136213127 0.029595368350689558 0.2976947211986469 0.40665154950869237
0.9943827182444553 0.03246575707864869 0.3008255206404058 0.36372007366482506
0.9893913333910311 0.03510995988743867 0.30309502919069925 0.4958139534883721
0.9943271413339364 0.03517536301765092 0.30938675330637616 0.5065874451046242
0.9938079740617496 0.033935373008835326 0.3214799304488036 0.47058823529411764
0.9949908358531686 0.033031199158257744 0.328430917991795 0.45484712017065654
0.9939767582362481 0.033489901638957806 0.3402421488255838 0.40724174653887113
0.9951417310991574 0.03344485588816459 0.347667843169793 0.414989085617269
0.9952366830103094 0.03293674655671048 0.34602724058889395 0.4969368520263902
0.9918744220040264 0.03256942175562626 0.35076608898907624 0.45186020293122886
0.9962402062266825 0.03343198402419277 0.3572682973898779 0.37826832404629235
0.9945017372773529 0.033444154888250095 0.36913410010975006 0.4161572052401747
0.9915489939221145 0.03522124427296841 0.37469926327042297 0.512882096069869
0.9948094915579317 0.036633250936593684 0.3981866908117853 0.42455189662359316
0.9928112592827087 0.038449910464422206 0.39164537088612816 0.49588646647470175
0.995001387832929 0.03689345631585447 0.3983129668028909 0.4714256240973798
0.9946128166287057 0.03854823863438145 0.41873739065878307 0.48005698005698005
0.9953768252415609 0.04030351575143502 0.4312398885727738 0.5166479610924055
0.9942023421468587 0.03837431187622695 0.43131446592785666 0.37326130992572587
0.9947805135925901 0.039527518291997056 0.4246149064890189 0.3476720029329097
0.9948834585826366 0.03588734266925245 0.4281899720017508 0.25277728795626875
0.9958600464696106 0.038897698502240216 0.44195147132261525 0.1919078947368421
0.99563279068555 0.03830755360211873 0.44104290805646074 0.1932817562652913
0.9930053834561692 0.03326964380352013 0.4333489363915327 0.22507618632999565
0.9964364576305471 0.03487306914384003 0.43791062330388175 0.22448118185015828
0.9947442618511031 0.034713960501204906 0.4580993026220573 0.18069376510934954
0.9905730690329081 0.03631938497784293 0.4642213665864741 0.26207962891379977
0.9959159339659177 0.034427313881071696 0.46933631073454907 0.19281516797871162
0.99756309450187 0.030310386074301976 0.4672659733490054 0.16434674090429105
0.9916158377341378 0.03432415674242182 0.46424654320909386 0.32103825136612024
0.995189892214976 0.032911567447970684 0.45471001181206566 0.7802618328298087
0.9924590652719457 0.03598751444822101 0.4630586236729265 0.7092749954800217
0.9840396511219454 0.032499208752791144 0.46878638309036946 0.7753939624074425
0.9887206623918322 0.03231370981724358 0.47642682427283245 0.7910419434427786
0.9901663058501811 0.03333756354651119 0.48363190651254306 0.6823697359029265
0.9876874465889585 0.036300228246605844 0.5022832923268914 0.7780147343931757
0.9939249912953282 0.03671237824855356 0.5099399263283559 0.6923468521975225
0.9940514757078756 0.03418756578406547 0.5160631268998633 0.7521511410400299
0.9954324429654945 0.03303379404604424 0.5353395907196316 0.7235812947245798
0.9943289586209862 0.03335992369721668 0.5456017069265733 0.696592927498789
0.9932647229300539 0.024828566378448963 0.5594986843437713 0.6698185145645874
0.9945572909523906 0.022961643904888154 0.560590228454302 0.6614391143911439
0.9919867307410457 0.021467119354265457 0.5749838174220673 0.675266762223284
0.992715366322909 0.018888551105992916 0.6045077941183518 0.6340437464946719
0.9912431092237491 0.010270884232144983 0.602138418157518 0.5458282950423217
0.9922822704890796 0.0054550053156829795 0.6268937438169299 0.6152564102564102
0.993446991955954 0.0013853044288291668 0.6347011467510808 0.6013868962219034
0.9943913531827138 0.00012608662150897666 0.6590526797641486 0.5155238617663193
0.993111263017225 0.0002926431063295623 0.6896134119649238 0.5577198195223946
0.9936361398325948 1.3452359812958389e-05 0.7035331719927482 0.5258186397984886
0.9947753177703106 0.0 0.7204584547775329 0.5270614616247069
0.9886481512668625 0.0 0.7435528331019976 0.49061077389984825
0.9908955598940715 0.0 0.7655951480538595 0.4027711419015767
0.9924898319815991 0.0 0.7791121704038356 0.3246848610941133
0.9951098033569832 0.0 0.8168023780590878 0.18618566079988802
0.9846641901055487 0.0 0.8293993533357944 0.23437569901131838
0.9915990583611582 0.0 0.8781389549730887 0.3194387365701873
0.990205480492144 0.0 0.9011313539664123 0.42038740557923865
0.9929384639222225 0.0 0.9194657222329929 0.20152063981637558
0.9931074483030022 0.0 0.8965144933162784 0.10810705520277378
0.9904391258307123 0.0 0.9095556374312677 0.15956548657623684
0.989625830254152 0.0 0.9251568226088679 0.32346521909452125
0.9955432586875015 0.0 0.9368043564882454 0.7483251169257995
0.9940054361752959 0.0 0.9354332423618449 0.7158390721275825
0.9913902699140363 0.0 0.934618802632905 0.6232582503928759
0.994489862509163 0.0 0.9355307683084425 0.624597747385358
0.9947723632269263 0.0 0.9382357008495601 0.4907839569654299
0.9953517995016593 0.0 0.9428432588502804 0.7335924486396447
0.9882332434615785 0.0 0.9370571969869703 0.8154225786551511
0.9936876459172276 0.0 0.9409664124118063 0.7300804289544236
0.9960449990217112 0.0 0.9396785789877503 0.6965413533834587
0.9911296601916402 0.0 0.9377746716273716 0.7322554403091316
0.9920209056843616 0.0 0.9441803854996853 0.7976302820593478
0.9932345505537096 0.0 0.944326246046963 0.7704050478322817
0.994153413323832 0.0 0.9429300598009562 0.8514553014553015
0.9942341990178594 0.0 0.9443757785697092 0.8653767403767404
0.9924321836729476 0.0 0.9452039041266735 0.8555623847572219
0.9894361659516913 0.0 0.949159809690079 0.8036300620211602
0.9950944803320374 0.0 0.9536507503499252 0.8593430158884882
0.9936362508557749 0.0 0.9466205413185798 0.8332741161840469
0.9948140340584135 0.0 0.9518465806017508 0.8457427858924118
0.9928762293914687 0.0 0.954947557915893 0.8442961271625538
0.9947933514763764 0.0 0.9505583481627661 0.8600157383929352
0.9952942352751949 0.0 0.951017142505832 0.8024206224457717
0.9949040004723488 0.0 0.9535086993400501 0.8341471354166666
0.994743004382076 0.0 0.9491347512079533 0.8942079895433379
0.9966324802640821 0.0 0.9492185202738466 0.8377180232558139
0.9943014152363746 0.0 0.9521374588204896 0.8423598387687797
0.9956214122166397 0.0 0.9539426256316472 0.8884747052111068
0.9960657655871168 0.0 0.9540347692807561 0.8950207771378581
0.9936749236963475 0.0 0.9535622703226588 0.9079132638693326
0.994393438196179 0.0 0.9541253591834286 0.8910371403893429
0.9961156307203094 0.0 0.9553251660263549 0.8896499238964992
0.9956107986631991 0.0 0.9567193188078156 0.8840688107703815
0.9970320235193725 0.0 0.962275292756905 0.9005844393035431
0.9931413457747404 0.0 0.9589664755400884 0.9104381064392826
0.9900555543181496 0.0 0.9599807830114057 0.9287395923054838
0.9949515126017741 0.0 0.9588968286777299 0.8924381399317406
0.9946377598374867 0.0 0.9613791339647292 0.8828196521208422
0.9951139345330033 0.0 0.9598199365741372 0.8709930398980492
0.9953457898512426 0.0 0.961803264781004 0.799553418069392
0.9947041029839884 0.0 0.9646323085946131 0.8627441903527451
0.9963736479842674 0.0 0.9671186523179336 0.8557427397136534
0.9962302238760595 0.0 0.9690517143114767 0.8972213659782465
0.9938690301316047 2.8907582458878962e-05 0.9616285542304064 0.8426738947850653
0.9929916247054236 0.0 0.9583692656433145 0.7352143413873733
0.9956518537221731 0.0 0.9628521253434313 0.8041926418811978
0.9953578173745153 0.0 0.9612195874098964 0.8213318895506226
0.9963976359023293 0.0 0.961593059726867 0.7537842758920564
0.9943266583122341 0.0 0.9609051412211755 0.8027935541726677
0.9911963394002311 0.0 0.9549256339291871 0.7944684618990573
0.9943905715482219 0.0 0.9548336353820736 0.7210526315789474
0.9915221001616925 0.0 0.954664737788845 0.7597772460668686
0.9903300066548334 0.0 0.957253154011972 0.8284802985592779
0.9948099774898638 0.0 0.9610851751493585 0.8246351876632894
0.9937205721954657 0.0 0.9616692154417302 0.8281522947435287
0.9843034124537017 0.0 0.957336363420355 0.8544103786660753
0.9892416813443138 0.0 0.9586241764115588 0.8201044125960164
0.9945631862046246 0.0 0.9573062444102188 0.7441340618882039
0.9920119186156281 0.0 0.9614115556922184 0.8302899056933287
0.9918499805539751 0.0 0.9646341839303266 0.8286801879498007
0.9945900178977725 0.0 0.9671707186106935 0.8826670123992268
0.9862270514354978 0.0 0.9580618757255787 0.8409383861820057
0.98668452763828 0.0 0.9533515625600254 0.8171405139420448
0.9914079149534027 0.0 0.9599238434083953 0.854775436947139
0.9918129213717984 0.0 0.9585057467287585 0.854134907799333
0.9915534302013576 0.0 0.9630750309648832 0.869054967771573
0.992277214666339 0.0 0.9618093301200904 0.8813588794075028
0.9955365757481689 0.0 0.9640935333626083 0.8937524481002742
0.9964784241820488 0.0 0.9651229655444155 0.897886420766429
0.989532097668266 0.0 0.9521563173631875 0.8767029157375349
0.9954949854610894 0.0 0.9497895516794169 0.8764851742874441
0.994043282365911 0.0 0.9405956543009534 0.8850885676989984
0.994689419406572 0.0 0.9188388545174511 0.8409692578211267
0.9921786725237552 0.0 0.8870651586409827 0.8263691386063055
0.9918461338424794 0.0 0.870694797963729 0.8780752289635538
0.9881799300826071 0.00024151672503320854 0.20010211599860397 0.4517120435964819
