0.9868992687164669 0.041992092541119706 0.17097656436783681 0.01211120286264795
0.9960258584832437 0.040844920750727126 0.15775932639457374 0.0
0.9956989021158457 0.03917602888760133 0.16842731564118413 0.0
0.9945155930658276 0.04170091035529144 0.15881096129258127 0.0
0.9941002909964194 0.03779317124389346 0.16603535544994952 0.0
0.9952348238308075 0.038758258101846785 0.1666113458056729 0.0009236453201970443
0.9953387081444505 0.03923414096323984 0.16230212037402872 0.0024554941682013503
0.9882423856109526 0.03456307061673188 0.1665725582969733 0.0
0.993949179182193 0.03424457139263877 0.16804707721952603 0.023558758314855877
0.990743387498923 0.037691338095132795 0.17518260253458562 0.016555237185609677
0.9955010552243098 0.038671436105569695 0.1686377772573025 0.002844141069397042
0.9898006632976207 0.037725841326312924 0.1800044882449821 0.0
0.9882959126815039 0.03768985409623777 0.16965533248587006 0.01127713560755568
0.9847471722358379 0.0347281885257689 0.18321242214207695 0.0
0.9939592908732764 0.03876007891217907 0.18328485067078573 0.0
0.9914461182215175 0.03744308548942227 0.1900074585311183 0.0
0.9959388164692791 0.03418623802088583 0.18887832118046866 0.11815466312645204
0.9948917777671177 0.036881729768109 0.1865939216216692 0.0
0.9947383977273004 0.03858198165395659 0.1906811547429241 0.030609212481426448
0.993889866672509 0.035524563888980405 0.1931680205078392 0.03896103896103896
0.9883344221367909 0.033823394392362705 0.1976051406549207 0.08530106257378985
0.9954653001649646 0.037235606524479416 0.19526795986966988 0.1581501570082786
0.9939880198694847 0.035976839818442796 0.1940078857998506 0.02977383338104781
0.9956630270923483 0.033710254761853894 0.19631671913859894 0.11543518275046016
0.986604612674634 0.03541902213296646 0.20477479028022133 0.0
0.9944671958453892 0.03384677108490603 0.2070148131643362 0.1101577636313313
0.9926360012558378 0.03257442772996527 0.2045123272695889 0.009399031614924523
0.9981017833502064 0.03658033603429018 0.2087262161780432 0.16966357308584687
0.9915911748048798 0.036866628762290035 0.21069435030340694 0.12407063197026022
0.997455093098339 0.03460163027102463 0.21222728470714916 0.19908896034297963
0.990538951029026 0.03332797197976805 0.2183006012345135 0.11541362836308776
0.9902702069046363 0.03276428304325357 0.2124653086976835 0.1872071227741331
0.9954531732064885 0.03371018957964695 0.22597807751102958 0.20096056622851366
0.9955003785532384 0.03404238296680768 0.22426666879805618 0.2774949083503055
0.9955725932059699 0.0324634241190255 0.23141155806606886 0.2944653412144009
0.9945605949720118 0.03316717386383642 0.2319567590256948 0.1231749402707725
0.9943053921556435 0.032863202214103125 0.23484273333898048 0.3596274993152561
0.9956644474699908 0.03179905150791236 0.23961340153307378 0.33315844700944386
0.9952428241123867 0.03572876126508042 0.25943910516856983 0.2564298446651388
0.9926776541470774 0.03297542718655091 0.24998916776105104 0.1375764993880049
0.9960531547082833 0.03458463444217915 0.2600654536923393 0.2556053811659193
0.9930567283818358 0.03514889547984713 0.25588789837763376 0.21500798296966472
0.9966450455669124 0.03480474061351679 0.26778276751770663 0.2623416339012669
0.9878468705691715 0.03249665615769467 0.26450323836014555 0.3099471407976934
0.9888766916302016 0.0342647234675489 0.2744572548738286 0.2870762711864407
0.9948885571951304 0.03582889920414521 0.2830556173692326 0.390357317670093
0.9924757299767618 0.037850507015789965 0.2876919955698036 0.32984790874524716
0.995712202645462 0.03324627283690545 0.29790717347795515 0.4514991181657848
0.9942633468181244 0.03596076885931074 0.3007783373040071 0.4082142046743817
0.9891188099756626 0.03795512464569296 0.3029382631357929 0.5046511627906977
0.9944977829516333 0.03854435855469089 0.309342005046512 0.5229240957717779
0.9935769535294476 0.03768877080436668 0.32112423405658397 0.5014191106906338
0.9948163277748986 0.03616094886033522 0.3283000776073836 0.48431647940074907
0.9941411454653468 0.03772354354559399 0.34037863246973926 0.4424872665534805
0.9949044679384723 0.03762373174588632 0.3477913858484426 0.4638205499276411
0.9954888295985265 0.036686149342817234 0.3462790062351353 0.5404004711425207
0.9922914654818319 0.0364106726917546 0.35107271191720163 0.47690921378688894
0.9964871038780778 0.03717292910897453 0.35743067115739485 0.3804600126608989
0.9939859426983608 0.03724893850336115 0.36883963788471524 0.4272667971298108
0.9906171942741073 0.039339097147401206 0.3741912009113411 0.5195054359411639
0.9951094913247983 0.04021774720608628 0.39855171183444427 0.4478668054110302
0.9939280429929088 0.04193395995053837 0.3923905972965038 0.5160106057515806
0.9954374036389783 0.03999896093100582 0.39842013520245245 0.4888490641178813
0.9955714285714286 0.04200753758068321 0.41889393568186506 0.4729957017379929
0.9944874119517186 0.04408155688590062 0.43112830579226835 0.543305665824612
0.9945500976926561 0.042335285806389664 0.43198122344978923 0.40828482469202654
0.9943375285679168 0.043882121637211516 0.4252646565410499 0.3996580746975276
0.9952251586753885 0.03963072059971545 0.4289589397510688 0.2853947245782459
0.9955864558985748 0.043217991322549526 0.4408482851714909 0.18675346392737696
0.9961518976295689 0.04278893603380938 0.4402188727328446 0.18914523221492682
0.9930334428643035 0.03812993236607298 0.43330630203858783 0.2278646730517467
0.9964155536644034 0.03972335694203623 0.43864130781100397 0.22293746715712034
0.9952109386898618 0.03860519611804593 0.45835208237568476 0.19780898876404496
0.9912088312224252 0.04094333586713116 0.46454037440849855 0.2655977945443993
0.9956569888048722 0.03976598207941722 0.4691179785059045 0.20778487091124795
0.9977396404274447 0.03856349977957041 0.4676777887963136 0.18012706480304955
0.9924656709374716 0.03873192326038649 0.46497542874495024 0.32636264382296126
0.9955253479082208 0.037196113295929 0.45553264463202875 0.8022508038585209
0.9928791100688613 0.03963510492948487 0.4635402432493487 0.7231771304505157
0.9843211975167965 0.036902221300166405 0.4696541512112577 0.7845008589425463
0.9888552552313338 0.036077169379476796 0.4772889331452786 0.8161862950944837
0.9902202819886788 0.03722954062021868 0.4847622074667983 0.7317568815813782
0.9877332932894984 0.04048332641934797 0.5029297716842253 0.804167470576886
0.9946496722239468 0.04150921301659039 0.5112977612657336 0.7272108843537415
0.9945926019930262 0.03942227037887948 0.5172522085830933 0.7869664634146342
0.9960072708437249 0.039124398854977926 0.5366989030897074 0.7831749384019712
0.994311242489109 0.038554867941783186 0.5464143698329827 0.7408146300914381
0.9939732437730064 0.03603645787372292 0.5618887663952049 0.6816739688774739
0.9950842638020352 0.031515378898837654 0.5624032173163719 0.6834443239894687
0.9925173009865345 0.03045342049964978 0.5768708621662272 0.6989264540938952
0.9932378589101961 0.026731621758614862 0.606225109502158 0.6516129032258065
0.9916860251864531 0.021890384909795578 0.6045238867888122 0.5487544483985766
0.9927710872482897 0.01381931877804071 0.6286428411490621 0.6212273641851107
0.9937757995970784 0.006397987522289411 0.635895466958118 0.6318586258032625
0.9945643104649907 0.005333215180191315 0.6594272333787166 0.5021811383464894
0.9933998640822598 0.003253587535349754 0.690152255792848 0.5736271036315324
0.9943037437287652 0.0002716046726760321 0.7037302211799902 0.5359842601221911
0.9949471744471744 0.00016574554058765368 0.7204813543454517 0.5456684054413419
0.989422644009561 0.0 0.7439475632499164 0.5066565952223586
0.9917404286570164 0.0 0.7662339501844888 0.43109626975077375
0.9930714410874465 0.0 0.7806368525847563 0.3737785016286645
0.995840282056711 0.0 0.8196541837794015 0.2175232539807662
0.9855501347600846 0.0 0.830585235367523 0.25076212471131637
0.9922263568332509 0.0 0.8785060295849066 0.3297262889879058
0.991131630983346 0.0 0.903351672939048 0.5061994144997417
0.9943826980625049 0.0 0.9191743369646088 0.21415601394538059
0.9941863789936477 0.0 0.8975875859574409 0.11868404221298369
0.9917628048636099 0.0 0.9087324152900832 0.1581489889657357
0.9903980550973295 0.0 0.9256978555169522 0.3354510800508259
0.9960511708985438 0.0 0.9372617635231913 0.770495919648462
0.9948185311341174 0.0 0.9362355649165788 0.7519237816049835
0.9927696277610671 0.0 0.9369331955698879 0.7594998774209365
0.9949567498011742 0.0 0.9370757058304874 0.744055140723722
0.9952735068502329 0.0 0.9404217423534287 0.6090442890442891
0.9960098569491268 0.0 0.9436953904605535 0.7837899283846766
0.9886287610476149 0.0 0.9372348414130728 0.8261553351076699
0.9941378893716802 0.0 0.941780867527002 0.779439459399579
0.996197439262457 0.0 0.9408895158587994 0.8144050575750734
0.9919963959383951 0.0 0.9388381193522206 0.763152507676561
0.9927078369325604 0.0 0.9452730245695898 0.8726050420168068
0.9937642336892571 0.0 0.9446879436498895 0.7760637225247026
0.9954260780643773 0.0 0.9438982828680037 0.8687214611872146
0.9943075989368604 0.0 0.9446960541790016 0.8884773662551441
0.9928067583015028 0.0 0.9455121867412664 0.8665785997357992
0.989992234754176 0.0 0.9496706262755794 0.818306260266472
0.994797132270317 0.0 0.9535114921709636 0.8742957062366427
0.9946076134296268 0.0 0.9473860850417678 0.838555072335138
0.9956190655901133 0.0 0.9525137935730409 0.859429181114964
0.9932447427353244 0.0 0.9551542293941122 0.8430485470680354
0.9954585436217094 0.0 0.9510889007384208 0.8670157068062827
0.9958345963176267 0.0 0.9515135563789496 0.8123229461756374
0.9957681054893349 0.0 0.9542551107836176 0.8413100294021562
0.9950530306993988 0.0 0.9498438308640145 0.9094937228193977
0.9968175362435351 0.0 0.949778530146383 0.8731634182908545
0.9948772970189417 0.0 0.9528818330780496 0.8656235963467585
0.996304955113775 0.0 0.9545571781972482 0.8976769066177595
0.996844454959277 0.0 0.9546986950717846 0.9036285317952837
0.9945704981165895 0.0 0.9542374294407386 0.9108806838085897
0.9954256733800291 0.0 0.954943269309372 0.8981192264238719
0.9960266356215379 0.0 0.9557248533400202 0.8951377427954805
0.9956547462605694 0.0 0.9569074508713536 0.8970340305963159
0.9964891298508055 0.0 0.9618846066535344 0.9025216181895144
0.9936762463343108 0.0 0.9593808987580709 0.9159053642539237
0.9912376638615469 0.0 0.9610012338922013 0.9392456089835877
0.9940104605047082 0.0 0.9585567155470783 0.9018977163074944
0.9957830980686543 0.0 0.9624453949095582 0.8998514420367809
0.9953025174135831 0.0 0.9604648937970824 0.9011695025849521
0.9958537318140326 0.0 0.9631932230099844 0.8471932529246395
0.9948961845285053 0.0 0.9649803215872396 0.8744865571321881
0.9964653356920226 0.0 0.9674574050903961 0.8720547945205479
0.9963582082296096 0.0 0.9692843803677431 0.9058979456593771
0.9940564858892444 0.0012124011315743895 0.9626937638091319 0.861613729906034
0.9929441345338119 0.0 0.9585536435829953 0.7395554448664466
0.9957618919419159 0.0 0.9633194232810536 0.8131058549825514
0.9949970190308853 0.0 0.9609866104894725 0.8197294996689681
0.9964415780845994 0.0 0.9631183912344772 0.7900099051931513
0.9942687824917217 0.0 0.9618769776736737 0.8280260109960649
0.9901172653643875 2.735753563319016e-05 0.9554834377993083 0.8203810747163348
0.9934604442725098 0.0 0.9559697848752047 0.7514479414537781
0.9911815999238037 0.0 0.9547424427895927 0.7605895519236454
0.9893508050778087 0.0 0.9573823534212939 0.8410633731879298
0.994736771827375 0.0 0.961433811803604 0.8250089983273697
0.9930727329402874 0.0 0.9607284157206046 0.8182599691303754
0.9837092717702907 0.0 0.9581403009225654 0.8765418128324092
0.9883333201237773 0.0 0.9590148717878846 0.8341371603340784
0.9944196175138856 0.0 0.9577251351725576 0.749435467315757
0.9915542780834259 0.0 0.9613180723900616 0.8339620005588153
0.9919346001271178 0.0 0.9659168318256949 0.8420425121936532
0.9943990204669031 0.0 0.9670144969337371 0.8813505652765399
0.9854883197957355 0.0 0.9566340400075672 0.8322969375520738
0.9857581299159448 0.0004240702260294305 0.9517063115252454 0.8089532622785539
0.9915432127267367 0.0 0.9597837882601787 0.8544765957446808
0.9905747584349471 0.0 0.9573538904569974 0.8520577050391834
0.9914715896808743 0.0 0.9634736531411715 0.8734339703825881
0.9912554630904628 0.0 0.9609005220801936 0.8794455109889757
0.9949361237937521 0.0 0.9631554251882486 0.8916258413076324
0.9957223711933731 0.0 0.9658643181747412 0.9065241804392528
0.9890366465149788 0.0 0.9533354459729588 0.8848091515189078
0.9957776493534638 0.0 0.9541352209742447 0.8945139223431929
0.9935618412798743 0.0 0.9470885256221975 0.910286430615672
0.9946222475615205 0.0 0.9262234284654676 0.8627810409482879
0.9907278709291483 0.00010694615261215978 0.8962573300158109 0.8513897077979953
0.9914074269916194 0.0 0.8857595549734435 0.8986092048831541
0.9868871743735611 0.0003996802557953637 0.2074697384828101 0.48373455633954365
