0.9858315298457556 0.06089832865900936 0.17199383768421958 0.11551724137931034
0.9959595540198805 0.05999097839887043 0.15906882594304417 0.0
0.9942202537039034 0.060880983965391954 0.1688143305920755 0.1380952380952381
0.9955571851824097 0.06303189770092651 0.158686385214996 0.11046885035324341
0.9925956496735564 0.05862540702375489 0.16481337769065713 0.06157354618015964
0.9955526561401441 0.059491555939022896 0.16570276456960312 0.10243751928417155
0.993664397718191 0.06039993231436524 0.162755350614376 0.1336206896551724
0.9888294278186235 0.05733971748982536 0.1659824982528638 0.3131184168528567
0.9939161111771585 0.05573099791265114 0.16866494238499874 0.21868070953436808
0.9904297901699667 0.05761965067806448 0.17540766013276254 0.25851639605221266
0.9965280655957799 0.058985781027116636 0.16741526901835851 0.07195676905574516
0.9893412693105063 0.05796371915801504 0.17911215942095265 0.2779472954230236
0.9869825030258763 0.056618941853792515 0.16978594976378397 0.1866365943050465
0.984837167806505 0.05670132358031497 0.18287673600744217 0.17298050139275767
0.9942347546610381 0.0592917067727376 0.18370524711207906 0.23772915434654052
0.9906741062265388 0.05660949313392046 0.18880642527025066 0.32309154260373774
0.9939962243529237 0.056206511533004475 0.18805994085615216 0.29571855293727184
0.9933775567835745 0.05782789859534967 0.1859999200582759 0.16420608617053328
0.9933881086153763 0.06007066799814817 0.19040925595421257 0.1863298662704309
0.9923594794317089 0.061796521187296276 0.1930799785257181 0.27442123094297005
0.9888980078179619 0.05782632151411517 0.19735975597769462 0.3302833530106257
0.9967827646011348 0.05799032001733728 0.1938187064426887 0.2269483300028547
0.9921359017523687 0.05680550059263667 0.19301888909178902 0.2596621815058689
0.9935527514365886 0.057505182624197286 0.19645666615069488 0.1982645280042072
0.9847665137603444 0.05569695464352332 0.2040907797785539 0.16628440366972477
0.9918977113538296 0.05464231429032242 0.20704945315245601 0.14115693329642956
0.9929805371106535 0.05194115330783596 0.20348557350834257 0.010538308174309313
0.9955594075314785 0.05727482724251515 0.20770292921013964 0.1906005221932115
0.9912886537087723 0.058245411897018866 0.21002368645071112 0.10966542750929369
0.9948706715586952 0.056021050833916494 0.20974728382834765 0.27063236870310825
0.9882112593011301 0.054446450203083065 0.21597354883717898 0.2039225546894644
0.9878008834306639 0.0551305555446273 0.21161191625230955 0.2027168234064786
0.9937138049412588 0.05572444765322856 0.2236312898689464 0.34106048494537705
0.9930874924550035 0.05462339459941054 0.22400964869178197 0.36774853053922824
0.9932187012001 0.053204951581309834 0.23152943119952515 0.3780225685115529
0.9926966952113024 0.05704423227084553 0.2325665907684271 0.26041943190868067
0.9954092276268347 0.055948715752316046 0.2326755529439493 0.32484250890167077
0.9930868410173272 0.054136228626475075 0.2394501545917941 0.43025694808599896
0.9939755104499791 0.05380084226238072 0.25774180237412075 0.2462915601023018
0.9899154680781592 0.05238988120604075 0.2514337731813698 0.2196369215034518
0.9935949786646097 0.05331184782853666 0.26024431643821605 0.2581988547631442
0.9906962489879002 0.050041714130674465 0.2565687075740269 0.3407209612817089
0.9946224467105054 0.05199550338122239 0.2669680029113489 0.2291393621668851
0.9837639731108607 0.05284545743247479 0.2648225287076017 0.303125
0.9860835594855265 0.05286722203066551 0.27535952036517075 0.3599046610169492
0.9913033840604443 0.057590685651326384 0.2862519792408507 0.39642944485204207
0.9908902639696175 0.060194268231367476 0.28923855904075185 0.4455257536197484
0.994604886944198 0.05445683592789505 0.3004842907678547 0.3745280644349358
0.9936254618319159 0.056729454077391564 0.3040075717788891 0.3561517113783534
0.9904728536147366 0.05912502002955472 0.3077384044436266 0.3697674418604651
0.9943858444904482 0.059874196307255906 0.31387133431984104 0.42578433957289746
0.9932675006556837 0.06039457254260408 0.3249332061146451 0.44359647030765564
0.9950118930250798 0.05931244961418865 0.33357793138535446 0.4227405247813411
0.9946782842151418 0.06085010504521511 0.3454645169794801 0.4163493840985442
0.9962697762478063 0.06032026826374532 0.3523028354225321 0.4293743890518084
0.9949811321213625 0.06094049391650996 0.35121428297127766 0.3852497643732328
0.9908379993914628 0.06156193224580191 0.35456479914622663 0.38066880439761797
0.9963628930422035 0.06264393340731444 0.36098186700391793 0.355297157622739
0.9951387379555169 0.06423377472415644 0.3724007871567776 0.33950751797777295
0.9924949113955799 0.06595253124290501 0.37898228164618747 0.43215859030837006
0.9935277137851182 0.06773345507414041 0.40380048485588366 0.4295539808253439
0.9910812272787788 0.06808807714321648 0.397610361422733 0.3895043731778426
0.9941870504292092 0.06680193054531318 0.4040757275064394 0.40326581231914016
0.9925087283124294 0.07008575461397108 0.4249204288809564 0.4409171075837742
0.9965137129322965 0.07259316138204985 0.4370602320267498 0.3824733824733825
0.9935199430805811 0.07253618358732379 0.44045921376986785 0.4306487695749441
0.9938429275964862 0.0726060284180289 0.4330016914064796 0.43477460901563936
0.9926653250566941 0.06813197304891022 0.4375319567435151 0.3826574633304573
0.9957448259152886 0.07346390589344808 0.45543024872547505 0.3121079901827107
0.9935288817310969 0.07216627611712567 0.4547467603166417 0.521934299122628
0.9921779797580521 0.06704189356066853 0.4472837196099767 0.4771541831838097
0.9950064479846412 0.06953105955606322 0.4511726279585805 0.4871541501976285
0.9925396598887902 0.06735536297032699 0.4689335960471871 0.31880581100892974
0.9889112927715087 0.07506319359716052 0.47456406857359285 0.24587205630244519
0.9949882655950181 0.07143317844002404 0.48044091871343697 0.3782976605276257
0.9949863459237213 0.06975589790035618 0.47501138766878154 0.18808433812624928
0.9889960205696106 0.07088950815023165 0.47251216802988993 0.3593860446329395
0.993146570994416 0.06746768624828985 0.4636014739096557 0.7366918213338772
0.9896384455058296 0.07053682007772574 0.47037656890338025 0.589051094890511
0.9809261419143889 0.06807489003976347 0.4767276139879272 0.6868571428571428
0.986884841354315 0.06822645700590402 0.48528284470450705 0.7313717997707299
0.9889735740226182 0.06875008361315871 0.4934652972998985 0.7258950558817958
0.9862158570650205 0.07552234743990995 0.5116659050830877 0.6985559566787004
0.9902509473848282 0.07990895630532716 0.5203092570038527 0.6298938576648686
0.9913108686712305 0.07965804513881097 0.5278823774136855 0.7561916362159967
0.9927212270754039 0.08235703163973333 0.5469924487079331 0.6864285714285714
0.9930164106575387 0.08129787417161546 0.5557695899782519 0.5695983379501385
0.98985117839426 0.08116509510779599 0.5721194511224383 0.6932736968862894
0.9921033191836716 0.08131234942406668 0.5738306944657013 0.6724799441925358
0.9883471444782439 0.0837202475507819 0.5896832541982693 0.692473504580564
0.9898614667564468 0.08472236373916396 0.6197889112913132 0.6668386652906777
0.9885569632402342 0.08153003447812475 0.6193518160151555 0.6657399836467702
0.9904558170149745 0.07544983525957287 0.6429671944724458 0.5658775510204082
0.9914059495394082 0.06538638294920486 0.6486710451906226 0.7414642153644123
0.9930389381706216 0.0645498597296608 0.6737901866096594 0.6210683974038942
0.9909767076016831 0.04983127252352634 0.7000298869264805 0.6789099526066351
0.9906363650918567 0.016863442542158606 0.7066023692570794 0.6029476787030214
0.9932981675753341 0.007657854551853723 0.7220891751157432 0.639417845484222
0.9863520135723135 0.001857268299462403 0.7447530996527142 0.6067085953878407
0.989902519171552 0.0038528736601948234 0.7694638984258396 0.5629474203900272
0.9899324588762675 0.0002049647005237987 0.783193516168128 0.539609644087256
0.9922877923165896 0.0005001675318431902 0.8223086363354191 0.28049871113682995
0.9842487702469425 0.0 0.8331622148013421 0.292119491016329
0.9878801909930535 0.0 0.8816373778722472 0.5124907475943745
0.986253713436595 0.0 0.9026458330156493 0.5819654882154882
0.9902512181641162 0.0 0.9298863348061256 0.40053087454596253
0.98959855976539 0.0 0.9193149327209766 0.27198239535537033
0.9872946548215792 0.0 0.9002074349081436 0.1342100602196245
0.9868522771644399 0.0 0.9228480730555686 0.32450644906554355
0.9930539874695417 0.0 0.9354455931242729 0.7908323888679007
0.9925979519768474 0.0 0.9352462268677233 0.8037187377242373
0.9878558284564801 0.0 0.933901493747798 0.8038112290574242
0.9907000287167201 0.0 0.9344140992869635 0.7675937122128174
0.991398786578621 0.0 0.9394676201959632 0.7461887582916327
0.9919907699325186 0.0 0.9413109179418746 0.8337836250440502
0.985372704735728 0.0 0.9356167862410464 0.8719291682254645
0.9907092266912837 0.0 0.9396401403601915 0.8196446530338586
0.994516168862578 0.0 0.9402922362819739 0.8777035443324652
0.9883072358137337 0.0 0.9361304034339833 0.8532649353425243
0.9909880394203111 0.0 0.9446636020022474 0.9056666666666666
0.9912214937878026 0.0 0.9430761900425411 0.7706867505698147
0.9888409822619512 0.0 0.9400011189282937 0.8817480719794345
0.991873167356135 0.0 0.9430691728070665 0.9268641470888662
0.989100247023851 0.0 0.9434642278623163 0.8949687467978277
0.9845166834071657 0.0 0.9465029803915243 0.8498259116730804
0.9936159545299619 0.0 0.9527642036518812 0.8721205801497772
0.9897565441748315 0.0 0.9444807128926173 0.8433798367991576
0.9908449254778526 0.0 0.9491209589150366 0.8386056644880174
0.9927856495106715 0.0 0.9552146515226819 0.8703306139974238
0.9926854812160153 0.0 0.9494822392447755 0.8855385148600641
0.9914279781660765 0.0 0.9487986681877317 0.8361586254506405
0.9912735580649802 0.0 0.9518237648316151 0.8731813773035888
0.9919670130242123 0.0 0.9471314365110637 0.9009392309544835
0.9942356029595795 0.0 0.9483057445350357 0.8998726877855163
0.9917848674956061 0.0 0.9506989839679738 0.8568614576493763
0.9913898458138782 0.0 0.9512175545762787 0.9036949102240689
0.9922458023665863 0.0 0.9515593686843404 0.899068212532897
0.9906975298155384 0.0 0.951704185301449 0.8996005686818767
0.9898049425944345 0.0 0.9512796772590288 0.9066926575698505
0.9937312631745544 0.0 0.953796449069497 0.9111585825584317
0.9923436855114335 0.0 0.9550913075714037 0.9057331863285557
0.9942350934734235 0.0 0.9610602014561334 0.9269088930536243
0.9902025165670276 0.0 0.9571892017615339 0.9090648471991285
0.9850684854424474 0.0 0.9566891932204264 0.9222247216286132
0.9955320997358266 0.0 0.959780869733844 0.916929323147604
0.9899969528532852 0.0 0.9590239923169985 0.9216573462125064
0.9937101056548469 0.0 0.9600113915105501 0.932251765059336
0.9913301491642996 0.0 0.9617811684347942 0.9270917662745845
0.9906501321795457 0.0 0.9626274806656739 0.9016432258370034
0.9927049573003282 0.0 0.9654548193527329 0.9017153453871117
0.9932950891147836 0.0 0.9672466022909564 0.9136455852518303
0.9931562407671027 0.0 0.9624771138301146 0.9034627492130115
0.9924272842960423 0.0 0.963711688548889 0.9264994799491506
0.9914973900482825 0.0 0.9626468440963696 0.9132030659613516
0.9934854930508062 0.0 0.9619656194806392 0.8991525423728813
0.9926601663357292 0.0 0.9644900809614471 0.9255025492806807
0.9917638698608212 0.0 0.9631977620272573 0.9279766477185436
0.9947904269361435 0.0 0.9610812724607425 0.9031326566328316
0.9964549344321181 0.0 0.9648456061133847 0.9236296049711495
0.9914712903023826 0.0 0.9609290843806104 0.9135849439456196
0.9937927934543399 0.0 0.9642342537946825 0.9365802807340784
0.9900424840642976 0.0 0.9608886327056654 0.9145510108133521
0.994552933018749 0.0 0.9666076598475951 0.9193301225919439
0.9837169843334653 0.0 0.9606271337308816 0.9293815663801337
0.9896188973800616 0.0 0.9641316843873935 0.9182643242455168
0.9923361188549902 0.0 0.9667315377517308 0.9194821709259815
0.9894777842057932 0.0 0.9659246335881247 0.9280046478205697
0.9897071720489868 0.0 0.9697515245741589 0.9157334897839451
0.9918599407742121 0.0 0.9681209951968075 0.9228085738946965
0.985548701943005 0.0 0.9652591057958874 0.9304746136865342
0.9895374344979201 0.0 0.965222655034319 0.9124269397556886
0.9890364660539579 0.0 0.9651478968558448 0.9189039776729587
0.9928289962869791 0.0 0.9678849961174243 0.9261137269105396
0.9901585729392456 0.0 0.9681142266587062 0.9153049141503848
0.9916157027025405 0.0 0.9657721798692377 0.911546382195382
0.9936682296226121 0.0 0.9630220044071646 0.893666573971079
0.9956260514878289 0.0 0.9624102821506231 0.8845710361650772
0.9885680078015623 0.0 0.9438947140094558 0.8402136143800674
0.9933899609806518 0.0 0.9409358230116396 0.8452658379973268
0.9925219602265579 0.0 0.9295486772013644 0.8482896377837789
0.9918458987539347 0.0 0.9042190300596262 0.8035660802508012
0.9934486712516157 0.0 0.8733919498000312 0.7889560488789948
0.9908474448545993 0.0 0.8658200346222045 0.8709627289849075
0.9863479811674658 0.0 0.1860632955182574 0.4058177292037855
