0.983210205626244 0.09975382352072634 0.16099860606551658 0.13282592683525657
0.9930852464929911 0.10823510303593399 0.14984708717485762 0.0006756756756756757
0.9919302003110043 0.11538397579468544 0.1603528370984712 0.07401091405184175
0.9938462980695187 0.10561877453367237 0.15068952631548954 0.12221144519883609
0.9902623862501049 0.1242203406054115 0.16295398878465317 0.07087394680323807
0.9932787811312269 0.1078803447912914 0.1592963887031226 0.11292810860845418
0.9907541881736284 0.11885840428886786 0.16072845772852576 0.08466748768472906
0.9881982789156752 0.11004719805271786 0.16231751344469847 0.2329820563941897
0.9918859524774329 0.11261215796631625 0.16475690190971104 0.08950156186337091
0.9884854047093955 0.12473203336157603 0.17291575307740337 0.2028900029489826
0.9956569360445735 0.12395819929860075 0.16574241487895117 0.04896474538332401
0.987007079141619 0.12863137721094392 0.17572691121638268 0.23027954608358706
0.9844806283299362 0.12209887132904244 0.16759658420741141 0.14767764986105597
0.9831577363229583 0.11856749581253209 0.18605574215619927 0.0991556091676719
0.9928931999130979 0.10961531271174307 0.1825819802717415 0.07770083102493075
0.988258957866007 0.09441057494885573 0.1859177661370852 0.15092423319114362
0.9919497805445576 0.0929532183111272 0.18440202925738652 0.2087844107639963
0.991153394091186 0.1066505901645185 0.18631511583258673 0.06721461187214611
0.9910956309196456 0.10305629580279814 0.18984218591924462 0.0987887963663891
0.9897483157338579 0.09114206478423198 0.19067701784150473 0.12729948491537896
0.987489826283409 0.1068464483149997 0.19311467807089824 0.24423126782473426
0.9949982965389824 0.12484041799790298 0.19511948853423627 0.20774046670461013
0.9894706061529089 0.10288003019134141 0.18970795450375139 0.19391947411668037
0.9909149078546972 0.1097911413164571 0.19951227626702703 0.16561679790026246
0.9829456091956276 0.09665925479841263 0.20489690072338287 0.21530698065601345
0.9895409269403883 0.08575916046951117 0.2103352147288628 0.1390288132178118
0.9917514966943535 0.0700717017717689 0.2029558577385138 0.13457513604018417
0.9927933192121345 0.07730263960470829 0.20896823939783368 0.22937467157120336
0.9902219007504661 0.0719750604207818 0.21229977605263964 0.18425760286225404
0.9929314131697908 0.06803700601911031 0.21094157872841873 0.2773837667454689
0.9857333596470069 0.07499997531563893 0.2185685547540364 0.18878339589313314
0.986235885701993 0.07058565961566027 0.2137451163832577 0.17402536402066698
0.9914458313782235 0.0681127913772284 0.22543691810004735 0.23767214571301643
0.9906237360729842 0.06676030482292675 0.2246175522854188 0.2892279662946937
0.9911906164719572 0.06608943259438167 0.2342261683114919 0.37013669821240797
0.9911991362390036 0.07433716459831477 0.23468863091717254 0.2796497744759883
0.9933057894461587 0.059742027797650886 0.23158466776596054 0.3059520603285753
0.9916272665480498 0.06228960751945089 0.2372013831570097 0.3826109391124871
0.9916589469561746 0.06121715870472541 0.2545502733305729 0.14307496823379923
0.9871867849489135 0.059958615898140735 0.24972261560372966 0.14325842696629212
0.991088191917209 0.06510845479864202 0.2589877999363924 0.14803392444101773
0.9884656371581529 0.06488796264883116 0.25577032033649555 0.23669250645994833
0.9930427246596336 0.07153563015765883 0.2705675875294893 0.16047774158523345
0.982164921306893 0.07625372955097592 0.26930050069610545 0.1892069040856456
0.9845857418111753 0.06574474035861898 0.274414758473019 0.2653439153439153
0.9898000831412267 0.07229883054807432 0.2847005036103163 0.12764512843725245
0.9895781041288234 0.07548499005012185 0.2900056333082151 0.21316818774445892
0.9941478422880065 0.06436426199266015 0.3024997073323014 0.19579609400860642
0.9913359881698195 0.06226447432316924 0.3030928809625484 0.21631878557874762
0.9905279419601172 0.0705126711040226 0.3097549202304508 0.2457831325301205
0.9927358475635811 0.06989550594998253 0.31415146207686684 0.2760348009491168
0.9913634477877834 0.06752587749311714 0.3254668529665014 0.11946859431474065
0.9930959817391772 0.07457066711945143 0.33680721645218686 0.11020126282557222
0.9933039051566303 0.07013580477771025 0.3485015398123287 0.10686880029945724
0.9953718230310638 0.07263375554118297 0.3539222860383153 0.17513997760358344
0.9928618349025619 0.06637829149529617 0.35047663852432615 0.13806743266151816
0.9888996127292524 0.06480730319920593 0.35542282601009395 0.06675961617321415
0.9947151352620407 0.06652254552461702 0.3595673964392969 0.2307540854498917
0.9944189644024678 0.06977832590980225 0.3723249419628892 0.2198567449263828
0.9925983883081099 0.07259632499931538 0.38081620607447514 0.16520491149736885
0.9909166136982358 0.0801742896908267 0.4037915163990554 0.03506469154322145
0.9888812775253765 0.0770704658867801 0.397703533484541 0.1642814549791294
0.9934231516663283 0.07411285721093719 0.40483802436337984 0.15521880753434358
0.9905143520240127 0.07304527975478489 0.4215775218152378 0.12685714285714286
0.9959283079599932 0.07307119861517804 0.43056197426672915 0.10705647281522768
0.9922732605404458 0.07490174820436374 0.43370572570669824 0.13174025051079327
0.9926215738446504 0.0734329937963901 0.42764299967762076 0.22377119862029318
0.9902459845706336 0.06901386508801995 0.4298506147054287 0.12601406165494863
0.994447997953179 0.07363342409567722 0.4445812576139256 0.11885078169763444
0.9914123468591802 0.07497194257279324 0.450226248059851 0.11751475962890076
0.9915374176743192 0.06926517554231913 0.44707148186789053 0.17391304347826086
0.993119914053491 0.07214727129090079 0.45204708851292974 0.05429119824513299
0.9898334032879051 0.07099712615656424 0.4677941547771307 0.03745225633045692
0.9866001881101732 0.08259886283036638 0.4760854307452933 0.06769596199524941
0.9929585651822219 0.08234924943990776 0.48062138787555847 0.11586574188754026
0.9923702450606083 0.07871346259413961 0.47347408835454363 0.07066834804539722
0.9867031841274487 0.07412033996024427 0.4682316230322452 0.18622924260834345
0.9911487758945386 0.06931168354965389 0.46184543154919 0.3568033273915627
0.9873791538437626 0.07070745724996634 0.46885553861861917 0.4186895418872057
0.9782468062617089 0.06719084545802967 0.4750004164944495 0.3948580199539524
0.9852590088685435 0.06832929767971771 0.4840451652402393 0.4950229709035222
0.9877446569807055 0.06694031739734767 0.49143123743094774 0.5499905141339404
0.9842004809192986 0.07387532489929662 0.5095767091353366 0.38033843674456086
0.9862249961942458 0.07674833073949495 0.5178931486403415 0.36322479540309943
0.9876125853616041 0.07603319226831905 0.5253115858957151 0.49887960888164595
0.9880934100473624 0.07915422785892222 0.5440825375170532 0.32303571428571426
0.9918194434299905 0.07829507185274685 0.5527705447818749 0.13455414012738853
0.986720290310598 0.07612142211670597 0.5689577117324887 0.4591194968553459
0.9895967408772981 0.07550048991524198 0.570505050174127 0.3724668064290706
0.9853947321354048 0.07600608803235608 0.5860027060944354 0.3159943382873319
0.9876605416196407 0.07547649806220809 0.6160615667325907 0.37208923628073604
0.9866474881645189 0.07432709740402048 0.6159737826499201 0.43147579347667103
0.9876185426487215 0.06660860889636688 0.638988215078238 0.31731066460587326
0.9885963090977931 0.05920341918447135 0.6450041479212533 0.4670803693052823
0.9908748034847474 0.055083694693517565 0.6681520787590293 0.23694723791155806
0.989696420088958 0.04693114395293774 0.6971666004320334 0.3711613623673925
0.9883463147160108 0.027574248527716984 0.7073190587343857 0.3393024188159829
0.9918562505769053 0.023980150495537502 0.7202061021321693 0.22400235895419698
0.9843916706747495 0.014150546350131717 0.7418617923692324 0.20506082725060829
0.9872728283893182 0.025239781384449773 0.768567975821277 0.18044726244537743
0.9878173100822386 0.014150413656272226 0.7785617775108843 0.21660572166057215
0.9905243893151572 0.010055369079381473 0.8147111941373631 0.13301228207712695
0.9822292496466278 0.003154591027893226 0.8301401303223911 0.15755549093728796
0.9852874643790945 0.015328542245344856 0.873325642018531 0.1037602947550932
0.9836766497705058 0.010032804811372335 0.9007556900710899 0.15233824471492632
0.987557034594242 0.004194236039976745 0.9266133131106145 0.15839410334823179
0.9886209460618887 0.003532020554766236 0.9238724784740346 0.19918836658775788
0.9850206698963967 0.0003895326998789666 0.922389974464896 0.11729673744174003
0.9842658700018566 0.001972954679646884 0.9224172342031689 0.16323540186094218
0.99053523924219 0.0 0.9309258153778162 0.33593950269161754
0.9905785162843156 0.0 0.93109081219092 0.3292389853137517
0.9859145208565948 0.0 0.9296855227309947 0.32075471698113206
0.9889299470242039 0.0 0.9297605580615921 0.23382121688641588
0.9896466266059126 0.0 0.9352125351440461 0.2921651419188365
0.9902769020244436 0.0 0.9367086513205518 0.31023809523809526
0.9836587858767537 0.0 0.9310697335995747 0.3267189079878665
0.9886410740733272 0.0 0.9345457365543449 0.292349113753646
0.9929708297932597 0.0 0.9353727422003284 0.30024185189450653
0.9867609403435749 0.0 0.9310962205899745 0.2722380847792664
0.9893049169885121 0.0 0.9396061937698268 0.3433693403815215
0.9892331223945056 0.0 0.9373378731542171 0.14231014677728143
0.9866081602763513 0.0 0.9334590736273016 0.21418769133326296
0.9902120014540439 0.0 0.9375222560634962 0.3333333333333333
0.9872205661889305 0.0 0.9378798765288388 0.2885999785107983
0.9823568072718659 0.0 0.9405030272189254 0.3084285847040238
0.9924789711521225 0.0 0.9476119411399444 0.2879856901520421
0.9873634680157888 0.0 0.9364439547781294 0.12670250896057347
0.9887707144782163 0.0 0.9423517859314686 0.22608073033205048
0.9908893123977536 0.0 0.9482035826981572 0.2170633138751684
0.9904347345743799 0.0 0.9416967352374722 0.20492610837438424
0.988985790255958 0.0 0.9420097373255409 0.3712205160677537
0.9888460510253709 0.0 0.9444968872850673 0.37023989263546386
0.9896459728638339 0.0 0.9398865748855164 0.3518781895758387
0.9921534447021797 0.0 0.9408715380334746 0.3636708668589646
0.9895784003926262 0.0 0.943748849042062 0.3686162404388473
0.9892913235407448 0.0 0.9463188140074782 0.600031481189989
0.9896848131255904 0.0 0.9444880173558573 0.4320428646894574
0.9880189050107606 0.0 0.9455727315234251 0.5469522240527183
0.9873002978303503 0.0 0.9447940885756576 0.5152168058173984
0.991238563624498 0.0 0.948530091087995 0.6345269701482873
0.9896910324039186 0.0 0.9498136247255433 0.6287623248572911
0.99241361708903 0.0 0.9547323411897505 0.5258865920728238
0.987902600423926 0.0 0.9513523139094457 0.5784471938318092
0.9827824506901908 0.0 0.9515409393025479 0.6489915229465069
0.9941962147684339 0.0 0.9547948858406411 0.625192096597146
0.9877448376427405 0.0 0.9529099243591596 0.6282940360610264
0.9912558692283494 0.0 0.9544233620211444 0.6769129153541307
0.9888146682599072 0.0 0.9565201054384789 0.7155630739487675
0.987955207574654 0.0 0.9565403640094982 0.6377014017059909
0.9903387346902514 0.0 0.9607535360996596 0.7109239534307654
0.9915477621156489 0.0 0.9632978979267882 0.755037165162919
0.9916213962763671 0.0 0.9582325470417674 0.744577698392447
0.9911165194935375 0.0 0.9605539298664603 0.8232739731484802
0.990913933442536 0.0 0.958971612872542 0.7665330285885571
0.9924912633367785 0.0 0.9592603485232671 0.812940172156221
0.9924238099164991 0.0 0.9615218788601779 0.8128200836820084
0.9909345933953408 0.0 0.9599465872772646 0.8272591746756748
0.9931440230665151 0.0 0.9589630688487644 0.851288486258187
0.9953286066658448 0.0 0.9612380098827633 0.8259075671184207
0.9915979032654927 0.0 0.9582189712964548 0.823094234201609
0.9926803341939472 0.0 0.9600904804917463 0.8385055074454775
0.9896742562535292 0.0 0.9590917881145624 0.8482378088184123
0.992858862141959 0.0 0.9639767859845296 0.8760624040686353
0.982746378548525 0.0 0.9564825631870586 0.8424786653963878
0.988516232224527 0.0 0.9599231909115451 0.8386965452156696
0.9912388538182745 0.0 0.9642543446091848 0.8795316739197727
0.9878525676270068 0.0 0.9612532599013278 0.8584884994523548
0.987836399749957 0.0 0.9641772621083881 0.8497564244658092
0.9900837183789964 0.0 0.9650674506618799 0.8942318283623191
0.9838609326098848 0.0 0.961669553651258 0.8973770785309849
0.9887216842853336 0.0 0.9619270644838525 0.876021023866277
0.9882247751679125 0.0 0.961785040315663 0.8868901583392933
0.9919031587617807 0.0 0.9626283321577715 0.8814065977383406
0.9895126273231655 0.0 0.9636376419977379 0.8790772803739709
0.9902846328956858 0.0 0.9626508395696173 0.8939975565628985
0.9923189540540119 0.0 0.9601243092317306 0.8805373196982241
0.9940442581327118 0.0 0.9609607784072557 0.880629306982187
0.9865987292501708 0.0 0.9462482370182523 0.8562339541823297
0.9915323853138076 0.0 0.9425495352656913 0.8567778908051779
0.9915106042536871 0.0 0.9370314131625666 0.8768564988525628
0.9906872346306748 0.0 0.9149701541543366 0.8369083090675155
0.9930946595795551 0.0 0.8916282966418795 0.8358878334978835
0.9903401620101967 0.0 0.8999130822212971 0.9185088429511403
0.9871574112611833 0.0008184050195507866 0.23720584621279114 0.5751159835702254
