0.9856530517358878 0.09008715454417313 0.17861290293500343 0.14398705734316017
0.9958544503351473 0.09056272999453938 0.16474788697296877 0.041194129419613076
0.9941530773277223 0.09692066050429478 0.17516474933693477 0.15286114445778312
0.9956289740401744 0.08821374809209687 0.16333014730957104 0.2161390145203523
0.9923271684545131 0.0960672602216546 0.17156086306809637 0.09892813213846424
0.9954248464554896 0.08551368098592715 0.1716451020125612 0.1761467889908257
0.9935582991153856 0.09768684149851428 0.16829848704502046 0.22956361401352182
0.9887894243202895 0.08646737689779498 0.1713111871617391 0.4269946389151687
0.9937874632279755 0.08986458582389636 0.17461419534420922 0.20132200188857413
0.9901975144039457 0.11945807169597357 0.18639011315246543 0.35498108448928123
0.9965629480636854 0.11571977918382201 0.17722765439721816 0.12468193384223919
0.9891057630446617 0.1215507566862186 0.1891948862345485 0.3632190116122063
0.986947200020981 0.10798819086359909 0.17824249052656088 0.2354442124797031
0.9847859096231423 0.12480618946715971 0.1955694147557636 0.2581453634085213
0.9942011773870181 0.11511501519487145 0.1939415442848747 0.23917442331040065
0.9906944531889441 0.0907194779059817 0.19586147601292977 0.26214995483288167
0.9939168881492337 0.08639372789347255 0.19400839074772455 0.3727243692111147
0.9933712820361374 0.10177652159387718 0.1948948688959282 0.15333333333333332
0.9933136604409905 0.10124673312586406 0.19909355998870354 0.26611170784103116
0.9924373942367393 0.07968591179516825 0.19736904830603944 0.31076473453482706
0.9888948058232361 0.10406037662589789 0.20725552507740097 0.41844553913519433
0.9966682084847183 0.1043384037859208 0.20259984284786992 0.33457036825578074
0.9920409475828063 0.10464692649771673 0.20187926888296442 0.403483723586522
0.9933793595244665 0.11306500136220565 0.20740286129820834 0.3084940072954664
0.9846269519387135 0.11312070195087164 0.21567868059320872 0.26490825688073394
0.9916745134102986 0.10960724128984252 0.21830182689699607 0.13733213965980304
0.9929538685195292 0.07552781300924936 0.20937458559872696 0.08626337628303123
0.9952575309216044 0.07252882711972199 0.21169723340855537 0.3032904148783977
0.9911618266856363 0.07228197703051435 0.2138967729417647 0.21402293875784462
0.9949059623119094 0.06009737914692876 0.21244348418215817 0.3629454926624738
0.9879139835247166 0.08353218406536189 0.22294666470761093 0.25745526838966204
0.9876565693109484 0.08688049289648603 0.2182585673602993 0.24043715846994534
0.9933711307030753 0.08545477906718472 0.23053873993598717 0.36660175267770206
0.9927924716179751 0.07643769793165772 0.22906138617793353 0.3975465697410268
0.9928762112289645 0.07007852781155731 0.23518964934002884 0.48842161298908704
0.9924943512851367 0.09101200723811541 0.23945031638417136 0.37208067940552014
0.9951397538737482 0.07337904367064639 0.2370913862844392 0.4426184606956998
0.9927021430195118 0.06752473538308981 0.24196084036015436 0.5088587806149036
0.9938765495316734 0.06358695094811762 0.25982857764578354 0.3667687595712098
0.9898291471871274 0.06730804341211076 0.2541162483851688 0.28790590641779595
0.9936805228731851 0.07769942182320329 0.2650668865393437 0.3446676970633694
0.9907794405866046 0.07806484672582815 0.2637257065070046 0.4297082228116711
0.9943492343447615 0.08533855132535 0.2756879651848538 0.29570472695877403
0.9836690876083822 0.09295064421849916 0.2741597900609108 0.3308621054861258
0.9860342135150483 0.08206591843565982 0.28241720077037225 0.5074152542372882
0.9913298328562055 0.11256249675530726 0.2993511558555237 0.2836206896551724
0.9907851055070381 0.10184364464906813 0.2980652285835802 0.4580277098614507
0.9946270993893699 0.09088635956655995 0.30852025299242813 0.36243949661181024
0.9934107599712871 0.08694562461908084 0.3113824636722813 0.427536231884058
0.9902111237673866 0.07671927633321979 0.31227899670485426 0.4433768016472203
0.9940998139153358 0.07114076605695399 0.31682392075877674 0.510941207487477
0.9931073184418879 0.09164311575179543 0.3326102578672059 0.3053808525506639
0.9948664507529897 0.09591924818866643 0.3430482657183442 0.3034928492849285
0.9944826150322715 0.08234970406233717 0.35147458212511773 0.30964947895520367
0.9961853421619496 0.09649562352740493 0.36170516312849627 0.5129582068643475
0.9948583492236448 0.07038543983630023 0.35387518901655446 0.4734563681932103
0.9906766716772536 0.06548021820751271 0.3564854374675457 0.23045706962836396
0.9962647164486743 0.06464710577923564 0.3621436534349176 0.4101112234580384
0.9949538736476043 0.07298257661558755 0.3764049358777628 0.26181962653953117
0.9923404450307551 0.07384151795753358 0.3827013894914288 0.35797207935341663
0.9932271518302759 0.07647974553376004 0.4056202715858233 0.41011962495958615
0.9908951994396308 0.07819291260663605 0.40153065298544705 0.31000499001996007
0.9938902244799144 0.07664104202837427 0.40768190554583467 0.26864456079115767
0.9923428392892392 0.06903768475595307 0.42438407765049574 0.46459480723839497
0.9963600813313375 0.07127936911837711 0.43529841196995916 0.35330762385048947
0.9930837297996751 0.07093357571568333 0.4382614766689639 0.438140267927502
0.9937349944092934 0.07527373062183995 0.43312169104478343 0.4431510125976718
0.9922340084043423 0.07360855417348831 0.433787422194518 0.25071904018407426
0.9955036836190659 0.07485527526186632 0.4470922401843034 0.21647298994974876
0.9931689499488854 0.07367632958478351 0.4511394211838824 0.4150208623087622
0.9918971153100024 0.07166295062497485 0.44952655299134664 0.4556271690629648
0.9946941565429849 0.07272952839762248 0.4524493521015589 0.30306230200633577
0.992248708823533 0.07947123937822041 0.4725340671728391 0.14566258648217137
0.9887808871796492 0.09737441739275136 0.4796330549173461 0.17267645769399387
0.9947329610004317 0.08836500987158873 0.48306605761261434 0.29981938591210117
0.9947606710366605 0.07090123306492287 0.47311248985319254 0.1566842130222412
0.9888252909849972 0.07233248986902431 0.4714975814143892 0.31344236138811327
0.992800935271578 0.06864673761835038 0.4641595646535874 0.7674192292720903
0.9893993196374217 0.07085824790347363 0.47060272794101127 0.6280875088214538
0.9806328046046622 0.06802160618294141 0.47701087687385163 0.6722402320423136
0.9865558095304566 0.06793718532375573 0.48530675140521207 0.7818875119161106
0.9887818644895854 0.06860469783989759 0.4935824892546897 0.7584729981378026
0.9860932189495147 0.07563312587622517 0.5120689377725568 0.762962962962963
0.9900974184120799 0.07993999615521583 0.5204434385155882 0.659922441409543
0.9908958740541483 0.07929710359865641 0.5277962438393398 0.8055834504920667
0.9924443975309649 0.08174161692290374 0.5469000124277688 0.7559757402782733
0.9927653838747834 0.08175359735462037 0.5562661415209522 0.6576068376068376
0.9896378978647212 0.08097974655426297 0.5724326505736335 0.7419842202450898
0.9919320863075809 0.08052419673166496 0.5736480339301491 0.7372984220565285
0.9881975272144686 0.08258848102159669 0.5894292105725975 0.7571633237822349
0.9895730799361324 0.08275969587220876 0.6192605938912222 0.7350017140898183
0.9881720623609087 0.08074327373371708 0.6191700453175035 0.7206168831168831
0.9902309649614212 0.07014209314876796 0.6418140257781423 0.6390204081632653
0.9912310579008986 0.05933147511563287 0.6471359249263416 0.7847424684159378
0.9929099816048084 0.05158616979587673 0.6709451464361579 0.7142857142857143
0.991154948679222 0.04042981045420138 0.698214465472116 0.7345943549578838
0.9904576697649271 0.0089853454890829 0.7053946915662013 0.6842260153031194
0.9934252777401853 0.004972670272612961 0.7219296734376011 0.6692520047324833
0.9861453378591978 0.008552416137042137 0.7457737681407077 0.6233934830585486
0.9898976832133008 0.03005922252360612 0.7736273904996915 0.5773972602739726
0.9898558885432412 0.011483766492946664 0.784666118892356 0.5022561930196151
0.9920782818546602 0.0033247621871491137 0.8165953953784995 0.21103883896680076
0.9840537202475835 0.0 0.8325993748025871 0.2782848966299896
0.9879998965710968 8.968274728149172e-05 0.8807955654385768 0.4986039428039597
0.9862046487611753 0.0 0.9010410357571756 0.5473537604456824
0.9902038097837021 0.0 0.9174443832987397 0.2069806019161109
0.9896206991215227 0.0 0.905016131322181 0.1600754736224789
0.9872889863448814 0.0 0.8942475658854516 0.12164637636911804
0.9868747974505779 0.0 0.9225074521574377 0.33321511804640797
0.9931078721917528 0.0 0.9355013024556448 0.7983442481156555
0.9927848780362145 0.0 0.9353770529916801 0.8167773237997957
0.9881129304999404 0.0 0.934002573660217 0.8088795966055836
0.9909157646680231 0.0 0.9346790655477433 0.7925
0.9917506352111448 0.0 0.9399592893598551 0.7908976269632008
0.992207658630605 0.0 0.9413665367009102 0.8278604704010908
0.9856300053449984 0.0 0.9357908257002214 0.8728629906091981
0.991003889725389 0.0 0.9399979416388207 0.8421919613441686
0.9949037500877883 0.0 0.9406546448033274 0.8975473801560758
0.9887515491895368 0.0 0.9365108415540929 0.8676486059968438
0.9913018179818935 0.0 0.9447439782798682 0.9007716552548636
0.9916440612284441 0.0 0.9433255158826032 0.7782858254694036
0.9896345724029745 0.0 0.9402113118776744 0.8778801843317973
0.9924316377810033 0.0 0.9432568451032429 0.9159555467354634
0.989687544339954 0.0 0.9435530016487247 0.8778671432826929
0.9851948187671639 0.0 0.9469600301531305 0.8698951933501988
0.9936704297549108 0.0 0.9526403445753864 0.8622283865002311
0.9903825608671778 0.0 0.9448668844502978 0.8549909098779327
0.9912554312414218 0.0 0.949396507964976 0.844740231859167
0.9931605358310618 0.0 0.955207439627021 0.8634531407457172
0.9929709636617712 0.0 0.9495890300232891 0.8825029756844074
0.9917237960971188 0.0 0.9489188454389178 0.8394949724049293
0.9919789311396983 0.0 0.9521389435113663 0.8733333333333333
0.9923240610013776 0.0 0.947265830969212 0.8927981109799291
0.9942882772873448 0.0 0.9484045671870939 0.9093939842939694
0.9922476448575398 0.0 0.9508806050225955 0.8533247348810548
0.9919313524590164 0.0 0.9513840602860203 0.8935458051371608
0.9927542743425479 0.0 0.9518188678732747 0.8918202121719709
0.9909956121651389 0.0 0.95171587853216 0.8912322589202812
0.9901829736194842 0.0 0.9513762268810096 0.8989365089473349
0.9942017151730196 0.0 0.9542157628470339 0.9149702085402185
0.9927393336138828 0.0 0.9552043579832578 0.8966015037593985
0.9944744979529543 0.0 0.9610608101579506 0.9153586447906178
0.990326661646946 0.0 0.9572150477259966 0.8999887627823351
0.9853861429780569 0.0 0.9568585444860468 0.9158424048184782
0.9952992058990358 0.0 0.9597446170832387 0.9187308949088226
0.9905153069682839 0.0 0.9594251393414369 0.9268870301320166
0.9940797727900207 0.0 0.9602057918553514 0.9332673267326733
0.9918049032305642 0.0 0.9622695641808713 0.937532535137949
0.9912508606317179 0.0 0.9630073774744208 0.8991890380313199
0.9930952429147522 0.0 0.9655928275270776 0.8929924674731796
0.9938174059884958 0.0 0.9674175061197744 0.9030806507442022
0.9932789303004556 0.0 0.9625042182863147 0.9000878173399329
0.9924999840696348 0.0 0.9625532782132956 0.8809618947291946
0.9918271908297775 0.0 0.9631053723600678 0.9193012538848998
0.9937444683272222 0.0 0.9623390945377536 0.906382835166318
0.9933157327688747 0.0 0.9651806390001648 0.9321376635967038
0.9923073886411818 0.0 0.9637054060046385 0.9312166081514273
0.9945538563693169 0.0 0.9610404000921356 0.9066585500188422
0.9964269227117408 0.0 0.9647845642396193 0.923121387283237
0.9920641632991992 0.0 0.9613838539430386 0.9142634646302251
0.9935586114092205 0.0 0.9642223868972842 0.9377318494965554
0.9905192572712618 0.0 0.9598921671409315 0.8775624887610142
0.9947039274890471 0.0 0.9661473767632998 0.9055746140651801
0.9838535853341068 0.0 0.9609696353272731 0.9339142489355382
0.9897678043725991 0.0 0.9645352711255291 0.9255044537356845
0.9928943235334591 0.0 0.967249692923192 0.9218052773971399
0.9896170826819674 0.0 0.9659063275132532 0.9267981790591806
0.9901208212471655 0.0 0.9705273383458132 0.922358509771987
0.992323128101627 0.0 0.9685818778294712 0.9254185874316287
0.9856246419952485 0.0 0.9641861718640725 0.9179014817781338
0.989125725365968 0.0 0.9563471688813128 0.8301226076287201
0.9893763464828711 0.0 0.9597314103803553 0.8703682018167522
0.9925298739221752 0.0 0.9625890515066722 0.8827566864292559
0.9903563740731882 0.0 0.9661338629898434 0.9003697217357463
0.9915418946156062 0.0 0.9626136660020954 0.8913182580207574
0.9934764213922561 0.0 0.9626669498473255 0.8934180362458514
0.9954589822006064 0.0 0.961172591750981 0.8816463371854109
0.9885515013564258 0.0 0.946944429575788 0.8558550214565774
0.9935524574709018 0.0 0.945524109765709 0.865187621514036
0.992150452651243 0.0 0.9361200324637038 0.8737107147190875
0.9918596145113694 0.0 0.9109382221218232 0.82421509639412
0.992847565278758 0.0 0.8785063812815741 0.80333591753788
0.9908393531163434 0.0 0.8753514939112241 0.8840781651698054
0.9869302433192518 0.0 0.19125304842643132 0.4312264404035995
