0.985294717052269 0.06485916534329453 0.1766043288589262 0.13448041657233417
0.9954588919436851 0.06462854455695162 0.1632115788257879 0.01939275220372184
0.9938088963581898 0.07575595922791609 0.1743959650208255 0.12967314676351208
0.9958810221811708 0.062263168323429 0.1617403229698796 0.18171589310829817
0.9918539116785408 0.07321127345849225 0.17140258740952513 0.0665197355239431
0.9950577961005107 0.06394562465333005 0.17116029231121568 0.11081322609472744
0.9933212996389892 0.06989166285563825 0.16633151570957294 0.18411330049261085
0.9890658588067783 0.06176692059097111 0.16960153937872893 0.3824561403508772
0.9938228251312028 0.06194311440936562 0.17216247874203475 0.18461840298214635
0.9902249359966048 0.08601721403823537 0.18291208221699432 0.3214513049013367
0.9966614013957952 0.0915378868344933 0.17611955467123577 0.06174909192511875
0.9887354461616654 0.0840504884395587 0.1865318622695259 0.3277701778385773
0.9866366293516844 0.06938389408975636 0.17399357533943097 0.20307328605200944
0.9849784767589203 0.08893278269897276 0.19127788604347085 0.2213659314376827
0.9942665632970645 0.083356440757973 0.19094159130236052 0.23152817364613024
0.9904815032148065 0.06658301997245504 0.19373541252529305 0.2715301003344482
0.9935704696152838 0.06178005605938198 0.19156542246076277 0.3257551152971744
0.9932148662600181 0.06406424800415117 0.190557095885104 0.11231063903882987
0.993101114012461 0.07717827799489184 0.1966973511928034 0.24046015712682378
0.9922401723865061 0.05811790916582854 0.1952973564035867 0.27226580526072913
0.9891333559519075 0.0671290504419549 0.20293395506220727 0.38937552981068096
0.9966838070432179 0.07604503490466424 0.2008735333549843 0.2806166143305738
0.9918082609272927 0.0757880091412737 0.19944685178671362 0.3346238938053097
0.9931780246186983 0.08077790577233962 0.20277359034212625 0.23840596597529715
0.9844214749025577 0.08360036806300487 0.21189715944432927 0.2505733944954128
0.9914438685535912 0.07523665991616822 0.21309637517416274 0.14873478848754104
0.9924699532170611 0.053061116583471554 0.20737770193401592 0.10883838383838383
0.9950811410876266 0.052091268974178775 0.20983399119136933 0.2773426167682042
0.990981407825363 0.05514626357964271 0.21296564817212593 0.17886358611541012
0.9947842700594467 0.050856587560365624 0.2127561392146085 0.3553054662379421
0.9878567269201063 0.06132353481974161 0.22035693572011364 0.24612306153076538
0.9874781677668849 0.0672283340983461 0.2158733179240439 0.2130637636080871
0.993113172669355 0.06436461659586203 0.22884494124390942 0.32216794603396137
0.9924174997418409 0.059484884473442 0.22709576127909953 0.4128350135234817
0.9924497698942277 0.05473511686271832 0.23350682484597293 0.45913461538461536
0.9922009980644723 0.06794802300870592 0.23618713521033055 0.36744432661717924
0.9949337538803434 0.056815839967667 0.23627106903158143 0.42216142270861834
0.9924148939359119 0.05284957091869498 0.24126227532997596 0.48396349413298567
0.993836178656686 0.05256048733732172 0.26035823847050205 0.35370843989769823
0.9896840021968096 0.057181385644861714 0.25384565305976464 0.29813346970084376
0.993471602477469 0.0624797020361684 0.26398406464246005 0.33998445193055193
0.9909269769201665 0.06107968028676616 0.2612224972640785 0.40605899548232793
0.9941496539858341 0.06866527309228636 0.27332789120888207 0.280440414507772
0.9834247569036084 0.07432346732854796 0.27123192218998377 0.34419034419034417
0.9858364588865637 0.06373695686680758 0.2791913606001693 0.4605402542372881
0.9910703827644534 0.08409652434696911 0.2930469213790693 0.2980551053484603
0.9908381910151449 0.08048671769859163 0.29471878610101315 0.43934088568486096
0.9947229257219891 0.06736591612724721 0.30413078736875016 0.3315390749601276
0.9931984558789244 0.0634286763307249 0.30680780047896533 0.4153179849555505
0.9903218361892017 0.05838929615009997 0.30880184616786716 0.43400603108327535
0.9940505894638958 0.05780441762459866 0.3141809829771396 0.4829949907724756
0.9928913190403341 0.06681228700166968 0.32801952780455784 0.28520253513364563
0.9950048570677973 0.07349223629704121 0.338449922017478 0.3104934601664685
0.9945591329889002 0.0631809275750003 0.34765054632760056 0.2968280010937927
0.9963780719633129 0.07154763218243532 0.35617055800955555 0.5011775788977861
0.9945932799066045 0.0570108938467827 0.3506187298324372 0.45552183049264533
0.9905020632403784 0.05682103319482646 0.3553545367826307 0.2609262883235486
0.9960108859993952 0.058261303997749384 0.3609892454832501 0.3899876390605686
0.9949764096544712 0.06592213317502721 0.375279118405442 0.2501764788931244
0.9925896979433517 0.06433161809035169 0.37971275790309494 0.3206901468700984
0.9931368775011182 0.0698333090924202 0.40518546461703403 0.3047908946532557
0.9906113534499198 0.07142783665554833 0.39910378530605484 0.22552465106938446
0.9938981020476921 0.06634974119767784 0.40522469122778676 0.1697767145135566
0.9920077016693005 0.06355193770542078 0.42350716861246207 0.34564070741545144
0.9965568533736496 0.06496333218824213 0.432298439730155 0.23998683199824428
0.9932371368762141 0.06412078903216398 0.4365575854653898 0.35934263223311697
0.9936529498845215 0.06516189962223422 0.42987350041765665 0.34142480211081794
0.9921342658567072 0.06359473273656592 0.42844273734492677 0.16193101896134587
0.9956613489880337 0.06595630759052593 0.44807042656042756 0.18654831493108176
0.9931531269327318 0.06357533461070475 0.4509253179838674 0.45687868643392315
0.9920682847802257 0.06085720591235841 0.44634666731690664 0.4883854866577078
0.9948281107392759 0.06148334300249911 0.44871536692329705 0.34816821465428277
0.9921058550660143 0.06260054566991731 0.46749758890279686 0.13093568423161692
0.988524874917857 0.08222556514086309 0.47575227238879964 0.14707324247475242
0.994531282482739 0.07689787691638705 0.4805918198247571 0.28995892685484576
0.9945860560565967 0.06094224659189257 0.4716892734041646 0.138336820083682
0.98861031034292 0.06483905343263874 0.4696551068608087 0.29411764705882354
0.9926816369651025 0.06199760212407392 0.4623421637826564 0.7428459427675421
0.9891892563729694 0.06388547346345036 0.4686681809720051 0.6194449483040088
0.9804765963385519 0.061144206724893735 0.4749970886776893 0.6825741142443963
0.9867811205879933 0.061250515515178815 0.4836104225959157 0.7520045819014891
0.9888307575169486 0.061130778842149104 0.4916828850873319 0.75
0.9860910088395202 0.06852050197807097 0.5101677881394238 0.733694561509131
0.9899590862598022 0.0724141681813381 0.518215987595691 0.6547147043613171
0.990906572837529 0.06979434220468879 0.5252592963039586 0.7944152165115338
0.992345873897043 0.07164793787138907 0.5440994917674181 0.7366167023554604
0.9925586891237503 0.07177498913440908 0.553795542787228 0.6461218836565097
0.9895233979430145 0.07109235892074889 0.5698407989392059 0.7347041968649924
0.9915743545311116 0.0706457095834097 0.5710060672719208 0.7264347826086957
0.9878759342480123 0.07009034553072417 0.5858377143155826 0.7491932592326999
0.9893489906957663 0.07120408367530778 0.6159586630591778 0.7264766483516484
0.98796944308132 0.06740252932705922 0.6155928190836907 0.7063221192914025
0.9899163589016298 0.05146068280666641 0.6373151306486026 0.6222040816326531
0.9908721453327327 0.041563119112995726 0.6433166054597179 0.7800327332242226
0.9927534806165137 0.034124101584557365 0.6670852877508481 0.6871359627225828
0.9912094417107551 0.023483865695578005 0.6946667907305513 0.7127643839668688
0.99014464051708 0.0021031851690482147 0.7039955710021772 0.6630803242446573
0.9932853120970203 0.0023965471439956355 0.7218097753161624 0.665823795581581
0.9857205454973764 0.0024202987049334657 0.7443608963999923 0.5953052847614161
0.9894390165167253 0.01269809916509998 0.7696211842009935 0.5043873232166821
0.989370349602994 0.00014075773311572948 0.7806549061904363 0.380945579202971
0.9915331788718601 0.000768527345954044 0.803956245027844 0.13165493377878534
0.9835191176817892 5.413628267801363e-06 0.8302967117646919 0.24193406593406594
0.9874107906836795 0.0 0.8794465849667319 0.3777954214635437
0.9855270889577612 0.0 0.8985936046698098 0.4357094262604883
0.9895192790226011 0.0 0.9116500316337004 0.16402965257800398
0.9891823692178522 0.0 0.8986660467923543 0.13116936089822032
0.986726132869515 0.0 0.8825118613206221 0.09467652439485343
0.9863276832343638 0.0 0.9178429723543109 0.25870887197454795
0.9924405234676305 0.0 0.9349590869672174 0.7882250652092908
0.9920646654167254 0.0 0.9348712420529903 0.806703338876807
0.987380411138546 0.0 0.9335144476014822 0.8024063507814438
0.9904677507132424 0.0 0.9343362878889792 0.7810184078412622
0.991072216716073 0.0 0.939474674881641 0.7815455594002306
0.9914921495235156 0.0 0.940880410089996 0.826678869694543
0.9848661728660119 0.0 0.9352646448740046 0.8739832463275464
0.9902229551613767 0.0 0.9394141724968793 0.8387773118516884
0.9941819170447401 0.0 0.9402079658326516 0.8973928611390847
0.987990294085572 0.0 0.9360191089594574 0.8659294365455503
0.9906827495111107 0.0 0.9444758151176863 0.900815660685155
0.9909813479188125 0.0 0.942905392769854 0.7717644772638943
0.9887472510183235 0.0 0.9397643403662591 0.8770714070503164
0.991660249831376 0.0 0.9428233151478588 0.9169649960222752
0.9890536628709595 0.0 0.9432178694946515 0.8809143541625075
0.9844226269616865 0.0 0.9465572738933663 0.8677056904675607
0.9934442399808305 0.0 0.9526745034454803 0.8612294019625996
0.9895601069261936 0.0 0.9444006482918684 0.8517492206442674
0.9905458589520391 0.0 0.9489245145555225 0.842741935483871
0.9926758904519101 0.0 0.9550699909493388 0.8631676029177496
0.9924093284282858 0.0 0.949289494039628 0.8813041263372389
0.9910629161570865 0.0 0.9485125253846888 0.839444695940848
0.991173710734769 0.0 0.951613735944131 0.8714818044874336
0.9916806053578013 0.0 0.9468398811483235 0.8927136667979519
0.9939188522021354 0.0 0.9482412021264567 0.9119875222816399
0.9915652458423561 0.0 0.9504222573041018 0.8525682355469589
0.9912896524327105 0.0 0.9508974346934088 0.8928908575993029
0.9917888350950864 0.0 0.9511478627773164 0.8931686553625009
0.9902346894475799 0.0 0.9513012850000504 0.8924252491694352
0.9894516073500075 0.0 0.9508098639534922 0.8972763634054981
0.9934927088291119 0.0 0.9537658414758341 0.9154667328699106
0.9919635507842842 0.0 0.9547094136078089 0.8963836572597629
0.993895236880027 0.0 0.9607093004382405 0.9145410427886607
0.9896141213177766 0.0 0.9568403941674332 0.901247050893158
0.9846089460134955 0.0 0.9564156684301417 0.915483621499199
0.995001495178198 0.0 0.9595492580825531 0.9174249197917215
0.9895871520002615 0.0 0.9587586989053556 0.9244086562657272
0.9931893854136813 0.0 0.9596388225753024 0.9317676143386897
0.9909268466932079 0.0 0.9616686808902896 0.9364809301006664
0.9903539099895527 0.0 0.9611307449761094 0.837942261775559
0.9923068618608825 0.0 0.9638637088210708 0.8403108763794066
0.9930638089736695 0.0 0.9668384508039922 0.9018955913467767
0.9928793660616062 0.0 0.9594359634176026 0.7995180210511393
0.9921067558352223 0.0 0.9565078425673641 0.7123464391473892
0.9911153083269112 0.0 0.9602225913591861 0.8425011446137746
0.9930926272884953 0.0 0.9617436286671408 0.9029983547661418
0.9927373498358001 0.0 0.9647391765184044 0.9331826255449701
0.9915494851267738 0.0 0.9630597162565562 0.9300761035007611
0.9949012992381164 0.0 0.9609956052123333 0.8981606358862522
0.9963797782887138 0.0 0.964224087747254 0.9081657509405364
0.9915236735142261 0.0 0.9544308453776317 0.768021246100666
0.9937557649577357 0.0 0.9630088123312543 0.9032961425158312
0.989922712946055 0.0 0.9550893568173867 0.7892569490704293
0.9945380043227666 0.0 0.9623457859909522 0.8288286521261572
0.9836190183174711 0.0 0.9606198739239477 0.9309318190780393
0.9896101003190161 0.0 0.9635056121650228 0.9078664463279847
0.9922968088566795 0.0 0.9652673846526653 0.8935949711179069
0.9894241233546791 0.0 0.9617284635168969 0.8647900062178508
0.9895486485799518 0.0 0.9682929440430972 0.898496750564181
0.9918186815293952 0.0 0.9674189096579354 0.9152741821605084
0.9854191566850683 0.0 0.9474358362100724 0.7586499019083289
0.9892267591339248 0.0 0.9409494007294128 0.7152278729807752
0.9888523003914323 0.0 0.9358772049467463 0.7099074526407209
0.9927055456771497 0.0 0.9456442152638114 0.7666129043142601
0.9899952272784363 0.0 0.9555718948105574 0.830241850127011
0.9913836559511464 0.0 0.954822219687787 0.8451389770659121
0.993186619253945 0.0 0.9532219368517295 0.8449184927199729
0.9952766751067654 0.0 0.951315609091823 0.8372233304835186
0.9883933797131531 0.0 0.9469140385482 0.8572934371582539
0.9930389625404655 0.0 0.9448571638617553 0.8641807597404342
0.992075680545107 0.0 0.9354047068210595 0.8713105474541093
0.9916243356812551 0.0 0.9096624881853285 0.8206897129828327
0.9932368412070108 0.0 0.8781523647101482 0.802676013215557
0.9907741914857662 0.0 0.8648867857923314 0.8699267147581722
0.9866052043238758 0.0 0.18096514940440578 0.3855916777399567
