0.9857086271697835 0.0968548625968269 0.18080976379145422 0.2944582299421009
0.9960569286601213 0.09788333605283502 0.16600066832461527 0.15286789514663898
0.9941024322700178 0.10325195708073326 0.17453848468593408 0.2765957446808511
0.9956535353832731 0.0936359129022752 0.16373287550115584 0.35763784272371196
0.9924065807829123 0.10091559566368839 0.1736948685658423 0.17892452375210996
0.9954050302105902 0.09194380208560583 0.17336954199524288 0.24467756865165072
0.9937567344869114 0.1037985101982944 0.17004508278475963 0.31403940886699505
0.9888373873992611 0.08925611240852509 0.17164285267633816 0.5261146496815287
0.9939783935470939 0.09429181764571834 0.1750710473965076 0.33316274309109517
0.9904296984622629 0.13194546086171416 0.18951437157341774 0.4600445717924228
0.9964614036160542 0.12470857251242766 0.1795191626501337 0.17832764505119453
0.9890811883518411 0.13263021526271512 0.1912506132244335 0.4288488210818308
0.9869253877735132 0.12489288544210077 0.1811491416898496 0.3371517833897423
0.9848060298718795 0.12802947330152573 0.19628783461480867 0.3512534818941504
0.9942312922390579 0.1162415058131404 0.19521172600105235 0.34770408163265304
0.9906097375183669 0.08934634475111286 0.19641811623722435 0.46821135914100026
0.9940185132975057 0.08767359959989922 0.19514515193454077 0.471622967142383
0.9933888019372176 0.10763129778828862 0.19648957464340586 0.24551971326164876
0.9934545650040993 0.10984399233646565 0.2016523387997152 0.3806868212503669
0.9925532575389594 0.0794101555376078 0.1982080835971372 0.42260917634051964
0.9889708161863485 0.10842272477158763 0.20901028096161003 0.5233918128654971
0.9965431911970345 0.10754874834800485 0.20481897784085604 0.4213531258920925
0.9919068034004823 0.10571197188951403 0.20378525562731997 0.5051428571428571
0.9934748101296735 0.11129188583721375 0.20767099076838602 0.3665527215356298
0.9847430603517949 0.1147035030951041 0.21708596084769197 0.35980504587155965
0.9919309631428086 0.11032753886228706 0.21901360142737153 0.28309929789368105
0.9927420903709449 0.06875876488686083 0.20911340902445755 0.21163298743855816
0.9956043608246419 0.06721725933032414 0.21186950495459153 0.36005788712011577
0.9913837376567174 0.06898114593680818 0.21502042219931505 0.2888220319370516
0.9954085513145805 0.05971522388648398 0.21388037497972714 0.4503878042257288
0.9883440455712733 0.07983216216779614 0.2228488953775826 0.3
0.987678431755964 0.080321911413169 0.21772215933357383 0.2941483803552769
0.993590956099646 0.08262169128878258 0.23131924686679492 0.4331762955616167
0.9927790466964814 0.07625213694383388 0.22980131574378873 0.4986093552465234
0.9929132470516027 0.0641757403251959 0.23493832677942172 0.5379979035639413
0.9926162528998304 0.08407733997891383 0.2384447819541147 0.464276298444503
0.9954479956858706 0.07129342965256277 0.23885154773866882 0.5102543068088597
0.9932053338129568 0.06569195526209405 0.242873232447317 0.5398757120662869
0.994200857886507 0.06495750760666301 0.26206727402401675 0.43861892583120204
0.9904183930823275 0.06770410129733567 0.25556049425173616 0.3817437995397597
0.9939146005544307 0.08090302430856237 0.26649500364232676 0.40483539094650206
0.9913482372348663 0.07679804542988714 0.2640132955984768 0.461133069828722
0.9945322834165414 0.08068376704918066 0.27532548574670257 0.35889034512887724
0.9841324297739118 0.09339313164282564 0.27500811321387086 0.42502951593860683
0.9865123164947487 0.08163020508466444 0.2822230046663348 0.5732770002640613
0.9916799750122168 0.11935668036220624 0.2997711401617545 0.42868187089292614
0.9906906906906907 0.1074931597401236 0.2990675127431603 0.5544620890181168
0.9948332352667926 0.09066443949517446 0.3079611756682513 0.4938073394495413
0.9937839270464205 0.08631776728535645 0.3107637533896715 0.5370667890750517
0.9905782123143754 0.07832645751098201 0.31277910036957307 0.5126538193638264
0.9944040863070499 0.07284085170326031 0.31723162162876084 0.5761327713382508
0.9931566421436178 0.09553906782301443 0.332653182445247 0.4818181818181818
0.9952213092219813 0.09149530676693633 0.34108391199644617 0.5249736564805058
0.9945620223398001 0.08218010000480229 0.35077946582571123 0.4606621573513706
0.9963748635981193 0.09153122529550575 0.3605027243369949 0.5748069498069498
0.9946460599354316 0.0693474176284891 0.35362452003997474 0.5305021116846551
0.9904281340376377 0.06717053349125578 0.3560198975556755 0.30286314683477805
0.9958300629723379 0.06543086475844313 0.36221918548898024 0.4711168164313222
0.9946420702519 0.07595585619416555 0.3766868096968111 0.32567690903559476
0.9922623354073217 0.07896762231279189 0.38344560883408757 0.509976976208749
0.9931083607443978 0.08217223163121797 0.4056993256802735 0.5465139642354833
0.9907766559440794 0.07829759458914257 0.40049452801591 0.3311143984220907
0.9942753968877 0.07874383570329595 0.40771919823479746 0.3068438205063926
0.992395142578967 0.06796256107790012 0.4234898686223143 0.49562101910828027
0.9960392516257349 0.07070618012734084 0.4352250994015906 0.41039168665067943
0.9934491230630762 0.07097762143633703 0.4386678852703191 0.45970381917381137
0.9934790082338341 0.0733587245946948 0.43138579244433956 0.40208983579861585
0.9923618178435815 0.07417735410774902 0.43014047234604214 0.18858795066973505
0.9956377706000592 0.07580971998928189 0.44585374165542313 0.17676429397795773
0.9932264800250278 0.07342398435942095 0.45109099285350085 0.4302514193025142
0.9923412067571025 0.07080294605106452 0.4489129216768677 0.5556171470805618
0.9950570775425506 0.07242969148767038 0.45055737678013874 0.35639290713952404
0.9923415339666815 0.08129447131847772 0.4710549123129722 0.15894326548289303
0.9884657756875168 0.09669968585806854 0.47889554322970285 0.20494720965309202
0.9946464884853036 0.08474971545240134 0.4816234195436426 0.3362013729977117
0.9949457198789821 0.07081541335418567 0.47234773142289543 0.18806662449926206
0.9887409647440626 0.07113854055804913 0.47035040431266845 0.35221883468834686
0.9926891133057395 0.0674918466036887 0.46370863786947164 0.8128331688055281
0.9890547869616874 0.0691125076399881 0.4699715235806072 0.6875226039783002
0.9803872215396654 0.06534715040894398 0.47596534830354376 0.7522464698331194
0.9869485809745242 0.06569205369194256 0.4847093960057946 0.8125118843886671
0.9888837769364414 0.06618195126958835 0.4929845243091038 0.8012736467503278
0.9861216247204476 0.07346561510092987 0.5114184421098645 0.7976568705321684
0.989916308158402 0.07710116768336919 0.5194032279719597 0.7064093728463129
0.9909457434107148 0.07511903596515018 0.5265412685877894 0.832901296111665
0.9922930303804544 0.0757308111600113 0.5449904291387209 0.8024537695590327
0.9923803532473496 0.07579392937905244 0.554590541200215 0.7132225683627553
0.9893685666732542 0.07412030784517347 0.570287553042411 0.7843436916284598
0.9913620572576979 0.0741068845495205 0.5718783376051948 0.7768910478834143
0.9877199695323647 0.07447299384151673 0.5869292138886412 0.792808828764685
0.9891884068718625 0.07404895110492152 0.6168478216580856 0.77933629832364
0.9876876487752438 0.07198239689697125 0.616742429097966 0.7444426675195907
0.9898471014624288 0.059057760374809774 0.6392273912666921 0.691265306122449
0.9905915471637305 0.0472565410921724 0.6446575255406028 0.8240118090864359
0.9923547720266064 0.03726332907422465 0.6679553988871783 0.7658342979990078
0.9908619713724431 0.02403293903827402 0.6948765804862939 0.7701488139089435
0.9897111257535917 0.004124188067277498 0.7045766272076691 0.7343428403410761
0.9928716628602929 0.005173255525133971 0.7221875808659162 0.700815956482321
0.9849951053748112 0.00922715064443844 0.7454562616918667 0.6496975806451613
0.988666507074063 0.034690517572650896 0.7736957898069009 0.5765650080256822
0.9888223145457602 0.009536536475733463 0.7826318711475467 0.45854607342572334
0.9906595106626047 0.004429394099639536 0.814687396520543 0.20284882511956748
0.9827763140957889 3.244891999177961e-05 0.8313141312342219 0.2713283442469598
0.9863667724900064 6.711209210761796e-05 0.8803467510472307 0.5234097793163133
0.9845983647444606 0.0 0.901010855735999 0.6088506088506088
0.9883028493592931 0.0 0.9229578746865869 0.2917165209387943
0.9880064840946349 0.0 0.9142261767914183 0.241278747831223
0.9850499800350571 0.0 0.8997624152613062 0.14799116201469992
0.9848205735300241 0.0 0.9225705114959608 0.3729492663381883
0.9909081819621836 0.0 0.9341754884358877 0.8050519700265893
0.9907427526898099 0.0 0.9340024530149776 0.8179797480859472
0.98596215459219 0.0 0.9326398672955406 0.816265421008504
0.9892848800235158 0.0 0.9337392092390988 0.8138963621476196
0.9899113725025674 0.0 0.9389257625454646 0.8171933401291199
0.9901069686115098 0.0 0.9399773085554719 0.8366822951551686
0.983790197402853 0.0 0.9346126122551548 0.8765897315120112
0.9891683808140967 0.0 0.9387940704164984 0.8464931153184165
0.9929627565331267 0.0 0.9394590572602771 0.9002414398595259
0.9866338742566328 0.0 0.9352424279683593 0.8669217247440802
0.9895755523273132 0.0 0.9438614488927803 0.8903047679728151
0.9898389973031645 0.0 0.9423329624955405 0.7820918416259227
0.9875845521843298 0.0 0.9393074359373379 0.8765030553912873
0.9906457780175201 0.0 0.9423044898896241 0.9075425790754258
0.9876102263026534 0.0 0.9423754893199291 0.8704916430456456
0.9831755081660735 0.0 0.9460292424257085 0.8700554859495256
0.9923674868903443 0.0 0.9520155370390176 0.8566487667243106
0.9883479687349224 0.0 0.9438542739842909 0.8561052721524396
0.989284776149274 0.0 0.9483559971891066 0.8466694951209164
0.9919412313537697 0.0 0.9546543999322084 0.858670424403183
0.9913097852745825 0.0 0.9487533262720598 0.8815380740491983
0.9900098716253827 0.0 0.9479969245676131 0.8396855110445526
0.9900356338017584 0.0 0.9510437907928991 0.8737306148153979
0.9906662234227339 0.0 0.946135979000449 0.8906286515541014
0.99297372607192 0.0 0.9477922873499252 0.9121348149238354
0.9901886711224479 0.0 0.9497471856311083 0.8496528269803032
0.9899643008712584 0.0 0.9502931112457441 0.8873523480265053
0.9907850412804727 0.0 0.9504230462722756 0.8839980712268375
0.9891457511861945 0.0 0.9507372299885728 0.887493424513414
0.9880249020827871 0.0 0.950120782675056 0.8962288028347254
0.9922535655505026 0.0 0.9532438809823315 0.9161721068249258
0.9906799929975317 0.0 0.9540958218541643 0.8927141234833542
0.9929380168143572 0.0 0.9603392170877403 0.9114326040931545
0.9884193608267287 0.0 0.9562981776917967 0.8961821835231079
0.9831329679669412 0.0 0.9556440177633402 0.9102121361618155
0.9944171074680205 0.0 0.9593548397517695 0.9180448364571848
0.9882912238467223 0.0 0.958225408059034 0.9267655189746168
0.9922846410528867 0.0 0.959119666107243 0.9297589768814559
0.989794119375502 0.0 0.9612462368010879 0.942435842903729
0.9890109514927284 0.0 0.9617087701350919 0.8976977348681767
0.99121481201587 0.0 0.9643631327525992 0.8887428027383597
0.991813346966689 0.0 0.9659959315138159 0.9015318230852212
0.9921440061377974 0.0 0.9617388675100983 0.8995144858325375
0.9913743921756526 0.0 0.9628154469982354 0.9208619446868243
0.9901244030422734 0.0 0.9619475859482722 0.9228213098938793
0.9924103811567503 0.0 0.9614379872644427 0.9083915376050208
0.9915129869168681 0.0 0.9637550718573944 0.9323594997253014
0.9906196614712545 0.0 0.9624684029763804 0.9331948559733635
0.9950301762500894 0.0 0.9614772518183983 0.9081363306744017
0.9960814293827268 0.0 0.9645264124088954 0.9228883809313982
0.9907280955514854 0.0 0.9605562659736208 0.9183539675735647
0.9937488310369704 0.0 0.9643843680465035 0.935165575664228
0.9890632260307478 0.0 0.9592081973335932 0.8918715332465932
0.9939543870948854 0.0 0.9660115561562299 0.9127447167120446
0.9830870946169957 0.0 0.9605594204248581 0.9335247524752476
0.9891518502223178 0.0 0.9641712948634668 0.9260545454545455
0.9912741989974031 0.0 0.9661968276917988 0.9217802464361674
0.9889429385037615 0.0 0.9656411174479766 0.9294305724725944
0.9891008268856286 0.0 0.9699309185640099 0.921846161679162
0.991215335852425 0.0 0.9678850608797155 0.9254164774492698
0.9847282165107663 0.0 0.9643574596564645 0.9263003406240758
0.9891313879165492 8.382580996688881e-05 0.9576576422500043 0.8413323391408722
0.9880326593352373 0.0 0.9584124063518231 0.8651506566228918
0.9927525467909954 8.634087376964255e-05 0.9614795003663588 0.8733177544866307
0.990005050130322 0.0 0.9653609735090718 0.8952480080396239
0.9911121622789746 0.0 0.960810495750408 0.880271772228989
0.9927154080810406 0.0 0.9637156171499701 0.9016800559056073
0.9950407112087394 0.0 0.9625091887005237 0.8886521340830756
0.9877907053923881 0.0 0.9456905152551679 0.852416685058486
0.992626699249542 0.0 0.9448010036875021 0.8644657789265576
0.9916823603264281 0.0 0.9342501146553224 0.8677577785573576
0.9909886937638392 0.0 0.9076349063203577 0.815500505730683
0.9929829931772559 0.0 0.87127006946807 0.7854166188585722
0.9900551994098664 0.0 0.8483836874822193 0.8468961862440149
0.9860320344541307 0.0 0.17640482119167714 0.364436819999909
