0.9856818963430944 0.06975245242366561 0.172722831231488 0.20919540229885059
0.9958531797262528 0.06987654035414244 0.15998604614692832 0.12061206120612061
0.9939774641442147 0.07404049238483189 0.16937297922029543 0.2294642857142857
0.9956610361852452 0.06788595174075497 0.1586795064124152 0.26718047527296085
0.9923637372227221 0.07393409151073706 0.1659289886316634 0.17551249648975006
0.9954379074398151 0.06614253349393609 0.16645131357652382 0.1857451403887689
0.9936905778929093 0.07521021461746982 0.16455038836227037 0.22660098522167488
0.9890102265946966 0.066578341780986 0.16667202887626473 0.45196297478455155
0.99396293710644 0.06774480271292 0.17010144820315534 0.3029379157427938
0.9903614622760967 0.08275437570620227 0.17890093703970666 0.3613498885705189
0.9964940793425175 0.08155301682353086 0.17102151794973555 0.1342434584755404
0.9892374606452441 0.08034030865203325 0.18191346163726227 0.36726768377253816
0.9868660709017119 0.07180103753760604 0.17115432669234218 0.3098393008175923
0.9848641050279648 0.07455212300747638 0.18570432334786577 0.26963788300835656
0.9943695246852093 0.07408094906952067 0.1856886748548188 0.34788980070339975
0.9905923388823129 0.06491444285623173 0.18947085458087087 0.45139981126140294
0.9939107993581687 0.06117731555421151 0.18886003388316894 0.3883172917358115
0.9933479270413041 0.0650704644747336 0.18744562951582777 0.27243401759530794
0.9932818495075637 0.07340274029240505 0.1925723755237252 0.2965824665676077
0.9922779123701927 0.06818867786691582 0.1933259445710393 0.3687182382834557
0.988993444947162 0.06852452000398927 0.1987754336041456 0.45980046948356806
0.9967693903704156 0.06998584237848042 0.19575887139758136 0.3525549528975164
0.9920995221465523 0.06549920663041302 0.19402715409955623 0.4099627827082737
0.9934906119996922 0.06761410912544813 0.19826341508542505 0.3105443071259532
0.9846399498447342 0.06567765646283028 0.20587324124412795 0.29759174311926606
0.9918391773226346 0.06520831520415975 0.20892335892533345 0.2511037527593819
0.9927111776622919 0.05389787842242217 0.20397438670737122 0.12400455062571103
0.9954827251668568 0.05863288935420594 0.20801609330039977 0.28952712503626343
0.9912423434398507 0.05917318712805819 0.21064395545107711 0.2100371747211896
0.9949424699876482 0.05827003796739871 0.21049208526145113 0.3879957127545552
0.9882953166647988 0.05713886850961324 0.21656204436203538 0.27784762383706313
0.987870891729009 0.058042634896403024 0.21203458243317358 0.2826541274817137
0.9938773204157281 0.05887179466778322 0.22374431085287877 0.42868525896414345
0.9932227101291778 0.055827376477280415 0.22375931781786257 0.47123217922606925
0.9932272202885117 0.054912634893167014 0.23125329993990157 0.49097664543524416
0.992820096803793 0.05987191004723679 0.23299278948733101 0.3960763520678685
0.9953802885669304 0.05857886064170846 0.2328998566040971 0.45850451930977815
0.9927613699944049 0.0572986093349582 0.23959365509018699 0.5208333333333334
0.9939126789484122 0.05650068412071271 0.25799891790072743 0.380306905370844
0.9898479125982212 0.05496794660505816 0.25123646313734055 0.30989516747634877
0.9937371411313917 0.0576516041299524 0.26051929680495656 0.34747527329515876
0.9910355186673847 0.05492055009950921 0.25711950467169387 0.40572792362768495
0.994736715034163 0.06057848667654581 0.26842716841152614 0.30799475753604194
0.9838905698117507 0.05901889073225486 0.26588114183520367 0.37716346153846153
0.9861491561087837 0.05813912304313948 0.27625806441359724 0.4653072033898305
0.9911761779474979 0.0645771081018077 0.287556182619022 0.48971691265424633
0.9908184666826846 0.06712983520886989 0.290696792475971 0.5327212806026366
0.9947782134428483 0.05934242531908497 0.30174638226277434 0.4511860174781523
0.9936388111055756 0.06134493293657451 0.3048415595502945 0.44472710453284
0.9906234851232232 0.061962436956175704 0.3087534399065064 0.48023255813953486
0.9942466830490754 0.0627784291397488 0.31472391079734885 0.5304508304771949
0.9931963909275453 0.06668937111719611 0.32663891651625104 0.5351106879314449
0.9952257999870472 0.0663289295361723 0.33543204889428224 0.5519748000969227
0.9946730588327519 0.06358492645420886 0.3466662862220628 0.5187010078387458
0.9966009517335146 0.06370538069020286 0.3537921295639512 0.5539132541797916
0.9947670466222946 0.061594998782942195 0.3515405475649884 0.4877474081055608
0.9905325759394085 0.06217243650261451 0.3550319136779902 0.49921011058451814
0.9962090605147162 0.06369254697508551 0.3617506565988181 0.44790547798066593
0.9951598294830147 0.06666238647195073 0.3737012165258179 0.4223951578037181
0.9927811724292651 0.06763081133997963 0.3802414369565307 0.5293600175940181
0.9933909769025976 0.07293903463728876 0.40475321470159575 0.5241465445462115
0.9908704058183772 0.07398714574027612 0.39918733918157706 0.4062658763759526
0.9943060163006133 0.07096046307556511 0.4050753435658366 0.3792242383885467
0.9923345850685468 0.07164261399050678 0.42491341194263166 0.524881003894418
0.9966085082312554 0.0746041479005459 0.4375199433159823 0.46108374384236456
0.9936367794391705 0.07385310992679164 0.43920399216047923 0.47153507285665874
0.9938096236758422 0.07402413546463935 0.432196513133971 0.43378420887071406
0.992524191802876 0.07033711437270478 0.4315504557857966 0.24758683276957347
0.9959731282108731 0.07524649714582252 0.4507158371655681 0.28755320253295963
0.9935324806993119 0.07370535483230217 0.45435353778726234 0.5699885888170407
0.9925092860841526 0.0691580672625469 0.4481492828751986 0.6084223758642363
0.9953488090187284 0.07127712516152775 0.4519816335998243 0.5670024710131154
0.9925130003628008 0.0692900716142548 0.4689488396494766 0.2799374877905841
0.9887490465293669 0.0794994113643202 0.476066401501331 0.3153711959682109
0.9950333454411591 0.07668183865086199 0.4816160403879645 0.42831281679942074
0.9950646832118222 0.07308189742667741 0.47439922709725285 0.20714837024283084
0.9889436203312488 0.07328108027579663 0.4721296568216992 0.38587213145717253
0.9931304204598792 0.0688221670058352 0.4639195127281466 0.8248086991542489
0.9894339284981937 0.07160798829424529 0.47068654665251713 0.6844113372093024
0.9808006938067035 0.06955072901856933 0.4770535226782511 0.7639097744360902
0.9872436386482969 0.06948472576283432 0.48576971851075273 0.808558985040712
0.9890255681571609 0.06981084931898021 0.4938090074587274 0.8062523399475852
0.9861661345791167 0.07681086106689315 0.5120275190796053 0.8014212396367943
0.9903826717614883 0.08156470552997354 0.5207085624765417 0.7060037846206778
0.9914208200839654 0.08099621528000513 0.5281940358817536 0.8423137876386688
0.9927956500408438 0.08394110269368761 0.5475067749114462 0.7962995908201388
0.9929687967182137 0.08322274652814879 0.556715258284235 0.7274930747922438
0.9899022968048543 0.08291352858135852 0.5726562165120795 0.7755032989341905
0.9919913983011406 0.08393593186746902 0.57448149548788 0.7766067726330339
0.9883781084090048 0.08717828566540779 0.5906462561222986 0.8048042704626335
0.9898033015488792 0.08739300560039828 0.6206283182792595 0.7954545454545454
0.9884215325183257 0.08406353233012086 0.6200760180818283 0.7559916358372205
0.9904535212699274 0.07903399805603324 0.6442968158798533 0.7165714285714285
0.9914342084700735 0.07286925683081458 0.6508775279979332 0.8375609756097561
0.9931421277725995 0.06904825998570487 0.6753960087072896 0.785667215815486
0.9913727201885992 0.053877014207137724 0.7013681077169555 0.7811120917917035
0.9907407635483148 0.021282066390619393 0.7080322443704866 0.7467236047710205
0.9938754921259843 0.01037691009429156 0.723260032907844 0.7286131774707758
0.986647088906709 0.00288990782081304 0.7451619545937446 0.6969937756588531
0.9903269797593169 0.011568091670339356 0.7710598388272615 0.6383078730904818
0.9902565284620778 1.1411096149896159e-05 0.7832033163031561 0.5621353558926487
0.9926233117153567 0.0002917989894028334 0.8166662552878763 0.22235595005265532
0.9844176145419855 0.0 0.8335960582509284 0.312113554492177
0.9883795815333123 0.0 0.8819843760005123 0.5608354615103976
0.9868249664432667 0.0 0.9038745821532986 0.7348787950105907
0.9908709960153834 0.0 0.9313656141808164 0.48290085495725216
0.9900577003356799 0.0 0.9192726280960423 0.29363668681123356
0.9878631194490127 0.0 0.8985067350908196 0.13819497888803378
0.9875647726697311 0.0 0.9226610664128295 0.3372783947009546
0.9937426346765886 0.0 0.9360328984092412 0.8109051516610496
0.9934066992505118 0.0 0.9357782384883523 0.8149239077074129
0.9886952252772759 0.0 0.9344560408753392 0.8152653548002385
0.9914797104040043 0.0 0.9352026155094656 0.8163644816364481
0.9923364755385081 0.0 0.940604490989559 0.824478285391991
0.9928627966567837 0.0 0.9418810404466477 0.8399334442595674
0.9860484045895583 0.0 0.9360938866364575 0.8792660121552127
0.9914894332076782 0.0 0.9403184521881546 0.8467269824374667
0.9952393088332738 0.0 0.9408229555635065 0.891276182250054
0.9892207936785617 0.0 0.9368293123552695 0.8630739339400757
0.9916849250898796 0.0 0.9449829160575971 0.8880949879163602
0.9921519737699473 0.0 0.9437757542505197 0.7902964445715375
0.9899666016128864 0.0 0.9405417909539173 0.8722638388948342
0.9924091379165774 0.0 0.9432398150194313 0.9039976936382856
0.9901824309473222 0.0 0.9438226690701998 0.8598506605399195
0.9857406777358333 0.0 0.9474888555571979 0.8715612560813799
0.9939859066489919 0.0 0.9527814332051996 0.8516227362381209
0.9907537279741945 0.0 0.9453192914801137 0.8662355343771273
0.9918661005269466 0.0 0.9499093954565176 0.8518206338503035
0.9932325556314484 0.0 0.9551820075938733 0.8558014207561035
0.9934868892715943 0.0 0.9499699634421811 0.8778119033784345
0.9919407955516235 0.0 0.9492289638727658 0.8457308463996434
0.9924212980956082 0.0 0.9524734187814766 0.8675501821281872
0.992675409723944 0.0 0.9476146116873085 0.883520541621788
0.9946644092600878 0.0 0.9487278297978231 0.9085410290045183
0.9927903009691498 0.0 0.9513018384310999 0.8520497855284439
0.9923353766540478 0.0 0.9514512991785486 0.8735250476930686
0.9929921494540561 0.0 0.9517847210723187 0.876182053200898
0.9914378276596358 0.0 0.9520006924148641 0.884101427547096
0.9906578124226454 0.0 0.9516149425861042 0.8913152296333375
0.994175013329817 0.0 0.9541911711438789 0.9124754661432777
0.9932578199898218 0.0 0.9553749207103374 0.8861365651788353
0.9947852728428104 0.0 0.961091516975958 0.9029673073572964
0.9907689091126923 0.0 0.9575244258599269 0.8917246713070379
0.9858539558983858 0.0 0.9571378421237395 0.9055169417897481
0.9953462984819647 0.0 0.959807783739727 0.9183226412142075
0.9909496240101151 0.0 0.9597090331794567 0.9286679005552498
0.9943107557469055 0.0 0.960250839302295 0.9291689086728954
0.992331509258075 0.0 0.9626668509141637 0.9390427029563585
0.9914210219669176 0.0 0.9630928151283146 0.8928226585130351
0.9933634388676241 0.0 0.9655333280288786 0.8822525597269625
0.9942622860114865 0.0 0.9675778264635451 0.8954108858057631
0.9935255615726828 0.0 0.9626066247201414 0.8957495465657282
0.9927543850147557 0.0 0.96162583563948 0.8426523916422034
0.9922285574720389 0.0 0.9633088648979103 0.9151613701438722
0.9939032677094428 0.0 0.9624939420460173 0.9071356783919599
0.9936287684470732 0.0 0.9653832007621918 0.9307768764628555
0.9924502658462274 0.0 0.9637682052401516 0.9302438139028374
0.9945441098876385 0.0 0.9610143632212159 0.9067218914487877
0.9966628216726706 0.0 0.9649349497493117 0.9208638979029751
0.9919662132928643 0.0 0.9612785460743125 0.914080195136521
0.993671146454252 0.0 0.9640730342870103 0.9322986097886117
0.990797286307886 0.0 0.9577415827791491 0.8256888458542951
0.9946107898961873 0.0 0.9629134150873281 0.8396629480180394
0.9839736414229471 0.0 0.9611187765067449 0.9365785485109147
0.9899819475103129 0.0 0.9644658811827902 0.9219766629026187
0.9928534229659262 0.0 0.9669021769760067 0.9159927810363377
0.9898791267439809 0.0 0.9638245254300517 0.8910244313150522
0.9901009083600544 0.0 0.970688286459396 0.9253459945449035
0.9925797163420534 0.0 0.9688209852908605 0.9265735926110596
0.985951036975218 0.0 0.9605701304486595 0.8759340151086901
0.9890650686998688 4.2517006802721085e-05 0.9498640901749271 0.7781435154707044
0.989400495536614 0.0 0.9499647011958388 0.796841833949906
0.9923811985016038 4.368338284116722e-05 0.9519179824785795 0.8074909497934923
0.990179001593596 0.0 0.9609942267149859 0.8659104649884577
0.991450459321914 0.0 0.9575007766153377 0.8607066821280225
0.9935052018300472 0.0 0.9580916078685806 0.8693319097178269
0.9953232402593575 0.0 0.9536402910913728 0.8490147020277837
0.9889075164029333 0.0 0.9469624781340837 0.8575861484504361
0.9936369523818696 0.0 0.9480022413736857 0.8764963827072781
0.9919585743287241 0.0 0.9399821937570475 0.8888557317355311
0.9918850584794975 0.0 0.9185652622394814 0.8470935576414227
0.9927806791735706 0.0 0.8908979954180339 0.8342391675740195
0.9909882559718782 0.0 0.8949006223649869 0.9104900047115838
0.9869712601326456 0.0 0.1886778390579417 0.4169815463979693
