0.9835859647513562 0.057979123656640104 0.1748940484012742 0.0
0.9935497851225943 0.05713713144152583 0.16212915325084362 0.0
0.9922812629895242 0.05855927001482513 0.17184820451139124 0.08571428571428572
0.993967683925384 0.060610583803812415 0.16209762786425339 0.0006422607578676942
0.9902996457956335 0.05594867872179174 0.1684246841638583 0.0
0.9935592927560551 0.057542186533170656 0.16882018321795772 0.008022215365627893
0.9911731109203472 0.057313534821690264 0.16445820216165336 0.04279556650246306
0.9877436823104693 0.05494649836333096 0.16970079369222354 0.23428024257899777
0.9919765020203948 0.053372978805502645 0.17114350914125825 0.11031042128603104
0.9885794257121768 0.055279144610016026 0.17793236841723914 0.20598535498248965
0.9958911431761831 0.055116791685725794 0.1718549880677054 0.0
0.9874460976937908 0.055623217854673404 0.1831409590246966 0.20166435506241331
0.9848439739845161 0.05428490167983122 0.17170703317087138 0.025655483507189172
0.9835316582627748 0.05459994823601797 0.18592759271469053 0.10919220055710306
0.9929258963043973 0.05682377845138245 0.18725631436004095 0.1342400946185689
0.9885843972488699 0.05380171525549865 0.19227605730790567 0.1412733607855559
0.9921607840458105 0.05251760227269489 0.19018033620695204 0.15665449717889146
0.991216681045039 0.05459772854231291 0.18861739852884557 0.08378541289933696
0.9910411938883125 0.05746608643255163 0.19343783523614902 0.04219910846953938
0.9900134890334645 0.056848417764997515 0.19530105908306455 0.10615471485036702
0.9876669067268764 0.054277746358016264 0.20119212901702285 0.20306965761511217
0.995519769064793 0.05503195553944479 0.1983349373377119 0.014844419069369112
0.9902768556025949 0.05456806179974008 0.19644399114989458 0.08159175493844832
0.9917122956464824 0.05399373763464231 0.19888614576643412 0.0865106494872469
0.9834764694931363 0.053178799833378254 0.20731430876273066 0.06135321100917431
0.9903732238341488 0.052606639264405605 0.20904793159652726 0.03321339606974813
0.9925018944193283 0.050010591516587495 0.20810115557339948 0.0
0.994184765473308 0.05381432387927475 0.21027230076066633 0.08616187989556136
0.9904504537403911 0.05476391518982705 0.2138916333258337 0.04484200743494424
0.9938788797011239 0.053692668440803025 0.21312958377318778 0.09110396570203644
0.9871124224601275 0.05239383747250295 0.21900630985211564 0.09806386723661051
0.9870551941781985 0.052627880066873675 0.21444638638055474 0.10292580982236155
0.9935686262949343 0.052017552819687035 0.22722588614906133 0.26005861977085
0.9926596775224599 0.05093223965477938 0.22634824348815816 0.32864809608995654
0.992907923799006 0.05031426921087535 0.23335874813927313 0.34363245566899514
0.9923319862888347 0.0530257687441001 0.2339769747134742 0.16511813113883728
0.9945002995873045 0.0528191466394069 0.23717646000584677 0.17173377156943304
0.9917859244020251 0.05125781972529492 0.24178936035698328 0.27177334732423925
0.9930277334297276 0.05263793673081688 0.26160049241995387 0.1618925831202046
0.988822042157227 0.05086546227852243 0.25302728561558196 0.11761697775504985
0.9927241519899733 0.05194703366880052 0.2631740696125585 0.17464862051015095
0.990059564421766 0.048446887121700595 0.25874638863268856 0.25907150480256136
0.9940936527098291 0.04941697961943699 0.2697818261653812 0.16972477064220184
0.982535918785376 0.052669575056523296 0.26687720760220074 0.22620192307692308
0.9851487909625145 0.05288110524160138 0.277174196135008 0.28125
0.990076401256477 0.056529080635522845 0.28620661099113903 0.3106487148102815
0.9901351611845317 0.05820171285935617 0.29179101313946615 0.38828273244781786
0.993950741040418 0.054200818659913656 0.3025376873308644 0.2796674225245654
0.9922556435264493 0.057015394100960994 0.30554248749177115 0.21785383903792785
0.9902729843808221 0.057907575733883165 0.3091729657878347 0.33744186046511626
0.9930404994966322 0.05901209975331257 0.31469747774504897 0.3701555496968099
0.9917657163912145 0.05968074380705612 0.32635488498157184 0.4113999523014548
0.9937945732455433 0.05868335890430598 0.33422017811680016 0.3892128279883382
0.9937043494882486 0.05958197579364612 0.3467222503439504 0.3896976483762598
0.9958416773494584 0.059543636981370565 0.3537778571312633 0.41300097751710657
0.9935499172910383 0.05950132517402207 0.35121406224298185 0.34236569274269557
0.989531753922258 0.06037045726626842 0.3556760961131501 0.33188273018781494
0.9952420999134817 0.06108785289250977 0.36224658757421563 0.2980189491817399
0.9946795655683428 0.06230257426429675 0.3748144051844659 0.2561135371179039
0.9928508049182406 0.06448080585346297 0.38156217743183146 0.35176211453744494
0.9918185154359261 0.06559695141579576 0.404155710158357 0.3591079616506878
0.9895949291773828 0.0656334143128631 0.397527802375194 0.3692
0.9934342616775914 0.06391728214237485 0.4043824277917709 0.3431393149821391
0.9910864049509207 0.06827709293155688 0.42481927887804805 0.367315685845548
0.9964255913023535 0.07052659841980949 0.4391940081231696 0.3591995099040229
0.9929447983402389 0.06924723242186165 0.4399201199992504 0.3985534830605253
0.9932816568985601 0.069127851701385 0.43277137672997046 0.36667822468793343
0.9912023317772749 0.06608376526008038 0.43498707540134496 0.2520385470719051
0.9954209074131599 0.07010880751586718 0.4554963675655605 0.28497615262321147
0.9922934831782286 0.06875142353407625 0.45381354654900047 0.5009572431397575
0.9920281405425475 0.06451514071169144 0.4476450385463719 0.45278654048370137
0.9941166627460586 0.06767135055875106 0.4514020101526982 0.4446319341910989
0.9909192395286422 0.06639625612113775 0.46829791077714794 0.4114285714285714
0.9873842523684143 0.06999692185919705 0.4755240166181646 0.48100759696121553
0.9937408624054125 0.06914710275362874 0.4827656860561641 0.5154795821462488
0.9937783506736642 0.06409617341064053 0.475717620939962 0.33533816128636307
0.9875196273840279 0.06797066014669927 0.47298132298349527 0.45496263275206505
0.9916218523102157 0.06649453985406763 0.46272895472362346 0.7078651685393258
0.9880958597213623 0.06946747216934962 0.4695039329896 0.551012958569082
0.979135378874649 0.06696136309651404 0.4755335630547129 0.6551987767584098
0.9857230325680459 0.0665536759578819 0.48415341509084125 0.6797473200612557
0.9879848812443326 0.06636522775522366 0.4923974008864103 0.7267894437060946
0.9850945434633542 0.07312885072376545 0.5109469151789473 0.7085346215780999
0.9883923700413062 0.07700290314734026 0.518257767993545 0.6103082012885251
0.9895495124960685 0.07514294849034506 0.5255774716765833 0.7692307692307693
0.9906271293799246 0.07799964973494365 0.5447308414905828 0.6918822479928635
0.9921092568123935 0.07837452340166878 0.5553258922419733 0.578601108033241
0.9877460930477858 0.07767667941211828 0.5700131466611336 0.6757271468144044
0.9902119938884645 0.07924698638094159 0.5724782981305844 0.6516106442577031
0.9864341108375706 0.08359382859101562 0.5884169618204049 0.7083859332732191
0.9880175269237809 0.08336189496934385 0.6184046254479657 0.6902914295568201
0.9868038797577491 0.07460169904182412 0.6168682806596507 0.6800650935720097
0.9888464228919425 0.061872648267561565 0.6395293563118696 0.6060408163265306
0.9903283287513297 0.04929091221948505 0.6458114765360249 0.7415010674987683
0.99186772883082 0.04564671425273472 0.6702576171557463 0.6772363150867824
0.9899440169675446 0.03467102767325261 0.6969079322688433 0.6997478118973446
0.9897900117002278 0.005253224791779806 0.7042019914187363 0.63448784082535
0.9931639387620788 0.0025037227155673817 0.7220049887974008 0.6688222344523941
0.986840242175675 0.00026407890550429524 0.7450846760594535 0.6733295259851514
0.9902614713339064 0.00029673695328865795 0.7688058910162003 0.5930317848410758
0.9907143491760095 0.0 0.7836398486790999 0.5615981046737023
0.9934165977424595 0.0 0.8221328931786638 0.2806697266847486
0.9846100443811608 0.0 0.8353626976990467 0.3560888061685722
0.9888435201444278 0.0 0.8817636905495096 0.5206205069996216
0.9873997240696111 0.0 0.9038700110255352 0.7230257263535134
0.9914826797529214 0.0 0.9352944418597489 0.7615354278953596
0.9906728923642171 0.0 0.9293635941477333 0.5993982153973854
0.9878980589971034 0.0 0.9142262564522858 0.21483820607436843
0.9875700073256611 0.0 0.9243007792700164 0.35250820971577396
0.9937919947513933 0.0 0.9357377451427378 0.7722685934969478
0.993500347775636 0.0 0.9356598914154775 0.7816224529027297
0.9889288910856701 0.0 0.9344422602951595 0.7825812956894379
0.9920045592450426 0.0 0.9352121666481044 0.7549716765095817
0.9928720602416504 0.0 0.9405643998665658 0.7610753945061368
0.9930662695591123 0.0 0.9420007671768142 0.8262697022767075
0.9862681627336207 0.0 0.9360246786666435 0.8492307692307692
0.9916560799259713 0.0 0.94030099806895 0.8252771618625278
0.9954513225823258 0.0 0.9409938350041557 0.8906443967949441
0.9894501035450697 0.0 0.9368750118009429 0.8564261315115286
0.9922192136056666 0.0 0.945167682216256 0.8927939876215738
0.9924248190975754 0.0 0.94368724266441 0.7600432177585699
0.9899665783984701 0.0 0.9402956381089739 0.8719586374695864
0.9924568952967688 0.0 0.9432396323171802 0.9171987230646449
0.9899894068412503 0.0 0.9437588572786721 0.8808212318477716
0.9858962434494635 0.0 0.9472892587604995 0.8605791050195153
0.9950951136116414 0.0 0.953676637028996 0.8637381085618355
0.9910018161788103 0.0 0.9447798566531223 0.8309700847311084
0.9919331820947118 0.0 0.9496724512626734 0.8303355240401246
0.9933030071868248 0.0 0.9553893084328474 0.8654284508231321
0.9939392466370883 0.0 0.9501374704758567 0.8818594298433353
0.9922892032539062 0.0 0.9491435716093797 0.8353533043677109
0.9927358383203317 0.0 0.9521873660176973 0.8681502751854511
0.9929409627222983 0.0 0.9477109319267601 0.8913458479160038
0.9951363423190804 0.0 0.9488461558393549 0.9000149120190873
0.9929119231655054 0.0 0.9510779550242937 0.8432486871448097
0.9924534404518601 0.0 0.9515036209752584 0.8873926335711166
0.9930720845113639 0.0 0.9518305658189695 0.8910793494332183
0.9919098289027636 0.0 0.9522144649422937 0.8967145652027255
0.990589177779478 0.0 0.9515328180705582 0.9028763059460854
0.9943311983599001 0.0 0.953939096719833 0.9080179842637692
0.9930665040620247 0.0 0.9552496609884614 0.8993798638132295
0.9951998932529297 0.0 0.9613938523804729 0.9220818111037911
0.9912173838470819 0.0 0.9576880899719019 0.901891723001761
0.9861247715499202 0.0 0.9572617920969976 0.9206304846011961
0.9957675483683438 0.0 0.959897956461747 0.9188052390586732
0.9908970869977899 0.0 0.9593193805367999 0.9147988869213256
0.9942685131684404 0.0 0.9601705623267522 0.9231842183919498
0.9922013004746283 0.0 0.9622446253683437 0.9272934906737723
0.9912665295862668 0.0 0.9629025402488465 0.8997499646176346
0.9930978801113695 0.0 0.9655590964986518 0.8960787030622143
0.9940752577273955 0.0 0.9677478223817227 0.910753539083795
0.993764262476847 0.0 0.9624295630408067 0.8846123448984431
0.9929837530230083 0.0 0.9592908628924275 0.7638112776225553
0.9922870327185209 0.0 0.9572552843109386 0.7337356703531518
0.9939991106671472 0.0 0.9613050304702261 0.8635741296127266
0.9933856126502273 0.0 0.965039213862798 0.9243681140635126
0.9922652310935576 0.0 0.9635830884222212 0.9279276517473942
0.9946852971421712 0.0 0.96034233071031 0.8846966151036018
0.9969499614651538 0.0 0.9617617429684736 0.8290662088527282
0.9912123334745977 0.0 0.9495841708629491 0.6881214522457998
0.9939609927500779 0.0 0.9540233142024983 0.7255255593755284
0.9913103741809256 0.0 0.948795827922342 0.6742942204836169
0.9946218956355221 0.0 0.9519830382706277 0.6685327141448519
0.9843885722041259 0.0 0.9555178118601088 0.8230742235479909
0.9902702997547689 0.0 0.9582160611350218 0.8092573105009726
0.9928387763712601 0.0 0.9568398313843874 0.76067446682035
0.9901734455036955 0.0 0.939829143850433 0.6298261004179783
0.9905385743491009 0.0 0.9496637397348974 0.7029616555790453
0.9925609940371718 0.0 0.9564223429853268 0.7897408196337026
0.9864913267576952 0.0 0.9210095573590812 0.5902024156137247
0.9894356941395455 0.0 0.9170145320607976 0.5875275882188792
0.989298104581208 0.0 0.9111997391196323 0.590844038475793
0.9931461422058767 0.0 0.9282132875097547 0.6738365365114587
0.9900682449354508 0.0 0.9387737460314134 0.7341655327456664
0.9919900899419393 0.0 0.9448722726686649 0.7885182948368791
0.9941416532650239 0.0 0.9491045742232451 0.8209181657755419
0.9957293102721707 0.0 0.937780063242002 0.7800058730356475
0.9891393823521601 0.0 0.9287475707090991 0.786283085679176
0.9940614672477087 0.0 0.9435408223538876 0.8562025838687743
0.9928236030114981 0.0 0.9356227596924409 0.8709977874767147
0.9927341897725681 0.0 0.9152236483372913 0.8353735152371432
0.9940603314911923 0.0 0.8862733157054548 0.8203222148448819
0.9917744783801627 0.0 0.8852582181164895 0.896737277982701
0.9876785023308949 0.0 0.17216181295748884 0.3389053389212828
