0.9858671782251367 0.06494022485210343 0.17265709458106776 0.22998760842627014
0.996115285456454 0.06385746032706265 0.15958862230243642 0.07631160572337042
0.9941508625110789 0.06713888095917785 0.16923564256073997 0.17326057298772168
0.9958213150409905 0.06533373143293157 0.158653702975139 0.24265927977839336
0.9924840412721522 0.06686117401910868 0.1654279756635789 0.1791206411089452
0.9956074288588498 0.06352228818658291 0.1660155210078392 0.1921697549312612
0.9937208917794251 0.06735576051975392 0.16305843330610428 0.20935960591133004
0.9890545689681489 0.06140655094308292 0.16610613880957611 0.44398340248962653
0.9939547261102472 0.06012347856151906 0.16912463226280952 0.2544632768361582
0.9904652649533804 0.0687052570764278 0.17680963570448938 0.331558710440698
0.9967344553688516 0.07301245099593082 0.16911977385760096 0.13881891967534285
0.9893316926040113 0.06754264906462669 0.18028878473405602 0.3876203576341128
0.987043197645982 0.06247623410425053 0.17035528549783754 0.2617000955109838
0.984968100005187 0.0632970372709755 0.18389016032788624 0.22630517589065652
0.9943811615671451 0.06503130627113993 0.18481026697807948 0.29775929775929777
0.9907296176250595 0.061661030915450596 0.18949773344253398 0.40203352569387196
0.9940860295176922 0.05978564578125826 0.18818306038690735 0.376428338230493
0.9935029138446999 0.062147310247582875 0.18703449294024532 0.16791116216733679
0.9933124221788576 0.0649492663083514 0.19122891899933814 0.3267241379310345
0.9923716536199949 0.06410060499469007 0.1930077711610184 0.35500253936008125
0.9890925274693204 0.0623194311227428 0.1975414959943411 0.46043795620437955
0.9967852291409093 0.06416360699357516 0.19445237219323325 0.3525549528975164
0.9922601203737653 0.061257322320665684 0.19324181713045788 0.40975075321829635
0.9937140401090152 0.06099302680595697 0.1967572935411397 0.31154580152671757
0.984655774319514 0.059056098866345545 0.2038180464039236 0.32081422018348627
0.9917797144210995 0.05889129699802813 0.20740227467438543 0.22380847792664177
0.9929331215879922 0.05307594936708861 0.2029597706990832 0.18083421330517424
0.995430538463692 0.059359376406979796 0.20725950633975285 0.3433787308026659
0.9911856263523364 0.060530921963650584 0.20999928550721186 0.24261789334508593
0.9948572854109243 0.058300425340513023 0.21066282681438367 0.39579451690178336
0.9879797969953756 0.05474574760013077 0.2168596706919773 0.3017349761126477
0.9877801651963265 0.05634797816784818 0.21193190704585146 0.31346003644884146
0.9938270543528724 0.05787704608285765 0.22362532894227485 0.44248234106962664
0.9932608690307305 0.05572292453074228 0.22417995138646138 0.4905087319665907
0.9931842411767968 0.05438924408577136 0.23205127477674284 0.5092887473460722
0.9927407726192331 0.058148335141241805 0.233189090817588 0.4031274847601378
0.9950970561160364 0.05794944888253643 0.2328834923425671 0.4457798415733406
0.9922157558197622 0.05621380293171842 0.2392766069181934 0.5150727650727651
0.9937768372325376 0.05619993388483885 0.25743840381887906 0.4043478260869565
0.9897278139672205 0.05452687193969438 0.25103316323457003 0.3474814625415495
0.9935019013607753 0.05548400296667604 0.25989276199538947 0.3594181088537748
0.9908374668780419 0.052589260424502876 0.2564604151113631 0.4078389830508475
0.9944840678379604 0.0578634464687415 0.26790911415862717 0.3259005145797599
0.9836855451169939 0.05436385402269913 0.2651693947468595 0.39155783582089554
0.9859933325727903 0.05577799182568401 0.27576941110389164 0.4740466101694915
0.9912593357598962 0.059771775486729975 0.2869264978926642 0.33669421487603307
0.9910710821948494 0.06388630741869973 0.28977185304052283 0.4702250547699661
0.9946478548676645 0.05664151475194211 0.3011726230074017 0.3603620243812338
0.9933605162379613 0.058666098660845344 0.30442178391876035 0.4330672748004561
0.990329228658008 0.06138505942086209 0.30819061886996907 0.4495049504950495
0.994149527227762 0.061799531580164685 0.31383981110889986 0.5542390731964192
0.9931755270545092 0.06323560796182742 0.3256931220914485 0.35371850030731405
0.995088450650536 0.06254044804340866 0.33472070654518693 0.3861815754339119
0.9947063117617375 0.061866887166687944 0.3463541050436179 0.33852941176470586
0.9963884990410969 0.06047953176220169 0.3522192198129719 0.5215649304737214
0.9948148724633733 0.06066058088136751 0.3508202079630651 0.5038470505945442
0.9906596323980439 0.060872117400419284 0.354995561063579 0.3373511686020873
0.9961511013269144 0.062242310927166346 0.3610199425945963 0.45031626198734953
0.9952586430734041 0.06470061519790428 0.3731551820921675 0.33918320485484665
0.992582051483047 0.06643245846255955 0.3788778633795583 0.3598772647574518
0.9933752834752658 0.07255686127081457 0.4056371369094851 0.3038897893030794
0.9908487184007926 0.07220046603297132 0.39938790553126213 0.23189786585365854
0.994010761309518 0.0712667608624337 0.4064869418702612 0.15942611960311076
0.9922680193898941 0.07228171772871468 0.42560746219084294 0.38369124493167145
0.9965718354090878 0.07557171598852501 0.43499111071439395 0.30815275948760923
0.9932567870000973 0.07420838757823522 0.4391359058340857 0.39474050368721303
0.9936962904437227 0.07398145478357178 0.4300611631791777 0.29907633506741693
0.992339540737228 0.07019570711371176 0.42537301842265096 0.12785019744384526
0.9956033171760414 0.07505187353351457 0.44599101105927985 0.15146113541835468
0.9932729960574203 0.07321271874668142 0.45322927817677794 0.4450746268656716
0.9921688273734528 0.06873807977151943 0.4477122233977802 0.5671134226845369
0.994981891172492 0.07124218499798098 0.450100618985337 0.3025506603488255
0.9922992086372695 0.06858863668113088 0.46907159501224494 0.13356847821042372
0.9887366541558867 0.07444737310670742 0.47443333913597563 0.14804685719494964
0.994974351949472 0.07466999360805034 0.4797259947853566 0.29407760381211706
0.994791244774676 0.06807540025350235 0.47299123814878313 0.1235602857559411
0.9887415850786049 0.07368008583020773 0.4707424472842 0.25735950044603034
0.9929952058772897 0.06860690213222671 0.46400594986976595 0.7538404590042569
0.9893352058761388 0.07085105262183776 0.4705665641433956 0.6938146199891166
0.9807094669527662 0.0684481990968018 0.476946755149448 0.7395273899033298
0.9869599361771085 0.06850502339965917 0.4855490913912829 0.807830527709476
0.9886961168551474 0.06930266358938844 0.49355525437546993 0.7840717891194616
0.985893324195938 0.07644526872995634 0.5117161930082069 0.7852084972462627
0.9901303812558832 0.08073225463564426 0.5205240060666829 0.6978564137461721
0.9909951534694361 0.08032329212095585 0.5279970102428686 0.8315955144599646
0.9925691447379469 0.0831191160198731 0.547442157879037 0.7965229732127018
0.9928263456581929 0.08263622267845373 0.5565158708839607 0.7226062910473556
0.9896516216586214 0.0826291499713795 0.572650411357881 0.7709731543624161
0.9919845515239616 0.08383670236689465 0.5744576855425123 0.7553228021978022
0.9882145390176598 0.08720953975578878 0.5909809781018649 0.8130674737404309
0.9896573210213037 0.08867944864256375 0.6211919692484019 0.7971433429688829
0.9882198387561186 0.08709759524138774 0.6209572700699267 0.7655029491471386
0.9902503593501207 0.0816810312667211 0.6447855001137662 0.7271109673244904
0.9915083512404766 0.07560296645207656 0.6511233440708758 0.8302008032128514
0.9930049379801497 0.0713083227006111 0.6755248348968524 0.7834620334620335
0.9911868093117993 0.05700808076696045 0.7020288708720586 0.7722815747109615
0.9906130461662754 0.023746222434796085 0.7084327636877346 0.7430151338766007
0.993691558030162 0.013059791303855357 0.7226409382507065 0.660900072586499
0.9866548031845882 0.005067423838951724 0.7447169840798663 0.5952541610436347
0.9904584236571126 0.00685957913843686 0.7678050348000249 0.46838687628161313
0.9901791545021512 0.0013602495563990622 0.7773863526686613 0.28568624564502676
0.9927281597877113 0.0008303590938888484 0.8056938452775022 0.14367327093715815
0.9846157479013424 0.0 0.8292515825381475 0.22305131443003098
0.9883016264910872 0.0 0.8795039041173749 0.43772945495622706
0.9867104822006207 0.0 0.9021346625244565 0.5734112490869248
0.9908212750310467 0.0 0.9167141264718625 0.2049996827612461
0.9901123950192549 0.0 0.9089771773321618 0.18713932399010716
0.9879522285162551 0.0 0.8859489825079826 0.10563125147672679
0.9875523247963272 0.0 0.9189628177779098 0.2758826811189926
0.9938685800112114 0.0 0.93616495290082 0.8119084701090212
0.9935052426210194 0.0 0.9358220601592357 0.8131881575727917
0.9888032078620227 0.0 0.9345664930325894 0.8192986641221374
0.9915590647600171 0.0 0.935298079881583 0.8202952458444729
0.9923878966103626 0.0 0.9406967347166378 0.8337297542190508
0.9929757129377462 0.0 0.9420323031498193 0.8461111111111111
0.9861454775175683 0.0 0.9361745122072416 0.8775819815614424
0.9916261604349244 0.0 0.9404360437106908 0.8488718603661133
0.9952619465097208 0.0 0.9408117733579024 0.8888529886914378
0.989324336604871 0.0 0.9369488340617881 0.8637526870713481
0.9917160766294407 0.0 0.9450553585832391 0.8915561170772794
0.9923100343211425 0.0 0.94386568797301 0.789047619047619
0.9901424434847694 0.0 0.9407238254194524 0.8743276283618582
0.9926538236684764 0.0 0.9434720092490192 0.907448555695102
0.9904605852267574 0.0 0.9440731573157316 0.8635180722891567
0.9861739112259899 0.0 0.9478309628826447 0.8755112929041436
0.9940643192919506 0.0 0.9528040712137857 0.8527187612531509
0.9909524613647355 0.0 0.9455472164382308 0.8653993691927372
0.9922345310357218 0.0 0.9501020736725687 0.8427192614351657
0.9931384683812446 0.0 0.9550887221072052 0.8586232420429312
0.9937831457856732 0.0 0.9501676248843313 0.8767304982176904
0.992408615379265 0.0 0.9495403960911274 0.846504332237825
0.992652174286475 0.0 0.9527434886576618 0.8672105672105672
0.9929886692363837 0.0 0.947878246740606 0.8818230810685965
0.9947004521780176 0.0 0.9488123005341558 0.9108708357685564
0.993065143954224 0.0 0.9515946472392242 0.85055777731004
0.9928716705339953 0.0 0.9517894394856538 0.8726951607205934
0.9934754117043706 0.0 0.9521086368910794 0.8753575807110748
0.9918466857177115 0.0 0.9523155071268681 0.8839746521199451
0.9912113902003231 0.0 0.9519394243515904 0.8868253770410071
0.9945148119568844 0.0 0.9544870976641152 0.9103012454751825
0.993674172959263 0.0 0.9556175279283988 0.8835244060985699
0.9952135639872768 0.0 0.9614325494169583 0.9044070559469057
0.9909308397253179 0.0 0.9576878111725393 0.8920803586252698
0.9863404729722601 0.0 0.957428448035777 0.9009170329372185
0.9953898053630867 0.0 0.9598609654297884 0.9188074352548037
0.9912029896992671 0.0 0.9598025347715639 0.9250074842830057
0.9944489932831189 0.0 0.9602377648535654 0.9223813480619776
0.9927752741535721 0.0 0.9630719077937273 0.9437231481044333
0.9918362980900534 0.0 0.9634403715752559 0.8946007112835435
0.9937627763572455 0.0 0.9658640140005545 0.884954153304124
0.9946862014972031 0.0 0.9679702908903729 0.8986379065870321
0.9935584666595082 0.0 0.9626660122340606 0.8977412567980628
0.992791442306059 0.0 0.9638127015044493 0.920810452565802
0.9926660996324103 0.0 0.9637263174315049 0.9171643913538111
0.9938861078256767 0.0 0.962619386249474 0.9117091595845137
0.9940921052214244 0.0 0.9658746947873131 0.9348793704038189
0.9928936392631231 0.0 0.9642675373482603 0.9353393085787451
0.994152558674335 0.0 0.9609468426648324 0.9116419294990723
0.996501631372087 0.0 0.9648102078135965 0.9211753731343284
0.992678879880701 0.0 0.9619217164926928 0.9165035877364645
0.9932254246611879 0.0 0.9637713898943325 0.9336863036343164
0.9910794639436142 0.0 0.9607600119228306 0.882608891694472
0.9946651639593189 0.0 0.9658214739777714 0.8999086990678812
0.983833102183882 0.0 0.9609587530952138 0.9358265539846774
0.9897248606587536 0.0 0.9649410716703727 0.9354187138333879
0.9932828065771192 0.0 0.9676386794749678 0.924932178174499
0.9899044252002399 0.0 0.9659571306956207 0.9247449556215247
0.9902844004171252 0.0 0.9712908524060089 0.9325339423930973
0.9927414164461287 0.0 0.9692923015615365 0.9316079570481304
0.9860124023913031 0.0 0.9617075146590954 0.8879559116148725
0.9886537422070618 0.0 0.9476755196670977 0.7647226521137086
0.9895894073642143 0.0 0.949665897701058 0.7954214924608348
0.992325404752364 8.733243089821405e-05 0.9488024354598795 0.7885683494984664
0.9901971214129724 0.0 0.9629237186094227 0.8803313665394853
0.9915498768339981 0.0 0.9601758932021283 0.8775136998189889
0.9936171869851483 0.0 0.9628366333639914 0.8964334050283879
0.9952605779929631 0.0 0.9640609097925349 0.8996191485320725
0.9887557396974842 0.0 0.9530393927905023 0.8857645223553052
0.9937096698479415 0.0 0.9535434361352396 0.8987589910808478
0.9920402654840775 0.0 0.9438375783889535 0.9031248120501734
0.9920978459014761 0.0 0.9264203286850489 0.8690462252106088
0.9923912762391065 0.0 0.8892820390406476 0.8385720510813888
0.991223305933739 0.0 0.9031183523425446 0.9203584065284797
0.9868845427400619 0.0 0.21040658441824006 0.49576017189076427
