0.9853151921776139 0.06684825557571855 0.17398401098002494 0.20048019207683074
0.9954185161493737 0.06766849667615066 0.1608429342977466 0.06853954971109782
0.9936109715584337 0.07302237759489533 0.17110028387031073 0.17530522920985947
0.9956652119199979 0.06492257634183378 0.15994426914338478 0.19001919385796545
0.9919511003636078 0.07164047887580473 0.1673598379526518 0.1076923076923077
0.9949900005619972 0.06592901479076164 0.16746241388850677 0.17195685670261943
0.9930512304682118 0.07281759279814046 0.16478821574176256 0.20997536945812809
0.9888796975366559 0.06346265560704821 0.16746152741582165 0.42962017235876154
0.9936670966956902 0.06264329092023527 0.17024055547156838 0.260942358287491
0.9900129117414694 0.07538453411282015 0.17911633585742845 0.34806102987921167
0.9964873215963111 0.0881479012822087 0.1729673391449523 0.09886685552407933
0.9887955481834234 0.07361530471317554 0.18168824835339675 0.353136225476651
0.9864120065304196 0.06396397687554752 0.17133936747144607 0.23730009407337724
0.9846880208569779 0.07184109598586558 0.18667634825699528 0.2508655126498003
0.9941858757141525 0.06804581884964615 0.18614705015248248 0.2603808212892865
0.9902303019312721 0.05860256647674877 0.19032392726688876 0.4103283749649172
0.9933280010333401 0.058515417660556096 0.18936727221986505 0.35519842571334864
0.9930411048584287 0.06307684569267986 0.18824029154079044 0.1617154811715481
0.9928528747963943 0.07130040761975925 0.19306220610814723 0.29742997401097315
0.991878598994412 0.060951522921792164 0.1934168665344085 0.33315363881401616
0.9889594413316777 0.06221577221254398 0.19895112771446472 0.4209138840070299
0.9966090191789383 0.06881864317887333 0.19653725165562913 0.30488153011704255
0.9917542124292243 0.06748070245752229 0.19512513529815168 0.36942313157146917
0.9930093753739526 0.0637383822062194 0.19827269038390785 0.2900683131897005
0.9842396069575952 0.06092188119999181 0.20562798397585635 0.28469036697247707
0.9912834366977452 0.05897790163369786 0.20846088821568826 0.21269682579355162
0.9926293323934906 0.052996537767591556 0.20438575462690206 0.15462230706299426
0.9948533108378708 0.05871068988197285 0.20815538414029186 0.2845953002610966
0.9907526298045736 0.05843510436245904 0.2106289762608116 0.1945261253110156
0.9944155425344845 0.056379900724656914 0.21119520826767518 0.3706873495587055
0.9876545315446577 0.05510526007909998 0.21752393934008454 0.2723158159416646
0.9873656600669546 0.05685014219911022 0.2124498927407388 0.27664576802507834
0.9931401268800167 0.0586457548901306 0.22452752184729846 0.41112214498510424
0.9923683265884158 0.055059104876711895 0.2243953319480165 0.46946564885496184
0.9922953573704378 0.053424822318233305 0.23187813198104354 0.48898912178296633
0.9919548830335223 0.057695075871168955 0.23329485564376853 0.3892866613630337
0.9947477198800546 0.05810070789368238 0.23393006552062828 0.4198849630238291
0.9920749216547613 0.055067496038941295 0.24008719537102258 0.4872594903796152
0.9935043498889777 0.05490981388277344 0.25894107333709604 0.35089514066496164
0.9892161437580613 0.05417601496946137 0.2519329028365289 0.29813346970084376
0.9929632672989491 0.0566443420735738 0.26137591826564466 0.318486096807415
0.9904717102491859 0.05251983348213105 0.2571794213060108 0.39320774741310693
0.9939096059986505 0.060835505096116634 0.2700030725153526 0.300786369593709
0.9830297122456989 0.055304742727742044 0.2658390808244659 0.3690337601862631
0.9854989612236645 0.05523233707965828 0.27597639929026624 0.4645127118644068
0.9906697784198323 0.05880987706655363 0.2868548381931947 0.3553127354935946
0.9905195416339179 0.06456923338752993 0.29052970407490075 0.4664895790764201
0.994551512800909 0.05793207586751702 0.3014950958591747 0.36065899166335846
0.9929725232654023 0.057262150331503184 0.30454800874392196 0.4276482806369721
0.9902424965531222 0.06055264162429317 0.3085284751186582 0.4507074924611459
0.9938068210173708 0.061224581527895144 0.3143234023123194 0.5080411283944107
0.9925932884530453 0.06306017231240044 0.32576757898039627 0.3991479903685868
0.9948626768093362 0.0656246579288492 0.3358303494045945 0.3800666783646254
0.9944619477872291 0.06260299823012999 0.3464414774922209 0.4248328557784145
0.9963348874129352 0.061247293888186484 0.352975495915986 0.5032366339007432
0.9944850146843325 0.0602974989999086 0.35103673795983686 0.4824108818011257
0.9903540173814376 0.060644386315302376 0.3551314336854345 0.34972677595628415
0.9958049774160693 0.06163660573780414 0.36094813250973024 0.4494550117546484
0.9949499463711119 0.06509795113426846 0.37328631597960577 0.3847224985080565
0.9924969481155518 0.06687111891403891 0.38002716074926884 0.47810365608678185
0.992809189270869 0.07501293930396273 0.4060892023607706 0.3997052562633044
0.9903604082283757 0.0734088266843089 0.3993650252110165 0.32988375389849733
0.9937974385450066 0.07121302780725028 0.40571857670979666 0.2544683776351971
0.9919031870150662 0.06978022855803948 0.4244984229713677 0.49003566184182923
0.9964236940935473 0.07253009826177284 0.4365923898613182 0.39817684594348224
0.99297645518993 0.07210355846002556 0.4393183517046114 0.4271656718825617
0.9934136796933782 0.0719510058884562 0.4312770571600609 0.3610421836228288
0.9918761566840225 0.06880070847099697 0.42969610802146196 0.16646259693312343
0.9953797911529211 0.07355680222834994 0.44756655531522543 0.16900485118657402
0.9930117340286831 0.07135062173117794 0.453191174195956 0.4988685813751088
0.9920190059472412 0.06720294096038658 0.4477081543243272 0.5194933702750841
0.9946680338996199 0.06933286153906164 0.45092860144896074 0.3856434279415817
0.9920935232919386 0.07099118876102485 0.4703912807546211 0.1538504777965149
0.9885673194421163 0.08812903978872726 0.4770339983326868 0.16148477157360405
0.9946639042413583 0.08111526528147639 0.48145143549688957 0.31157544378698226
0.9944978337444923 0.07079194945749051 0.47308521383825347 0.15341880341880343
0.9885470938680974 0.07297786170469646 0.4709381217821069 0.29627917725907094
0.9926433251179669 0.06805467751225748 0.4638794671068753 0.7669674382110632
0.9891107912667576 0.07061610767112639 0.4704023078410279 0.6509176812647647
0.9804642132599605 0.06792849388769313 0.4767254591163556 0.7093800831375384
0.986764683883257 0.06805160943327838 0.48540799568223897 0.7712765957446809
0.9885921752241885 0.06894332386997042 0.4935271083419291 0.7609756097560976
0.9859032520525653 0.07593400136079669 0.5118029705376355 0.7504962286621675
0.9897481046353326 0.08030013500719145 0.5202802903997684 0.6720191322172874
0.9908022619371617 0.07935653054812877 0.5277804387001271 0.8030182684670373
0.9922607080996272 0.0816290535262844 0.5467998051311086 0.7591734948343427
0.9925498807550347 0.08109467649298342 0.5561032044868082 0.6723779854620976
0.9893818521221415 0.08052508573833467 0.572122489472146 0.749957791659632
0.9916275294946083 0.08109204043477793 0.5737454075194106 0.7340352088367277
0.987842151816346 0.08175170548281141 0.589194131520772 0.7838998211091235
0.9893369024508977 0.08335531047710382 0.6194375691620668 0.7579955532751839
0.9879538888302314 0.0810265664160401 0.6193234684017475 0.7473135786388798
0.9899142316423285 0.06839388186104059 0.6414356037854646 0.6810316682990533
0.9909333541705838 0.059957266253776044 0.6472198472514603 0.8068551007147499
0.9927675964709904 0.05179357692869514 0.6710788223655185 0.7405816259087905
0.9909203797582303 0.04011065711578239 0.6982047049924001 0.7452885747938751
0.9900782190058267 0.009495894319626278 0.7053590266818537 0.70908823096185
0.9931675062197471 0.003953854580309462 0.7218379304191573 0.6956291390728477
0.9857170581191971 0.0014483225185566322 0.7445008077997467 0.6449596249023183
0.9892903690699862 0.010484189166337862 0.7697849600367862 0.5624322566659441
0.9892216747822246 0.00013683010262257697 0.7818794198294164 0.4784987603659058
0.9913988014489236 7.28947982271985e-05 0.81477235206365 0.20178313422842442
0.9836737682114357 0.0 0.8320194476826304 0.2663215817944413
0.9871599592879624 0.0 0.8807172908388199 0.514974182444062
0.9851731223708051 0.0 0.9023910549998797 0.6552025330276231
0.9892614236852268 0.0 0.9304877228552374 0.4699040857941243
0.9890275694899627 0.0 0.9188208017412558 0.2881585481468105
0.9864712132594292 0.0 0.8963973524316267 0.13135533353517004
0.9860473281291672 0.0 0.9218769180829757 0.32839518406579793
0.9923697738792825 0.0 0.9352016114665357 0.8087858450274558
0.9920222655287503 0.0 0.9349607127975178 0.8216392619555667
0.9872813760382237 0.0 0.9336804736088073 0.8272135576568832
0.9903529395988754 0.0 0.9345196811413392 0.815914489311164
0.9910330085848468 0.0 0.9396579957540402 0.8069352254520485
0.9914150086979076 0.0 0.9410337161603783 0.8496984867447946
0.9849329620808034 0.0 0.9354792541864733 0.8928011576027975
0.9902330271118082 0.0 0.9395270006819234 0.8512685914260717
0.9940729932630143 0.0 0.94012997744009 0.8915156871409633
0.9878380711767059 0.0 0.9359547925833325 0.8627430591660601
0.9902994367304015 0.0 0.9443447023030764 0.8973286128097844
0.9908278785432106 0.0 0.9430459472404901 0.784911872942088
0.988288005849056 0.0 0.9398265607706248 0.8824178027265437
0.9914061944830495 0.0 0.9428952936152591 0.921875
0.9886698269886536 0.0 0.9432690008208535 0.881925069748904
0.9840812369003176 0.0 0.9466504874343358 0.8708654281830539
0.9929368081631513 0.0 0.9524919416033777 0.8610623556581987
0.9891752364147666 0.0 0.9444998522760104 0.8585666002253228
0.9902297687302566 0.0 0.9488610059722872 0.8432058723113691
0.9924725587793363 0.0 0.9551463272107017 0.8649650408558672
0.9921265409697159 0.0 0.9492864447652275 0.8837583665169872
0.9910643043963188 0.0 0.9487737727715436 0.8442927569207432
0.9909461017669756 0.0 0.9518296057291528 0.8750198886237073
0.9915544169373379 0.0 0.9468908335579841 0.8929866036249015
0.993772108317879 0.0 0.9482710993556763 0.9085447263017357
0.9913908988271862 0.0 0.9506709496961794 0.8586605412389635
0.9911392047859582 0.0 0.9510003748577206 0.8897443346891343
0.9916836339966116 0.0 0.9510930143784196 0.8864695652173913
0.9901238214093789 0.0 0.9514901126504679 0.8956928213689482
0.989410012106701 0.0 0.9509852319097127 0.8993108728943339
0.9932804547133155 0.0 0.953744116529324 0.9109495401441711
0.9919949639570499 0.0 0.9549380903440513 0.8990864541109564
0.9938542293437722 0.0 0.960834888245191 0.916756048146824
0.9894426464455421 0.0 0.956963180399488 0.9004461008526737
0.984426068077484 0.0 0.9564610998961632 0.9128435283687943
0.9951224356140222 0.0 0.959701469624607 0.9192266949152542
0.9893968634236153 0.0 0.9587835472128508 0.9234624145785877
0.9931137804774337 0.0 0.9597341118185942 0.9311098961180974
0.990906105423266 0.0 0.9617261201074245 0.9333681859227223
0.9901991466930087 0.0 0.9624696694906131 0.8992440959669468
0.9922720264676346 0.0 0.9652133091664952 0.8983183598249251
0.9930649155772154 0.0 0.967043714665004 0.9088042049934297
0.9928110416899424 0.0 0.9623381929774231 0.9046794458762887
0.9920300699174437 0.0 0.9634048478633439 0.925198816704445
0.991206100248141 0.0 0.9625276410412056 0.9151859578447594
0.9930566018651295 0.0 0.9616551024732037 0.899224018162719
0.9926633848027709 0.0 0.9644897615981377 0.9253168670783231
0.991650120190897 0.0 0.9632082471761545 0.930466633834031
0.9947311250941256 0.0 0.9611076713786157 0.9031777557100298
0.9963289673187489 0.0 0.9647180536686553 0.92286103315086
0.9916793644062676 0.0 0.9611637075589541 0.9148487695863067
0.993500468384596 0.0 0.9639924183726615 0.9324163982855898
0.9897698409161803 0.0 0.9610363729512579 0.917620730270907
0.9942678671918964 0.0 0.966522425639056 0.9215170448317439
0.9832253817888176 0.0 0.9603916796444634 0.9290602371289887
0.9892782019652653 0.0 0.963979995782858 0.9199416164933406
0.992193781637418 0.0 0.9667588326700907 0.9208659815695915
0.9892629657076947 0.0 0.9658888868991734 0.930397770768901
0.989366679180986 0.0 0.9696661115836638 0.9163668376330093
0.9916010327894379 0.0 0.9681276607780636 0.924483889175784
0.9852264109745991 0.0 0.9649566975801263 0.9293498062336458
0.9892614461284126 0.0 0.965648437165947 0.9172133272187107
0.9888087575799975 0.0 0.9660174293028537 0.9285186852769023
0.9925247608318538 4.341596839317501e-05 0.9681892989508113 0.9297549688029421
0.9900696393157118 0.0 0.96812919074211 0.9155784998481628
0.9913501370441662 0.0 0.96622615747299 0.9139060527539699
0.9929471950596803 0.0 0.9629116217434321 0.8953187199054357
0.9952099773078844 0.0 0.9624143253640659 0.8861527260795111
0.9880792672628038 0.0 0.9443731051128837 0.8442406988258594
0.992966548659779 0.0 0.9431245418106691 0.8560220419645094
0.9919290706754238 0.0 0.9327503551136364 0.8613078982235081
0.9913425353969605 0.0 0.9071116873586722 0.8127934946054396
0.9927159049996823 0.0 0.8777397188307731 0.8013947283218943
0.9905902578404053 0.0 0.8576072794781819 0.8591264742479983
0.9858824093161355 0.0 0.18684999623295412 0.4119349400386319
