0.9848570733440927 0.05802500066535065 0.17467332119089093 0.06724137931034482
0.9949825225183144 0.05655580025827747 0.16093230007619153 0.0
0.9932380008048121 0.058560975893824245 0.1707608318116279 0.13541666666666666
0.9953693291350726 0.060256979066745466 0.16134867755028298 0.05394990366088632
0.9916586261632793 0.05561121495327103 0.1682077163750696 0.008266818700114024
0.9947753195525305 0.057384595764158344 0.16869273191562412 0.06417772292502315
0.9928362774547359 0.0558195998091608 0.1639385675896182 0.10960591133004927
0.9886965187387402 0.05465166384031581 0.16878851377805915 0.3236514522821577
0.9933580539817112 0.052957122808852626 0.17043259549699472 0.18043237250554323
0.9897643304166147 0.05495963992508153 0.17776710460607598 0.2454632282712512
0.9963145380665667 0.05423036819667659 0.1702675414518414 0.006257110352673493
0.9885192002097389 0.0556253461387797 0.18259913731839503 0.24965325936199723
0.986058253445766 0.05356794482098917 0.17152133053231106 0.11784606709895687
0.9844086614224292 0.052582403131144255 0.18517898688146395 0.17576601671309192
0.993963484574059 0.057075316780996664 0.18652772567357787 0.22708456534594915
0.9899392121379269 0.05334746977769058 0.1918771743459304 0.28440656565656564
0.9931911363052041 0.051671314346005574 0.1896773570169011 0.21042150680385
0.9927037839660453 0.053890802968588586 0.18760871594446407 0.15357664233576643
0.9925046403046044 0.05705200545220001 0.19290401690710163 0.12659732540861812
0.9916180713650917 0.05691177862832876 0.19489484156052064 0.23122529644268774
0.9888325774464768 0.054460134111122036 0.20061188882523548 0.3384433962264151
0.9965842516666727 0.05512196537944247 0.19714198814803185 0.1818441335997716
0.9914220075084842 0.05520051543698957 0.19567906829757054 0.2880045805897509
0.9928054567167387 0.054876903019842355 0.1984839347515809 0.19905337891138575
0.9843108775547944 0.0531469666842392 0.20649474998282988 0.1654243119266055
0.9913212446307377 0.05227393583099664 0.20864685637197736 0.12814835316911155
0.9927088852964968 0.049130684999079986 0.20635523156103078 0.0
0.99474485075717 0.054224548423910904 0.20953548429276583 0.18044676530316217
0.9907519319552519 0.054969097785728185 0.21276663475171226 0.14149628252788105
0.9943997225416644 0.05344349576147988 0.21212133606110156 0.2762593783494105
0.9878250827173187 0.05194551002139102 0.2184058364449444 0.18959014332411364
0.9871870088027438 0.052712339371725474 0.21302647797713242 0.1896551724137931
0.9929436474403066 0.05307890792910839 0.22511806849188476 0.33315607551183196
0.9923105575859945 0.05152139217421354 0.22611863855486025 0.380310353599593
0.9925235165355263 0.05006733126984765 0.23285140575213953 0.3870710295291301
0.9924105828899887 0.05312832271234543 0.2332443963655592 0.24263339527475444
0.9947938527606903 0.05269586861426416 0.2355387982676631 0.2947137770473843
0.9926743907191462 0.05141302498205211 0.24084729038789293 0.41095176010430245
0.9937280349432674 0.05190705659313176 0.25968774534522265 0.2823529411764706
0.9893374934164683 0.05025337794770491 0.252855424408381 0.2140117616977755
0.9931771279005386 0.05141508317145807 0.26241673367286683 0.25923997917751174
0.9903846275115179 0.04747542402992816 0.2583507915955833 0.36281299946723494
0.9939971307199758 0.04946199200484755 0.26838283828382836 0.23591087811271297
0.9833284804597993 0.05128487923238116 0.2662403811122465 0.32043269230769234
0.9857243540339918 0.05087093889218579 0.2764323988886775 0.3845338983050847
0.9906508626824203 0.05435298388868896 0.28594910347738484 0.42061553492916465
0.9905045230860112 0.05655091396989263 0.2906950518425624 0.45263406567446257
0.994506318229632 0.05203693728020041 0.3012139642066296 0.3476946334089191
0.9932485495793535 0.05463405460418603 0.3049308280861627 0.3621646623496762
0.9904407068601483 0.055951993363631096 0.30857405530432974 0.407906976744186
0.9940562917736303 0.05707997478272617 0.3144581300474837 0.43870287371473765
0.9928741961968874 0.05764490791674442 0.3256978694242999 0.45599809205819225
0.9948200584347265 0.05693111018261815 0.33402122401701045 0.4867750545983984
0.9943773289985276 0.058161965423111917 0.34588311289932533 0.4488241881298992
0.9963751737993299 0.057421031397584074 0.35274375725558565 0.4614823815309842
0.9943473898634885 0.05792293740238809 0.3508895405669599 0.40786993402450517
0.990227645785195 0.058790664814752515 0.3549338770489002 0.3907466788822721
0.9960247659741259 0.059712517299055023 0.36148622392673924 0.3798149343662578
0.9952120862210992 0.06131332685968048 0.37356640277483366 0.3502183406113537
0.9929157759107426 0.06329125008756918 0.38033885371387305 0.4462555066079295
0.993028839235175 0.06431151761288467 0.40413553623302834 0.45956648603584827
0.9905759614450432 0.06460811943419133 0.397680954572349 0.4238356721578198
0.9939841832692419 0.06298764808373654 0.4042535779957659 0.397483498349835
0.9921500904640916 0.066373318198511 0.42470515775836576 0.44971578487101005
0.996918627124617 0.06946610449488158 0.4376954419771247 0.4099163436033463
0.9935331928704546 0.06859473894025196 0.4400548005117761 0.4446457691610799
0.9938432235218371 0.06864775120133902 0.4323499333978186 0.41879904469464346
0.9923260160337748 0.06501290633066456 0.43528470920545664 0.27880137679692246
0.9958780336332972 0.06977908751397846 0.4550986192972213 0.3089224520878284
0.9934462492996315 0.06790056805832309 0.45411636228297564 0.5817717206132879
0.9923671620613755 0.06368701887002196 0.4474437840833536 0.5377497371188223
0.9950833562639326 0.06623053716244987 0.4512844591063496 0.5598821300778783
0.9922395308647052 0.06441875150826784 0.46857868938772784 0.43906567366283006
0.9886267277970936 0.06832881651574838 0.47448961381968735 0.46193904120079643
0.9947459567348617 0.06909265719615947 0.481349339011162 0.45819397993311034
0.9948608678468546 0.06615864470632009 0.4729707482160134 0.1914643211100099
0.9888515415805043 0.06685043398362037 0.47097683672935103 0.36689144268211604
0.992838635203892 0.0647675938340159 0.4627960184126709 0.7935222672064778
0.9892882623319221 0.06752670142735544 0.4694290607593316 0.6448853294503094
0.9805986758399992 0.06500439952299908 0.47569984447900465 0.7378622506586375
0.986931323061733 0.06460691835405521 0.4843291070689051 0.7713524824044131
0.988875496330687 0.06497043956632789 0.49248100149843954 0.7699265121537592
0.9861311439032509 0.07244764347199517 0.511159422267786 0.7528942115768463
0.9901084743451111 0.07560874792140627 0.5188781925966629 0.6713298791018998
0.991207347652692 0.07342088283539688 0.5261971247137851 0.8211840515505437
0.9925422012801934 0.0753541476739453 0.544946372343217 0.7583868665239115
0.9930296124837762 0.07532876126343678 0.5546477470626789 0.6584141274238227
0.9898090506583044 0.07293183464719427 0.5701093241259401 0.7463967055593685
0.9920153724965984 0.07449998832063277 0.5720782952988548 0.7268607286037999
0.9883570257785725 0.07759303982822843 0.5878924579071042 0.7569656660075499
0.9899191426247548 0.07623605614970586 0.61752627946702 0.7391603578802478
0.9887215203088232 0.06926788083463997 0.6163137758306448 0.7219069239500567
0.9906020270090361 0.05515994436717663 0.6386499844645391 0.6623673469387755
0.9917102684485906 0.04810737051489359 0.6459542109735633 0.8017071569271176
0.9933206494134199 0.04554995508766051 0.6703988443919743 0.7305189387618889
0.9916646729626606 0.03270879725613658 0.6971559922265043 0.7434113118152206
0.9909192797497351 0.0032460809019102662 0.7047702923396578 0.7095062638172439
0.9940153504292855 0.002554220034341974 0.7224733838392892 0.7105764002175096
0.9866167173849623 0.0 0.7450009658464242 0.6922647305222005
0.9902033680682754 0.0001447668547458812 0.7691766179258588 0.6459744168547781
0.9902953307836863 0.0 0.7836174526529207 0.5815378115758344
0.992422015662913 0.0 0.8224485443444934 0.30751500857632935
0.9841261032558963 0.0 0.8353347332398825 0.37389817129325087
0.9883658880031595 0.0 0.8818515985296647 0.5549301060136973
0.9863775433317017 0.0 0.9035765886389582 0.7657084711269397
0.9905865457328988 0.0 0.934894974245083 0.7614213197969543
0.9898803300703012 0.0 0.9265602059245754 0.4859505397749024
0.9873724555977413 0.0 0.913643844634628 0.22244482055887535
0.9872956930261344 0.0 0.9253750784204291 0.4025755205199182
0.9933336404007904 0.0 0.9355751352632857 0.7922299354524418
0.9930333413976327 0.0 0.9354468730431085 0.8071357285429142
0.988210881612315 0.0 0.9340648194107372 0.8126895547737474
0.991311907547522 0.0 0.9349754578894616 0.7993874425727412
0.9920989293160898 0.0 0.9403264299089054 0.8126853753137121
0.9923261648264666 0.0 0.9414658046569818 0.8324141812042769
0.9856456762030427 0.0 0.9357864381752026 0.8755162241887906
0.9909670914437754 0.0 0.9399608521546257 0.8442102999677454
0.9947974187585167 0.0 0.9405513628791063 0.8947770979020979
0.9887298247846159 0.0 0.9364477727583128 0.8624174917491749
0.9913703839457527 0.0 0.9446509277851541 0.894316730523627
0.991763903962576 0.0 0.9433366014002514 0.779883798456996
0.9894633333718953 0.0 0.9400025957802347 0.8721452274058169
0.992278909821208 0.0 0.9430629860861629 0.9043117584643581
0.9896131476082095 0.0 0.9433162713143898 0.8592940725110301
0.985223848534287 0.0 0.9469543470925473 0.8699734278122232
0.9938693191466594 0.0 0.9527525402230709 0.8476310122038765
0.9900943125294368 0.0 0.9445714360354242 0.8589776303478779
0.9911474034089035 0.0 0.9492896352901684 0.8440243079000675
0.9930329485348404 0.0 0.9549701510776953 0.8559266535690897
0.9928568035466313 0.0 0.9494689316153674 0.8769333111591552
0.9916286198799895 0.0 0.9488573841935377 0.840477603085138
0.9917717210888297 0.0 0.9517750154948006 0.8665061737982449
0.9920474523739546 0.0 0.9468842211892665 0.8786020846106684
0.9942533176225155 0.0 0.9482823234399124 0.9070748200392642
0.992166865777663 0.0 0.9505817677520199 0.8461807743471259
0.9918204759449706 0.0 0.9509739696812595 0.8768074851148284
0.99230716967403 0.0 0.9513363038404413 0.8798499829526083
0.9908476499567531 0.0 0.9514085890930711 0.8802931068024122
0.9900468515826474 0.0 0.9510131329430944 0.8888057374493296
0.9939869784767548 0.0 0.9539586781008088 0.9125582536178563
0.9924540507453204 0.0 0.9547751239113141 0.8829030171146268
0.9943257630022894 0.0 0.9607095214781508 0.9003120665742025
0.990185425562532 0.0 0.957149471054441 0.891300754779351
0.985196265538763 0.0 0.956631120123441 0.9059110629067245
0.9952007903746362 0.0 0.9596161664658104 0.9171262095515555
0.9902432702848797 0.0 0.959099037586162 0.9270174739881515
0.9937406876273444 0.0 0.959790455232579 0.9250109633094576
0.9916401159206532 0.0 0.9620610797462902 0.9377256740914419
0.9908695286022856 0.0 0.9625706998811795 0.8912246954291472
0.992777132421488 0.0 0.9650768378210505 0.8835287247900103
0.9935474018637396 0.0 0.9669911201751014 0.895088810324999
0.9932544363441816 0.0 0.9616170735356023 0.8679734574021813
0.992384792100576 0.0 0.9589701873688334 0.7713086560005049
0.991626196088505 0.0 0.9581061837812563 0.7721789767662963
0.9935029561233533 0.0 0.9621213801498111 0.9068048821267347
0.9930228451862495 0.0 0.964860110126071 0.9300137604403341
0.9919147646767613 0.0 0.9632940435407616 0.9291298179952311
0.9948754231264787 0.0 0.961194889517227 0.9053790572313338
0.9965405667400982 0.0 0.9634265062000317 0.8837452595789198
0.9916578338925898 0.0 0.9557483746011013 0.7939676778152277
0.9937278098610975 0.0 0.9631258442848837 0.9101697670637962
0.9902373647234979 0.0 0.9525351119508998 0.7404480820729453
0.9946840540756523 0.0 0.9590611311756955 0.7706706852100658
0.9837964638604365 0.0 0.9586472761671299 0.8890177519220337
0.9897825017245082 0.0 0.9611141423005849 0.8634376786254665
0.9925964845242644 0.0 0.9608323843896343 0.8194521992679447
0.9896167808584027 0.0 0.9558301097676387 0.7869175879783241
0.9898746461787303 0.0 0.961119955035925 0.8133275474553263
0.9920408035197568 0.0 0.9648369901410758 0.8826167208325312
0.9855950072083663 0.0 0.9342887558580122 0.6670761959167064
0.9893899706803208 0.0 0.9122337397521425 0.5683424285844944
0.9890033671630466 0.0 0.9111394521110975 0.5946695712851234
0.9927161862262304 0.0 0.9272497813558279 0.671365960986026
0.9898735751493611 0.0 0.9385943976283334 0.7364290577821605
0.9915714697129692 0.0 0.9304787252856082 0.7243824312977495
0.9932422714022706 0.0 0.9459519548929031 0.8099094831581007
0.9952453690496396 0.0 0.9379360663127088 0.7833368826421054
0.9885348412697456 0.0 0.9379875043657108 0.8220971892819297
0.9930308973983863 0.0 0.9435832007301537 0.8604936203903895
0.9919445036535334 0.0 0.935647505946721 0.8730528627408842
0.9917317447405928 0.0 0.9112953400111989 0.8260831971259783
0.9928824617976431 0.0 0.8791725030833022 0.8088730863302835
0.9908251434677237 0.0 0.8815799258632131 0.8930812414653472
0.986542415398212 0.0 0.1831647228255737 0.3954781049632997
