0.9855837700536803 0.06265087677252948 0.1758387291334914 0.28045977011494255
0.9956598461159191 0.058558594786748915 0.16189157676516056 0.14551455145514552
0.9942764179740466 0.06208386771239159 0.17187316736029826 0.24047619047619048
0.9958588585493692 0.06547770387917959 0.16215200046371217 0.3397559409120103
0.9923408147965715 0.06095145581520988 0.16945732104914268 0.22890535917901939
0.9955152894091202 0.061277281205974254 0.17041650441653827 0.21536562789262573
0.9936437291592031 0.06020599956192411 0.16442725324603136 0.2623152709359606
0.989005286453636 0.0587184625857901 0.16892024970019398 0.4002553463134376
0.9936692763623496 0.05556877086312224 0.17028972256001854 0.2799334811529933
0.9902768823055137 0.06084391441661376 0.17872197268085263 0.3397007322508755
0.9967459473860198 0.05891897694734971 0.17105134240433137 0.12713310580204779
0.9890761326807815 0.07463222910501127 0.18556292025463336 0.36421636615811376
0.9868364456567352 0.06935748477425445 0.17421927876982243 0.2895404567239921
0.98502255888719 0.0679910811488671 0.1870927726792157 0.24707520891364904
0.9943101776935976 0.07239443445387592 0.18973734006236387 0.34447072738024836
0.9906008220502901 0.07126983438255197 0.1950650711710864 0.43732238711714555
0.9938103334148852 0.06327512358348476 0.19171115658034116 0.3816793893129771
0.9932628734490766 0.0663804532273246 0.1902226425348133 0.24141048824593128
0.9932402874955094 0.07152413098469179 0.1952842997648773 0.3111441307578009
0.9923473331929249 0.06592888461189148 0.19675205885655037 0.3681535855448899
0.9891527864083928 0.06972878867249192 0.20336991211334046 0.42768777614138437
0.9969104946748452 0.07614063343896457 0.20104438859785542 0.3414216385954896
0.9921121139656393 0.08019233692069248 0.20067265135490248 0.3924992842828514
0.9933598224076078 0.07716844642137566 0.20245070460046008 0.32369182224559556
0.9847945668465962 0.08326012135252694 0.2120391170551256 0.32396788990825687
0.9917856301042124 0.07531862514134942 0.21340938530918643 0.3144201494602823
0.9927427259011635 0.06409589603296573 0.20962481949465886 0.20506978068926232
0.9950312403762235 0.06644108233237667 0.2122603622661466 0.3800406150275602
0.991029343575776 0.061611276046505195 0.21470464760718597 0.2976301115241636
0.9948731490766071 0.05976904609601428 0.2147847396286781 0.3965702036441586
0.9877203155683983 0.060622925957103405 0.22028645910089767 0.25974352527030425
0.9878937436138122 0.06092110578523335 0.21494077842464243 0.2910135841170324
0.9935799648722011 0.06445375249590896 0.2295695514643598 0.409539035438316
0.9927629233511587 0.06282235021497515 0.2294400551603793 0.45054945054945056
0.9926219910517299 0.056445581103578064 0.23452739120660254 0.5101441537640149
0.9923383446372123 0.06533495995757678 0.23597882130496456 0.4230769230769231
0.9950446578721178 0.06724476325163316 0.23818672641008692 0.49821966584497396
0.9923625795122293 0.0649295482592914 0.24371884738672459 0.5187304890738814
0.9941170342421994 0.05766607458571505 0.26182718916365894 0.3915601023017903
0.99008431956364 0.06124253903949495 0.2549562121648193 0.36486832012273074
0.993598947041259 0.062325258206696925 0.26364249814411034 0.3875585632483082
0.9907299867463149 0.05845802727103073 0.25992892599729966 0.41565629942013704
0.9945663914282157 0.06862777545642218 0.27269114608170403 0.34622105723023155
0.9837906199796687 0.061643263424419475 0.2686256150765982 0.41504446046623406
0.9859757643360544 0.06581435385092993 0.28010232369375115 0.4700741525423729
0.9910603070327348 0.0713286609386674 0.2897678334593953 0.5039005363237445
0.9909980263989477 0.06576458793550201 0.29288033193308466 0.5137375651350071
0.9951129692181494 0.059260061455526786 0.30219869983452735 0.44338198288877706
0.9936389359942476 0.059380848926784156 0.30584481704143246 0.44634597594819614
0.9907189090780327 0.059857498076558546 0.309379656810625 0.47604651162790695
0.9944400694747886 0.06210376067144555 0.31550777174064387 0.5754940711462451
0.993413210910231 0.06223373448191397 0.32672963519709086 0.572144049606487
0.9952823618248865 0.060543146844915095 0.3348926739550133 0.5576829859428017
0.9947551890802105 0.06205724333759436 0.34678850082273066 0.522508398656215
0.9965861193351568 0.05726204289670195 0.35273069603431273 0.5523439397619626
0.9948313437046983 0.05720765589823199 0.35087862222910166 0.5131950989632422
0.9906896902867285 0.05583480635962831 0.3546185283999899 0.5288593678424187
0.9963636715546211 0.05609633973504875 0.36033546235886665 0.44908503767491925
0.9954034093997017 0.05935618287385574 0.3733385457388585 0.44912663755458515
0.9930376632023854 0.06026060465785473 0.3797421782317453 0.541409691629956
0.9934473648548983 0.06491154811290933 0.4045053989705897 0.5425177157148812
0.9910322022737931 0.06353681489434562 0.3977537286510127 0.5429604423649511
0.9943194511701037 0.06226122509259511 0.4043461392388486 0.4911143633702697
0.9924896705723932 0.06551382554923049 0.4246072921994415 0.5647804238584225
0.997002075017617 0.06911359882547256 0.4375509305142605 0.5110887096774194
0.9936675834033759 0.06826658217787167 0.44052625779939686 0.5609803540167283
0.9942757633331789 0.06822194743975335 0.4331817989321467 0.5687724910035986
0.9927519226677205 0.06428195326764088 0.4393706771071064 0.5976853668105139
0.9961887413226894 0.06960062884680016 0.4569717904245061 0.5074439461883408
0.9936807486572652 0.06664872056945209 0.4535673081473431 0.6073224703279019
0.9923593227901202 0.06315807022101573 0.44718072850069956 0.6148350493801219
0.9953855664105112 0.06400202095484533 0.4507688139930348 0.633515559293524
0.992735799316026 0.06218038490969204 0.46808668299050293 0.5757879943786388
0.9890492328996757 0.0654801772422164 0.4747661688478483 0.647141143542583
0.9951178885601807 0.06656272981320782 0.48256477059847297 0.6500838457238681
0.9951484729287735 0.06081340603958495 0.4762786382704098 0.542104412477776
0.9893276584654006 0.06427873232400026 0.4729055634338989 0.5301884197496906
0.9933112480262547 0.062891657760027 0.4625059459528952 0.7873679935012186
0.9897401670904828 0.06450854097701592 0.46887514407805236 0.6463725847612104
0.9811142304946113 0.0605152413258159 0.4747102200340317 0.7337760910815939
0.9869290494647242 0.061589182054572617 0.4835117027064 0.7732214381079534
0.9890711263248857 0.061104084517521015 0.4914975521320012 0.763471355643789
0.9862859706687901 0.06888001485884102 0.5100178147934943 0.7667929041259717
0.9907953683374796 0.0721714187493988 0.5183292542108076 0.686471505283215
0.9916442019178788 0.07021607167506107 0.5254193502119264 0.7968183648811921
0.9930131748133648 0.0721917849683688 0.5443258620703778 0.7459382253169077
0.9931242466565902 0.07394412359325729 0.554428399094302 0.6412742382271468
0.9903374914142118 0.07203925598712989 0.5702247928244766 0.7281303602058319
0.9923300146049504 0.07066137537608783 0.5712738188035084 0.7192555226995999
0.9887589424275726 0.07062573737118102 0.5863079765232887 0.7684021543985637
0.9899357427605981 0.07137223501151035 0.6162552169221686 0.7411603158256094
0.9885458549645424 0.06659942496287977 0.6154672073471219 0.7221498371335505
0.990495223417292 0.06007311910717722 0.6394388578124123 0.6730205278592375
0.9919175272833809 0.04870763903822886 0.6453940304917328 0.7834781183412556
0.9934120348686403 0.045436692842750606 0.669941907296725 0.7281067556296914
0.9913548398229554 0.037869076013953513 0.6978238729591933 0.7358909791142053
0.9914494547380218 0.009834271335754792 0.7058054000060774 0.6949926362297496
0.993966010370343 0.005353245850450995 0.7222433703286519 0.6647854049087807
0.987114610032955 0.0012441284753078583 0.7447527945991997 0.6329780234241348
0.9907335319206554 0.0012106879390067417 0.7692811423486258 0.6129694481342833
0.9905965483462026 0.00012188154637211959 0.7839479313827608 0.595468543774747
0.9931279778762536 0.0003943620828160374 0.8281218037344719 0.4794710000864379
0.9848706300145922 0.0 0.8368192616995402 0.4115544967242406
0.9888620275881359 0.0 0.8820580196257913 0.5499478227872119
0.9872817352072925 0.0 0.903953432940272 0.7416030534351145
0.9912606697763481 0.0 0.9359685518731112 0.8369069027528012
0.99052163053572 0.0 0.9296633414423092 0.6418753329781567
0.9884519421220994 0.0 0.9319616592162717 0.860111367649056
0.9878377861349862 0.0 0.9276591885362817 0.45961579661501106
0.9940044351676893 0.0 0.9360669250658852 0.8020159283225485
0.9935017516822422 0.0 0.9358746004000984 0.8177516306433048
0.9887931264805941 0.0 0.934623791131471 0.8274949596774194
0.9915960752632302 0.0 0.9352143700231077 0.8006481036965915
0.9921987257844291 0.0 0.9401819086098862 0.7786838176180085
0.9928136054056713 0.0 0.9419062485438703 0.8413284132841329
0.9861541007657625 0.0 0.9362462694907466 0.8963144963144963
0.9916748730392931 0.0 0.9404183947557426 0.8411173677818262
0.9951161555354957 0.0 0.9406645125267202 0.8782258965478718
0.9892706544162418 0.0 0.9367624592313116 0.8549594181511542
0.9917698442971379 0.0 0.9450858212921849 0.9018640350877193
0.9920027126651012 0.0 0.9436380087257791 0.7824378744720558
0.9899133863095534 0.0 0.9404573377510522 0.8877021666158071
0.9925410863477301 0.0 0.9433479402046041 0.9179585262734045
0.9899143440311222 0.0 0.9437742888735136 0.8867601089039024
0.9854827940570261 0.0 0.9469464937278611 0.8502489814395654
0.9940776373820644 0.0 0.9530059900050356 0.8687240468101171
0.9904228335638501 0.0 0.9448569541516891 0.8558700209643606
0.9915977089002426 0.0 0.9495707465899161 0.8434609732906906
0.9934351067834608 0.0 0.9556155045204199 0.8733179052027085
0.9933972508613842 0.0 0.9498282585611781 0.8857167426261932
0.9919920866554706 0.0 0.9490986783570311 0.8455978469819301
0.9922119082435245 0.0 0.9520489693605784 0.8656180134142446
0.9925293535486105 0.0 0.9474715587638597 0.8984381257509011
0.994626396112292 0.0 0.9484395439297849 0.8979439252336449
0.9927383994127865 0.0 0.9512052083091483 0.8573614045312159
0.9925033754889575 0.0 0.9516779979871884 0.8968312453942521
0.9928792006469868 0.0 0.9518714988966219 0.8961186404598027
0.9915105851212068 0.0 0.9521518481249969 0.9033353712383669
0.9905149173458871 0.0 0.9515982471615306 0.9085099445712422
0.9943855657666294 0.0 0.9540656714845942 0.9085553118144782
0.993197215820299 0.0 0.9555171147647995 0.9044067796610169
0.9949192356264462 0.0 0.9613483189855699 0.9232775351770985
0.9907446889738575 0.0 0.9575520208495413 0.9093109011292925
0.9858328712555581 0.0 0.9572024328074081 0.9253866124844791
0.9953345832727857 0.0 0.9595911925543839 0.9141468105566835
0.9908153627563953 0.0 0.9593190805995185 0.9165179254423989
0.9944128351017479 0.0 0.9602963935196975 0.924884514962844
0.9924156264367617 0.0 0.9623803836109209 0.9237672442598692
0.9915115553916816 0.0 0.9631281879617263 0.8995915265507742
0.9934664042732639 0.0 0.9659689940654012 0.9020988805970149
0.9944349030838759 0.0 0.9681157796071399 0.9154019733640104
0.9937132386112197 0.0 0.9628718921105163 0.904769636695758
0.9928514086929928 0.0 0.9637705606483117 0.9152840431225628
0.9925147415374994 0.0 0.9635173025794899 0.9144791628951084
0.9941560822257246 0.0 0.9624419684720131 0.8962675384824955
0.9939152876942905 0.0 0.9655933185541964 0.9284642973589827
0.9927315672738096 0.0 0.9640335687864486 0.9299709499969095
0.9942711559185985 0.0 0.960724469422272 0.902880754916039
0.9962759627247212 0.0 0.9646250250921784 0.9196135211895082
0.9921988315266025 0.0 0.9607181757796203 0.8930987145887932
0.9934875035430248 0.0 0.9630341744619415 0.9117962147363409
0.9911805104542756 0.0 0.9585959505158169 0.8379176546669541
0.9947409096482653 0.0 0.9643012985770901 0.8650275032052608
0.9843141555898276 0.0 0.960747080709764 0.9233553416593747
0.9896791296259068 0.0 0.9636962601559629 0.9089029918404352
0.9932248875647463 0.0 0.967037581356288 0.9136546537576216
0.9898650389652033 0.0 0.964934820088772 0.907320580613269
0.9903229681929815 0.0 0.9701111756054045 0.9157939049125537
0.9927535474034901 0.0 0.9688612656720822 0.9243867001284838
0.985683300235208 0.0 0.9649381873987553 0.9269529706231063
0.9891346678551178 0.0 0.9601172664399219 0.8636363636363636
0.9895047105495918 0.0 0.9449880545736444 0.7593899468881129
0.9928152871730794 0.0 0.9634450528226651 0.8894426394978393
0.990507547797134 0.0 0.9679042928794419 0.9121437340567085
0.9918112643407858 0.0 0.9657729394786719 0.9116203593762369
0.9937217355242135 0.0 0.9568549796993691 0.8608508328903066
0.9956907706659445 0.0 0.962583568142847 0.8869403231291654
0.9888787679537681 0.0 0.9445902471671551 0.8455075744384468
0.9940079588759292 0.0 0.9455979158250798 0.8639241601217866
0.9926472702182101 0.0 0.9344594915281051 0.8663070959042642
0.992344630389742 0.0 0.9086061460511451 0.8170932779087448
0.9933988583908041 0.0 0.8748191905026504 0.793276420451939
0.9912624772828975 0.0 0.8431270278040166 0.8393416333839242
0.9871747629698687 0.0 0.17083108601702726 0.3323137354080727
