0.9866758542686686 0.059804286162214976 0.17074748899578182 0.26839080459770115
0.996906852670694 0.05816035440106008 0.15744368460524918 0.1401140114011401
0.9949005689849924 0.05861797267640369 0.16662395487118856 0.22916666666666666
0.9959865039506179 0.06216208911213083 0.15685315057014484 0.3246628131021195
0.9934308001434264 0.057364019326839315 0.16299966448089628 0.16989737742303307
0.9958737182429054 0.05937850016931052 0.16409950692686978 0.21783400185128046
0.9946414054426456 0.058527164835808505 0.16078677653503626 0.23983990147783252
0.9890350086405131 0.05691292189914763 0.16431540314430523 0.4098308330673476
0.9941739227768388 0.05428489901482319 0.16682987795352097 0.25637472283813745
0.9908430397659234 0.057375027971444996 0.1736507797744072 0.33046800382043934
0.9966082908747133 0.05684876487365533 0.16497410077377744 0.1825938566552901
0.9897954135518299 0.05797451461304109 0.17814405407963899 0.3864077669902913
0.9878061094027629 0.05741962430655215 0.16786221847147145 0.2850296024809698
0.9851066284512786 0.055320128509976696 0.18060678223825172 0.2649025069637883
0.9946818152805259 0.05811447612651343 0.18249983423485605 0.3580721466587818
0.9912254857522739 0.05685155738471612 0.18624268913173084 0.44198545684476764
0.9945497150676971 0.05498442015470579 0.18618396689299296 0.431463657484235
0.9940241617278133 0.05666785199532426 0.18462088167129073 0.25949367088607594
0.9940423535391548 0.05920977879878968 0.1890081980468176 0.33224368499257056
0.9931254869497468 0.059973171814488566 0.19071232452790435 0.37351778656126483
0.9890809019712236 0.057417733752114036 0.19556691180206479 0.4210836277974087
0.9967657202951966 0.058172783859609986 0.19218061628807062 0.3457036825578076
0.9927407636570473 0.058360735785888886 0.1923863852818118 0.38763240767248786
0.9943769735540702 0.0568978797974157 0.1953496874080401 0.3266754270696452
0.9857048393416928 0.05516240634512393 0.20207422455918875 0.3477637614678899
0.9927335255590606 0.05376654257703627 0.20522971312897156 0.3105641592920354
0.993053941726008 0.05040140172338897 0.20074220626614903 0.2210196525206494
0.9959386649562892 0.05763656382715772 0.20578200399954957 0.37795729948066936
0.9920221957214826 0.0584655967913547 0.2082203944102106 0.30645910780669144
0.9959392036604361 0.05543825185464013 0.20870424834186418 0.42015005359056806
0.9889558355240557 0.052735225653277026 0.21459904931950477 0.30550666331405585
0.9888506460807369 0.054178010943448394 0.21012551695060797 0.3343782654127482
0.9945294853859636 0.05455284536684948 0.22324086636538443 0.455077086656034
0.994112968556196 0.05314410892490798 0.2235336833691817 0.4698979591836735
0.9943923321612691 0.0513667894330833 0.23051514501232898 0.5146942017474185
0.9935057147978958 0.05495656754928431 0.2319023220886309 0.4382290562036055
0.9951993627362512 0.054897733081652425 0.2314877322411432 0.5192992061319464
0.9941343150685786 0.05381880777608779 0.23827664771114257 0.5612350804359107
0.9944534357082816 0.05498960371067557 0.25811042551486496 0.4340153452685422
0.991205310341204 0.05267299583621499 0.25137401443357216 0.3771413960623881
0.9946374692679931 0.05386759282202295 0.25998716341990824 0.38781884435190006
0.9917448651320809 0.050064031019245864 0.25644990601571216 0.4397463002114165
0.9950381824881513 0.052043084182411506 0.26626911264004294 0.3398864132809087
0.984733703839678 0.05157769918227597 0.2647518812718967 0.42064825930372146
0.987440682606315 0.05314786314914304 0.2750148028310464 0.4908657664813344
0.9922682522270179 0.05801648610207848 0.2859692006061208 0.5226666666666666
0.991576832473669 0.0607695500723205 0.289387767568367 0.5555817239755063
0.9951687111815666 0.05440821282413008 0.299683489438224 0.48895582329317266
0.9943477316700018 0.05592873251744394 0.30353533836173824 0.47895467160037003
0.9902937261232373 0.0592542299050341 0.30648698854470496 0.47255813953488374
0.9950694199389153 0.05928278640210981 0.31300884825464126 0.5617267702026849
0.993853926156856 0.06028992851077816 0.32423079620155937 0.5549725733365133
0.9948018487199995 0.05985308443332157 0.33259990271706663 0.532703488372093
0.9949367429604197 0.06271059922499485 0.3453126490518164 0.5162374020156775
0.9959484634761938 0.06058892959951936 0.35134849217238173 0.5238556551223057
0.9951573702684663 0.06127895374274453 0.35095796724422845 0.5016493873704053
0.9913639901178056 0.06070899778685061 0.35391874553129804 0.5130554283096656
0.9966246940335329 0.06134680826629111 0.36013760358195734 0.45001075037626315
0.9952554740119495 0.06272233387262326 0.37143848214659125 0.4652838427947598
0.992241390740051 0.0646185279314297 0.37772435621411166 0.5649493615147512
0.9936737774718851 0.0673214251031018 0.4029750841039422 0.5581492288453522
0.9916761918697744 0.06775269083023465 0.3970696496718562 0.5590167408349227
0.9941084024971393 0.06644099544744436 0.4032989111506844 0.4855719327382188
0.9930809590754592 0.0691880153316995 0.4241465554708193 0.5696730305025236
0.9963644869833039 0.07133197511895657 0.4353130414679157 0.49134595805334963
0.9936739026294096 0.07069946224549284 0.4397563806148061 0.5390625
0.9942043223201238 0.07017588710502096 0.431470230267988 0.5573038073038074
0.9933100081208697 0.06531843212857538 0.4375823964513916 0.519159036961682
0.9957847445231492 0.0709317172374066 0.45471102675260777 0.46413984643032186
0.99401697070801 0.06962073091632931 0.4535368339564865 0.6079668704397555
0.9920763116981945 0.06402175718319215 0.4454591457983786 0.62505254308533
0.9954102595481262 0.06738887250182267 0.44984065752492386 0.6462055917595123
0.9932817737278176 0.06622569895396015 0.4675784702808771 0.5598761849487328
0.9896744932898175 0.0694108563270301 0.47468734196357865 0.6510067114093959
0.9951652198999793 0.06842935850127317 0.47980755875298203 0.566815144766147
0.9958513250359834 0.06317388818426407 0.4749112783998085 0.4245470340034748
0.9900759455080531 0.06812196541895818 0.47369420165759246 0.5302356020942408
0.9938191354218514 0.0661400280443488 0.46292860999411733 0.8147478400642958
0.9903008898824799 0.06877462257829073 0.46978840694341606 0.6789989118607181
0.9817226325389469 0.06505401902405968 0.47599406169731184 0.7608004488498223
0.9869163558631617 0.06585154955991855 0.4841487820136353 0.8145908145908146
0.989055997699913 0.06611366415423452 0.4924068112293761 0.7946696696696697
0.9865017898621714 0.07249280834510057 0.5105792646894479 0.8116600790513834
0.9913179752008251 0.0758343542631826 0.5194734754674848 0.7115219996575929
0.9920297960590359 0.07529305464105313 0.5268492827976128 0.8285144566301097
0.9934958472009835 0.07710956650213223 0.5460191949436105 0.7998931814135659
0.9933049911291132 0.07638644029315496 0.5545076554241366 0.697887811634349
0.9908509149085092 0.07418571638007172 0.570423675525947 0.7631802000339041
0.992725845380369 0.07353062416884425 0.5719843208077657 0.7496109285837801
0.9893948585683178 0.07621963112462593 0.588540102256034 0.8119183965640658
0.9907737892391963 0.07728931947277672 0.6185878857692247 0.7781581650119822
0.989398907628133 0.07380648163563315 0.6180374588859934 0.7612861318609938
0.9911772958381508 0.06579780937043396 0.6412357432824279 0.724070767732511
0.9924491965295839 0.056864373158628405 0.6472988457561275 0.838562091503268
0.9936215476165604 0.055945515868781576 0.6724790996988832 0.7838062054089928
0.9914261668262401 0.047026892151321185 0.6999292375244651 0.7772226304188097
0.9918887301743671 0.019416852887401498 0.7081303516176602 0.7601117811442859
0.9939488456070095 0.010398186895738017 0.7226555198855082 0.7172700142727391
0.9871729624110437 0.0045203114762360766 0.7455044724815437 0.7076861808044603
0.990722712313436 0.002434048540274358 0.7696865329097944 0.6512721572410467
0.9911575813596148 0.0007408617551964803 0.7844447097198033 0.6400699530003279
0.9934563914122724 0.001188524192531217 0.828966514146741 0.5142832409972299
0.9849247714219943 0.0 0.8368413890898153 0.42478197674418605
0.9889942391628805 0.0 0.882409170931816 0.5820616047186593
0.9874744892892982 0.0 0.904482061075139 0.7868437697659709
0.9916954393138042 0.0 0.9365635127612996 0.8786056049213944
0.9905223406056004 0.0 0.9310322862000873 0.7956871345029239
0.9885433069089826 0.0 0.9315717509843006 0.8081458966565349
0.9878776489863158 0.0 0.9280196559710208 0.4872439813151276
0.9938981375390353 0.0 0.9360795324936024 0.8194092827004219
0.9934774915220829 0.0 0.9358747010538527 0.8283480203549708
0.9887676222536892 0.0 0.9345578723634352 0.8298258345428157
0.9913001800964387 0.0 0.9351418221845696 0.8282259011388987
0.9920307819844056 0.0 0.9402574324639109 0.8129309370408048
0.9929097519419364 0.0 0.9419463467089252 0.8437674991600403
0.986252673929841 0.0 0.9361715164854092 0.8838663991502419
0.9916501978498671 0.0 0.940434349306536 0.8513455328310011
0.9952161184191899 0.0 0.94073720321506 0.8840785169029444
0.9892243484740741 0.0 0.9368231165499902 0.8627673865867521
0.9916002189852918 0.0 0.944869204102445 0.8962354697664499
0.9918295754377549 0.0 0.9435236980747603 0.7955071345931354
0.9900199554617231 0.0 0.9404623278361541 0.8857029467209049
0.9922004584676744 0.0 0.9431393395667667 0.9169941060903732
0.9898400883875095 0.0 0.9436047954435042 0.8754776134025669
0.9853875764208619 0.0 0.9470351621686418 0.8690241718889884
0.9936065827312613 0.0 0.9526354454520687 0.864321146426603
0.9906237794371051 0.0 0.9451034358844523 0.8713102019678923
0.9917944425997608 0.0 0.9497414354345802 0.8497868712702472
0.9929094505835212 0.0 0.9552039652426068 0.8695761856710393
0.9931634466389891 0.0 0.9496317144940938 0.8872021032991264
0.9916884409876049 0.0 0.9488859741749527 0.8512008485491325
0.9920479420950189 0.0 0.9520573596679504 0.8733507150193569
0.9927930758805851 0.0 0.9474836037578415 0.8918707456380565
0.9942957682260236 0.0 0.9483590779436897 0.9127178346310716
0.9925627234357614 0.0 0.9510916820254105 0.8613327582488678
0.9922008545849011 0.0 0.9513192086968852 0.8883428488834285
0.992972347452928 0.0 0.9518442022803268 0.8923635348317744
0.9914253330121349 0.0 0.9520163580215799 0.9026661307609861
0.9905779261986309 0.0 0.9516202533329785 0.9073908031254003
0.994471697983391 0.0 0.9542709452257191 0.9121219633118492
0.9932705170978714 0.0 0.9554457223257803 0.9000907715582451
0.9949299117650157 0.0 0.9612726723488294 0.9216763178317713
0.9906523723217191 0.0 0.9575019089597886 0.9041181129087
0.9858234929328477 0.0 0.9572152605439037 0.923072644343086
0.9955525569843406 0.0 0.9598282418065651 0.9227594963495926
0.9909356247227217 0.0 0.9596278089545055 0.9314569201174445
0.9943446095567362 0.0 0.9603562176007159 0.9336019098776485
0.9921287061971314 0.0 0.9623208136132739 0.932970156324017
0.9916354465874898 0.0 0.9633811946598232 0.9054085804238523
0.9934339771161902 0.0 0.9658358930383838 0.8975701621422993
0.9943253495752865 0.0 0.9678384544390133 0.9069504286895591
0.9936364983983828 0.0 0.9629750133537017 0.9100657072600475
0.9926001590610092 0.0 0.9638916371291852 0.929560182522336
0.9923506288149475 0.0 0.9634858109131559 0.9197528646862315
0.9942806626760556 0.0 0.962642507691666 0.901037968691889
0.9935727252638735 0.0 0.9653383065623588 0.9299944928569115
0.992503952868577 0.0 0.9639273954690802 0.933398779028745
0.994291749957026 0.0 0.9607731779788917 0.9060035503302971
0.9960834583390155 0.0 0.9645627241607361 0.9248132780082987
0.9920625420730295 0.0 0.9614403503695034 0.9159504069369437
0.9933523573007903 0.0 0.9637426418638351 0.934350628968781
0.9909003404573894 0.0 0.9616871421919084 0.9170461480681659
0.994513091738361 0.0 0.9666363508268538 0.9217035968707661
0.9842208939156473 0.0 0.9609778959777816 0.9306543244209606
0.9892960299674814 0.0 0.9639276716132007 0.9196446451002166
0.9929514837365552 0.0 0.9671491515906129 0.9199978858723419
0.9893753206067712 0.0 0.9658562509436747 0.9285365257757147
0.9899491856888233 0.0 0.9700128078682776 0.9188197523314477
0.9922820928751702 0.0 0.9684062847842156 0.9230032331457311
0.9853071130237422 0.0 0.9652052549775899 0.9329884968733112
0.9890513584579085 0.0 0.9652706695227956 0.9168970661362507
0.9895576499553487 0.0 0.9669496000165653 0.9335674726462245
0.9928965693087263 0.0 0.9697788751001668 0.942209003965477
0.9909100588728617 0.0 0.9690490046503825 0.9189873978755152
0.9917297554805969 0.0 0.9665202292938939 0.9171210035994072
0.9937777767121004 0.0 0.9640509798596643 0.9013646281907709
0.9957782688012138 0.0 0.9640950462855133 0.8944205526902456
0.9882618346764465 0.0 0.9464428597401326 0.8549058064062197
0.9939045765065996 0.0 0.9447652019817692 0.8612769708350899
0.9928665836651596 0.0 0.9340580656135895 0.8651027378839223
0.9921209231944178 0.0 0.9085471403133203 0.8179903161175422
0.993496405722598 0.0 0.8765318136341778 0.7975525868662212
0.9908358152049214 0.0 0.8522576200133914 0.8535339862961873
0.986866817705489 0.0 0.1860809116163386 0.40506320471637247
