0.9836230589572426 0.08608246209975587 0.16786021757846128 0.28293736501079914
0.9933875890132248 0.09568394831981235 0.15534757101426472 0.22369446609508964
0.9921961949214751 0.10212341048806393 0.16523835313857296 0.20171973042063676
0.9943753038340339 0.09474913397174882 0.15818876871886892 0.32787411689145796
0.9905198963050202 0.10701823086629247 0.16765026264191135 0.2381837493361657
0.9935778344797895 0.0968825896599746 0.16508167673200858 0.3048441838938599
0.9910986915352139 0.10108450939779495 0.1628756345137265 0.3371305418719212
0.9884856473385734 0.09085309013742059 0.16518405100072645 0.42642834344079156
0.9922704365287912 0.09185930549948065 0.16804240638931334 0.3013663967611336
0.988819867268456 0.1003661437081324 0.17562605642545417 0.3919134033747214
0.9958438258025634 0.1022276992914912 0.1686582648583549 0.20591581342434584
0.9874232517316444 0.10113879685951999 0.17855710519067813 0.4027739251040222
0.9847329045255658 0.10230227025103951 0.17111453952121491 0.2628584433318161
0.9834938155323936 0.10405914162502566 0.18768542776164088 0.2743732590529248
0.9931325755397522 0.09176350028700528 0.18599107307317844 0.2908235294117647
0.9886633852912431 0.07525329949143564 0.18973768477416153 0.40006335128286347
0.9921615393693207 0.07857076379416186 0.1878241303628279 0.4055758380351809
0.9913776128073095 0.0901565667783538 0.18942047952215565 0.2979328165374677
0.9913805956469136 0.08898317597825765 0.19207335799803613 0.3272972972972973
0.9901292642722707 0.08356875041953146 0.19437998792837502 0.3681535855448899
0.987893880758801 0.09459639977819359 0.19775635333417904 0.47983514866058286
0.9953952501840801 0.1091953967978973 0.19785839393268798 0.3816728518412789
0.989964191768371 0.08801675106607258 0.1939347115478487 0.414257085599771
0.9913813736073189 0.09085546119501502 0.19959653624766907 0.3539311070207731
0.983300975630669 0.08325691300698215 0.20666575921862082 0.4400802752293578
0.990046633883706 0.07251558220749078 0.20997487274877552 0.42955992250207586
0.9919080636531377 0.06062139311857378 0.2048147526967933 0.3622899458843634
0.9931816521802644 0.0657205450005982 0.21044874638670721 0.4574992747316507
0.990529405963138 0.061042484158908186 0.21290433910867698 0.37230840472331556
0.9933256429164202 0.05956368262544321 0.21103058288987936 0.48017148981779206
0.9861134460435687 0.06486026338921609 0.2197271412800538 0.34563758389261745
0.9865133436493909 0.06097541767895323 0.2137372473563684 0.3204663212435233
0.9920268368001218 0.06116769993399169 0.22587433831539713 0.4129942080080584
0.9908745574350905 0.059131803466347096 0.22457322313780279 0.44010934393638174
0.9915332789346403 0.059653002416059975 0.23460146328321424 0.5118216012896293
0.9914180447389609 0.0655862160021125 0.23541320411555153 0.4319086806477303
0.9937324569814676 0.056291400645937434 0.23495583115173208 0.48753766091481787
0.9918861005428841 0.056614512945733254 0.2390910614381107 0.5422350472193075
0.9919702559300482 0.058087325761986976 0.25674199363153516 0.3524296675191816
0.9875545925280016 0.05520915113909291 0.25039031206484125 0.31091792380465355
0.9915789579652587 0.06012006449458648 0.26055575517448437 0.37506507027589797
0.9889865980278532 0.059972976835694906 0.25731134991241633 0.3973297730307076
0.9932152601367623 0.06471078355138415 0.27035395713877236 0.29882044560943644
0.9824649577670198 0.06872352961136148 0.2688724195664527 0.3894230769230769
0.984889970591218 0.05880830066032233 0.27555087039788595 0.4878177966101695
0.9901049343058338 0.0653157024026554 0.28547188658848643 0.3610740811274043
0.989898800224332 0.070318891473514 0.2913554819210831 0.49242424242424243
0.9943439096314678 0.0585220364120152 0.30071370760061805 0.43775388291517325
0.9917765519441871 0.05973445238648285 0.3037384470190055 0.42807585568917667
0.9906805200137849 0.0678728458639811 0.30946424883037005 0.4453996282527881
0.9929951681999627 0.0687998368923512 0.31448116277864135 0.508568415502241
0.9917357287884112 0.06423969959058866 0.32385527904757777 0.3724971666037023
0.9935318148434645 0.06934872452287963 0.33447707504490337 0.385652853792025
0.9936312133047226 0.06712968103670959 0.346036550505232 0.43797581728616214
0.9956966605301283 0.06982508596908892 0.35342379454369177 0.4035296923443835
0.9931529927223939 0.0639006633958388 0.3502873574972696 0.4013217866909754
0.9892574288638094 0.06143148160317337 0.35340664469936955 0.4045929018789144
0.9949091032301238 0.06304734884124893 0.35965784207591117 0.420894883322629
0.9946284507219265 0.06569552996065717 0.37152141617687756 0.43275109170305676
0.9927672967364102 0.06811721420166969 0.3793718347057997 0.44773728474169
0.9913148076413383 0.07005143049130334 0.4023619850644763 0.33699341185865445
0.9892118392656422 0.06992862023868328 0.39628345219099004 0.3502289594189168
0.9936774407169434 0.06810870699484035 0.40248387494351096 0.30784554091327
0.9908441568666401 0.06885676741130092 0.42122684027268936 0.2606894708711919
0.996128906321485 0.07011170316249109 0.43104939167946066 0.23252184769038703
0.9926252879606 0.07055893032884243 0.43437446635362137 0.23729966002914035
0.992896554163927 0.07094260018196603 0.42738375742949625 0.260180754917597
0.9907214639413956 0.06633630648431582 0.42913631023761667 0.1764275742870438
0.9948342387629464 0.07256701380587263 0.44594012747075695 0.17265266169716137
0.9918298770539034 0.07101128417192513 0.4496959625830357 0.18270491803278688
0.9918522357499087 0.06635593852890684 0.44629132761169144 0.3737159050655331
0.9935212726097643 0.06963638915016679 0.4496868870860968 0.13518062928913635
0.9902716981771076 0.06788621911474096 0.4655385588709231 0.07460886224145882
0.9868379003340344 0.08008018630669082 0.47369178421243924 0.10025188916876575
0.993159527407779 0.07795934623683523 0.47798153514167424 0.19263089851325146
0.9927789945099734 0.07153476422107072 0.47296775171707717 0.12959098497495827
0.9869184920481696 0.07069078630974342 0.46871439587547287 0.2872091936840138
0.9914156762710163 0.06508251600728004 0.460657272012389 0.5823748009201911
0.9876600464007121 0.06656003082899682 0.46775044070330085 0.5634239824785545
0.9786718751947588 0.062030248535989305 0.4739659995423533 0.5811588641596316
0.9856621301871095 0.06337643416499728 0.4827506101965676 0.6657733537519143
0.988126483724174 0.06291291735732892 0.4903612744244171 0.6760402812084363
0.9843500573642072 0.07036366212628065 0.5091967687656971 0.6399839098954143
0.9865721136925226 0.07369879826291942 0.5176337494146701 0.5518021939752743
0.9880033975249369 0.07203187174778083 0.5244010756192959 0.6383411262451718
0.9890759286540335 0.07407747721258454 0.5431904989990544 0.5323214285714286
0.9920435009553545 0.07258759641303249 0.5512980543499422 0.3511126210293868
0.9872001847764229 0.06905372667651867 0.5673242445133017 0.5463524519147461
0.9902312759157134 0.06876353463527672 0.5690083620498748 0.4871573866574728
0.9861557080429482 0.07084256364985685 0.5849846932527858 0.45757418011452367
0.988161899074565 0.07130105996389921 0.6154132863280103 0.4815299117358614
0.987070052224023 0.06551737197004578 0.6141322864493427 0.5369946605644547
0.9884756226734861 0.05935407740751236 0.6376105427988346 0.3933373170002988
0.9889389284266364 0.051096675123800867 0.6434474202915158 0.5232105420784666
0.9912523892342396 0.04590324291681114 0.6664777038331295 0.3347389850225389
0.9900086982807016 0.03963689699144662 0.6950889671885363 0.4490327380952381
0.9883291006411852 0.022995228404095687 0.7056490769916417 0.3837737166802468
0.991573203105866 0.017299815816253585 0.7190880955971344 0.3521156045326957
0.9840043358210595 0.010778954987333557 0.7420564482765619 0.2679769894534995
0.986995557984384 0.02461478825467584 0.7682526447443848 0.23481195756991322
0.9872781175216164 0.0061066982141851165 0.777923914089732 0.2582841898343162
0.9898127235643687 0.007207129551146676 0.8190278868485689 0.1746250172010458
0.9815621781972432 0.0014056203435485767 0.830719395330004 0.18699938385705484
0.9845116570963852 0.005353005015692371 0.8764024416026628 0.19409737182249032
0.9828635780064088 0.005896559580770107 0.9006127041347534 0.2577834721332479
0.9865498955859329 0.0010368711376550121 0.9270556654764027 0.2198329335869655
0.9874425292944731 0.001804742757806176 0.9229973723235424 0.2515403573629082
0.9838430779816255 0.0 0.9199677741244213 0.11938739993038636
0.9832786457278403 0.000273656920639493 0.9221600159280159 0.20238007786674503
0.9894084195649903 0.0 0.9304257964987923 0.38092796718790056
0.9893762390654226 0.0 0.9304036955543538 0.3527369826435247
0.9846518814720479 0.0 0.9292227213432952 0.38928197064989517
0.9879063217716384 0.0 0.9292101089018083 0.2560783839361316
0.9884488209125845 0.0 0.934577160483623 0.3206661975134881
0.9887866307123341 0.0 0.9360156075623931 0.36238095238095236
0.9822857034219682 0.0 0.930390985272359 0.3693124368048534
0.9872647787721665 0.0 0.9339452536600207 0.3423827686784833
0.9913767712057566 0.0 0.9346132801316479 0.34319935506161464
0.9851887530856764 0.0 0.9306436280448532 0.3554799033604217
0.9877363311190598 0.0 0.939122828817371 0.4247299471385888
0.9876274484698109 0.0 0.936530043290742 0.17698362050627525
0.9850996116412755 0.0 0.9332359521625059 0.32017312361448325
0.9887329260719159 0.0 0.9371470214617379 0.412984857913296
0.9855015154440379 0.0 0.9372766642972558 0.36123348017621143
0.9807020375554908 0.0 0.9400963482507041 0.39067001208066165
0.9915026568025908 0.0 0.9474957050137424 0.3541687369571698
0.9858068281161508 0.0 0.9358400086660086 0.1770609318996416
0.9869979087943216 0.0 0.9422671812982722 0.3533518303052
0.9894648897124968 0.0 0.9482993354255123 0.34135608441850024
0.9885831077721925 0.0 0.9415553100741562 0.3389162561576355
0.9874178003548937 0.0 0.9414069166417435 0.4253601393066329
0.9872173533071582 0.0 0.9445009179432949 0.49630934406978694
0.9881134100403204 0.0 0.9395242162728076 0.4415627875847068
0.9904452342640491 0.0 0.9405387040567972 0.45195081220586003
0.987775621631919 0.0 0.9432383770025657 0.4496411206297754
0.9877086458453183 0.0 0.9459635582391064 0.6797041001023059
0.9878854360037609 0.0 0.9443322580265175 0.541166704399668
0.9863342132178119 0.0 0.9451603658363867 0.6185057964791756
0.9855045394656157 0.0 0.9445236738198558 0.5993132238082414
0.9898185205195353 0.0 0.9482006204418932 0.6867189017677913
0.9878824275490435 0.0 0.9494667965173653 0.7010369410239793
0.9907772321627197 0.0 0.9550705960955552 0.6418504708335967
0.9861640851375836 0.0 0.9517401920859436 0.6971797323135756
0.9810473821308243 0.0 0.9515767065491991 0.7383401519579194
0.993031082719664 0.0 0.9552516866678128 0.7110086708374492
0.9858534842668609 0.0 0.9524316640325421 0.6796096558808423
0.9895356830760268 0.0 0.9538945238855594 0.7167013659676027
0.9869479496631264 0.0 0.9555335234621395 0.732769453842436
0.9862886485305364 0.0 0.9562159940823539 0.6893039049235993
0.9887484269727365 0.0 0.960386012292792 0.7580053534252007
0.9898358351822855 0.0 0.962401958015309 0.7755264389330838
0.9905244186708824 0.0 0.957688676352322 0.7590541116318704
0.9905833359892066 0.0 0.960001712913885 0.8159301212507977
0.9894769424490351 0.0 0.9582940632422268 0.7869609278234433
0.9917466774870103 0.0 0.9586090553279195 0.8100270424138912
0.9909008054574021 0.0 0.9599006118899583 0.796840484637526
0.9898934717290357 0.0 0.9592457075078484 0.8311436912922061
0.9935617234072243 0.0 0.9589667119405826 0.8489417665769513
0.9952130231969145 0.0 0.961173962434447 0.8265060240963855
0.990561072858058 0.0 0.9575235502950445 0.8243313560203975
0.9925774108949944 0.0 0.9601677399518302 0.841799709724238
0.9890434218750522 0.0 0.9587616487165228 0.8638406714842682
0.9927515841840467 0.0 0.9639889126060475 0.8778485946169012
0.9826299445094945 0.0 0.9566242807296639 0.8473551841635567
0.9882642582158717 0.0 0.9598748436179635 0.8419094510050716
0.9904553256689291 0.0 0.9637811624355614 0.8813889901567626
0.9874962899128029 0.0 0.9615390808192003 0.8682701347539956
0.9873144143665182 0.0 0.9645148236750336 0.8603317315144938
0.9894666855744039 0.0 0.9648908419085888 0.8977788129152467
0.9834302475775353 0.0 0.9617105179468697 0.901762603229385
0.9883245567052332 0.0 0.9625035212256503 0.8869345973475871
0.9874259267166735 0.0 0.9620489844837031 0.8944476338882965
0.9920763089544657 0.0 0.9657286557665063 0.9091024052201624
0.989528676724979 0.0 0.9653150379942047 0.8925802796184701
0.9903593423364035 0.0 0.9640943453121414 0.9044973970911823
0.99184680924556 0.0 0.9607929944879263 0.887269204733783
0.9938517902069436 0.0 0.9628248294914962 0.892457119669547
0.9859504421489149 0.0 0.9464050606162229 0.8593899805560783
0.9910079006146529 0.0 0.9426497436194422 0.8588826299463871
0.9913256473093321 0.0 0.9359157806649996 0.8737057294855572
0.9902597787834275 0.0 0.9151374934856238 0.8384573521657357
0.9929246477935623 0.0 0.882850379872485 0.8188794742823707
0.9898985628789039 0.0 0.8942845362017955 0.9112012145386628
0.9868568469700264 0.00036380172805820825 0.20820819465089271 0.4928806021561118
