0.9832432983385996 0.06602261797009347 0.17307119404308272 0.18735632183908046
0.9931319679448585 0.06786614191482115 0.1609754193246668 0.0102010201020102
0.9918217491222554 0.07338952454438893 0.17107871035133632 0.155858310626703
0.994057894349174 0.0643638153561569 0.16108662892390957 0.2296082209377007
0.9901322735566589 0.07367278038880394 0.16891548368504536 0.17426573426573427
0.993305594209058 0.06443882050692128 0.16756826318604173 0.1687750694230176
0.990954010824873 0.06373796901071468 0.16391401941789324 0.22660098522167488
0.9884613781895462 0.06091284218564914 0.16903720661904276 0.34663262049154164
0.9920894610046385 0.06105719942407743 0.17075889870263336 0.25751309622277363
0.9887336020831535 0.0642541877394805 0.1780264629461834 0.2979942693409742
0.995653285952563 0.06194968802283759 0.17111003280755732 0.10068259385665529
0.9870413400915815 0.0638190774421046 0.18040566380926618 0.3090152565880721
0.9844169096401107 0.06487146894176873 0.17173429088896716 0.2620050547598989
0.983270671326748 0.0640157436868919 0.1868712807392488 0.1520891364902507
0.9932532775089654 0.06454818769369272 0.18640345254197088 0.20025706940874036
0.9883849369433819 0.06033489964131359 0.19217819384001886 0.2733291298865069
0.9918695349175214 0.05810611349735153 0.1906151548445244 0.25821440424825753
0.9912840892168603 0.06259391988799994 0.1887356259851302 0.11433046202036022
0.9910385526767634 0.061266846438812354 0.19230365891625292 0.17069818581638263
0.9898821429745356 0.06235399508072021 0.194997967154139 0.2261434217955957
0.9876152252435287 0.05991363135248013 0.20045107203312448 0.3069657615112161
0.9950400507961317 0.06284099653155052 0.19760560276783834 0.24921495860690837
0.9897233904648658 0.05660291667794016 0.19521613635138513 0.23446893787575152
0.9911505829600793 0.05855793484417892 0.1986524222464808 0.20904549040231396
0.9831236342613007 0.057435112801152814 0.207191646257335 0.2319380733944954
0.9899000632696484 0.05280917966198904 0.2093312483499523 0.21035242290748898
0.9917123081405456 0.04998050124537272 0.20779497344536563 0.1708914839077186
0.9929785265618153 0.05304897927424907 0.21034111685563212 0.28169422686393963
0.990388853846772 0.053227384153561624 0.21498668162063647 0.22564935064935066
0.9934254476426889 0.05268755665076244 0.21377063692727832 0.2984994640943194
0.9861524292637288 0.053760369443297124 0.21986583729723136 0.20726915520628683
0.98629088837879 0.05264526642519458 0.2146187682809509 0.18393653941497273
0.9918413572679725 0.052922310228711245 0.22753446749432393 0.281029263370333
0.9905930369787569 0.05072384848191153 0.22659060594627653 0.3223684210526316
0.9916491638070445 0.0501902908868733 0.2344879836436194 0.37075648222400426
0.991567694052491 0.05265900829433856 0.23513983827858584 0.24847358640828246
0.9936995795154154 0.050365642092412476 0.23740783776236346 0.3293347873500545
0.992528231539859 0.0484654683789668 0.24100907918848063 0.3804206699558556
0.9924535312252091 0.05027082689733292 0.2608476688628156 0.22437531871494135
0.9877997975807269 0.048440686067620274 0.2517448058487375 0.1764254666325748
0.9918369247341055 0.05004339408505241 0.2612804101388358 0.22592399791775117
0.9891062977679196 0.05014153180767995 0.25835292546192234 0.25927903871829105
0.9929932283122372 0.05162291924810568 0.2699237260218432 0.19299390774586597
0.9824560959306448 0.052085226052627234 0.2667274694209525 0.22788461538461538
0.9852411387254367 0.049558165933934986 0.2763631289848583 0.3093220338983051
0.9900986606737949 0.052834654863123484 0.28559118655439203 0.29465575349061146
0.9902775517357938 0.05510384459663363 0.2909810073500868 0.3818916349809886
0.9946052016665365 0.051255255334205295 0.3013152093517432 0.2928107838242636
0.9919692317509873 0.05281192259606342 0.30410819012286033 0.24814986123959296
0.9908921712755726 0.055846153674532335 0.30892771641657807 0.33813953488372095
0.9931035070462314 0.056269604123367775 0.31383200016282997 0.36382810440284735
0.9918394838180673 0.05677260175524726 0.32487185646625744 0.3486992240985851
0.9933763586956522 0.05711569874214417 0.33364137175442105 0.36
0.9936337656735587 0.05899933818041859 0.34589160016486176 0.34095405583644756
0.9955574619320445 0.05820043072777815 0.35254945771225754 0.3047409579667644
0.9930950515955455 0.0570046036972107 0.34982742990483234 0.30230914231856737
0.9892744816080276 0.057082559027327597 0.3541883940726012 0.33852496564360973
0.9948709199674759 0.05907106004065006 0.3608249612717254 0.34689922480620156
0.9946699244050036 0.06007128295724135 0.3731659183733531 0.34707614640302903
0.992692086231934 0.06177032583359177 0.3788396043942389 0.2974904437427289
0.9914899026543684 0.0663597905726521 0.4030940988048556 0.24508936471420986
0.9895179052124969 0.0661544331409353 0.39630671186150707 0.3203559510567297
0.9939304008013853 0.06298734583562013 0.4024174065053426 0.22717760920742872
0.9910767710193097 0.06459402837083593 0.4203282673780214 0.1997277985709425
0.9961975887564761 0.06624663052654724 0.4298971982308041 0.1648115757672126
0.993055834449925 0.06532932949291498 0.43120850852521336 0.1665109593963349
0.9935441133952327 0.06636536631779258 0.4268828428072982 0.2653038674033149
0.9912066717903318 0.06208615794264288 0.42541869281788586 0.15879802481030952
0.9952135856687763 0.0662210779761673 0.44366628617547776 0.1812133072407045
0.9923135144838762 0.06604482888493435 0.4511658898412083 0.3300795915302598
0.992209686736928 0.06196693524784694 0.4461299633065233 0.4482615032271497
0.9939070820925202 0.06283116633279942 0.44773134425588745 0.24664844461798777
0.99081251655525 0.06152489905981219 0.46458277029647516 0.13443866075445024
0.9872168721249809 0.06632865219770198 0.47246489365331845 0.1705308114704088
0.9934691860095234 0.06581377797485677 0.47828722173219934 0.33021434011533024
0.9932751940839385 0.06303187318110264 0.4723327628302361 0.12873098401694588
0.9875076701355969 0.06374857826651849 0.4682006360596131 0.25777373470062853
0.9918728900176542 0.06120075837370971 0.4605626303981423 0.5731338264963013
0.9882289608837976 0.06364348036494584 0.4680224668154662 0.5883943052802306
0.9791771314896964 0.060580881683542455 0.47382773954406293 0.6079211673299223
0.9860198209479432 0.060848262313485196 0.48299710350732145 0.7036754903827842
0.988242534331899 0.060432094823861 0.4905573538256357 0.7243212454907917
0.9847279284524046 0.06714871723562539 0.508763832472895 0.6606678664267147
0.9872504496868328 0.06975982927907866 0.516722563702788 0.557351940095303
0.9884984458503782 0.06720295384930693 0.5237248540752522 0.6924467657693852
0.9889008453928071 0.06828923405816648 0.5420772527425899 0.5549012816072048
0.9924961990159342 0.06798760075249181 0.5515595515595516 0.43002372077261947
0.9876609352639613 0.0669615854029542 0.5678046756098577 0.6055451607416227
0.9905745973759297 0.06625788869764773 0.5690994023213594 0.5166143164159365
0.9864316407460928 0.0678441490941491 0.5843467430279939 0.5408045025658004
0.9884475514768443 0.06873534618881286 0.6149866201052834 0.5564900031735956
0.9875018157241108 0.06343335031923504 0.6125873515236337 0.4475985147921907
0.9887169443146521 0.05689849028772315 0.6369039418415766 0.4072494669509595
0.9895761590050947 0.04943165144741157 0.6435641518072902 0.548761718203442
0.9920568639003037 0.045876945049815 0.6667895898052234 0.3491103202846975
0.9906516807360228 0.04046263300064677 0.696569037393814 0.5016443207690362
0.9896618358677888 0.02273713003935426 0.7062352585235735 0.4281447855692271
0.9927328925819149 0.015710332467268967 0.7200065343793551 0.3719705999205403
0.9856849542484937 0.01008722649782638 0.7422436529748837 0.3215590742996346
0.9887136184973334 0.009526762015563281 0.7646564496876601 0.22839102982799914
0.9888154592805873 0.008792516942735626 0.7776330187523949 0.257696622211143
0.991676770753636 0.005313542313412363 0.8112687603726803 0.13448416816023645
0.9833078471775313 0.0017975478228208087 0.8296447576311456 0.19490951321010355
0.9865917402299499 0.006853822096367548 0.8761166866662299 0.21265886498049577
0.9850364422035647 0.005204277036127578 0.9022547054478567 0.3989750160153748
0.9890209128772725 0.0013905111518994382 0.926155641658544 0.2190899143978889
0.9895415626808552 0.002259947090650466 0.9184549985699864 0.19796613421595433
0.9864475566123291 0.0 0.9164709231681814 0.14984806567191256
0.9855828952579844 0.00010071797528093121 0.9222897837019364 0.23162852484753335
0.9921473644240782 0.0 0.9331932071591637 0.5297359651371443
0.991758777087183 0.0 0.9330140766199545 0.5465861938890985
0.9870663745775616 0.0 0.9304392386044398 0.45927554438860974
0.9899579458256428 0.0 0.9315560671049798 0.4
0.9906600005586124 0.0 0.9366559733476832 0.45519788918205806
0.9914139771061748 0.0 0.9387017106943074 0.5297314925535385
0.9844092093345708 0.0 0.9327143606717508 0.5165532356673204
0.9894335784118776 0.0 0.937135860077606 0.5621633505551281
0.993803742901774 0.0 0.9379839216964883 0.599884991374353
0.9877266603202156 0.0 0.9344224048801931 0.6583041191936897
0.9901748163219948 0.0 0.9425459003511609 0.6577044735652959
0.9902747658376783 0.0 0.940612974027953 0.5120260476840668
0.9877072649300739 0.0 0.9370372196044745 0.6156444632112319
0.9905717850124696 0.0 0.9404614049576112 0.7059738643434972
0.9878991928918661 0.0 0.941316252594665 0.7160903543517825
0.9830978065235314 0.0 0.9437129147974129 0.643719806763285
0.9932160537873347 0.0 0.9512310280679088 0.6946595195552908
0.9883091118164472 0.0 0.940780887087992 0.5624832034399355
0.9896827382306118 0.0 0.9462700415646539 0.6060144992392374
0.9914058863607235 0.0 0.9526724586984409 0.692647969565602
0.9912036970545312 0.0 0.9465142768951004 0.6862360801781737
0.9895042286412575 0.0 0.9455272664936 0.6832425605809456
0.9895106734534148 0.0 0.9485330610922388 0.7345147538242915
0.9901008723459287 0.0 0.9440036017299323 0.7261098570353649
0.9927337359652164 0.0 0.9447613037676933 0.6854410201912858
0.9904050335097343 0.0 0.9475888867101706 0.6850691035420285
0.9900004015902976 0.0 0.9489354383323939 0.8104745814774996
0.990197679222477 0.0 0.9486396124892745 0.792288186157518
0.9891016828316525 0.0 0.9488537600985049 0.7776047565118913
0.9877391523509053 0.0 0.9483164734977299 0.7939977274246374
0.9915937575250261 0.0 0.9508507050197867 0.8092611595690098
0.9904529266098441 0.0 0.952504970098101 0.8173781257893408
0.9927270386065132 0.0 0.958148644219369 0.8034116664678516
0.9886998215328437 0.0 0.9522974700007006 0.6863133891835622
0.9837602619365533 0.0 0.9539873378531928 0.8005438703590654
0.9943175571761085 0.0 0.9572861852175286 0.8003481666848004
0.9886181481520397 0.0 0.9560877305811284 0.8033430158487489
0.9919041688462538 0.0 0.9571867856532739 0.8300393264091963
0.9895625561021252 0.0 0.9571057454960009 0.7533330438181266
0.9883571814638864 0.0 0.957023779751514 0.7106976353479777
0.9905820569912062 0.0 0.9580211721627616 0.6611145991062526
0.9918532027248945 0.0 0.9648722508046477 0.8451587440799859
0.9919244346298296 0.0 0.9548604006783165 0.6727077153753381
0.9918712832791915 0.0 0.9538334208613635 0.6425981618370387
0.99090382692004 0.0 0.9500991600559963 0.602826907422482
0.9924365116913743 0.0 0.9551888316971255 0.7282367793519428
0.9922440297213517 0.0 0.9582395191999873 0.7554934621018935
0.9907645832755542 0.0 0.9611354371396104 0.8857493122832197
0.993921777898888 0.0 0.9579121364847794 0.8262666380420781
0.9959721917498698 0.0 0.9588027429547336 0.7726609061968932
0.9907216449560406 0.0 0.9401487485717981 0.5667014865407795
0.9931903855629945 0.0 0.9487913728629502 0.6512508029095707
0.989906821918907 0.0 0.9411576741257296 0.5836548144705245
0.9933085794655415 0.0 0.9504716760110172 0.6527183184729778
0.9833273761316798 0.0 0.9537626982241718 0.7979902178746109
0.9890458030880835 0.0 0.9539332848560633 0.755616864311191
0.9910214098717864 0.0 0.9510966399007948 0.703442164814941
0.9883219792245592 0.0 0.9396687331497405 0.6309125758705143
0.9876909173277121 0.0 0.9464633648623034 0.688370924411975
0.9898998117111044 0.0 0.9503957404312454 0.7503001903646215
0.9839606855371391 0.0 0.9242724738355924 0.6108839949008747
0.9886498794027474 0.0 0.9154632144438196 0.5808506887607343
0.9875382610252829 0.0 0.9013953480359264 0.5583143151568123
0.992237643118455 0.0 0.9044001044514656 0.5788352858675027
0.9889423099934427 0.0 0.9010317056940303 0.5898681601623801
0.9905247524633602 0.0 0.912697843795769 0.6631295526344033
0.9925433561375161 0.0 0.8956032162877777 0.6366957010396179
0.9943156905731287 0.0 0.8919881534328621 0.6498317581894965
0.9869462130376101 0.0 0.8757564273629539 0.6569691470634279
0.9913487035102747 0.0 0.8976971596337792 0.7438850980282339
0.9913950084335631 0.0 0.920766284759602 0.8442942013832794
0.9906573774440872 0.0 0.9148411306614359 0.8535234550417613
0.9934158056007474 0.0 0.8959106768041183 0.8565843965107677
0.9901939161368989 0.0 0.9139808126002484 0.9390088272341609
0.9880384670663979 0.0 0.25889876531797734 0.6217932906473037
