0.9823579628709402 0.06584136138636593 0.17552870717216645 0.1963276836158192
0.9921925280793904 0.06749820778278148 0.16277981324955484 0.01008794619762028
0.9909145207166293 0.0746927830912402 0.17317672853800659 0.12819937135159407
0.9927950031069875 0.06640426679408959 0.16369628190443428 0.22785622593068036
0.9891032262518971 0.07789503050699617 0.17427343662538586 0.1376950451683548
0.9923408421234488 0.0678729784183744 0.1716551654377841 0.1613699475470534
0.9896477506972232 0.07133145992934442 0.1660363314024329 0.19088669950738915
0.987141555403686 0.06463352323087672 0.17054209150097396 0.32159904534606204
0.990849656931288 0.06392205005772814 0.1699685408069034 0.21111861354940356
0.9876095890410959 0.07224198974051085 0.17955086756309568 0.2868513212352754
0.9947613915921015 0.07414868671635927 0.17450691024139214 0.11205915813424346
0.9861297323624414 0.06718626854714203 0.18292409428020545 0.3079056865464632
0.9833918331155987 0.06843070290345334 0.17345409439051762 0.25608436992969175
0.9822820676153767 0.07708457616944923 0.19057998793368788 0.16630901287553648
0.9922041141828889 0.06856374281834228 0.18962296127445546 0.23962655601659752
0.9873622269887111 0.05818330744886319 0.19438622035905148 0.2854400877433507
0.9911818309440957 0.05862734739330549 0.19192069533142703 0.2917358114835712
0.9905453471341891 0.06514147701237208 0.19188420687533947 0.18835227272727273
0.990302356276887 0.06366251272401986 0.195681057673381 0.17256871035940805
0.9890894393272024 0.05608941448161222 0.19644273872062007 0.24421230942970074
0.98682688201738 0.06492164880873413 0.20347349898215192 0.3400236127508855
0.9943876685012168 0.07686759502395317 0.2034734296022277 0.24864401941193262
0.9891333482786854 0.06507939123531618 0.1986955556834154 0.299456054967077
0.990417914238684 0.07129332697335122 0.20316442262666237 0.24322902971338417
0.982393861554235 0.06521355124503683 0.21075800955883672 0.2823967889908257
0.9890254046309495 0.056589929828880954 0.21178350820144612 0.23855165069222578
0.9916048614649058 0.04793397361892363 0.20966712502080367 0.2047849615494161
0.9921347357144596 0.0516726353715087 0.211115208738856 0.29532927183057733
0.9893376067335279 0.052761808233904535 0.21532667670611666 0.22839219330855018
0.9923385821022658 0.05057630796614716 0.2146880917229669 0.33074450990894483
0.9854555687665679 0.054024176515526 0.22228651301888633 0.2529544883077697
0.9856418567925861 0.054858623640916725 0.2158108679761486 0.2027168234064786
0.9912333283380789 0.0523398056595458 0.22933428444798146 0.3072100313479624
0.989893538552321 0.05045972592645987 0.22753638511198615 0.38614873498594426
0.9907727654832896 0.049006518416112546 0.2346296810879817 0.4172487909725954
0.9908986008407571 0.05295116631926953 0.2357323841212342 0.32210135314407007
0.9931089454183143 0.0487740145369002 0.2378330499603972 0.40838126540673786
0.9912961556146419 0.046161890648911214 0.24155077658303464 0.4315320041972718
0.9915572939156282 0.048529703133771425 0.26121875752573354 0.22097186700767263
0.9871267347319196 0.04942035711917743 0.2521213752292168 0.17361288672973665
0.9910303066910288 0.05334528064144259 0.26312113835316564 0.12701717855283706
0.9882186788729375 0.0521223987904158 0.25956544173359 0.2923898531375167
0.9923487282191001 0.05711269146721787 0.27189712919040215 0.1834862385321101
0.9819712268832669 0.06116978613084673 0.26911730255347366 0.25769230769230766
0.9841496805597809 0.05299784075121772 0.27777268655089216 0.3514300847457627
0.9893667409898845 0.05847635723073719 0.28726973925875765 0.24265644955300128
0.9893531913508451 0.06056916510129428 0.29232581811187075 0.4241920152091255
0.9937525178964332 0.05258912373775897 0.30282787958851426 0.3492728617204831
0.9912095868640818 0.053724201212808964 0.3044417061397063 0.2652023121387283
0.990025306370827 0.0561583119347996 0.30880721715355103 0.3006976744186047
0.9926506304242231 0.05734781163185151 0.3142333520047938 0.3377273925652518
0.9914720661052149 0.05529118980620941 0.3253969477854278 0.23843700159489634
0.9927473282041696 0.06029968474301762 0.33466028383927393 0.2570515231289959
0.9932010137205209 0.0601539829085556 0.34665140584010523 0.3252512013979904
0.995135939998897 0.06286965108858791 0.354584733323255 0.2720677146311971
0.9928986395749402 0.055069914465016585 0.35006186487089513 0.2774133083411434
0.9890802744117583 0.05431589932754377 0.35461706321843744 0.25555358094899594
0.9950140743483806 0.05630785281878951 0.3607346256548238 0.32665805340223947
0.9947550271372962 0.0588259316735597 0.37353776690195256 0.34868695289704044
0.992578276368667 0.059636904560668044 0.3789520000718378 0.3150925335035099
0.9913196047649829 0.06320996964122033 0.40197110457832197 0.23458646616541354
0.9891766997931792 0.0629787727193711 0.39564193284354493 0.2709366586368145
0.9929787259746065 0.061226923410934705 0.4012606054270713 0.18257065153127586
0.9906865814824191 0.06144485331424879 0.4201713607789215 0.18538754764930115
0.9965126608227094 0.0630197031743701 0.43128520906740503 0.1505118509637554
0.9927422740631218 0.06173410878112713 0.433917156747782 0.19982141085425142
0.9932803782898147 0.06357954599154524 0.4290686509841575 0.24907462686567164
0.9908637429346927 0.05955084600922919 0.42979458016831 0.17078028309268084
0.9946597672418623 0.06488915015115888 0.4469442382563471 0.16342158859470468
0.9921474955812224 0.06378539702111562 0.4495077877364091 0.23336501901140685
0.9913533725122899 0.05958975270710988 0.4452512576860845 0.30445544554455445
0.9934554704047351 0.060708747904754064 0.4480036781309887 0.16893523600439078
0.9906332136278033 0.061544389397746146 0.46597386993569384 0.08356933472449943
0.987431387869825 0.0721141048554822 0.4736700488243985 0.10956427409148436
0.9933964733889377 0.06879797953069366 0.4771478242272434 0.21972333022150556
0.9928545830326416 0.06539538814263914 0.47228815647820277 0.1104841743242517
0.9876771410967344 0.0638802904504296 0.4688318188354742 0.24245858761987793
0.9918327149750076 0.060343616148216435 0.4602742732288056 0.5231473332159831
0.9885071048796622 0.06257586723732127 0.4677691076797473 0.5194378536229239
0.9793703796493302 0.059399797821154156 0.4734783656029475 0.5496930161166539
0.9856612590910735 0.05981520363447484 0.482470028508017 0.6223200612557427
0.9874308672899977 0.05913976096707388 0.48975739672775087 0.6494198211907932
0.9843059694775274 0.06655838882572682 0.5082895265673154 0.580781627719581
0.9881784425551712 0.0694113199224965 0.5165515918835664 0.5033954379244298
0.9895430592721273 0.06727292261657546 0.5237260674476681 0.6138815387746794
0.9907825698924473 0.0682936251333171 0.5419678120184019 0.5377341659232828
0.9927790272213798 0.0678050235008006 0.5515936066504408 0.2994146005509642
0.9884008452632519 0.06637722345959293 0.5678697168001529 0.5898281548342301
0.9911859567367032 0.06520755773669983 0.5690501626964386 0.4955661664392906
0.9872719143989747 0.06707453014573099 0.5840907850591069 0.4645377558221595
0.9887155539713259 0.06837569290244253 0.6144213534657719 0.47447698744769873
0.9879080551361964 0.06097431553822834 0.6132649230384182 0.5404040404040404
0.9894140906692995 0.05368349148048289 0.6364436845001216 0.3692427790788447
0.9917458417800357 0.043813435659082314 0.6432462889408255 0.583413538658967
0.993326038042075 0.03750555843770844 0.6665233652218416 0.3459968602825746
0.9910476460473687 0.030378304988215313 0.6949583064660823 0.49668492360910926
0.99101906632273 0.009384739574145056 0.7045738911749477 0.4326603982300885
0.9937254805504655 0.005739900663189312 0.7195759937646142 0.37748887327242914
0.9874284151991681 0.003774548756953116 0.7424784028721375 0.2381321234923094
0.9903087448501233 0.006034458548640755 0.7659934141760254 0.21727192205491586
0.9908745521004015 0.0012580761287633339 0.7797697455393822 0.27737451737451735
0.9937581874709237 0.0013309951860721555 0.8232668886441337 0.22510302197802198
0.9848747034313436 0.00014006432184626326 0.8322423292625649 0.2038237924865832
0.98878999900131 0.001671756235650759 0.8799834759742423 0.24496883348174534
0.9876415428270365 0.0023894752380249464 0.9025236911567439 0.2789237668161435
0.9913277352901047 0.0 0.9320705516386263 0.3090311986863711
0.9914381544745849 0.001411451398135819 0.9284729473959014 0.406412213740458
0.9892167235533378 0.0 0.9285918381757661 0.25610504356362745
0.9883654602343109 0.0 0.9267744153831474 0.24066255277687562
0.9947771763730691 0.0 0.9344455398746243 0.43963086388105616
0.9942697451951176 0.0 0.9345877355633817 0.491588785046729
0.989972764295962 0.0 0.933180169266498 0.43134171907756813
0.9916430061954521 0.0 0.9321132159306061 0.3184952219668562
0.9929252815927776 0.0 0.9382823364342436 0.41754632887637816
0.9944149941086907 0.0 0.940689689552462 0.4791666666666667
0.9871401183815598 0.0 0.9343175510939226 0.47042467138523764
0.9924995043355239 0.0 0.9383817461764072 0.462979582678932
0.9963559525481155 0.0 0.9386558077705061 0.44926868593803987
0.9903958094108801 0.0 0.9353350830343191 0.49791346365034045
0.991760364801634 0.0 0.9431296174338962 0.6219259940243622
0.992519111611349 0.0 0.940971304290003 0.35084566596194505
0.9906029367702468 0.0 0.938095172604606 0.5017417924627889
0.9929030109214906 0.0 0.9413177017277166 0.6043352001659407
0.9905074772658558 0.0 0.9417210310255757 0.5328334226031066
0.9859300321877946 0.0 0.944555602952184 0.5203863657471904
0.9939424732614259 0.0 0.9506805114146388 0.5660639777468707
0.9909777441833216 0.0 0.9415864608387063 0.44623655913978494
0.9921446798058685 0.0 0.9469606679500924 0.49431665622482773
0.9928520877565463 0.0 0.9530813375631972 0.6234358240972471
0.9937271313170594 0.0 0.9469340661645933 0.5237796686072548
0.9918327063480763 0.0 0.9468768009628936 0.6476348416646924
0.9923117803365811 0.0 0.9502653072265412 0.6962057123712204
0.9925096074517062 0.0 0.9451104530505589 0.6375805237178951
0.9945823738838017 0.0 0.9453841096757983 0.6149992409291027
0.9927525781406391 0.0 0.9488660426629265 0.6333307827683832
0.9926479127300512 0.0 0.9507641472580598 0.7919499804611176
0.9929647150873986 0.0 0.9502010398701559 0.7463135720734276
0.9915843777447376 0.0 0.9504437057959515 0.759644128113879
0.9907298225400669 0.0 0.9498285840369558 0.7435742567612912
0.994294624839479 0.0 0.9525021371574697 0.7887716117334714
0.9934894504984929 0.0 0.9542947523423553 0.794221736053021
0.9948757495050108 0.0 0.9593892800852695 0.7756814740030288
0.9907160666658054 0.0 0.9556464061143572 0.7723238220051231
0.9865268671361299 0.0 0.9557998906691163 0.7879759752755263
0.9947614184430656 0.0 0.9570617816728906 0.7647509998356434
0.9914761815254611 0.0 0.9574449620752525 0.7661232441300113
0.9943938079125001 0.0 0.9583579728631215 0.7983776932826363
0.992565646882054 0.0 0.9606039798815568 0.8098965883831062
0.9914239614766671 0.0 0.9611657304531339 0.7761802895378339
0.9934662789834785 0.0 0.9652283901128345 0.8518137758848583
0.9947458986914544 0.0 0.9676535124905888 0.8706356934205035
0.993034617532105 0.0 0.9610104281095603 0.8345381188534925
0.992420624560912 0.0 0.9625899810695444 0.872688393458203
0.9929301360188362 0.0 0.9625982667726756 0.856850867739418
0.9938313401197718 0.0 0.9613758427608273 0.859549378816593
0.9943450930734261 0.0 0.9645507911861377 0.8721573857952651
0.992431302715902 0.0 0.9626746755961897 0.8863744113277916
0.9928826391010149 0.0 0.9598779796923345 0.8872117148269537
0.9955732924155307 0.0 0.9633028080220275 0.8851268616339665
0.992681780960556 0.0 0.9608550876993107 0.877615089678598
0.9924846261301377 0.0 0.9619744130576199 0.8956033171401934
0.9914215126862522 0.0 0.9622588570216318 0.8969230394425902
0.9937095539941185 0.0 0.9654583469053292 0.901375785278422
0.9832784115676757 0.0 0.9583541193520512 0.882124143490528
0.9890201169250881 0.0 0.9621106896282385 0.8786872544136366
0.9927742281561894 0.0 0.9664845840505855 0.9060258379257385
0.9889652157693395 0.0 0.9642433403636351 0.9010148734128033
0.9894321970501584 0.0 0.9675109455149002 0.8849832861918231
0.9917866503166082 0.0 0.9675056996655111 0.9111684078664121
0.9850729989925916 0.0 0.9635103513414623 0.9117313339859393
0.9881507314910596 0.0 0.9640771327281297 0.9004000482470248
0.9892904826272436 0.0 0.9648135715761207 0.910413030831879
0.9915501409305961 0.0 0.9669321903893197 0.9190065157519984
0.9896753981501506 0.0 0.9666817957297711 0.9048872996042582
0.9906259438779179 0.0 0.9652091050294163 0.9103878375846471
0.9925835014637826 0.0 0.9625041607713061 0.8927307029393954
0.9940270699105683 0.0 0.9621474812452516 0.8869622498625476
0.9874891534901659 0.0 0.9474170090170436 0.8588133874692359
0.992318713826676 0.0 0.9416135497905406 0.850874371781409
0.99120427918039 0.0 0.9301517892747627 0.8507156003252265
0.9914569911454101 0.0 0.9028509854613467 0.7995692264376716
0.9919061684184308 0.0 0.8674574732206304 0.7799904387427633
0.9909396853645459 0.0 0.8646048485052028 0.868884427583944
0.9872615742401746 0.0 0.1765443757768165 0.3698996777306411
