0.9853159647634119 0.06697311473856718 0.17129019113348543 0.33017241379310347
0.9953158371416486 0.06746077460083405 0.15677758884108647 0.2716780112459308
0.9940346607912132 0.06810824659271957 0.1670925289883492 0.32942522161853016
0.995748657981878 0.06444089827605612 0.1586191505356136 0.3551701991008349
0.9921522235817696 0.06912628788977393 0.16561519240535758 0.2856328392246294
0.9953497617986771 0.06391927811672066 0.16421182186134786 0.3097809318111694
0.9929134010163475 0.06396194296268728 0.16176874908065372 0.35929802955665024
0.9895606127291382 0.058901081420811796 0.16604565802684432 0.46936821952776003
0.9934785193459993 0.058550923473685124 0.16894943294754852 0.35726164079822614
0.9903914498146356 0.06395582249935651 0.17607876337370504 0.43966889525628783
0.9969932521561279 0.06243481882257421 0.16733296984829663 0.2027872582480091
0.9887978789009775 0.061409140384541545 0.1775170160631636 0.4247714048212801
0.9864217964725263 0.06420695974294353 0.16941971202023412 0.3605864110515929
0.9850289730428116 0.06252489593954078 0.18243063299001824 0.34206128133704733
0.9945622871102184 0.06244708401239305 0.18281890818122412 0.41058232338161393
0.9903477164616522 0.06325494773564862 0.18908305818250443 0.4554957237884067
0.9937499456598018 0.062063264184576 0.18780504296976516 0.4593428476601394
0.9930588972261434 0.06281730445728888 0.185219955102168 0.4098854731766124
0.9928130086864707 0.06172258711556978 0.18930468531583536 0.375037147102526
0.9916156875635337 0.063673444328904 0.19174089723431673 0.38226990400903443
0.9890162153746225 0.05991613192869472 0.1978076121794214 0.47520661157024796
0.9966840198079759 0.06470048297570705 0.19381067159743776 0.4047958892377962
0.9914171612915802 0.05767960236460922 0.19211389096003628 0.4133982250214715
0.9930213304287089 0.05819237007045916 0.1961571934913121 0.3594530633710229
0.9847770944814671 0.05695028077573227 0.20340099584927424 0.4148509174311927
0.9914402865940573 0.052903705670366744 0.20650550711784385 0.4057569886520897
0.9925121503150943 0.049065481916051416 0.20199495182838162 0.33848314606741575
0.9944761536111324 0.053523047175743896 0.20719659834663673 0.46475195822454307
0.9913838759044373 0.054030022593835395 0.21256066681596683 0.35856943799349744
0.9945936145513662 0.05225362376564791 0.21094493569625225 0.467577706323687
0.9873730913449942 0.052676760875764395 0.21674215844887795 0.3523833291739456
0.9878529643998231 0.05267148776221363 0.21321410515159556 0.34656679151061176
0.9931200605326579 0.05366582806553827 0.22517824344530005 0.45373708243210764
0.9922575727773407 0.051781343378472885 0.2237254211831569 0.5253116255405749
0.9930580207470516 0.05054032220883639 0.23234487785265953 0.5312004230565838
0.9927441865066851 0.05251803748913344 0.23373237507283529 0.4531457393151049
0.9941007355412015 0.05120087784375622 0.23600954643187227 0.5070960698689956
0.9939964140912471 0.0493129682024242 0.2402738441940304 0.5517420696827873
0.9933311744061695 0.05093262471263485 0.2583105957798461 0.4089514066496164
0.9892247391881461 0.04877157426182592 0.2504830088873635 0.3280490923037586
0.993072665909966 0.05049049662783568 0.25911803872352246 0.3770108977685522
0.9903386577279388 0.049149392103898105 0.2562356831772753 0.3951527924130664
0.9943264844534238 0.05255681671757244 0.2686228652883275 0.32677502138579984
0.9840474891347969 0.052579052745728674 0.26603445653482727 0.4110576923076923
0.9862451260261331 0.04945409974060243 0.274172756656335 0.5007944915254238
0.9915099235641189 0.05261733786837527 0.28417720560635196 0.4780905752753978
0.9911247121257635 0.055914592971427896 0.28948314588746843 0.5368171021377672
0.995285778020126 0.05093634919803829 0.2990364690588962 0.4968505920886873
0.9932321323385038 0.05314175801766946 0.3031243366395354 0.44703977798334876
0.9906151783555682 0.05657399282453432 0.3062163568652323 0.4865116279069767
0.9945427764522569 0.05658307315422252 0.31219467984607335 0.5570788294226207
0.9932587998589534 0.056212596424750814 0.32290583461319255 0.5294257237778832
0.9944554586064988 0.05728194698212947 0.3315474173324818 0.5427599611273081
0.995097672834295 0.059657141521178784 0.3447027536683444 0.47301231802911536
0.9962615815029129 0.05824774841281559 0.3506788194204667 0.49266862170087977
0.9946594502554124 0.05748304795817865 0.34966091934334015 0.5004712535344015
0.9908286021528842 0.057415534756989586 0.35371510156676955 0.5556573522675218
0.9965325919419663 0.05920982626528401 0.36027419358801027 0.49569336778639106
0.9959688330514617 0.05992683910150427 0.3719575857378809 0.4951393389500972
0.9931735138610601 0.06109328766542775 0.377279007107523 0.4699108469539376
0.9933680004221453 0.06484697797534908 0.40261345081944255 0.4244218316373728
0.9911182979376794 0.06380571532539019 0.39583024639527953 0.4372163388804841
0.9943673130247432 0.06245538209707048 0.4022796365036833 0.41167787436444153
0.9926674886572566 0.06414960397540101 0.4207615171500723 0.32953204876130554
0.9972476247501583 0.06607897904281201 0.4321622942805931 0.3166802848138205
0.9942070566591471 0.06564089449219924 0.43689359977360787 0.3991655076495132
0.9943256443558272 0.06677997004273079 0.42964190333507035 0.41222593291709014
0.9927219353693268 0.06205089199092702 0.43221249271235407 0.28888054094665666
0.9964410080643687 0.06690000906409711 0.4495151606552566 0.31457716354063836
0.9934829438220781 0.06676959835681899 0.45261315676000574 0.48494809688581314
0.992267928702419 0.06169815415622421 0.4450886711211063 0.5955882352941176
0.9951178410358372 0.06311884283510956 0.44756390844955524 0.42066593715804285
0.9920295017289571 0.0613814596668729 0.46587537334739326 0.21126866797405341
0.9884091356422724 0.06719399192293937 0.47259653751567565 0.24577171337527576
0.9931434302418023 0.06529499502333631 0.47756360370175815 0.40716118497784
0.9934561833054129 0.0633007927251047 0.4734469084319037 0.18189148715585762
0.9888265065218674 0.06492371711963457 0.4712136459331223 0.4097532989099254
0.9932489597823811 0.06182005158676229 0.4609944808210944 0.7057957681692733
0.9896158111179071 0.06390229927442093 0.46792595040370105 0.6583318123745209
0.9806445903568206 0.06085536744657916 0.4743866134467902 0.6987720644666156
0.9869776082186316 0.06089744991290786 0.48274462716602257 0.7850038255547054
0.9887609934671647 0.06094365030806632 0.48999679597043344 0.707196029776675
0.9843563353143711 0.0676547711248901 0.508756377929279 0.7362810896170549
0.988577921374108 0.07044864780856605 0.5177976164870334 0.6622562674094707
0.9899334380194484 0.06903259575581748 0.5246446590674791 0.7598704191131808
0.9899377165286322 0.07124687451522668 0.5434251328245651 0.6626399005151892
0.9936509418268293 0.07067283140314018 0.5520963813571611 0.5767441860465117
0.989795723990466 0.0684493981275078 0.568345076163843 0.680565127498277
0.992527603700388 0.06753922308918534 0.5694505145543503 0.6241171403962101
0.9886316758352469 0.06978876311450562 0.5858488266121709 0.6384505021520803
0.9900324793788842 0.07137238699835532 0.6160206170433137 0.6271130805842771
0.9887518934892776 0.0696763816534654 0.6155774426235898 0.5892103676913804
0.9875160481159119 0.06507654763935124 0.6397519379844961 0.551445446067765
0.9895446386049749 0.0584341562421803 0.6465509316437523 0.6689167470266795
0.9927051380132293 0.05914571378133189 0.6709163903948825 0.5296915758784717
0.9902424947247562 0.04907553058362943 0.6987312974520171 0.6167252489748096
0.9897630843003173 0.026692220898229483 0.707813756132377 0.5168803978016226
0.9927972414234275 0.018132819481680072 0.7208828844778437 0.4766704416761042
0.98603769991919 0.009531014553865425 0.7439758611893185 0.42109281273857563
0.9896935131750411 0.011846458841326526 0.7680144647650226 0.3340374966992342
0.989924823405244 0.00937537277824168 0.7816743962163472 0.3990248226950355
0.992957989492911 0.008688847257464013 0.8247278573777873 0.2729914633408004
0.9843586195823614 0.0026027063914428094 0.8353404088188103 0.2775771399607172
0.9881555431000751 0.009352183145707887 0.8820951390319094 0.37831837942836
0.9866882862760262 0.006007194244604316 0.9053393628781027 0.5119795003203075
0.991072192556653 0.0022803469384985 0.9350887052368406 0.5620086228759827
0.9909066898087009 0.00393813733927966 0.9298801037602892 0.48235544217687076
0.9891411748781809 0.0 0.931878207715818 0.5605352039490776
0.9880839602071102 0.00012732725935147982 0.9300354761078349 0.44235924932975873
0.9949430446645302 0.0 0.9361520725861296 0.6556452646418044
0.994270608231424 0.0 0.936049357070151 0.6617725573945542
0.989964090679383 0.0 0.9350639086610295 0.6808176100628931
0.9920628450238941 0.0 0.9341429580097188 0.56538042820854
0.9931426133133163 0.0 0.9397826788309758 0.5941825005864415
0.9944148942116572 0.0 0.9421150775390857 0.6669047619047619
0.9871746713174134 0.0 0.9356532299963929 0.6687310414560161
0.9925085913732308 0.0 0.9396660438659662 0.634304932735426
0.9961162761995668 0.0 0.9401569121511562 0.6830418775885873
0.9907475872283538 0.0 0.9371490078622239 0.70852067112622
0.9921489254285293 0.0 0.9442111146337557 0.7291714482442048
0.9929131415907264 0.0 0.9433028418099768 0.6212974551522736
0.990715150870122 0.0 0.9398711246200608 0.6962947323973399
0.992891756766512 0.0 0.942362986596739 0.7463181912466293
0.9904021560559431 0.0 0.9433529149021581 0.763920059848242
0.9861959414581581 0.0 0.9461617533831314 0.6931923576330922
0.9943467541227642 0.0 0.952286100328553 0.742197562667195
0.9913338456749067 0.0 0.9435198453259518 0.6246426018584703
0.992623564113702 0.0 0.9489824940978411 0.6739149888143177
0.9925454427027768 0.0 0.9539490065235795 0.7379107667646273
0.9939334222921324 0.0 0.9490041811020244 0.734035902473877
0.9922003815030787 0.0 0.9477696709280806 0.7091209829867675
0.9925920995278269 0.0 0.9513848762502236 0.7734557595993322
0.993106315132552 0.0 0.9471409284435273 0.7922608623134018
0.9949177486205624 0.0 0.9471834508548482 0.7562234365513054
0.9933670718807537 0.0 0.9507724247210283 0.7617325800376648
0.9932728223760318 0.0 0.9516251474088072 0.8280864197530864
0.9934371654340577 0.0 0.9514690620251791 0.827640214797136
0.9921028966037904 0.0 0.9513937652004594 0.810489264343541
0.9911517866887497 0.0 0.9510572923978114 0.8222592469176941
0.9947233392790819 0.0 0.9535109731271028 0.8342039079125556
0.9940647177611003 0.0 0.9552561833853882 0.8375403302334409
0.9952689324614657 0.0 0.9606948466486588 0.8577043044291952
0.9911034222756213 0.0 0.9567516133301911 0.8317293499439098
0.9870790310328335 0.0 0.9569361713105047 0.842077892060557
0.9950452210643626 0.0 0.9580181378300777 0.821164309031556
0.9921393229987555 0.0 0.9585592491569013 0.8096892886345053
0.9946892865875668 0.0 0.959190730044094 0.8401637273232604
0.9933769340320506 0.0 0.961495192955142 0.8297964695668949
0.9921319779627114 0.0 0.9626259348896342 0.8304867212952908
0.9943031826624273 0.0 0.9661376325724282 0.873363496341933
0.9954856270331275 0.0 0.9683072650544735 0.8791930993564876
0.9934622566590114 0.0 0.961776820006604 0.857464178607131
0.9927588028056988 0.0 0.9632796776265102 0.8944800723924932
0.993618619408402 0.0 0.9638015344144585 0.8866927737549875
0.9945344896541563 0.0 0.9626112069638812 0.8885284782532873
0.994895830362415 0.0 0.9658844190856472 0.9080272561076949
0.993092712988001 0.0 0.9638812910404861 0.9138520400163076
0.991326019893046 0.0 0.9597055884957876 0.9053033694451905
0.9940583547451576 0.0 0.9626151580831093 0.8938420535839529
0.9918500684366311 0.0 0.9605305687158737 0.885506287227002
0.9910422216088529 0.0 0.9607012969189597 0.8899529569892473
0.9920393470350629 0.0 0.9629096063596755 0.8957957244655582
0.9930861453492288 0.0 0.9649373399581385 0.8986902670609949
0.9831945196821957 0.0 0.958961419432955 0.8991689195954741
0.9884557005646323 0.0 0.9627714704274403 0.9001345547711648
0.9933582932165308 0.0 0.9674019942630788 0.9166815758399828
0.9894469004274326 0.0 0.964610617070564 0.9034457399377959
0.9896247841862784 0.0 0.9687155158107602 0.9025284595433697
0.9922393777571396 0.0 0.9685242544608862 0.9215192935768719
0.9848707384115858 0.0 0.9639526650813383 0.9194022592125914
0.9875465674488069 0.0 0.9629209966409206 0.8943344135183028
0.9892155864091515 0.0 0.9655707947622353 0.9192455478866522
0.9912320525288343 0.0 0.9650283153144968 0.9044817174898476
0.9896365940380258 0.0 0.9676796188067449 0.915234143449911
0.9906831181839749 0.0 0.9679799317317992 0.9305036566486948
0.9930284846801459 0.0 0.964919815563641 0.9072216853106789
0.9943449655169098 0.0 0.9664930958963259 0.9115534927903604
0.9879583997724498 0.0 0.9521521256196692 0.8818506857356315
0.9929635930916153 0.0 0.9487899301963849 0.8796238704717458
0.991516066479012 0.0 0.9404547209847643 0.8887796505951234
0.9918907838829922 0.0 0.9214133392238171 0.854798769424058
0.9917994662958299 0.0 0.893695371406223 0.8444448467758544
0.9911301249560898 0.0 0.9007609227102784 0.9180735274295727
0.9875162649283055 0.0 0.20645138542595362 0.48519199939013496
