0.9848912072636369 0.05680760427959745 0.17131569096367014 0.28792912513842744
0.9945739894022825 0.05741141814473359 0.15733732693155109 0.06065664997217585
0.9934211564872844 0.05887981309411282 0.16775374127755155 0.19901656314699792
0.9946952727409052 0.0604960709195748 0.15747471296109938 0.329800899165061
0.9912866591687002 0.05762429244479168 0.1645558382688068 0.21428571428571427
0.9945202136527156 0.05461848994763979 0.16488811628282588 0.2159827213822894
0.9920026235363175 0.05317616783178186 0.16145331774856522 0.2749384236453202
0.989271071753961 0.05032480028090835 0.16562763676028133 0.42547079476540056
0.9921283786118579 0.05018626097376716 0.1677312378343306 0.34478935698447893
0.9894342423673871 0.05005902855363329 0.17539251469788816 0.3291945240369309
0.9966645582103967 0.05442257871618397 0.16741091168027633 0.12966601178781925
0.987606185404297 0.048286391212069985 0.1766278372854267 0.37420249653259363
0.985794552851713 0.05488502924498817 0.168149944059476 0.35522977163800395
0.9846563406922875 0.05708033165443724 0.1833600958733264 0.18701233324943367
0.994391039977099 0.0570366196142192 0.18442645181876197 0.353485681226497
0.9898574399135496 0.054619144744444556 0.19028311247679405 0.3775959723096287
0.9930171119261816 0.05302422081194993 0.18861725731596643 0.3348821772319947
0.9923096045642724 0.05547448851964433 0.18629931567404398 0.2398843930635838
0.992266526206186 0.057800840298411954 0.18952929591818343 0.3100864553314121
0.9909529583047265 0.05822095373317673 0.19298802701797915 0.3382269904009034
0.9884580297519857 0.056129707700547295 0.19801431740319717 0.4427390791027155
0.996004121627066 0.06055585505795372 0.19453318841985665 0.3548387096774194
0.9908258445583734 0.05865254493409794 0.1944232921629703 0.3590037217291726
0.992319189570705 0.05851842423471011 0.19733135874873 0.2773396424815983
0.9842887691889389 0.05609074034598991 0.20451731418028038 0.3319954128440367
0.9907248175253803 0.053022290085887505 0.20778194456551938 0.31054525325214505
0.9923812974562298 0.05000058473377071 0.20395140697107725 0.2709497206703911
0.9939967792940008 0.055368223275209606 0.2094500548478719 0.3669857847403539
0.9911551184045367 0.05390934450331165 0.2130402736444028 0.2778810408921933
0.9936244044171684 0.05199594611880234 0.2116384375769243 0.35021436227224007
0.9865824465655132 0.05069492137721865 0.21845742671578683 0.24925
0.9877258471023368 0.05000108532852895 0.21352885777888267 0.2058017359524897
0.9930230215721294 0.05036351527182261 0.22450804066491 0.30083811204234673
0.9918789339103068 0.049397439365968555 0.22384670885748303 0.3719806763285024
0.9926302918547407 0.04695909485459558 0.23427532271559917 0.45844223732357553
0.9924136830740043 0.04806224578172027 0.2345819906189739 0.32856006364359586
0.9931735178283674 0.04685452852261029 0.23609463236666636 0.41916329284750337
0.993014184042702 0.046514524989250426 0.24040215578780422 0.4828723674194367
0.9927246618398723 0.049383855159828585 0.2585749242256818 0.29888204426192105
0.9884165633511024 0.04606943687621162 0.25016315126875044 0.2996941896024465
0.9921754274698116 0.04904272009674942 0.25942328934827946 0.30739198334200935
0.9894420808671288 0.049530042088661234 0.25579142126071386 0.32560562646522534
0.9941468608142051 0.051916218505340284 0.2690838770906188 0.254259501965924
0.9835498997346513 0.04998531571218796 0.26645979514030976 0.30288461538461536
0.9853792533455701 0.048180102257004274 0.274603061924706 0.39133858267716537
0.9913194313226058 0.05118647976969734 0.2845322489886002 0.3943466172381835
0.9909929082453384 0.05458135217523656 0.2903478330401407 0.4101010101010101
0.9950991328663008 0.048834074054651684 0.29977853996916093 0.3473551637279597
0.9925146210312152 0.05346273386219727 0.30403452379988505 0.34666975023126734
0.9898842148575671 0.0567839927623777 0.30673753100789053 0.3892104653855059
0.9939868148133721 0.05690762353970488 0.31282039562764286 0.42425039452919516
0.9927502812285723 0.05478410455000929 0.32361254930414957 0.25824014125956446
0.9931061429321482 0.05472421213319478 0.3310819595402777 0.38304862023653086
0.9946774424768027 0.05665803618248558 0.3445136598540525 0.35097383434979346
0.9953008232438404 0.05625662677976371 0.35078243393275366 0.3302041774231401
0.9940149401494015 0.05510077732682121 0.3490906607900151 0.288159111933395
0.99040723191899 0.05491964790825671 0.35373718461308423 0.2711799579269459
0.995903305425156 0.05587286362050924 0.35974956152873516 0.28574504737295436
0.995559915765259 0.055940895434658855 0.37172220395501754 0.3271107339838778
0.9926153185390371 0.05895709452244191 0.3783067940682028 0.33000598921940505
0.9926172798345964 0.060924271542097334 0.4025053890133821 0.06862745098039216
0.9904955782786237 0.06156029826398032 0.39608367003311745 0.30680990531682445
0.9933465436441379 0.060135162216639663 0.402022968681224 0.20834079112224807
0.991831702055761 0.06245515001031799 0.42192654201691976 0.20410868124585818
0.9969125976020483 0.06465392275073496 0.4337359585964085 0.2666044485923161
0.9933089735680729 0.0636235503236043 0.4376586315063322 0.30130738826391
0.9940752975159431 0.06384571572451699 0.4297313341687098 0.2910350801212646
0.992006907160707 0.058944838695158194 0.4355701971671563 0.3319484240687679
0.9954234022705186 0.06428212773955022 0.45392136619848833 0.30207045735475896
0.9929501867375691 0.06333110352915493 0.4527028731735941 0.35709818636647905
0.9919210663561717 0.05884365994236311 0.4448302121830696 0.2919435215946844
0.9944011646159422 0.0595223849028879 0.4477002002652865 0.21797101449275363
0.9916563666312717 0.058749502007073295 0.4665966665499093 0.16975275607406615
0.9885827383932 0.06116366255798117 0.47297035834706197 0.16980493855000564
0.9940794027791706 0.061437580737632204 0.47863485957628227 0.35973133395813806
0.993931569704727 0.05850681512264607 0.47429802862264997 0.15640307907627712
0.9888385418908201 0.061833057103677876 0.4712633615590286 0.3188049663735127
0.9928659277452244 0.059687842347340266 0.459455125763952 0.3530591775325978
0.989559401263116 0.06094826091528979 0.4670068127572328 0.43435448577680524
0.9805693104784885 0.055683312617922656 0.4725096225984921 0.41692248656945513
0.9864092192437378 0.057875691099889305 0.48162143429814425 0.5298621745788668
0.9881896303789434 0.0575257744196675 0.4890257888784466 0.5642245480494766
0.9852815741726817 0.06530904843641128 0.5077681618040739 0.4734085414987913
0.9896641928278973 0.06643829470373303 0.5157791891361145 0.29862441232805154
0.9908895865785579 0.06380820359137493 0.5226427385289582 0.49260385005065854
0.9919673513246435 0.06248835143653023 0.5403666627345539 0.26967695877208636
0.9931358982117933 0.06287286482428758 0.5494304976037865 0.022578421234057223
0.9894044874411873 0.061845498173483275 0.5665736794166022 0.452463912394226
0.9917050471304141 0.05807001183601736 0.5665444018111345 0.2870213486953575
0.988341087267218 0.061286676898124004 0.5823824952634128 0.15484429065743946
0.9894489292307104 0.05755836218864191 0.6112975405069424 0.25110759493670887
0.9887097528594404 0.0496808048798542 0.6097264486563624 0.32077100115074797
0.9904143501749387 0.03242225319445479 0.6311479769859977 0.3048598688133572
0.9927432033904926 0.01893868123455028 0.6367167012261338 0.4077476649823917
0.9932384621432503 0.017854331984555414 0.6608590480404858 0.15697151424287856
0.9908072679614257 0.015730348509241102 0.6908457280219994 0.31270810210876804
0.991347820093734 0.009205317798192546 0.7036036927160529 0.32677459526774594
0.9931722327634516 0.008145427049476345 0.7181970574705474 0.23448875366728242
0.9881080975519256 0.005402268199714514 0.7421978728350394 0.21959636097458957
0.9904328073270341 0.0053375996870098615 0.765490468613405 0.19201487252124647
0.9913421420306416 0.007471411761156202 0.7802474734028897 0.23935091277890466
0.9943816615147383 0.007231295466589584 0.8242077705272397 0.21419279302718877
0.9849256787457145 0.002060036897788822 0.8322355983846933 0.1611802729231506
0.9888713324914095 0.010021974106188384 0.8796551008019425 0.1084470675027665
0.987742008590991 0.01263059410572275 0.9022698041918255 0.091736066623959
0.991520837717645 0.004752799024498392 0.932251766516036 0.1622296173044925
0.9917203753795829 0.005343044738031314 0.9277580496952343 0.12637008381689233
0.9888839509292138 0.0006487411660777385 0.9281328368604076 0.12149532710280374
0.9880858493866856 0.006323565341113235 0.9281692154249856 0.13955307262569833
0.99480709416312 1.422252563610246e-05 0.933037869219935 0.20827992822353242
0.9941387356239475 0.0 0.9325526063510092 0.17369826435246996
0.9901060849414145 0.0 0.9317312060806442 0.18632075471698112
0.9921734634741157 0.00013086150490730644 0.9312226224485571 0.11310027821458812
0.9932534679140473 0.0 0.9368893044816875 0.1713581984517945
0.9947953753064256 0.0 0.9389613341052467 0.18535714285714286
0.9877069155167634 0.0 0.9328668721251757 0.16847826086956522
0.9930948276731081 0.0 0.9367669488861758 0.17051828584249495
0.9964332164780645 0.0 0.9368057909581278 0.1683749856040539
0.9911775826576482 0.0 0.9335572764331377 0.13639358664616735
0.991674264462791 0.0 0.9397669864046925 0.1357159273730177
0.9929338110972935 0.0 0.9394787400860505 0.10433950223356733
0.991962231279044 0.0 0.9361758470300059 0.11094690172067982
0.9931063695097656 0.0 0.9387102854022323 0.20784069695084006
0.9910291439509189 0.0 0.9392847547015601 0.14184397163120568
0.987640602085213 0.0 0.9429858428824306 0.1910603103800762
0.9939109825380782 0.0 0.9471680743195583 0.11025489033787789
0.9929479013142705 0.0 0.9396387284879162 0.06919702801897772
0.9938214192316002 0.0 0.9446987260640888 0.1009929331782807
0.9920437972581839 0.0 0.9475558224834302 0.06430175123484508
0.9948247045290459 0.0 0.9441035540405698 0.12664576802507838
0.9931743580995552 0.0 0.9430891554960126 0.17682444198195346
0.9946259876331157 0.0 0.9473790106808793 0.22336856232175809
0.993497561986207 0.0 0.9417729938197342 0.22278925792688029
0.9947092782135214 0.0 0.9413510991254345 0.23607104903597997
0.9931346351048347 0.0 0.9448440919154055 0.22291021671826625
0.9948189844732255 0.0 0.9478456063230025 0.35086200110210186
0.994808941896078 0.0 0.9460862892583238 0.2324352879027998
0.9923581137220058 0.0 0.9461027465689797 0.3189933318993332
0.99307379663263 0.0 0.9467780374334116 0.34150282790196607
0.995109657538562 0.0 0.9483496305020837 0.35666645081914133
0.9946145567985284 0.0 0.9489922912753831 0.2839007877091335
0.9956014661779407 0.0 0.9542273246436692 0.3159491750426702
0.991280123822007 0.0 0.95038758446454 0.33345312967954477
0.9888838869115447 0.0 0.9519941052003646 0.3770808909730363
0.9941398859099091 0.0 0.9512398337799974 0.3696177504393673
0.9937494746476637 0.0 0.9529334272921223 0.36497814348161484
0.9939672384301331 0.0 0.9525180054368881 0.43669790181299656
0.994161283044237 0.0 0.9570022450039462 0.5231996133397777
0.9930522327075835 0.0 0.9573288351582461 0.4650848475747109
0.9938523394765065 0.0 0.961285331012254 0.5880207812968329
0.994814254728488 0.0 0.9636496363948573 0.6415941622228459
0.9901644811739768 0.0 0.9575879161828171 0.6704564882885964
0.9878491817527811 0.0 0.9590926470949342 0.7408383233532934
0.9917497562356493 0.0 0.9600783211343304 0.697927538392724
0.9913283376675922 0.0 0.9592305694959053 0.7647599194431686
0.9926703300982728 0.0 0.961216159948089 0.7279989304455363
0.9894681349826785 0.0 0.9600972325117256 0.7910608508346796
0.9846134258318122 0.0 0.9573195993179509 0.7868383404864091
0.9879511692768864 0.0 0.9605250923108876 0.8247979970410834
0.9882163472966401 0.0 0.9576456866387317 0.7947400394876728
0.9845483215824844 0.0 0.9579427700294596 0.8096570864104614
0.9881478874486471 0.0 0.963074396136924 0.8440024110910187
0.9884898813615304 0.0 0.9643780618542611 0.8515602084790506
0.9781828627082244 0.0 0.9552895990583189 0.8304155113440871
0.9836878273173647 0.0 0.95993500172434 0.8294847381168075
0.9902698376271382 0.0 0.9660036515197168 0.8642486294158225
0.9864748640708461 0.0 0.962475011850489 0.8471667498751873
0.988350492815102 0.0 0.9650962318098408 0.8429324758842444
0.9909708845754926 0.0 0.9665497254292816 0.8817032195002749
0.9817872773608187 0.0 0.961173603698238 0.8854067707576587
0.9831330939396719 0.0 0.9601317856028322 0.8704394275347712
0.9877882493775478 0.0 0.9627764106623531 0.8849642048193868
0.98653218262793 0.0 0.9647680132442892 0.9005243068663227
0.9875474082686446 0.0 0.9626509094799728 0.8764411214953272
0.987082852722573 0.0 0.962777634866323 0.8859710761776654
0.9891445800362284 0.0 0.9591639989499365 0.8655030621681197
0.9904026690632072 0.0 0.9582890527497561 0.8669069785534608
0.9845142274934866 0.0 0.9442229499023522 0.8428751902791356
0.9907007535100039 0.0 0.9415309027546347 0.8559073341112348
0.988626688766202 0.0 0.935924837518559 0.8767980644439851
0.9891418841045213 0.0 0.9219229368428897 0.8624599610226356
0.9880225790412682 0.0 0.9006365156829502 0.8643902394430897
0.9883844353024069 0.0 0.9162336621020717 0.9398803892474672
0.984049959836712 0.0 0.17299968615721933 0.3704071680329222
