0.984107507810549 0.06809498763619362 0.17257820369300447 0.18045977011494252
0.9939909585400794 0.07004393417609416 0.15955697001763106 0.0021002100210021
0.9927226804530566 0.07063079830386775 0.17046243544260456 0.17559523809523808
0.9947717600044997 0.0664147604676293 0.16046919203670928 0.21098265895953758
0.9908533944099716 0.07406703592617729 0.16768978691620945 0.15592930444697833
0.9940948471474423 0.06645422731705791 0.1662176886519068 0.1857451403887689
0.9915189545509662 0.06714469435046938 0.1639860795053644 0.22660098522167488
0.9886871324116573 0.06286868749848455 0.16803739658479933 0.35429300989466966
0.9924897080928892 0.06466091640078356 0.17116762169398114 0.26441241685144123
0.9892222015252454 0.06798026086994802 0.17832069209339707 0.31200254695956703
0.9963119760788592 0.0669751042621398 0.17009021324189033 0.09129692832764505
0.9876881625488968 0.06770845460162805 0.18029257780016164 0.29320388349514565
0.9852590325969626 0.06748910945734544 0.1717826415666121 0.24922469692698054
0.9839726416599746 0.06446700274766862 0.18598111784984375 0.14512534818941505
0.9936695435273191 0.06685953277722578 0.18594177928072725 0.21703134240094618
0.9891761315690705 0.06335595676827945 0.19138520953970758 0.28824833702882485
0.9927679534128006 0.06078145009621182 0.18993540633919181 0.2847660139395951
0.9919289630600528 0.06611286512159892 0.18793756634765102 0.09312839059674503
0.9917912481531225 0.0645896634718906 0.19131354781810314 0.18989598811292718
0.9905224290338721 0.06501238831021137 0.1944731157974575 0.24167137210615472
0.9881922428412583 0.06250921535608137 0.200000657429238 0.3116883116883117
0.9958836329534049 0.06628669032120628 0.19635003235904006 0.24293462746217528
0.9905505325985914 0.05988193651870816 0.194696877737352 0.2393358144861151
0.9919406440646507 0.059303862024201404 0.19801556633887807 0.19142782014199317
0.983807592059106 0.05721481845654409 0.20590559165429576 0.231651376146789
0.9907061675918971 0.05348563166880695 0.20864195520674747 0.21837807915859397
0.9924125013772082 0.05081135922462951 0.20620833762406984 0.16491028197094845
0.9938525887296649 0.053754741778868693 0.20970217941822236 0.31157528285465624
0.9910349882625679 0.053914800205186394 0.21433819807522117 0.24140334572490707
0.9940897165692368 0.053372415507154325 0.21336489105384454 0.32395498392282956
0.9867627603043615 0.05382165446857563 0.2195178739627354 0.2511943676137792
0.987015701430803 0.0531606910563886 0.21442444225852153 0.2619233776387803
0.992528000039307 0.05374155434929164 0.2270651732813895 0.3810903344745852
0.9914511211644375 0.05198921589936967 0.22577210228837027 0.4083142055598062
0.9922297164043703 0.051241290467797594 0.23403288691354351 0.4229122055674518
0.9921415558828877 0.0537427869095692 0.23444982263814546 0.3427130342447571
0.99383695759065 0.05198852136413006 0.2366028379118515 0.3971514653519584
0.9932167261613967 0.05018148738141936 0.2410804872169999 0.45881427072402936
0.9930497675306026 0.05152479522091242 0.26097246934541557 0.2411764705882353
0.9887255717593838 0.04952293072663509 0.2521399105604077 0.2147788289440041
0.992466111975195 0.05102237555405597 0.26108428988613874 0.23086933888599687
0.9897452193958103 0.05078322385042951 0.2583259336537428 0.3220293724966622
0.9936539966859478 0.052565806746367266 0.2697775694961514 0.2564438619484491
0.9831903623731492 0.05342971602705918 0.26693519147433736 0.33028846153846153
0.9856201561196731 0.05021962803599625 0.2759349955476402 0.3953919491525424
0.9907562072484033 0.05339058850459723 0.28555514414597344 0.35389133627019087
0.9905775521163892 0.05638520915640002 0.2909898824391594 0.42799429657794674
0.9947920733422817 0.05169800889186085 0.30024560066008193 0.37213403880070545
0.9925693304175165 0.05410954894534482 0.30419311997926923 0.3295559666975023
0.9905642401190188 0.057027315614314615 0.3082895699536623 0.3868867705184841
0.9937463859418464 0.05768735918915426 0.3137556673336358 0.4089111521223306
0.9924471391251615 0.057577322296375674 0.32464281040359155 0.4118062088428975
0.9938094377058634 0.05806513270994032 0.3332937121122073 0.4042759961127308
0.9942784667418264 0.059776254905406195 0.3456622889488764 0.39036954087346026
0.9959269447797131 0.05904755137929197 0.3523238782509288 0.3521505376344086
0.9939194161471796 0.058427456706016026 0.35013318579275493 0.35061262959472195
0.989958376123196 0.05810162991371045 0.35407708036181407 0.3678424186898763
0.9958299853819569 0.059129510777940895 0.3605505772735154 0.3783376399655469
0.9954998501561276 0.06037845310687042 0.3728506024451367 0.4047155526714255
0.9931387315886281 0.06169030999961298 0.37866740414306826 0.3942793045429052
0.9923581820340523 0.0652272632911918 0.40325663087511254 0.32811911044101016
0.9902135903695395 0.06464938644874325 0.3966041002247916 0.3712535187945024
0.9940455768868358 0.06320663668393194 0.4027562048196719 0.32558504790325116
0.9917708333333334 0.06546070188374875 0.42156602461939113 0.27999441964285715
0.9970037745608749 0.0675971207805185 0.4327721986582955 0.24316641154603105
0.993557580794922 0.06634812379610534 0.43588048479078156 0.2633519553072626
0.9938193071329855 0.06770658104038091 0.42993930770407945 0.34261182661681205
0.9917234971933341 0.06349805224876733 0.4315288967593643 0.22281102233817054
0.9957509118241111 0.06853835758632171 0.45072157518779216 0.24008187932547032
0.9929305647542316 0.06753548369044371 0.4524676664253906 0.3946277565909468
0.9923381641925954 0.06321196023962578 0.44637237708886873 0.4844472467423287
0.9944591486487961 0.06461934140628588 0.4489946596135929 0.3473494764397906
0.9913954304099084 0.06266018864505217 0.4663991106897059 0.18759886111989876
0.9879199083361381 0.06811992275450672 0.4724334793996131 0.21736485312011125
0.9940737478284274 0.06653030844698146 0.4777996172599246 0.33812332439678283
0.9937460951452759 0.06540262498259296 0.47313272477845614 0.14114368187926143
0.9880032906103245 0.06645140785044569 0.4697986631237863 0.28869073894235014
0.9925010344682338 0.06320382764378218 0.4615502039911237 0.6439270889731096
0.9888637327196389 0.06565538844624345 0.468689856639827 0.6033947800693558
0.979878596001396 0.06265818583751555 0.47471480705146746 0.6421719109746739
0.9864546701583738 0.06278980499416924 0.48367789085271023 0.7400114700822022
0.9884700021583859 0.06289140217115541 0.49135156653434353 0.7526595744680851
0.9850208051224753 0.06950097669208433 0.5095300048658056 0.6985367809180196
0.9879348748731925 0.07263317863861313 0.518005944892052 0.6153578269197284
0.9892128502103349 0.07053720323035033 0.5251316727428257 0.7301522842639594
0.9895716494740239 0.07358964328582271 0.5438139304737921 0.6152077807250221
0.9931517507864533 0.07306760693459038 0.5526678375181444 0.5013807386952019
0.9885836268087731 0.07194003212564698 0.5691495641565495 0.6551904016692749
0.9915965784619792 0.07138234810402648 0.5704615646695861 0.5935662400553442
0.9874832034319249 0.07392124105895993 0.5865952374522162 0.5880666547213761
0.9890903652298765 0.07446855086826908 0.6168467114474883 0.5882453735435229
0.9881099573855111 0.07134435256212032 0.6160600730947756 0.5834923664122137
0.9882886153771678 0.06624890936967921 0.6399958166737729 0.5058785633757449
0.9900805451914093 0.061222779489691986 0.6467478982934647 0.6158029430582214
0.9923028291838145 0.060672849291053446 0.6711063840265493 0.4633333333333333
0.9906418827244245 0.04977608847285262 0.6992457953147962 0.596514352665495
0.9898236660418581 0.026448696796235485 0.7079288311090117 0.4996035940803383
0.9926855075851717 0.02203557950876562 0.721863809391748 0.4510803324099723
0.9859116072681995 0.01172478111558532 0.7435205306029572 0.39223824841755733
0.9889863181297777 0.009597776040309269 0.7667615728434442 0.3004233700254022
0.9893276721645325 0.009851050315150923 0.7815938867737103 0.37355106184956427
0.9920453693578346 0.006240773050597235 0.820978860513811 0.2147549019607843
0.9835785685442451 0.0016751942797199803 0.8323644188858424 0.23776028582593647
0.9868285287861516 0.011191834813812578 0.8801734953177707 0.31155088852988694
0.9850492924756984 0.004977161471128824 0.9032511607278199 0.48047625144027656
0.9893331144068287 0.0012578094764195279 0.9311522414335726 0.38328722693885336
0.9898290391055319 0.0022598720727388063 0.9246872398421746 0.3184191443074692
0.9869303236343784 0.0 0.9245849807567795 0.29253969404770536
0.9862252102731441 0.0 0.9242763762958429 0.28434979025492096
0.993075347721122 0.0 0.9344513444190903 0.6152861349379081
0.9926856310897076 0.0 0.9345481628682163 0.6428762006403416
0.9880787123361783 0.0 0.9332327620920036 0.6499083529719822
0.9907574572673444 0.0 0.9328932245583018 0.5235272771259224
0.9915837762287765 0.0 0.938554697974598 0.583743842364532
0.9924491682793517 0.0 0.9404507783468249 0.6504761904761904
0.9855797024471791 0.0 0.9343132979145191 0.6436418739739866
0.9906311824897327 0.0 0.9381979894094874 0.6224238351254481
0.9947036669970267 0.0 0.9390824193580299 0.6668201173898032
0.9888456832828384 0.0 0.9354947364970353 0.6963913568059669
0.9911192983420857 0.0 0.9434936551029685 0.7166571265025758
0.9912059823312221 0.0 0.9417550426452816 0.5849428868120456
0.9884742594107215 0.0 0.9381544221991013 0.6857986917071112
0.9916046362630322 0.0 0.9414828772708264 0.7525409666044389
0.9886502271931671 0.0 0.9421756691798212 0.7628205128205128
0.9839755127255331 0.0 0.9446466129464577 0.6868790045500975
0.9935249169667192 0.0 0.9517651142637286 0.7386251723458735
0.9889397152447668 0.0 0.9419082173757027 0.6330986543088851
0.9903627473277234 0.0 0.9472850712148787 0.6629715716073663
0.992052643648185 0.0 0.9536088756312289 0.7466347856889833
0.991824559465282 0.0 0.9476047439061565 0.7432540742719743
0.9904511435144314 0.0 0.9466761044741495 0.7292531933234072
0.9903513122945345 0.0 0.9497102414540112 0.7823661643493465
0.9912421335248649 0.0 0.9454546708673692 0.7867353723404256
0.9936559350975651 0.0 0.9463007488753091 0.7631359466221852
0.9913704217924295 0.0 0.9488625497717553 0.7388331475287997
0.9909261413958981 0.0 0.9499714463489682 0.8394890735610957
0.9912266667251117 0.0 0.9499495033722266 0.838961618565903
0.9899123381743153 0.0 0.9498206984803338 0.814939152328997
0.9887731726307546 0.0 0.9493295321775631 0.8210435817736922
0.9929197004118133 0.0 0.9522472970865179 0.8484282401442927
0.9915193518767564 0.0 0.9536034385913498 0.8428742364128724
0.9936727827815407 0.0 0.9597370297158041 0.8672152608939593
0.9894678225237047 0.0 0.9557202056083656 0.8396465390279824
0.9847718949436596 0.0 0.9555531763141328 0.8562200818963032
0.9947964616411886 0.0 0.9579995306939842 0.8287887017925041
0.989698075627613 0.0 0.9571387100907046 0.8242066119912383
0.9931826336562612 0.0 0.9583877747185611 0.8540681886754501
0.9910098324915854 0.0 0.9602405755575036 0.8532189668465691
0.9900054734911201 0.0 0.9613011119533956 0.8493732013072534
0.9924048696997708 0.0 0.9646717188181777 0.8692909651410956
0.9934721818006774 0.0 0.9667819987082359 0.8797809301490394
0.9928057090318534 0.0 0.9612533806809549 0.8603805945769356
0.9922366232230381 0.0 0.9629125412541254 0.8974428411157105
0.992305781505246 0.0 0.9605339333990762 0.816768443637564
0.9935832887435802 0.0 0.9616958296827834 0.886164267569856
0.9937218280379206 0.0 0.9651266808259629 0.9166258290045411
0.9921726287277323 0.0 0.9633051001733389 0.9198202386486906
0.9930462800297585 0.0 0.9605478390820843 0.9113284481739747
0.9954934674900663 0.0 0.9631378427222729 0.8888065029933542
0.9924841085994708 0.0 0.9587227521965815 0.8362445930933415
0.9924742969920511 0.0 0.9604114451186353 0.8651179873289873
0.9907969859182528 0.0 0.9567737253264137 0.7916006339144216
0.9934681664442928 0.0 0.9628103966458911 0.8492437184882703
0.9831883023122864 0.0 0.9589797103215508 0.9008522219352788
0.9888020522949266 0.0 0.9629095632628702 0.9033513356245341
0.9922513926919618 0.0 0.964959246905673 0.8880118316738035
0.988590901338254 0.0 0.9592321359519344 0.8340487613276099
0.9889329231678815 0.0 0.9655241999269766 0.8685747022757468
0.9911734748984079 0.0 0.9662618245573744 0.9043626930786464
0.9844753069039306 0.0 0.958957876588408 0.8678338982345969
0.9885315075884691 0.0 0.9530926071636276 0.8012326656394453
0.9885594209666122 0.0 0.9558849391213194 0.8407248021819191
0.9916484052784184 0.0 0.9540919165162869 0.8223315174639583
0.9896067318347932 0.0 0.9615936641994247 0.8714525491293097
0.9905949647146292 0.0 0.9651703888600438 0.9144684564982349
0.9925244303771689 0.0 0.9628323429763305 0.8997957221137924
0.9942462988291705 0.0 0.9588399843290605 0.8758576255514624
0.9873780097363093 0.0 0.9438577198532766 0.8513413324697902
0.992259968750978 0.0 0.9498102584108866 0.8866912309974045
0.9914202143389937 0.0 0.9427624986526247 0.8988223563652042
0.9911339614678812 0.0 0.9244427550810405 0.8653596566716095
0.992645519201406 0.0 0.8923201205026565 0.8421126962634841
0.9906231737161224 0.0 0.9108168345019441 0.9317588352825033
0.9873641691892936 0.0 0.21570256480366537 0.5134988457516949
