0.9839660769893328 0.0740406464742332 0.1721383598686504 0.23132183908045978
0.9938144891730853 0.07828969051009557 0.15946963659868085 0.04103024857741839
0.992598916805563 0.0860776670329142 0.1696988405070129 0.15864091909068687
0.9945575534702962 0.07557029154544422 0.16069498173157937 0.2649325626204239
0.9907583262377169 0.09050246063854007 0.16964884449371756 0.2063406770553466
0.9939563535752528 0.07481966011045846 0.1667266049846885 0.2372724467756865
0.9914128553633829 0.08037829140453977 0.16489457138176628 0.28879310344827586
0.9885634848110302 0.07149555104575944 0.1680149447068908 0.4095116501755506
0.9925059085635103 0.07516138149145454 0.16916339027397695 0.3052143052143052
0.9892425842451935 0.0817782854130516 0.1778642188636168 0.3530722699777141
0.9960971296422255 0.0858641300922327 0.17106111204137533 0.11405005688282138
0.9876611588048863 0.07952552567569016 0.17926362934216725 0.34701803051317615
0.9850137651439537 0.07875787739902607 0.17187981724828819 0.2752145922746781
0.9838586012431031 0.08483141885340742 0.19017238995308394 0.17520891364902508
0.9934169082724368 0.07675349866441987 0.18833578782792224 0.21773235084383172
0.9890200128465094 0.06337258916298241 0.19160655463280488 0.33280557314756176
0.9925564292724133 0.06275754364331856 0.19021894630060734 0.2904082309990043
0.9917456269791358 0.072862776482486 0.19020139388459534 0.10896003971208737
0.991754605725459 0.07317003044797919 0.19313927212967014 0.22137404580152673
0.9905126897188138 0.06963071551882107 0.19582327284217457 0.27837380011293056
0.9882188777763314 0.07024833064199362 0.2003707369181708 0.3689006466784245
0.9957970161501059 0.08342349431166192 0.1992105514414597 0.27319440479588925
0.9903933663666701 0.06886001793787778 0.1965307131880627 0.27741196679072433
0.9917696880296585 0.0723114956736712 0.20038978156336518 0.21824875098606364
0.9837150706945991 0.06645976320035 0.20782961758722948 0.23021788990825687
0.9906121751025991 0.059204609096767294 0.21009393317582425 0.22719734660033167
0.9923806725672384 0.05270039105467328 0.20745498070601687 0.17829678154371975
0.9937234087879581 0.056475112903971836 0.21062616576025991 0.2967798085291558
0.9907319472651208 0.05597873278912587 0.21480911214304044 0.18588999767927594
0.9938232019323789 0.054725219652620345 0.2135511102593963 0.30385852090032156
0.9867006307972312 0.056533033421581703 0.22074991641318795 0.24133632510595862
0.9867199092578061 0.056292785364291054 0.2151202983636628 0.20809841107124552
0.9923695440151529 0.05578132322391567 0.22728934633746836 0.32861554297478124
0.9913527734067663 0.055641051742824806 0.2266110646227667 0.37338403041825097
0.9919560801483059 0.05525918044936611 0.2350095002788478 0.4189659791052773
0.9919275944676751 0.05813151706216935 0.2357246844369798 0.32678524024422617
0.9941077294337095 0.05269430825689177 0.23671892718753468 0.35346938775510206
0.9927420160927583 0.05178234699573082 0.2406989930236938 0.4247114375655824
0.9928413896465632 0.05312882414408527 0.2597418471422557 0.23989769820971868
0.9881751114369391 0.051655366599916645 0.2518572054454575 0.196369215034518
0.9923390161524949 0.05590452132407713 0.2618777493123219 0.23893805309734514
0.9895022126823461 0.05684583372394931 0.25925848923078154 0.2966622162883845
0.9934732302046096 0.05883977157796112 0.2712885135097463 0.23001310615989515
0.9829802748931203 0.060179896833283286 0.2682724173244875 0.30072115384615383
0.985350153761906 0.054174174048853364 0.27641723607302754 0.3683792372881356
0.990653028318049 0.05889532141353848 0.28502407343858616 0.29066937119675457
0.9902910312211695 0.06158474372824391 0.2911215422360174 0.43804373383494005
0.9945346522873906 0.05398300087413448 0.3012642570164694 0.3303592392580418
0.9924957263069278 0.055895533442253995 0.30448244734040053 0.3124421831637373
0.9908636077631233 0.05843188757408973 0.30861686766590063 0.38036951501154737
0.9934883358552996 0.05947376527768253 0.31396165461057657 0.4205114684945953
0.9922312541027812 0.05968079309356068 0.32500040725234985 0.3227766525501749
0.9940013148472651 0.061189173744533185 0.33417676471692537 0.3295300715528911
0.9939809527544003 0.062054789541137884 0.34612525114489534 0.37049669580046896
0.9960793013091873 0.06115043523926601 0.3532054496993659 0.37658606655494375
0.9935231742649259 0.05902382846355682 0.35026330196303346 0.3711292200232829
0.9895752881708983 0.05871426961199299 0.35425453912177324 0.3783311489733508
0.9953582474601046 0.0600887720432216 0.36060989816487343 0.36502473650247363
0.9950878863531454 0.06130107342323598 0.3730342118553406 0.38191721132897605
0.9930495620065255 0.06307996976379526 0.3795147038717753 0.391063586022532
0.9920187855361925 0.06708417613194337 0.40270696651121124 0.30941267989109295
0.9897855015300755 0.0662835273644939 0.3967280230928215 0.34395006402048656
0.9939590252766465 0.06445709559227404 0.4027013740382961 0.29067245119305857
0.9914500307043096 0.06639291163352475 0.4207099861871345 0.26195054945054946
0.9965134393615374 0.06792954992336786 0.43195390632191444 0.23400919732441472
0.9931450086828267 0.06750315892447113 0.4323015996614611 0.2024853178993957
0.9933484669027374 0.06759383076863236 0.4258542943761971 0.2650382007962983
0.9912747711375509 0.0636701727972998 0.4266373522766065 0.17433201927288655
0.9954326161643234 0.068683624177326 0.44498364204524155 0.1899215954936439
0.9925045428850777 0.06795952287427293 0.44999579717749866 0.3014801657785672
0.9922372251568755 0.0636697684987613 0.4464016182485844 0.4959016393442623
0.9941120124161847 0.0648433181712494 0.44751368136461 0.24521646178514164
0.9908862529376262 0.06473923375761614 0.4643831021584433 0.11365288615324964
0.9874474953919878 0.07435480249710605 0.4729483088808898 0.1443733153638814
0.9939400093964724 0.07092062271766289 0.4782249990052628 0.30434385002286235
0.9936826495061271 0.06951759249997463 0.4732599790082754 0.14456226880394574
0.9877131628522382 0.06695299306431365 0.46928943681658414 0.2923243965589242
0.9921070986556918 0.06357389763591588 0.4613905351585908 0.64497143846287
0.9884512288519112 0.06598504024345155 0.4686336888944337 0.6257299270072992
0.9794874415578426 0.06313857651944392 0.4746135501097351 0.6777287550354882
0.9862665525954121 0.0632568221721691 0.4835947203301027 0.7438301128754544
0.9884140713392485 0.06349517387986806 0.49139808153477216 0.775463839454752
0.9851742213999384 0.07055113343279248 0.5097856066194156 0.7198154833533895
0.9877850807487758 0.07287758296560241 0.517811344574974 0.636078704509838
0.988938979269358 0.07094961609289928 0.5248885692808738 0.76
0.99012212385134 0.07358164940853189 0.5435203348146305 0.6481317513724101
0.9925581896422736 0.07373035705993537 0.5531096834424558 0.5279117849758787
0.9880133439055926 0.07307067068928826 0.5695541478545127 0.6808953669963561
0.990938481962923 0.07242085350845609 0.5708824495082856 0.6188433155997941
0.9868265115114518 0.07380924558504116 0.586128958134522 0.6349094744243277
0.988589356847044 0.07453824543226603 0.6165387000789723 0.6130332549546523
0.9874628320506864 0.07165611138073526 0.6156589664267593 0.5927305228660807
0.9887829901374559 0.06402036422927167 0.6390632845293326 0.5310355583281348
0.9898803126526624 0.058770415672685504 0.645879905093335 0.629720226265097
0.9919826713522569 0.05387880325713363 0.6694028715895123 0.4722222222222222
0.9904734176028346 0.04470149215945397 0.6971972165004443 0.5725371563856373
0.9890731245912583 0.024657432409111064 0.7067336362512268 0.4865700023769907
0.9920867930286013 0.020850795722394424 0.7213289051110892 0.4589973614775726
0.9850592855459971 0.011348948153883619 0.7430266941703672 0.4119905493207324
0.987906711333937 0.01586022439126055 0.7667143157883117 0.30938667496886674
0.988445414731796 0.009938926775866141 0.780122328270992 0.3394815191344129
0.9909394032429654 0.004836197186473986 0.8146302841162082 0.162182829336114
0.9826220336601419 0.001315888010441518 0.8316209755353238 0.23886618185678646
0.9858531201997041 0.006931012250161186 0.8793520829617877 0.32355425850549113
0.9839698696164662 0.004076962889649599 0.9031992384636791 0.5570846075433231
0.988095871308217 0.0012145972505934965 0.9287826987889831 0.347524223697261
0.9889609193666656 0.0018270643841601462 0.9195932228806425 0.2356281407035176
0.9858328182314484 0.0 0.9156117484888862 0.1949111074865438
0.9852815577243128 0.0 0.9226660964607483 0.28464310625435946
0.9919158874829943 0.0 0.9337871804054518 0.6393966509011888
0.991722772232869 0.0 0.9341354395668162 0.6793333333333333
0.9870330830047446 0.0 0.9327173048088229 0.6779638838000523
0.9900749574257912 0.0 0.9325078276897169 0.5350187492439821
0.9908685085342347 0.0 0.9381759220919532 0.6047569080097936
0.9913244520765416 0.0 0.9398653270202607 0.6775956284153005
0.9847398244062163 0.0 0.9339644606932493 0.6811137709462013
0.989786075587746 0.0 0.937775533266826 0.6465912907198029
0.9938931833834778 0.0 0.9388678138137296 0.7207269381182425
0.9876607723434081 0.0 0.9350463603500434 0.7417377982052966
0.9901885530063309 0.0 0.9434260932712667 0.778423993613867
0.9900590711264348 0.0 0.9413289808421162 0.6198612405508958
0.9873694634393513 0.0 0.9377251194032507 0.713834158676641
0.9907682915747262 0.0 0.9411633214329522 0.7789069791558644
0.9877916308064478 0.0 0.9417596104623744 0.7845315671402628
0.9829571449472934 0.0 0.9441904807877969 0.7070181953212031
0.9929187883725668 0.0 0.9514160805930432 0.7519486926492354
0.9879103963239517 0.0 0.9417487497366047 0.6819474058280028
0.9892824653172617 0.0 0.9469188924942502 0.7032436779554999
0.9916193140294977 0.0 0.9535674261614567 0.7724534986713906
0.9909484615809534 0.0 0.9473132352410318 0.7817922933167215
0.9896056451349853 0.0 0.9462067349011641 0.7426776599921476
0.989429066524089 0.0 0.9492551270337627 0.801727718249024
0.9901261750418179 0.0 0.9449341978270461 0.8186050378252556
0.9926504132062854 0.0 0.945907423075632 0.7883040048543689
0.9900788910055643 0.0 0.9483040410420611 0.7703145966900253
0.9897766248426171 0.0 0.949432574210025 0.864328564836179
0.9901428762418661 0.0 0.9493166388189759 0.8531027315914489
0.9888040475111716 0.0 0.9492817976444671 0.8365538890826648
0.9876400967189154 0.0 0.9487449562481198 0.8378842975206612
0.991864930084046 0.0 0.9517478116972565 0.861762432362793
0.9902869398875428 0.0 0.9530045291056257 0.8543487830954029
0.9928178244388304 0.0 0.9593641307208597 0.8814307931570762
0.988611302691671 0.0 0.9553659120225532 0.8521047983514866
0.9836101319184504 0.0 0.9549650151613036 0.8673040373207395
0.9944444838536531 0.0 0.9580169441378749 0.8436245252306023
0.9884546727111614 0.0 0.9565826251080876 0.837909428964393
0.992206669478433 0.0 0.9581314904251343 0.8745849683066707
0.9897031117666377 0.0 0.9596360441520209 0.8701761139447599
0.9887066599298092 0.0 0.9606686202375514 0.8628032476056201
0.9911237812489457 0.0 0.9639784340011108 0.8815533057654832
0.9921077035099252 0.0 0.9659447837018682 0.8889838129496402
0.9921623828763002 0.0 0.9609652444997427 0.8694692074916169
0.9917374683875052 0.0 0.962678673853672 0.9025726721591792
0.9909618164380187 0.0 0.9607256550954718 0.8571081662388121
0.992796430671441 0.0 0.961348797121489 0.8951737385517785
0.9924255239964136 0.0 0.9643336408807474 0.9250931390326729
0.9911443909141728 0.0 0.9625437667227091 0.9210583522250861
0.994030851414699 0.0 0.9609605027634377 0.9113665917957205
0.9959456465629669 0.0 0.9637375724128832 0.8986265714127485
0.9913378882546948 0.0 0.9592541269616658 0.8703853408784694
0.9931319628396487 0.0 0.9621285528330912 0.8920469299591606
0.9900106153919842 0.0 0.9566853139201291 0.8103363797107007
0.9933709426130387 0.0 0.9630254392955928 0.8560991437961858
0.9832048414563267 0.0 0.959269392022902 0.9065565615361656
0.9888902775726314 0.0 0.9630788549406893 0.9068831074187437
0.9912658541633027 0.0 0.9651882879413238 0.9044904525424914
0.9883569230205337 0.0 0.9619213994617848 0.8753136970017171
0.9886113283664338 0.0 0.967311519933136 0.8938719187104058
0.9906213146658146 0.0 0.9673226010041541 0.9238135338345864
0.9844191670188289 0.0 0.9610963357602733 0.891569351636387
0.9888139547276613 0.0 0.958527969469199 0.8488931487659669
0.9882668462525284 0.0 0.9587271386125645 0.8660805097211832
0.9921385398298419 0.0 0.9582233009456803 0.8514950039892102
0.9895816138809744 0.0 0.9646593498703407 0.8931559535597939
0.9907693083101426 0.0 0.9670932568453665 0.9272129545889638
0.9926102823054385 0.0 0.9628547545500271 0.9001672345793166
0.9946006139770059 0.0 0.965020069476546 0.9054775829448792
0.987020288113653 0.0 0.9522758937783369 0.8873757494914758
0.9921696896417591 0.0 0.9509331311948876 0.891792916624862
0.9915762409499402 0.0 0.9441587251804626 0.9038693626575153
0.9908796457175252 0.0 0.9263728057720422 0.8711226348983883
0.9929541152205238 0.0 0.8964790649413368 0.8484942248883147
0.9905305712262751 0.0 0.912063643473315 0.933522523568828
0.9867710784219077 0.00046615700167816523 0.2035512979089015 0.47615792424995534
