0.9875835733273552 0.06448555286285997 0.17104333065652363 0.3617816091954023
0.9974172139898531 0.06562630699845225 0.1578568337615429 0.2832283228322832
0.9961548122051836 0.06554157361469574 0.16846946455834155 0.3524774774774775
0.9959791509550018 0.06399789606490745 0.1585606312136266 0.3869621066152858
0.9944682751248292 0.06715259570005244 0.16556237167785517 0.31100342075256554
0.9964316779332498 0.06369318892331634 0.1646351920720732 0.35205183585313177
0.9958086356985194 0.06246953647126011 0.16234927630297416 0.39316502463054187
0.9894130971508104 0.05853370872013392 0.1650250243239169 0.5121250797702617
0.9943992176860412 0.05825971842787594 0.16890864186951812 0.3999445676274945
0.99168666883794 0.06201004256082662 0.17607089762056985 0.4708691499522445
0.9969024145142453 0.06277263231258745 0.16705448288157007 0.2440273037542662
0.9903106008550413 0.060399868297204534 0.17829078148769176 0.4585298196948682
0.9890197076118487 0.06161749160176477 0.17031042472501562 0.42599379757541583
0.9858960151901031 0.06249977127089212 0.18279480616422053 0.37688022284122563
0.9952365635865154 0.06338161934883035 0.18271447510742125 0.47279716144293316
0.9920507343157778 0.06211216875560586 0.1902153929518317 0.5448210326259106
0.9954826981627818 0.060977025762826424 0.18856871424718763 0.5081314304679722
0.9948388223902834 0.06319430711922332 0.18564191047187203 0.4437424789410349
0.9953016132146253 0.06291428391190108 0.19016223002853772 0.3979197622585438
0.9940366201915001 0.06399079523830598 0.1936704793356754 0.44664031620553357
0.9895152647732823 0.06082478525156522 0.1983467881159468 0.5274498229043684
0.9963923301353211 0.06460655769267795 0.19395172511174436 0.4484727376534399
0.9931894826710577 0.0571027532079712 0.19284953568093838 0.46550243343830516
0.9951193124787836 0.05641481915620689 0.196022724944077 0.41493557717591373
0.9866878778860791 0.055654017878855676 0.2033626303299445 0.47190366972477066
0.993642872322495 0.05283614851822858 0.20705716302046578 0.44422917243288124
0.9928967373895693 0.050586964743127384 0.2030923255460783 0.4061520934206779
0.9965712491266848 0.055119894748098884 0.20859227346703066 0.4926022628372498
0.9923703878568699 0.05545395540246484 0.2124935119797099 0.3808085501858736
0.9967062516730343 0.05422845442700255 0.21176181082178466 0.4954448017148982
0.9894833271814513 0.05382630785107565 0.2180328256531656 0.38018606990193615
0.9893170983860777 0.0533961124099583 0.2140529832749397 0.3831287542439279
0.9949183896073267 0.053985403905721756 0.22620375182910413 0.5492283129324108
0.9940536706321156 0.05199913649798201 0.22465850621126585 0.5969844109378993
0.9946666173633837 0.05085140585637101 0.23338550138408612 0.6300376141859215
0.9940374271059083 0.05307700711308268 0.23386412241783477 0.5457924077515264
0.9943312067070775 0.05188430709066832 0.23541500575781735 0.5984661736510545
0.9962451096487941 0.050746944318696245 0.24008912367072702 0.602308499475341
0.9949169105554392 0.052793498796339884 0.2599491447693306 0.4337595907928389
0.9915304490988748 0.05037042450374078 0.2515787365300645 0.3809767322935311
0.9951240933959463 0.05202153462912583 0.2598471835100792 0.4398750650702759
0.9922490883505576 0.04932551051043411 0.25711107605174127 0.484913217623498
0.9958373358949728 0.051647141511021025 0.26878475295387705 0.36063783311489733
0.9861807041308503 0.05343807993866883 0.2664435597709718 0.4689903846153846
0.9888640296114136 0.050795712961524464 0.27509475727817384 0.5309851694915254
0.9936288563179878 0.05389725884629669 0.2846746794053032 0.5299877600979193
0.9918515340753461 0.05715115680793044 0.28997275195619787 0.6247030878859857
0.9959398619132054 0.051573805702648995 0.2990411112193449 0.563366087175611
0.9949515396883818 0.05406952757694828 0.30283765314688715 0.48866790009250693
0.9904729964572523 0.05767775928513577 0.3063467928232695 0.5249709639953543
0.9955814493867923 0.05769479036047737 0.3122544600716423 0.6150804112839441
0.9943370825976255 0.05691611736994906 0.32308981928715885 0.5612728503723764
0.9953779045279688 0.05632113454167419 0.33130737456592413 0.6063545961678389
0.9954469271349186 0.05933836546573357 0.34426074787646044 0.5295037997317836
0.9962826370517568 0.05837423889637165 0.3503502510965919 0.555229716520039
0.9960466476130966 0.05867661718669434 0.3500397434525419 0.5650329877474081
0.9918534863515905 0.05795424324538012 0.3535581208237516 0.5840586349060926
0.996931807054426 0.05913376012004889 0.3599733261460295 0.5447889750215331
0.995019390481475 0.06021031228524298 0.3712642548171451 0.5573875802997859
0.9919680794689225 0.060980495677147105 0.37691239196433174 0.5323251417769376
0.994532014271191 0.06410732076881565 0.40251996164201187 0.5051272312951006
0.9927577690858213 0.06362355188072606 0.39617796416141365 0.4772126816380449
0.9950898326463364 0.06316198984372677 0.4022806178648673 0.4538498326159732
0.994384478538826 0.06485234202327378 0.42176173007635337 0.3845475910693302
0.996327330336909 0.06759609661117838 0.43336658187337446 0.4123089864012337
0.9950145550672792 0.06700977546676695 0.4378769720105936 0.48336252189141854
0.9946470044914959 0.06827036552047465 0.4307337781857131 0.4754517831440908
0.9944846235779911 0.06390635747273263 0.4361535078431692 0.4216944801026958
0.9963277300187994 0.06960225479206446 0.45478104108765866 0.4908372827804107
0.994697980067412 0.06880115760144756 0.45395423478718916 0.6331025802391441
0.9928748375962303 0.06403598423473952 0.4456756840456449 0.624422996223248
0.9955722194628515 0.06534064814582864 0.4491552566258307 0.5994312411131424
0.9937915989474498 0.06281390045821734 0.46698673687631836 0.3945260347129506
0.9902264343005268 0.06843318240884802 0.4722545920908295 0.31699573370374046
0.9934039180506787 0.06851632277410404 0.47930425174972885 0.4786116803278688
0.9955766002768153 0.06635595629746964 0.47495592320553776 0.2163832091216001
0.9905918225577407 0.0679420335079956 0.47203969283918634 0.41086098367651763
0.9944143416823097 0.06421903837631339 0.461633162126974 0.744241754192003
0.9911011129823079 0.06644262877442274 0.46894769412300363 0.6863138686131387
0.9822446128867052 0.06348860466492245 0.4753240275202979 0.7523498944945329
0.9874020711279089 0.06366996385688084 0.4830886526405745 0.821257885681514
0.9890178237350797 0.06396478436653684 0.49079892136328407 0.8085146641438032
0.9859533948426781 0.07108935272045028 0.5097839018484943 0.7771771771771772
0.9902449181880949 0.07480414614321583 0.5192573317369324 0.6875
0.990702988972722 0.07335150873985624 0.5259674883384926 0.8094949494949495
0.9912210321043977 0.0770418496460727 0.5451602005311659 0.7077303212142605
0.9937033219580206 0.07638756486295688 0.5539246947751822 0.6275826446280992
0.991064563202712 0.07524613346539114 0.5706487504420121 0.7447943555326105
0.9930001276391177 0.0735937323763367 0.5715310900675509 0.7142857142857143
0.9898829410509679 0.07634091503074138 0.5877998432299554 0.7098601522393344
0.9904995989197732 0.07767554981007375 0.617798953377969 0.6850791512293701
0.9896355280662462 0.07629248181277042 0.6174715253240783 0.654080199719145
0.9896322352687865 0.07325169088772929 0.6419475879365315 0.6277970375039394
0.9915964129720914 0.06835930358851931 0.6489152680801357 0.7010050251256281
0.993355200013764 0.06806326150670033 0.6732074352335531 0.5805175038051751
0.9907371129066836 0.05846020822483023 0.7008412022875382 0.6465840299798212
0.9911106953523781 0.03749953592965224 0.7101939394702387 0.567948380300237
0.9929048203713877 0.024879578679946265 0.7222413637487394 0.5068643602416255
0.987872100460411 0.011518105675733028 0.7445386468058718 0.472485561730413
0.9903721139299851 0.009919760009166317 0.767853733279261 0.3932694889465676
0.9913431087015503 0.010694765608576835 0.7818335477166591 0.41636255622507
0.9939496914164148 0.007834145409381868 0.8251146418266064 0.3026086956521739
0.9849680677664432 0.0018909549322407816 0.835081256529827 0.3051948051948052
0.9887458258035254 0.009507213129218688 0.8828956701196177 0.4360167078033036
0.9872572028695826 0.004921940390843917 0.9051394041885558 0.5946188340807175
0.9912722630716593 0.0015961911576513974 0.9356440781589288 0.6839056681836988
0.9913418477738793 0.0025516243588057344 0.9309442794645666 0.6002182611858857
0.9891106709559239 0.0 0.9322212912639036 0.6659563132658498
0.9881111233621432 5.694598673158509e-05 0.9287937005277045 0.42675773402973083
0.9943946918596686 0.0 0.935697751158248 0.6927309956488354
0.9939536039879341 0.0 0.9357662657008041 0.7052645572985908
0.9899265278860069 0.0 0.9350622989985908 0.7186436239853364
0.9917033718104495 0.0 0.9341059869441308 0.6210233458328294
0.9926684366368185 0.0 0.9396355836025092 0.6488102215449537
0.9940548789008569 0.0 0.9420341586353852 0.7128759957198906
0.9873119917165096 0.0 0.9360374905557795 0.7233236519762596
0.99251540945113 0.0 0.9398901209234091 0.6772711997311527
0.9958425466439773 0.0 0.9402516787805278 0.7365820020687277
0.9905003878667555 0.0 0.9370491238008448 0.7495345526229329
0.9918875754887089 0.0 0.9442954478966972 0.7839725243274185
0.9925323394902711 0.0 0.9431326319897237 0.6495220282626767
0.990578577601216 0.0 0.939822559832967 0.7300749498574897
0.9932831422827766 0.0 0.9429613672128337 0.7874922215308028
0.9908371255159132 0.0 0.9438700768346298 0.7982287665386257
0.9861725413238736 0.0 0.9464368375976013 0.7219028189910979
0.9938692604977142 0.0 0.9521830818749883 0.7740280244720742
0.9912119673475764 0.0 0.9438758660842351 0.689418272662384
0.9923155207604882 0.0 0.9490426328644395 0.7158816694968272
0.9930318794603891 0.0 0.9545099042042845 0.7703327994305037
0.993617726328812 0.0 0.9490621651040291 0.7745325022261799
0.9920731535001815 0.0 0.9479999659568673 0.7417145556167835
0.992577076974445 0.0 0.951531158540938 0.8047948056272372
0.9932183064042915 0.0 0.9472989923702106 0.8233433233433234
0.9949375046264063 0.0 0.9476209785262577 0.798998786407767
0.9933750887841415 0.0 0.9509985594889796 0.7857464028776978
0.9932166083475875 0.0 0.9518709041543287 0.8575277093596059
0.9934183562766701 0.0 0.9516128074815746 0.8472822040208489
0.9920529624863857 0.0 0.951722447924578 0.8440341109310029
0.9911112511307839 0.0 0.9512720789045357 0.8442552059077906
0.9950009344583524 0.0 0.953861108803833 0.8542567611179243
0.993814280017435 0.0 0.9553232264746417 0.8595979453357854
0.9953075925726562 0.0 0.960891058182299 0.8756641870350691
0.991275027482078 0.0 0.9570473298786055 0.8536426584600817
0.9871317387802759 0.0 0.9571801899214399 0.8633756301060317
0.995138249391986 0.0 0.9583726858690896 0.8412594650542028
0.9919630046034098 0.0 0.9588007436870666 0.8317064445239434
0.994871108057275 0.0 0.959666281347307 0.8632409467934453
0.9933388871413213 0.0 0.9619415510424052 0.8592717627200386
0.9922074670854243 0.0 0.962986821579622 0.856165731719319
0.9941731808900123 0.0 0.9663266655839318 0.8899797863124459
0.9954087882587146 0.0 0.9685748972730669 0.8975489973170843
0.9935614347330433 0.0 0.9620362298876148 0.8686237164624048
0.992705213608023 0.0 0.9634363377307409 0.9035610636128324
0.993518356762946 0.0 0.9640675905686508 0.9015215709391003
0.9945455253827873 0.0 0.9627021362124978 0.892276774886525
0.9948838320214412 0.0 0.9661854807323199 0.9199814679992058
0.9932771353304343 0.0 0.9641462317586593 0.9178617177492423
0.9922247771728345 0.0 0.9599540736914841 0.9071371243423204
0.9945961245373395 0.0 0.9629714247987644 0.9044148563419762
0.9924678509847624 0.0 0.9612243769036893 0.8984939452528747
0.9917636852183445 0.0 0.9617841226367659 0.910523136402078
0.9915932060015137 0.0 0.9628338842026445 0.9112783751493428
0.9934291664139423 0.0 0.9652730720585249 0.9052810827546552
0.9834067012223967 0.0 0.9594481279581514 0.9084990813962777
0.9885898010218258 0.0 0.9631870014941887 0.9101382064447266
0.9934269141953197 0.0 0.9677106759080438 0.9231895704973658
0.9891284451949169 0.0 0.9649345965858761 0.9142151220784801
0.9898625522773473 0.0 0.9693587308106998 0.9094296616897585
0.9921284707871065 0.0 0.9685849774302087 0.9248418103656475
0.9847896755013545 0.0 0.9637580323963021 0.9191051050390113
0.9875674385520473 0.0 0.9651520570613995 0.9201114862839903
0.9899414733549747 0.0 0.9672449790739003 0.9313808971664613
0.9913626240226348 0.0 0.9676164289158754 0.9286384197202971
0.9904696812552873 0.0 0.9691885122622852 0.9227527567028271
0.9909615744091412 0.0 0.9680500355677929 0.931313279432643
0.9933053381277218 0.0 0.9650968486596765 0.9082298658690687
0.9945547648812386 0.0 0.9657518529252311 0.907344731872917
0.9879972424631746 0.0 0.951163759968139 0.8776648416303657
0.9936493303936765 0.0 0.9493840588390312 0.880459299541164
0.992040669057697 0.0 0.9415191401138787 0.8919671526548897
0.992155910028205 0.0 0.9225264141887317 0.8573035062775352
0.9923131523713943 0.0 0.8957122508898108 0.8454816154474998
0.9915587215895478 0.0 0.8987492207266988 0.9149736720165129
0.9877457949497989 0.0 0.21272607484441278 0.504395486860191
