0.9840960809746725 0.0859969966018955 0.17022027336355494 0.20833333333333334
0.99397019743808 0.08998379426219735 0.1566298727379229 0.029107192835152534
0.9926725277674363 0.09362641763893283 0.1673445802973095 0.16238510487862362
0.9944607128367657 0.08344470714267703 0.1580049606143775 0.2563532401524778
0.9909146283687751 0.0989313168471018 0.16665317555410403 0.15640527111687189
0.9940675967665866 0.08479913241183801 0.16461997773822926 0.21721690836161678
0.9916719027304695 0.0876748877632503 0.16303045549598277 0.25892857142857145
0.9882341996853752 0.0775591531326803 0.16549079292016508 0.3983402489626556
0.9926358936913464 0.08079477985849869 0.16865255864038578 0.2618310482087572
0.9890504950901845 0.10325458045747284 0.17818899994015203 0.3218720152817574
0.9959049892218663 0.09899657558740975 0.16994725835409277 0.08959044368600683
0.987803425904742 0.09701102371726361 0.17927302104049656 0.3420249653259362
0.9853112843018695 0.0931593985015978 0.1709519921751853 0.2556209850107066
0.9837534425344837 0.09758638652543844 0.18816548299790398 0.16750596342433077
0.9931903781192668 0.08905710684551128 0.18637658939516805 0.21479019526381388
0.9890537425847324 0.08041624677353493 0.19128130686348674 0.26211801896733405
0.9925553904786513 0.0779060853757311 0.19004535334377834 0.3016926651178228
0.9917801475610581 0.08247333980672483 0.18850289674770446 0.13046953046953047
0.9916605562888009 0.08405566759713114 0.19229316460148826 0.15478564307078763
0.9904139974628868 0.08014503649887032 0.19389185254397498 0.26514511129895746
0.987938528463978 0.0902192007409711 0.19839571697186947 0.3403946604759141
0.995558969124029 0.09575703524695886 0.19707348317519705 0.27747644875820726
0.9903346739460189 0.0808398597030702 0.19570757589299512 0.27311766389922704
0.9916207120563081 0.08422589411766972 0.19996314768982082 0.2511175387851696
0.9836261550370886 0.07521965057706786 0.20470212539824956 0.2497133027522936
0.9905009099681206 0.07550257905622752 0.21027467883845538 0.212854941668501
0.9920738791835875 0.061945343660639376 0.20479480817574797 0.22927940757618911
0.9933058213424878 0.06634883381223941 0.20999969431517096 0.3321729039744706
0.9895785395832877 0.06416464891041163 0.21254911581247207 0.19191449814126393
0.9929272462868651 0.06095294146496971 0.21091716366272364 0.34137191854233656
0.9860537190082644 0.06455656347834351 0.21876776285743388 0.24434611602753195
0.9863544470275332 0.061528031516857144 0.2140618558384254 0.2091901497842092
0.9921386158559204 0.05968311402634872 0.22610374762908925 0.32706002034587994
0.991534716758458 0.059634345263714535 0.22479667971328945 0.414437152953054
0.991730515126415 0.05985054150394491 0.2336026505700435 0.46507254164427725
0.9916023236457047 0.06901286558590682 0.2350894050494394 0.3902309530130077
0.9943545755094211 0.05861821997717715 0.23470990302065745 0.4341276362640373
0.9919573591350881 0.058325161246377655 0.2393433850532982 0.479800629590766
0.9920003414258798 0.05735611884160827 0.25745646387222987 0.29130434782608694
0.9876134226911688 0.059029187553852745 0.25127516216714385 0.28330350294042445
0.9913323165667517 0.060889634913973985 0.2614642195525978 0.3185840707964602
0.9889768804571694 0.06222700873266966 0.2597882955890495 0.33724966622162883
0.992942040606776 0.06524978934547034 0.27066390376921 0.2199650502402796
0.9824788835098949 0.06621003157998619 0.2676519657884618 0.30276110444177673
0.9848532096136294 0.06300730340059064 0.2764779360829164 0.4001588983050847
0.9898290822239466 0.07108564054879785 0.2860985735162888 0.27127127127127126
0.9895124982633479 0.07519307658134847 0.2917398403542202 0.4527027027027027
0.9936489407052712 0.06517226702753436 0.302258437058899 0.31603053435114503
0.9918036609250978 0.0616618228543382 0.30458206108112684 0.29740980573543013
0.9902799330408963 0.06342332568978147 0.308702855822332 0.4012517385257302
0.9927386889712068 0.0641411122413389 0.3136954733049889 0.4384392301608226
0.9914270758470735 0.0687330984184217 0.32529945404540045 0.27229980051296665
0.9935386100739998 0.06863893355524113 0.3353154596815614 0.2630948817719246
0.9932040060338035 0.06854997631731292 0.34668413301573364 0.3393258426966292
0.9955309152553176 0.06880507219986094 0.35388094453902114 0.383115338882283
0.9928304337988969 0.06486677220848021 0.35055874605278226 0.3363197794624397
0.9887602985128917 0.06464172221824004 0.3541488038747259 0.23343949044585988
0.9947188105464047 0.06605099837937571 0.36020883671347453 0.37553832902670115
0.99427037635929 0.06989414043559697 0.3730614683867697 0.40585323864859046
0.9923506160796425 0.07000548436954679 0.3799420860848746 0.40744368266405484
0.9909322152810341 0.07758781063804499 0.40361737440662426 0.3356856761396147
0.9888122189858779 0.0730512414806622 0.3970084986023069 0.35417986067131096
0.9937786169117185 0.07034988559001756 0.404189055799468 0.2789013391637059
0.9903791881357451 0.0709306168058595 0.42197418579088164 0.31131458469587964
0.9954396670883775 0.07154201647164096 0.43269521057072036 0.28088029512784635
0.9918880438089444 0.0714428222622452 0.4330530070731112 0.21757937537849295
0.9920908985563817 0.07189665758394163 0.42615453245788376 0.2992393212404915
0.9899857477794749 0.0670590071891713 0.4212727048992627 0.1620706874549187
0.9941531725039505 0.07273974810999831 0.44149383831731565 0.21604480685281277
0.9911386554774755 0.07208213166318565 0.450459712019576 0.410015123508654
0.9912949649893008 0.06741972278870416 0.4467221100328796 0.49516400336417155
0.9928591003121188 0.06952737788220247 0.4501895398851799 0.36229406279142057
0.9895122361276917 0.0680001838541577 0.46675838351918714 0.14258434118395927
0.986148880998729 0.08055404370996237 0.4751108585726263 0.19956899869160316
0.9926290617871374 0.07755035818220885 0.4793753044543608 0.3403273185060848
0.9918914074699718 0.07443798906263327 0.4733758962036227 0.14438084054992906
0.9862458313248271 0.07156289312254399 0.4690120378380518 0.2689488400211592
0.9906335835587179 0.0675484917342918 0.4616576353549897 0.6124714332353901
0.9869112095847694 0.07014232682055346 0.46902149401466475 0.6340573097280525
0.9779773516232168 0.06702295274977059 0.4752807357096775 0.6899462778204144
0.9849535434573546 0.06735374134774585 0.48440435866427617 0.7555470543228768
0.9875966952651744 0.06781397376157697 0.4922854252487623 0.7939278937381404
0.9837088063240327 0.07443042892425145 0.5102223057384481 0.7513067953357458
0.985863331737965 0.07755826371003204 0.5183852901424156 0.6143130767891346
0.9870487981057173 0.07682617636540132 0.5257578107779347 0.7607723577235772
0.9870005230501985 0.080877745042171 0.5449003719120219 0.6794394181302111
0.9909400465030519 0.08039441880905296 0.5539365683892573 0.5366401659177324
0.985847596460649 0.07933450900315575 0.570181418000542 0.6871643859345228
0.9887337800340995 0.07831634431942326 0.5712861195005327 0.6314152410575428
0.984323058505945 0.08080888551287158 0.5874150055638682 0.6746817538896747
0.9863585879379183 0.0816426890501997 0.6177176103278565 0.6499668214996682
0.9851659376114446 0.07919598391169397 0.6147285045073161 0.43289585097375105
0.9858726284900782 0.07434640175737516 0.6390639498528469 0.4104074619538537
0.9865056991679655 0.0710977588796769 0.6473806530452947 0.6437704430567945
0.9886185682670626 0.06893225169918878 0.6708084503192547 0.4025
0.9875339388853236 0.05697647026042551 0.6994431049835045 0.5990253147421145
0.9854099285399336 0.028556440510522266 0.7063533786132473 0.5265236277477952
0.9890709508112779 0.023756462450871287 0.719970512267272 0.4040719696969697
0.9816723688676918 0.014218558664081853 0.7414470860870311 0.35512076876460913
0.9843620782210444 0.02194738072720547 0.7644781718560475 0.25609756097560976
0.985957104770235 0.0057207419263722815 0.7750062318369562 0.24739556472408458
0.9873268735971972 0.004577330901074783 0.7983901141282459 0.10238886050076648
0.9792131905662227 0.0005813734409233071 0.8261243775692728 0.20005941518482367
0.9831314904318117 0.00304457762935769 0.8736538983104928 0.255769979422724
0.9806299670682571 0.0024281998581276486 0.9002152832723057 0.5171515906260613
0.9842303538515262 0.0 0.9157493338456459 0.18376541842085825
0.9856162926117188 0.00021169621593014024 0.9088065968138391 0.16480482794042117
0.9823788844396819 0.0 0.905446512371358 0.15249487157262143
0.9820475049599211 0.0 0.9200330945089544 0.29625978862055746
0.9882433167215648 0.0 0.9316646860764508 0.6977451228781353
0.9882762228088903 0.0 0.9320016145387895 0.7220245156188216
0.9836164670258717 0.0 0.9301765251374445 0.6764990328820116
0.9876322382373228 0.0 0.931600976313069 0.6456997701705577
0.9879310710936915 0.0 0.9360555848235143 0.6198534166846303
0.9880319922009507 0.0 0.9380003529344512 0.7359113416647017
0.9819176991368184 0.0 0.9325522866307304 0.7612465443578789
0.9867165170743621 0.0 0.9361442248492837 0.7090604026845637
0.9911185224121368 0.0 0.9375421248104127 0.8039463118045199
0.9849067492482343 0.0 0.9336391907565513 0.8059002830394077
0.9875953236420963 0.0 0.9421286997616671 0.8381450329620368
0.9875373021558252 0.0 0.9400788632159891 0.6743468422135364
0.9849409995372512 0.0 0.9366320110566232 0.7668312152084865
0.988795727089266 0.0 0.9402456022398125 0.8276789408357468
0.985586283417422 0.0 0.9407190446239967 0.8218062605752962
0.9808401534645648 0.0 0.9431829597904613 0.7529379106134912
0.9915534679220414 0.0 0.9511620931824999 0.808964572323351
0.9859435328878366 0.0 0.9410042232167173 0.739446612273856
0.9873287741330962 0.0 0.9460367595174893 0.7506859014072041
0.9896581813602129 0.0 0.9529105100070654 0.8236018290538164
0.9888504298196867 0.0 0.946205142998987 0.8201179266038898
0.9878460763964019 0.0 0.9453452546314957 0.7793888369192392
0.9874223762529311 0.0 0.948229667532334 0.8342894607441403
0.9885353831747529 0.0 0.9439665674561323 0.8577657124053966
0.9910117256563544 0.0 0.9453689637909174 0.8415751609238925
0.9881716541602628 0.0 0.94733565726391 0.8085404528357548
0.987812780516079 0.0 0.9481961705958534 0.8821928166351607
0.9880991257350379 0.0 0.9481986359833343 0.8779842797326085
0.9868083225614442 0.0 0.9483816959618919 0.8734501627762
0.9855810018025154 0.0 0.9476973055134029 0.8664347597794697
0.9901157162062336 0.0 0.9509238007803534 0.8902274911887216
0.9879019822894759 0.0 0.9519610337151342 0.8828266433610088
0.9908825657609727 0.0 0.958545827032354 0.9116920034606353
0.9865930006298117 0.0 0.9544150875354284 0.8792741276695064
0.9815256166627003 0.0 0.9539529788299443 0.8935841720036597
0.9933910673538601 0.0 0.9578457710400488 0.8781462676893161
0.9859947018970664 0.0 0.9555451571406481 0.8703158322331674
0.9898687186346832 0.0 0.9571456228860368 0.9051702522441202
0.9873892206874857 0.0 0.9582659887172181 0.8865288132414311
0.986439840806121 0.0 0.9587983271774255 0.8564335761681593
0.9887426773984226 0.0 0.9621313798715246 0.8760968438461891
0.9897516991972662 0.0 0.9643895232062621 0.9008169064109395
0.9900883909620913 0.0 0.9569269453751769 0.7837223565063675
0.9901890056088628 0.0 0.95516502425075 0.7113722675757304
0.9889925469382856 0.0 0.9518880195111097 0.6728244112487375
0.9907104982752133 0.0 0.9577323618709261 0.8366058029014507
0.9901628043197385 0.0 0.9604778104535613 0.8629452322885617
0.9893008014528801 0.0 0.9608575399778174 0.9160659890822451
0.9938846759657698 0.0 0.959735151732719 0.8839774330042313
0.9950739346701065 0.0 0.9609248697293284 0.8452787838596133
0.989829994428749 0.0 0.9474384237302453 0.6729623926232398
0.9924829773331656 0.0 0.9560138210936214 0.7769120814962452
0.9880893880893881 0.0 0.9479647646437666 0.6947249272341802
0.9926707053418611 0.0 0.9545941627029016 0.719730786532406
0.9819864876026979 0.0 0.9553602529633575 0.8488647977806979
0.9875590753492792 0.0 0.9564864770759538 0.8130103342689462
0.9896000300327289 0.0 0.9547418177670371 0.7628240565626
0.9870235533278787 0.0 0.9475541820428147 0.7141240140072866
0.9869012642192886 0.0 0.9522505698185807 0.7460912236035685
0.9890732614570922 0.0 0.954032935231145 0.7910518945467091
0.983246824789954 0.0 0.9301437653610468 0.6495636542420797
0.9881699796491885 0.0 0.9266979221087932 0.6400537854588145
0.9867705914030789 0.0 0.9173701967585609 0.626417591852797
0.9923625687950217 0.0 0.9184078947596145 0.6346387862413897
0.988957188902352 0.0 0.9213850906977455 0.6648365465213747
0.9905116477992861 0.0 0.9276202197646517 0.7210513327995085
0.9921371533903126 0.0 0.9151674452545527 0.6987176441624519
0.9939040187205308 0.0 0.9132743963639633 0.7102876554367813
0.9863156623596184 0.0 0.905560333273767 0.7334152552937615
0.9906658167169367 0.0 0.922796688026163 0.8087097127073334
0.9911762765734161 0.0 0.9370328160426865 0.8862372770946991
0.9899315516424876 0.0 0.9212976702384486 0.8623479660811362
0.9928940842573735 0.0 0.8893191547120571 0.8376629852989089
0.9897363049783664 0.0 0.9085454658249312 0.9306317896900844
0.9870208398431919 0.0 0.23402101527711694 0.5648927489322626
