0.985205664451933 0.08055675444351473 0.17420309111444865 0.1992110453648915
0.9951886333409025 0.08019474904776051 0.15937505573489807 0.16810640340052105
0.9937096742368935 0.08558086538094058 0.16897087485156695 0.19220665499124343
0.9954707695273695 0.07962011795767114 0.16141150979826838 0.3338264299802761
0.9919778785975703 0.09017419307939628 0.17041815743287075 0.1880231809401159
0.9951743340375333 0.07824423494680555 0.16922278318326017 0.3724159210120333
0.9928817090512252 0.08489950888644703 0.16554021184778345 0.4358502148557397
0.9890064281857414 0.075312008870921 0.1686210814196597 0.5096410560664492
0.9934597505026175 0.07562721097387609 0.169105351658973 0.2104635761589404
0.9900294829326275 0.09429905517679812 0.17876772431795432 0.470533208606174
0.9966440580246175 0.09534108041739106 0.17180138453904806 0.2321525885558583
0.9888623249578908 0.09359508777690141 0.18114334075125227 0.4790190735694823
0.9863391525710486 0.09076856190522196 0.17413294797687862 0.3360421699978036
0.98462342634939 0.10245461118141508 0.1912237785122885 0.4111942366306456
0.9940869973979722 0.08583786120200713 0.18867260614869266 0.25135054021608644
0.9902370586242464 0.07235525842776991 0.1941289576170379 0.2489070652940347
0.9936821288468084 0.07086936817855659 0.18995256682237088 0.5211360634081902
0.9930059946858851 0.08432458902510548 0.1918845469341557 0.3575302461410096
0.9930036173436966 0.08010968788358684 0.19440370690699724 0.3507246376811594
0.9915997896295142 0.0717921865522605 0.19696263681133347 0.4169688179840464
0.9887647008744512 0.08972143512403827 0.2041194322009415 0.5446979865771812
0.9966095528321283 0.09082148345293345 0.20128445308588713 0.5018555523836712
0.9913478032045534 0.07678389828466221 0.19753680955015362 0.5315804515575879
0.9926391215790477 0.0843455605033994 0.20184001555981812 0.4664578439049856
0.9844133511662428 0.08145335570404406 0.20925337299514674 0.48900804289544236
0.9913644636073824 0.07252163124424857 0.2127832252876695 0.22490421455938697
0.9928508657049626 0.054578697276051545 0.20755491434195 0.2473257698541329
0.9942809144693594 0.059556453079728136 0.21126001878341993 0.4877721042730449
0.990699990382239 0.060070919253026024 0.21551132971266526 0.42612320518758684
0.9942390887684136 0.05496441149668744 0.2129668741526199 0.5453100158982512
0.9872256549196944 0.06410512517007208 0.221482068832348 0.4564835716077251
0.987644075047363 0.06412385857697171 0.21515757059555787 0.41149188353517135
0.9927257629841815 0.06325100716416301 0.22823525174143364 0.541459781529295
0.9916232297403619 0.0589525375101308 0.22719050029796625 0.5463437354448067
0.9924133731708279 0.05450149052648512 0.23499049589993773 0.6401931848671853
0.992333862217281 0.0638411225924131 0.2368510308009151 0.5696840987523228
0.9945625518163417 0.05710666130792676 0.2378433604055662 0.6080525883319639
0.9936995970890464 0.05504521682667034 0.24096789711889796 0.6411332633788038
0.9934555943121157 0.054472598921389566 0.2597763216049501 0.4391304347826087
0.9892372900439615 0.054270640355226746 0.2511845184402878 0.39606238813602657
0.9928763420563852 0.05927145693223965 0.26269782575354256 0.471889640812077
0.9903441961127065 0.058184859208795243 0.2600871855228127 0.5538666666666666
0.9940209400530935 0.06363126619050377 0.27274203885615894 0.3982088248143294
0.9835702177598122 0.06783060300403282 0.2704075542977164 0.4621603413429149
0.9858724118435964 0.05733115668526003 0.27762220767999185 0.5810381355932204
0.991153452269833 0.06840482583657818 0.28917633101809703 0.26815001720380777
0.9904787768582216 0.06807112692662222 0.2927956882311706 0.5041292639138241
0.994620078679181 0.05965953220135776 0.3029750713174274 0.4546606334841629
0.9930567145423665 0.058367526005032484 0.3055435837969792 0.5045395590142672
0.9904145435185829 0.05952725540053705 0.3085269359583432 0.5515499425947187
0.9941060903732809 0.06058379150977424 0.314306057394457 0.659108884787767
0.9927332532966335 0.06187377431162152 0.3255639542429435 0.20964070882783287
0.9944698118440843 0.06862176165803109 0.3377888753472119 0.2302042278753135
0.9941447744041245 0.06534787565216067 0.34814149186879656 0.28040577792479876
0.9960302485260459 0.07267033145356061 0.35583809433970004 0.5908658420551856
0.9941803684428806 0.06165930056654703 0.35139064821682514 0.5778352738249245
0.9900878346840921 0.05771350522380907 0.3561489300171142 0.23850647701295402
0.9955961846505258 0.058811643512412796 0.36014520974741293 0.5775193798449613
0.9947893956834358 0.06215882991078205 0.3729041874437359 0.5445323595049706
0.992602861369104 0.06328671372329653 0.3797240945750418 0.40898907868944273
0.9924254961923608 0.06546346151604367 0.40237921645679636 0.519992455677103
0.9901741682951084 0.06791788931623657 0.39794620760566657 0.4341281669150522
0.9940632456431786 0.06571870178005113 0.4036630229265563 0.35855878319411544
0.9919429758422509 0.06285806235404887 0.421501908417193 0.46673455532926
0.9963473917083963 0.06425394898859023 0.4319129448779956 0.36929761042722664
0.9930237537898512 0.06268795636826793 0.43604909906135103 0.4589011619566777
0.9933181378592919 0.06556572571754317 0.42927390471854204 0.48893488298041715
0.9916590967406148 0.062360135222457265 0.4313898404914364 0.27175717334598054
0.9954176157472259 0.06666703751037784 0.4465787283370819 0.27962833099579243
0.9921240549290461 0.06664707864636568 0.44949477170787056 0.25305225459873026
0.9908395316904655 0.06276530979328666 0.44611755961355715 0.389685567688462
0.9929729330034559 0.0666620326282644 0.4493085546907801 0.15643350159678582
0.9901943590047523 0.06866206036468234 0.465635458498937 0.09222746767873122
0.9867298785495935 0.08066161500770555 0.47334754621796127 0.1346707193515704
0.9910281923917603 0.08217058337493832 0.47942188214432624 0.23760330578512398
0.9909090574315326 0.06648188260539759 0.47186637781191715 0.16108942182561814
0.9872668248834893 0.06606483617904937 0.4691804422979115 0.32239366478896236
0.9917249615049669 0.062376877594771826 0.4616621311858696 0.7533015407190022
0.9874526194350757 0.06486743566992015 0.46869905758023206 0.6687965921192758
0.9781813422743505 0.061933084323777726 0.47476224557165286 0.7596517789553369
0.9846648713345302 0.06194179595797978 0.4833182409194861 0.8376052027543994
0.9860630505262479 0.06183250181355204 0.49119150945733114 0.8100453172205438
0.9826187117078897 0.06920232597860826 0.5095616619565871 0.7847821722545674
0.9861642052242577 0.07217551065876118 0.5179728177719339 0.6993418773813648
0.9875585386243015 0.07098726516202244 0.5251083277712717 0.8049467122461291
0.9876703454894433 0.07324042393390637 0.5438281738970865 0.7362753751103266
0.9915857791051634 0.0734687918656178 0.5530917613124211 0.6060656836461126
0.9878293127484467 0.07112127901053629 0.5693568664346794 0.727167054134839
0.9901035131931272 0.06986029372305601 0.5704087702202618 0.6956446295332293
0.9861846638800732 0.07293685946737338 0.5862176386948121 0.69179560993163
0.988032527406266 0.07387789183361532 0.6164273847866099 0.6687648860156515
0.9868650511223637 0.0697483003933618 0.6154071251975844 0.6591088017635018
0.987244348371261 0.06064722299334807 0.6384150739343877 0.5573401863154513
0.9881402025397453 0.05124658506679287 0.6442098714754391 0.6765997490589711
0.9903174232268697 0.04387763093039004 0.6672572349880558 0.5300090936647469
0.9878281611137559 0.03513609138466982 0.6954397624101625 0.6328882642304989
0.9878083025225816 0.016775037001804254 0.7053733877184167 0.565406976744186
0.9905944425509191 0.010644777432507881 0.7196612448580695 0.507123473541384
0.9836931708591421 0.009817222536272848 0.7431637028668443 0.44120453822500266
0.9869406210519317 0.026349096766770223 0.7690489820250536 0.36715141146278873
0.987380403894335 0.008777740973832394 0.7808462027056493 0.3888136403473827
0.9892315601326152 0.009195601101166025 0.8192941910758456 0.21632181866619304
0.9811329443730051 0.0013364463408743258 0.8313990930047335 0.2529271523178808
0.9845111678981406 0.0030890529846135744 0.8791338063882378 0.39072018693148625
0.9820972345046162 0.001813294455328261 0.9003033001101745 0.4711261816687217
0.9859994958523448 0.0003449560525988989 0.9144954804373098 0.1697875955819881
0.9871836965362919 0.0013254337481940965 0.9103697824450007 0.16600540126029406
0.983786661613393 0.0 0.9097778207806776 0.16551538228257573
0.9832945095258994 0.0 0.9225002832982153 0.3340958190367264
0.9894903936243594 0.0 0.9323361482217976 0.6909832929473282
0.989368362927262 0.0 0.9325558531151622 0.7120286776420606
0.984655187000993 0.0 0.9312282009858747 0.7241154197675936
0.9881328689462766 0.0 0.9318547822868635 0.6420708842385388
0.9884580525981116 0.0 0.9368852683132147 0.6617113426196887
0.9887463833250603 0.0 0.9383556875667146 0.7258907363420427
0.982447919171404 0.0 0.932799668850964 0.7490260148297097
0.9873675129405965 0.0 0.9363834451472538 0.6870733072188024
0.9913195368758262 0.0 0.9372441873188486 0.7489087985297496
0.9853793861841448 0.0 0.9335941845020381 0.7614157745247979
0.9879551615335086 0.0 0.9420271317292628 0.8111250427447851
0.9878556894157166 0.0 0.9401434896919955 0.6650846058605036
0.9853737203596008 0.0 0.9365332691504682 0.7488171590789612
0.9890310913912593 0.0 0.940163017368959 0.7983820784069695
0.9857909642302615 0.0 0.9405665572756814 0.8036724671719868
0.9811269705611861 0.0 0.9431121868819708 0.72569573283859
0.9913982975870065 0.0 0.9506079665925428 0.7809458263690886
0.9860331376961685 0.0 0.9407242279163474 0.7071460275188637
0.9874004573588493 0.0 0.945732877727959 0.722009782125389
0.9901564687427964 0.0 0.9526604778335607 0.7895716945996276
0.9891012178132392 0.0 0.9460965483009807 0.7932227446110175
0.9880831353531839 0.0 0.9452596267158067 0.7613120400814154
0.9876403239798328 0.0 0.9481798058242443 0.8134556574923547
0.9886547430827927 0.0 0.9437637554408498 0.8380031407554344
0.9908904905137008 0.0 0.9449158954358958 0.8242905788876277
0.9880554156388168 0.0 0.9469466530867262 0.7906081031034738
0.9881047614602521 0.0 0.9482271627457453 0.8678549477566072
0.9885396553349011 0.0 0.9483389875202207 0.8664102374435979
0.9868127059994136 0.0 0.9480596890152149 0.8563892552231555
0.9858251627552157 0.0 0.9476140022680429 0.8506626227994989
0.9904000348714231 0.0 0.9509106109535597 0.8740669240669241
0.9883402914405427 0.0 0.9518221887067205 0.8672422422422422
0.9910510743277182 0.0 0.9583537247789837 0.8951352692975925
0.9865186863180058 0.0 0.95429493968767 0.8764038337155289
0.9815947827656828 0.0 0.9538452142355458 0.8840213584429006
0.9930787417313317 0.0 0.9574034501562212 0.864660025985275
0.9863741385328995 0.0 0.9554751663053738 0.8557535641547862
0.9902055140881667 0.0 0.9569849885409331 0.8887659103486442
0.987645059925262 0.0 0.9584999909951653 0.8873300341132946
0.9868609284185201 0.0 0.9596109967280484 0.8780712828979315
0.9894793072424651 0.0 0.9629799913720667 0.8906767628963559
0.9904455426918471 0.0 0.9648278656559479 0.8955925826390755
0.9908929056852723 0.0 0.9600927957583045 0.8754852682767357
0.9903063462210361 0.0 0.9616864213845185 0.9096799224054316
0.9899661537975649 0.0 0.961318185753995 0.9081992225814655
0.9916683525950653 0.0 0.9607128915499478 0.9058928817293129
0.9913440830088378 0.0 0.9635827772242962 0.9301002794673681
0.989929606466219 0.0 0.9616837726476899 0.9248612274009985
0.9929388534990522 0.0 0.9602872705982394 0.9161219721392446
0.9945271900241236 0.0 0.9629463867522924 0.9102114635503618
0.9914554048382384 0.0 0.9607293974722688 0.9076126937419142
0.9919002727334384 0.0 0.9623392917438678 0.9220725740031975
0.9887088708536731 0.0 0.9599617275565864 0.9050692769659999
0.9925119840879661 0.0 0.9647030554215882 0.9079618394442979
0.9822399444666161 0.0 0.958883095049227 0.9140477092010602
0.9874422767219311 0.0 0.9625485559513146 0.9169543818408874
0.990923005892882 0.0 0.9658876494465102 0.9224877996651587
0.9873805185896871 0.0 0.9638976143081937 0.9181836305918076
0.9877094391276474 0.0 0.9681526649487133 0.9138923429948594
0.9897521559735336 0.0 0.9670154508869986 0.9277513808157063
0.9831474978205442 0.0 0.9631339933948476 0.924507453121029
0.9878880998687246 0.0 0.9650661476471533 0.9186232710822875
0.9880857814252483 0.0 0.9658585204238977 0.9316436878506875
0.9915334872481679 0.00035385704175513094 0.9673248001688068 0.9275322718202217
0.9900930392832529 0.0 0.9687593271696197 0.9210540023663707
0.9901318867458259 5.349309939017867e-05 0.9667521688262952 0.9265290626810798
0.9915546045316873 0.0 0.9639589602004537 0.9093526181991247
0.9938325906368497 0.0 0.9651034115021785 0.9071041348888981
0.9859112980922856 0.0 0.9483650199941661 0.8713994465641226
0.9913349498782775 0.0 0.9458204969435956 0.8723887954532275
0.9908656057180086 0.0 0.9358955475440367 0.8745795241841413
0.9902001581537506 0.0 0.9115239043927729 0.828943228300445
0.9921380206310765 0.0 0.878812378835669 0.805875152998776
0.9898346605541452 0.0 0.8682551032305827 0.8758345745930894
0.9860435043302623 9.154994049253868e-05 0.20490599245798186 0.48508243721896405
