0.9844400362339613 0.05507884748435041 0.17485139199726304 0.40804597701149425
0.9946034250539139 0.05294122383468918 0.16213746567454346 0.3896140749148695
0.993092734414257 0.05643121282195547 0.17189134220873997 0.328042328042328
0.9949411971071895 0.05194117053614117 0.16105283842727192 0.47045600513808605
0.9911831307330291 0.05448549114811167 0.1692534874228316 0.3704409363091998
0.9944790844081776 0.05223759766214739 0.1696150368021612 0.41808083924714595
0.9922313562194621 0.05180776683037204 0.1642531003853896 0.4729064039408867
0.988668626032728 0.050788162646647296 0.16933342092882941 0.5912711054475948
0.9929199232254174 0.049401714770264754 0.17053428347369498 0.477549889135255
0.9895142195509068 0.05229479570591832 0.1781147986423977 0.5066066066066066
0.9964013758005443 0.05320151322486676 0.17125580167075835 0.32480091012514223
0.988260147112732 0.04886958701668544 0.18256339668264865 0.5226074895977808
0.9857318040828104 0.048999964912627945 0.1715898644703661 0.48650927487352447
0.9843404829388835 0.04992197676068145 0.18660612904384605 0.4813370473537604
0.9936595903965088 0.053213655736699374 0.1876811317876754 0.49496872450367146
0.9896108704878949 0.047416934457614766 0.19175040006102223 0.6291139240506329
0.9929894469066121 0.045568514641868764 0.18976938577984556 0.585131098572851
0.9924878653919995 0.047398964086290546 0.1890097652903889 0.5181318681318682
0.9922093824698274 0.04956922896267485 0.19284879952302586 0.48239030023094687
0.9910908856278138 0.04850612124984054 0.19421874402767014 0.5290796160361377
0.9884835311332677 0.047774192385171874 0.20058188855632703 0.6140712393288196
0.9962318982148526 0.052745331405288684 0.19846028736730206 0.5349700256922638
0.9909031102664376 0.05188107148807886 0.19670330655207843 0.5734325794446035
0.9924058887027367 0.0495085075498392 0.19797270974190803 0.48649324662331167
0.9839884870939098 0.048238306769749426 0.206721343430975 0.5642201834862385
0.9908148184338776 0.04643042704049612 0.20903731123352798 0.5373983739837398
0.9926092423034875 0.044593924206505604 0.207645385353126 0.507262888066078
0.9939351885666983 0.04767129980309745 0.21013782890989863 0.570185614849188
0.9908874314731194 0.04839343301955033 0.21413709581030638 0.4526682134570766
0.9943145587211651 0.04763975130729675 0.2136516023462724 0.5911039657020365
0.987131851317636 0.047936523122182224 0.22037696881666743 0.4768392370572207
0.9872455839285802 0.04926369056803839 0.21453221727008687 0.45975514456889816
0.9928608805241578 0.04938606437692215 0.22726724783074775 0.5281086231538829
0.9918396249030356 0.046878637260534005 0.22637855476576452 0.6144883485309017
0.9922950629731615 0.04608913648463947 0.2346471732632447 0.6373626373626373
0.9919813607447787 0.04750363986579973 0.23457950764761845 0.5664985399522167
0.9943735779834794 0.04739304134968056 0.2369595943732753 0.6074945295404814
0.9931309002043989 0.044518941880905626 0.24090848955402783 0.6496865203761756
0.993385222310503 0.04686131703075506 0.2609549156433117 0.519693094629156
0.9891935035917401 0.044872611172971505 0.2517330243204396 0.49731526463819997
0.9929216435377437 0.04713353920065483 0.2616223722165358 0.5434669442998439
0.990364691386362 0.044347984210397276 0.25825994549501824 0.6011161307467446
0.9937642645466607 0.04837185031645668 0.2698411819955662 0.4541284403669725
0.9833815879590888 0.047394221405727376 0.2664846055934521 0.5463942307692308
0.9857989260778518 0.04442441963179666 0.27580545477705803 0.6223516949152542
0.9908979030915135 0.04714596487504643 0.2850268868594292 0.5546442030591886
0.9906802678515552 0.04861052167887015 0.29017518106395074 0.6723493694535264
0.9946159946469728 0.04683399642140626 0.30068023393313104 0.6316042267050913
0.9928578791582605 0.04990835801468928 0.3039837160087427 0.5589731729879741
0.9904865535555742 0.05237486844687037 0.3075983619909282 0.6121787450798796
0.9939500839319342 0.05270508740101829 0.3132052665870079 0.6947007645663064
0.9928585895805931 0.052184089772879375 0.3242675517606485 0.5531703438680183
0.9944781760263152 0.053285439419736166 0.33311433126269446 0.629808749175643
0.9942634781308888 0.05474394302855614 0.3449094658004409 0.6127309147562876
0.9962188137906698 0.05330719863125035 0.3521997662303182 0.6692682926829269
0.994086632895689 0.05337693868116798 0.3497399665096689 0.6644752289269782
0.9902097478176528 0.053243785002335994 0.35434617616857894 0.6809338521400778
0.9959526563641907 0.054663802816388954 0.3607582644459496 0.6356589147286822
0.9954065260675417 0.05655283129013427 0.37290233399426 0.5937187437487498
0.9931421468953825 0.057344392838424234 0.37767105489876795 0.4509582863585118
0.9926040967092008 0.06057210745439869 0.40256937315743924 0.42482758620689653
0.9903985029149972 0.06157150228597826 0.39653558321792126 0.4168923275306254
0.9941159487866484 0.058472899771100685 0.40242890980709384 0.3235115431348724
0.9920170148649942 0.06000773570561639 0.4205630546410826 0.3680853673494419
0.9969313031472438 0.06213468851871413 0.4319753710515579 0.3586126431904964
0.9935053005167289 0.061494822385396636 0.4363072424025809 0.4712225367300175
0.9939052725429905 0.06324136248252545 0.4295853009163373 0.4595036814835015
0.9920798797571796 0.05897589079660213 0.4321946581297126 0.3386572569412202
0.9958063184152927 0.06368690244154798 0.4506832243569199 0.4274687576574369
0.9931261598922893 0.0633389003155246 0.452818802112941 0.683070068853787
0.9920119832380213 0.05858413241803284 0.4455419098550247 0.7002887788778878
0.9944576309402874 0.05999208227740466 0.4477853048462741 0.4709668392332447
0.9916943642142847 0.05812475134489976 0.4660647052671486 0.2116498740554156
0.9882437561660745 0.06509822937373023 0.47161229279001254 0.20358673584480036
0.9941936699137429 0.06315481751781926 0.4787338291569192 0.45313385469794853
0.9940495186099833 0.060964932023215054 0.4729556971323794 0.1791196552225074
0.9883393790347371 0.06311895144384656 0.4696775688937643 0.3613047594457354
0.9925938863330633 0.06016651690441424 0.4610029296851491 0.7800036094567767
0.9889396235469037 0.06244154113582103 0.46823316706835394 0.7428519395374249
0.9801601348083816 0.059255127930968716 0.47417840375586856 0.8131553860819828
0.9864072707325587 0.05947724455670151 0.4831089940732476 0.8804202483285578
0.9883743136194761 0.059349680455651525 0.49064666564522924 0.8400676564555535
0.9852716514122323 0.06630755993308071 0.5088086120112197 0.8095617529880478
0.9887338043108939 0.06947729543862963 0.5174704016201986 0.7404381084840056
0.9899096819148498 0.06731436168934667 0.5245738109341336 0.8513379583746283
0.9908782503130953 0.06834479313685721 0.5426626907445372 0.7716742716742717
0.9926320059058816 0.06810952603894137 0.5524161234082501 0.7149251161990016
0.9888333998011917 0.06830819673304733 0.5689839116825143 0.7948849104859335
0.991507641332423 0.06705437408206413 0.5701631167981686 0.779187382136122
0.9875016838870192 0.0699619108431588 0.5858774228029086 0.7848415087657163
0.9888140661443694 0.07247119844396788 0.6164066867349117 0.7523198920195715
0.987719746690524 0.06829802045159948 0.6149086243772607 0.6578369676569589
0.9891657651247274 0.062416272927927736 0.6393915798625759 0.7135100606834877
0.9908822236334327 0.054281585047342734 0.6455688939150144 0.7578980294025649
0.9924614928727847 0.05262062698983378 0.6699093450159571 0.6417931824692066
0.9902624862838896 0.04520123839009288 0.6978927844307841 0.6645569620253164
0.9901226359338061 0.017260720004902707 0.7056086704809408 0.5697424892703863
0.9925870906175293 0.012691615465772979 0.7205445389716002 0.5309326913011619
0.9865799666269135 0.005240221288673712 0.7431880023867765 0.47486481073502906
0.9895249928087813 0.007618575211161335 0.7663490668141237 0.39919126566922764
0.9906094265986191 0.0021825554433386666 0.7802948042567383 0.38878696705070814
0.9931282886047391 0.0025731513621288123 0.819962451670072 0.23756980120616483
0.9844063370946209 0.0004894630966339999 0.8330159482995297 0.283589329021827
0.9884553457049843 0.0027252597513200477 0.882137867816299 0.48154657293497366
0.986601838990763 0.0015473356528108405 0.9047926607862984 0.6914621676891616
0.9905622633917112 0.0008332176086654631 0.933039542600737 0.5454634146341464
0.9909513596980355 0.0012089649400167395 0.9281581481115504 0.4821920165175499
0.9885782736792712 0.0 0.9252029360149354 0.3751198006517155
0.9878701816884752 0.0 0.9268280014905637 0.4018344911310447
0.9940883700502876 0.0 0.935792632879279 0.7516778523489933
0.9935699095957509 0.0 0.9356734472822299 0.7630448926480156
0.9892652669100155 0.0 0.9347056915437782 0.7684397613304558
0.9914883730281956 0.0 0.9345325928732378 0.718010622887494
0.9923692859009962 0.0 0.9399694949027879 0.7351162790697674
0.9936051874004305 0.0 0.9422056332987961 0.7955079962370649
0.9866758952901593 0.0 0.9360804707202752 0.8123527223117947
0.9920437804925866 0.0 0.940236434407756 0.776824512534819
0.9956437450883141 0.0 0.9408048759130359 0.8429289467671921
0.9900467393217971 0.0 0.9372824245430453 0.8301417288759061
0.9917708054236885 0.0 0.9448447560452139 0.8790276992651216
0.9924687003059338 0.0 0.9436610321732395 0.733164812942366
0.9905346171332453 0.0 0.9404891692299705 0.8310330405687997
0.9932027775901308 0.0 0.9436146598485591 0.8853305785123967
0.9907788172138049 0.0 0.9443066795277201 0.864921247522687
0.986181830849353 0.0 0.94707495488632 0.8015119387849174
0.9938570853939533 0.0 0.9526646360199541 0.8439109728836621
0.9912395980278182 0.0 0.944731706401321 0.783980152401205
0.9923837204013499 0.0 0.9496496155561149 0.787092776203966
0.9930017307547596 0.0 0.9551785925025889 0.8541995440995968
0.9936080392685308 0.0 0.9495642555727558 0.8362567970531486
0.9922427032825853 0.0 0.9487588619251994 0.8041485394655066
0.992653224239314 0.0 0.9520758276544068 0.8519820187985289
0.9932537578877165 0.0 0.947883462712581 0.8812905344388802
0.9949587170530327 0.0 0.9484312831564987 0.8693680072573329
0.9933455953179166 0.0 0.9514221851072412 0.8319852941176471
0.9931298704117737 0.0 0.9521968969300869 0.8952503403418545
0.9935443784258847 0.0 0.9521801272073289 0.8888077681244068
0.9920354994243666 0.0 0.9521999383528451 0.8871780708416764
0.9911045201999177 0.0 0.9516536415031593 0.878861098413113
0.9949425113395064 0.0 0.954397624667121 0.8992704466914118
0.993876829445008 0.0 0.9557267482189343 0.8883984083561303
0.9953168553420849 0.0 0.9613742686734877 0.915549268052651
0.9910498908981583 0.0 0.9574550069350592 0.8980809735548795
0.9869102060769187 0.0 0.9575081905846798 0.9008349536772275
0.9948728119728045 0.0 0.9587862271284763 0.8826481061832309
0.9917353538655521 0.0 0.9594523411982943 0.8826693732555189
0.9948497854077253 0.0 0.9602584072992796 0.9041404140414041
0.9931132380916169 0.0 0.962587769062536 0.9083457168879727
0.9919639138538848 0.0 0.9632847503440916 0.8876000575180942
0.9940103197457056 0.0 0.9661545600050923 0.8916554195560106
0.9951587434200407 0.0 0.9683850694296998 0.9011183309021792
0.9933092884208718 0.0 0.9618942945783887 0.8757456069643721
0.9924357757043056 0.0 0.9634843138202736 0.9184951773431196
0.9932482276071302 0.0 0.9639778139506843 0.9106008968609866
0.9939549749861034 0.0 0.9625851246126663 0.9096229753640942
0.9945784450388545 0.0 0.9661871231112318 0.9317489138188185
0.9927453804437631 0.0 0.9640316912105941 0.9312122234835701
0.9924005156947044 0.0 0.9603562999911816 0.9140686402934242
0.9946910035592923 0.0 0.963176033427172 0.907798315651318
0.9923483937769276 0.0 0.9608597566883036 0.8937301528690643
0.9916043855104651 0.0 0.9616052533941626 0.9054471430577004
0.9912522103164049 0.0 0.9617256506296471 0.8852653154179002
0.9931902660333075 0.0 0.9651624553362074 0.9048781541652264
0.9829323762281251 0.0 0.9595745997776849 0.9220416355121798
0.9883110094666196 0.0 0.96427135609909 0.9349893230640068
0.993158124358077 0.0 0.9673519889327618 0.92103927915318
0.9889853202424626 0.0 0.9648867978148978 0.9154033935083331
0.9896196486952147 0.0 0.9700010457077127 0.9233759163364268
0.991997158259852 0.0 0.9686126653812626 0.9266941158323149
0.9846526390803304 0.0 0.9638068229807862 0.9204993215739484
0.9872448587886927 0.0 0.964089330586247 0.909733877931175
0.9893962217674701 0.0 0.9675026361020117 0.9369854479106404
0.9908519727374456 0.0 0.9654926529079113 0.9105402444972136
0.9899747038632145 0.0 0.9690652384906745 0.9267207633040412
0.9901181226828123 0.0 0.9690066681037197 0.9395274302784904
0.9924211876503887 0.0 0.962374443740951 0.8955891407780576
0.9938573875936769 0.0 0.9666878099782356 0.9149566224425527
0.9872363899591811 0.0 0.9536415398601802 0.8927133176478882
0.9928338691694 0.0 0.9525828557225147 0.8975394883887048
0.9913200736304626 0.0 0.9448555590607959 0.905360601495669
0.9916474367782869 0.0 0.9268734542630686 0.8720182986602767
0.9918270309381765 0.0 0.895004660617159 0.8472737155604878
0.990990230769143 0.0 0.8939645404204006 0.9093877221297529
0.9869905928725077 0.0 0.18806985661470824 0.43218823337161427
