0.9855839120790636 0.07398103925507858 0.16991667535220883 0.3850574712643678
0.9954001780241396 0.0760065357627886 0.15651694548479053 0.3615361536153615
0.9940910519953223 0.07464821836404355 0.16608329536832178 0.34911242603550297
0.9952841364668906 0.07119432394984021 0.15739801487934083 0.45054592164418755
0.9923347117226257 0.07510593414017697 0.16436627438538848 0.3598986201070121
0.9952854567513658 0.0700303309579131 0.16355657477388036 0.40111076828139464
0.993143512241366 0.07099225415521102 0.1616861536075078 0.4313423645320197
0.9887942352905255 0.06692178578787067 0.16479313719174574 0.559029993618379
0.9936342456567276 0.06816203467519183 0.16864205421778822 0.46092017738359203
0.9900662841056438 0.07003679644006054 0.17505824468662654 0.49824896529767587
0.9964707737651787 0.0714202128031187 0.16716866999321983 0.32622298065984073
0.9891481331337157 0.07162750380570441 0.1785319050173539 0.4943134535367545
0.9866350314319403 0.07119824791065486 0.16956017783423308 0.4626444882999718
0.9845302262363628 0.06986657526154384 0.18185355064305803 0.41671309192200556
0.9941194127076375 0.06945485204755736 0.18228858114619537 0.49764428739693756
0.9903995466137716 0.06998006609711768 0.18904941657326374 0.5790307253721888
0.9938003003581193 0.06729341165294192 0.18771682491728398 0.5303684035844674
0.992992448483297 0.07040293986981493 0.1854688287335718 0.4939975990396158
0.9929253785698486 0.07066441092997727 0.18933768342624552 0.4430906389301634
0.9917202942272153 0.07297429362562398 0.19298937835048113 0.4841897233201581
0.9886243958914538 0.06931827387082962 0.19649959300481687 0.5702479338842975
0.9965889599013558 0.07532371914398371 0.19343786566034718 0.4898658292891807
0.9914583229268067 0.06692065912864044 0.19221666299790963 0.5233323790438019
0.9928467110501097 0.06463657245004853 0.1959366772039585 0.46936628977123324
0.9845330583219324 0.06330311238606574 0.2024634522814389 0.5131880733944955
0.9913351491981288 0.060724514469741454 0.20646020481974203 0.4802103515084417
0.9928572390382796 0.056268271044122 0.20091574180062707 0.4269438906294503
0.994518503550252 0.06074026032377354 0.20675534154494676 0.5265448215839861
0.9912278032135505 0.059370504056040684 0.2098235441468152 0.4075278810408922
0.9946261420665015 0.05842166840103239 0.2093987054206395 0.5345659163987139
0.9875789714764651 0.05864560162928604 0.21630033736296933 0.43122957002765905
0.9878483426224699 0.056522226438912936 0.21279642911581328 0.4201461377870564
0.9931790209137386 0.05646341741764987 0.2239930984208887 0.5801849405548216
0.9925231117230527 0.05602834911587384 0.22278211358809658 0.5933588761174968
0.9929310633850037 0.053220662658267796 0.2325556128521715 0.6330472103004292
0.9926428030808958 0.05577688447628564 0.23264289978844083 0.556941863551898
0.994917638856033 0.05386418261449015 0.2329274953549556 0.5921665297178855
0.9934509955311353 0.055424301832439786 0.23902428408380136 0.6600209863588667
0.9934742824723168 0.05400512974794887 0.2561132633361341 0.5012787723785166
0.989543795209512 0.05194903601445549 0.2499839435326155 0.48120685246739964
0.9932223950389845 0.05314696013136557 0.258311279324627 0.5275897969807392
0.9903649222635875 0.05258502512226778 0.2556009416006252 0.5543710021321961
0.9944847988857769 0.05566067421738585 0.2677138137721985 0.41874180865006555
0.9839221579249203 0.05511515718197558 0.2654585118865219 0.5060096153846154
0.9861550903683948 0.05231371824173405 0.2737605539752812 0.5945444915254238
0.9913348860586013 0.05610891594310462 0.28365614151258006 0.5536817102137768
0.9908507168878171 0.060330710846846075 0.2887374949256227 0.6594633103775825
0.9949456336544716 0.0544487424305638 0.2989047782327195 0.6018054162487463
0.9929757304369061 0.056032664111669774 0.30158819114823443 0.5289084181313598
0.9905046945347044 0.059845159602244444 0.3060043204294008 0.5727230483271375
0.9941694652827566 0.05997341272991336 0.31112166210972675 0.6678091220669654
0.9930087933030829 0.05923467666162601 0.3217743736723092 0.6301624129930394
0.9947032862840163 0.0602477819335697 0.3309639470457685 0.658578015044892
0.9948281058933371 0.062113540378467925 0.344064450284656 0.5762597984322508
0.9963787556934144 0.06010282188425052 0.35015375148745814 0.6175464320625611
0.9945681390828839 0.061124546982602716 0.3499882585027668 0.5999057492931197
0.9904806011333079 0.060723251886479215 0.3532580515301194 0.6257443884562529
0.9963129770622885 0.061878251676600965 0.3599585428279995 0.590869939707149
0.9955154350221329 0.06355298378208156 0.37151918062825506 0.5926409753973438
0.9930297992070597 0.06426667793694281 0.37654476463952413 0.5376206959373292
0.9927635389820264 0.06864838869813428 0.40259281074530295 0.53647102943934
0.9905459841125509 0.06709761257332006 0.39581858125896474 0.4750631313131313
0.9941490023469216 0.06616989874897937 0.40215071437083183 0.45715176067310687
0.9922968008710913 0.0689902257654449 0.4225304873298503 0.45710627400768244
0.9970289132115789 0.07136374808568566 0.4342834951456311 0.532927230819888
0.9934182192450782 0.07060419804344581 0.4378474702326164 0.5316642120765832
0.9938107340774274 0.07110141912973462 0.43112428219584376 0.5699463327370304
0.9921880890246542 0.06654439166375913 0.4358074541761496 0.5096632503660322
0.9956690765243487 0.0722638392739104 0.4521418615152051 0.4969978985289703
0.9931270643976842 0.07212799696520446 0.4541107106152174 0.6618093503339405
0.9919019550768933 0.06672436019532986 0.44577911979997015 0.6731697084119992
0.9946006623704716 0.0684707740433924 0.44953466625834987 0.5986146554866933
0.9918696925311721 0.06624649538738511 0.467056288657935 0.3078556263269639
0.988525271376603 0.07523341137920417 0.4745249540436659 0.25545709963259133
0.9943170142184733 0.07127470440759738 0.47835701124429486 0.4305370616955171
0.9940043325907788 0.07128333706655492 0.4746660352091975 0.19011649555827437
0.9886266798980349 0.07230769230769231 0.47145757364474794 0.3838533469123229
0.9928660176423297 0.0680934260265409 0.46201726883847616 0.789327917282127
0.9891908424279949 0.07013946321954978 0.4690653756760273 0.7312807433047914
0.980256934066386 0.06698213089604806 0.47591924662427154 0.8109500190766883
0.986581272877789 0.06769717227243081 0.4841855077095151 0.859602142310635
0.9884273210463527 0.06780536234521596 0.491770240651064 0.8381024096385542
0.98551280407205 0.07518021229709274 0.5106211379600943 0.8258167969532972
0.9883416612980421 0.07861142674191585 0.5198926168806394 0.7387450026073353
0.9894349072696258 0.0779846994465859 0.5267867454159606 0.8481164042256328
0.990502570795855 0.08184680834012314 0.5461724494116212 0.7716563330380868
0.9931679747018769 0.08098627116293643 0.5545297267564276 0.6931700586409106
0.9886613378287962 0.0801878730041164 0.571175123542601 0.7891156462585034
0.9914619500466776 0.0782781412083964 0.5722183464743126 0.7576068376068376
0.9873474468359079 0.08189452096555165 0.5889527256276861 0.7687587657784011
0.9888174250527005 0.08408710816619196 0.6194061292004236 0.7472472472472472
0.9877457246875214 0.08221647277210467 0.6185923928342669 0.6756716639453763
0.9878568377438767 0.08129777360985263 0.6435336111579193 0.6727997546764796
0.9898762654668166 0.07681376856634589 0.6503456948857432 0.7438580527752502
0.9917722398570411 0.07618682298031072 0.6751560369610677 0.6656499636891794
0.9896122122793689 0.07069700241890624 0.7033322631607388 0.6932982553309333
0.9894162368103161 0.047743502422154464 0.7119210186235572 0.5774296902812389
0.9920828490427959 0.03532856686953065 0.7246720176876598 0.5495592345732101
0.9861533484309285 0.015325241903909615 0.7451846649254222 0.5171316431526467
0.988888150301243 0.014844976621404786 0.7686954020126914 0.43895298777337693
0.9904146409423702 0.015186193014500316 0.7815192091896415 0.42053160807545403
0.99254678046621 0.01005743713507941 0.8242513841366598 0.3059806064682473
0.9838752896486678 0.003372367827079848 0.8346363942113811 0.30856386955771553
0.9880819034164035 0.014794129012971294 0.8837723996863984 0.5087309739471473
0.9860960055513176 0.006721023469525654 0.9059196251652252 0.7093394659511946
0.9904512584034245 0.0036057199830640423 0.9344686540187009 0.6163119026933102
0.9908274195983693 0.0035207104478396237 0.9296070989381825 0.5658929976396538
0.9882613168260098 8.188331627430911e-05 0.9292033210204375 0.5219206680584552
0.9875583571225227 1.4218279019507479e-05 0.9266272862742316 0.39819241600628724
0.9937506668838134 0.0 0.9356288293964995 0.761587740233639
0.9933617987644077 0.0 0.9357261534882948 0.7741641732795629
0.989204997072202 0.0 0.9347608368713151 0.7724981094025712
0.991386744231766 0.0 0.9345930606970879 0.7388573499214881
0.9922529806754596 0.0 0.939918332044277 0.7413993491399349
0.993464322647363 0.0 0.9421841880345437 0.8043963794522159
0.9867284099029232 0.0 0.9362074260224501 0.8220570012391574
0.9919494516082051 0.0 0.940211869471671 0.7816399286987522
0.9953302405424349 0.0 0.9406511425059801 0.8490759753593429
0.9898220072260228 0.0 0.9371921172153231 0.8318019673548805
0.9915389591431336 0.0 0.9447462316570244 0.8875352509870277
0.9921992472533048 0.0 0.9434896290945064 0.7370501773948303
0.9901829333894794 0.0 0.9404336053911907 0.8383573154080454
0.993020742093591 0.0 0.9435941008678764 0.8847348798674399
0.9904481374798386 0.0 0.9443186651292841 0.867871318153332
0.9860391340849264 0.0 0.9472002337544303 0.802894809624781
0.9939317058197022 0.0 0.9525901243275892 0.8499951328725786
0.9911441496706483 0.0 0.9447850507263471 0.7877551020408163
0.9924757483031488 0.0 0.9497796921861693 0.7918692001767565
0.9926973446318801 0.0 0.9549297975289927 0.854302305120535
0.9936380023327325 0.0 0.9496245285560345 0.8410346339324858
0.992096562787331 0.0 0.9485795679623933 0.8039368240877616
0.9925921711058171 0.0 0.9520570464599866 0.8496930004093328
0.9934717016221346 0.0 0.9480866732561448 0.8837895426979184
0.994815395689473 0.0 0.9483277898088952 0.873290517567057
0.9932102591918175 0.0 0.9515351280864702 0.8348529411764706
0.9928973325923868 0.0 0.9521265278744975 0.8983192004845548
0.9935147906169387 0.0 0.9522380762822564 0.8897821955854407
0.9917353078306432 0.0 0.9522307171524232 0.8897795591182365
0.9911034350844425 0.0 0.9517684486411516 0.8799504143015593
0.9951644788140647 0.0003209757663296421 0.9546498400694048 0.901213282247765
0.9937333436888882 0.0 0.9558697494012959 0.89382347452883
0.9953906858855991 0.0 0.96157113388666 0.9159229396196221
0.9910932391296178 0.0 0.9574279869966199 0.8944577189812927
0.986916021513948 0.0 0.9576305854387867 0.9026968346474689
0.9953026529737465 0.0 0.9591216284452775 0.886088927260954
0.9917633447241625 0.0 0.959566734764056 0.886332400101807
0.9945283161676088 0.0 0.9600973748466273 0.9066806996441638
0.9931142792288822 0.0 0.9626326209786162 0.9083141321044547
0.9921344159132419 0.0 0.9634833183331759 0.8898296930626383
0.9940006116317976 0.0 0.9662442239027614 0.8957650145226272
0.9952431219460378 0.0 0.9685648958957955 0.9060549313358303
0.9931240166817987 0.0 0.9619199582617769 0.8814075246560331
0.9924175000026519 0.0 0.9635003779156632 0.9197540413024983
0.9932594319024796 0.0 0.9640553935084624 0.9119878603945372
0.9941907778862138 0.0 0.9626436730584493 0.9038087105038428
0.9944193350332822 0.0 0.9660234036364668 0.9296897983198771
0.992890146418847 0.0 0.9641799297721646 0.9314453729495512
0.9924577115071954 0.0 0.960451439839592 0.9157126460460873
0.9947148305947503 0.0 0.9632275100083961 0.9129676293855399
0.9925965173245225 0.0 0.961761327862841 0.9140008625282224
0.9916447458198766 0.0 0.9623953506541899 0.9261082555080963
0.9912011547788769 0.0 0.9624991752646223 0.9108525302114804
0.9932636487483617 0.0 0.9654096804052231 0.9106446382400631
0.9829144923168269 0.0 0.9595422059598642 0.920070765499831
0.9881450709527028 0.0 0.9635500354040143 0.9249706701862443
0.9932095075983973 0.0 0.9676355005043608 0.9254842196664954
0.988667489338245 0.0 0.965115118573282 0.9222778109270054
0.9897008099721547 0.0 0.9699846852773095 0.9207957525746817
0.9919069361491732 0.0 0.9689057929215936 0.9311805187930122
0.9846178547737975 0.0 0.9642238306552015 0.925816350098435
0.9873219455669333 0.0 0.9656594570672593 0.926684306532764
0.9897081833504489 0.0 0.9678074476429388 0.9384711507117245
0.9911557596860796 4.404898246850498e-05 0.9687777887560518 0.9383485902904226
0.9903565554041156 0.0 0.9695424012148749 0.927258145958951
0.9905000754532585 0.0 0.9684658034116876 0.9342308101211992
0.9926794626500632 0.0 0.9657612791783716 0.9125261044873686
0.9939074489604705 0.0 0.9663988934891731 0.9131350490573792
0.9875815671000051 0.0 0.9514734247302301 0.8809919767884155
0.9932799061014796 0.0 0.951612453339412 0.8917456282258686
0.9913482810164425 0.0 0.9439710792659383 0.9027875585865768
0.9916818940270457 0.0 0.9272632654526108 0.8726279840589349
0.9915344188689702 0.0 0.9003271985975572 0.8583766724654577
0.9911112327292712 0.0 0.9020857729629216 0.9200624774317073
0.9875146040127687 0.0012652507907817442 0.22903702210048935 0.5522935153583618
