0.9846938255498705 0.07254238593833255 0.17586254288903946 0.14655172413793102
0.9948149282316517 0.08230746124177839 0.16308110501666187 0.003000300030003
0.9934046709241221 0.0918472707572901 0.17378528117134337 0.16512942576614104
0.9950061118229299 0.07561064649168807 0.16229168772426342 0.1811175337186898
0.9915567382318148 0.09527374265352583 0.17339605362680735 0.17531356898517675
0.9947291293399005 0.08102694002388151 0.17155654271363077 0.1585930268435668
0.9925014261345003 0.09321573290821317 0.16890977936104828 0.21828817733990147
0.9885899099824407 0.08331568991548513 0.17208682717291254 0.36897542291733165
0.993102141944618 0.08157174356056057 0.1729575089542608 0.2860310421286031
0.9896402995905961 0.10347369748469769 0.18419544558606338 0.3186883158229863
0.9964006178916622 0.10558924299531307 0.1776915675163808 0.02218430034129693
0.9884736248550173 0.10743737246520393 0.18641996476919617 0.3042995839112344
0.9858703821016971 0.08773898113102552 0.1752944548320618 0.21984216459977451
0.984326136724754 0.09533417750661909 0.19336971751284088 0.15041782729805014
0.9936337218585343 0.09112284162598669 0.19212583054673166 0.21944035346097202
0.9897745720723273 0.0639237366621209 0.19357467622932997 0.31929046563192903
0.9932809206219465 0.0678740157480315 0.19271011152258466 0.24759376037172254
0.9924931392215016 0.07816315398155614 0.19238277851341296 0.11482820976491863
0.9924734297037399 0.088113837944379 0.19833731607775748 0.17473997028231797
0.991289325863215 0.07260667407951976 0.1978151967343255 0.23461321287408243
0.9886354513585641 0.0897009869851004 0.2058192309341251 0.32231404958677684
0.9962384029633717 0.0990697809203663 0.20341638509568885 0.22295175563802455
0.9910893224157025 0.08034768638711054 0.1984258326271045 0.22244488977955912
0.9924303109934499 0.09549689967133128 0.20523890551416604 0.19063896923481463
0.9843506378183733 0.07984002456947184 0.21132384763280243 0.16227064220183487
0.9911311697670726 0.07696310864935298 0.21405744172116092 0.1057134971018493
0.992654663939553 0.05986334655807085 0.20998753252606372 0.0
0.9942212645777031 0.06116383761440164 0.21171016398832765 0.1789962286045837
0.9910015630401862 0.0615370615993741 0.21554126658507014 0.10037174721189591
0.9943657104194199 0.05669727272188402 0.21451671094493097 0.24383708467309753
0.9873950194063343 0.06196511182044987 0.2219921447849645 0.20040231330148353
0.9872015821098383 0.06237998144965599 0.2162350620380622 0.1833855799373041
0.9931397645532801 0.06554266681061542 0.22926164052582007 0.2992272848387956
0.9921002454996847 0.06608698430703727 0.2292691436405718 0.34091489905443395
0.9926019785578172 0.06407284901454244 0.23694627294149154 0.3479312197743149
0.99254529647534 0.07050562305543114 0.23837065542227862 0.24449163790814973
0.9948310921450283 0.059551838881091945 0.23840678278618924 0.30895645028759244
0.9932552294146454 0.059189253650834224 0.2422057130696383 0.3853620146904512
0.993558371919924 0.057794319972092764 0.2608233659373893 0.20485933503836318
0.9892422942099298 0.054140565107038026 0.25262988458618557 0.18818716440807978
0.9929958876321923 0.06041601789129762 0.2630858492693107 0.19130661114003122
0.990502122550491 0.06547027693740294 0.26220478400479236 0.30093457943925234
0.994175998454727 0.06651435267762403 0.27312343741613815 0.20882481432940148
0.9836259205197574 0.07544570284824312 0.271631067039596 0.2798076923076923
0.9858737152737285 0.06251913909852624 0.27902166684586316 0.3516949152542373
0.9909885965564196 0.06872538000258238 0.28706362460724805 0.3507955936352509
0.9904707194268915 0.07030048931835518 0.29336281540891024 0.40137832699619774
0.9946298246700948 0.06123833683164546 0.3024797013449351 0.35222978080120937
0.9929327451112734 0.06213130657262922 0.30583423060051385 0.28769657724329323
0.9907810289773991 0.06151259154854191 0.3094486405080044 0.35488372093023257
0.993722435991854 0.06276460543186195 0.31500364106466366 0.3712101239124703
0.9924016533846072 0.06601222868044165 0.32657254021294907 0.3948304481859142
0.9945934583779398 0.0688518316145736 0.33586657789788527 0.3826530612244898
0.9940283805075754 0.06291687488416069 0.3461804772989672 0.3818589025755879
0.9962903911694888 0.06563775268102875 0.35462751355278144 0.3712121212121212
0.9936839723958093 0.05863851567802604 0.35071506864040053 0.3748821866163996
0.9897409660610499 0.0593155381913158 0.3551168634190321 0.3708199725148878
0.995532802803251 0.06020617656581776 0.3614444034560069 0.36089577950043067
0.9948873822720705 0.06329802759487284 0.37409856187792473 0.38056768558951964
0.9929530209442156 0.06528951259604342 0.380997782432438 0.4637372013651877
0.9922730608896714 0.06769010798811002 0.403103463329333 0.3899813703167046
0.9900629164692405 0.06875736406119703 0.39728090450770076 0.3862329554788894
0.9944312209267202 0.06668954398596282 0.404954017289893 0.3441473752852951
0.9916540304335398 0.06659249586953046 0.422530173610544 0.35207644248438075
0.9962596466238036 0.06795585509048023 0.4351815805119601 0.36068515497553016
0.9932233542996838 0.06871373445568213 0.43633513012608005 0.35805739514348783
0.9930478407576281 0.06828295721639048 0.42821324114628345 0.446072374227714
0.9916226457311853 0.06413666356971863 0.43248430321219195 0.4043905257076834
0.9956839212361308 0.06900279191620921 0.446672176901357 0.2952279202279202
0.9927839390789303 0.06863558114395432 0.45210819261987745 0.5021350931677019
0.9923810471418916 0.06409814703161076 0.4473603930836157 0.5070186465535302
0.9944503453226244 0.06601965866001236 0.45095679236491854 0.45807971725898294
0.9911803694278609 0.06744456230742031 0.46956947714572417 0.2518875150454098
0.987649176348525 0.07891115161828427 0.4774179098743564 0.2972365760503258
0.9941043982730376 0.07318908306440709 0.4829836697202962 0.5178599527930763
0.9941650124176098 0.07565272416264071 0.4753275167905596 0.2392794516180456
0.9878211772575086 0.06796244188449593 0.4715949320593402 0.42848447961046865
0.9921159954608748 0.06390802981296582 0.46219285079276357 0.7307025986525505
0.9885190507921668 0.06667303235957234 0.4689241553204638 0.6260266471983938
0.9796240139495985 0.06410410352485045 0.47510320183188204 0.6805448963929394
0.9864528318357828 0.0641616712584917 0.4842716490156301 0.7521056661562021
0.9884666485547025 0.06435433643750177 0.49223962205328664 0.7657110309474084
0.9855371849863968 0.07142702381468252 0.5104459130981509 0.7314274209784578
0.9886108029310864 0.07454140917828157 0.5180852937333478 0.6345115793139474
0.9901711102749645 0.07326364252209676 0.5256691198821283 0.7535612535612536
0.9910637593393252 0.07586028338746881 0.5444054345849436 0.6565279260049804
0.9923117699920904 0.07615001000158646 0.5544256691680636 0.540685595567867
0.9882649732607588 0.07558465721798703 0.5703263345332916 0.6709520500347463
0.9910253731966885 0.0738056622716978 0.57144260724681 0.61764192139738
0.9869024683351136 0.07511098794616039 0.5864133797986882 0.632605163386893
0.9884597484976497 0.07547988222571805 0.6165507164695975 0.61425612702796
0.9871879654489133 0.06934403907971758 0.615294378616788 0.6187650360866078
0.9884828489336106 0.06250160085378868 0.6386701136295316 0.5258775510204081
0.9900387287776435 0.05546003863557031 0.645650405921795 0.6508740401895116
0.9916681629129332 0.05614605912358956 0.6706320714912777 0.48001918158567775
0.9896004311264411 0.0435769706080952 0.6974717481051469 0.6202661207778914
0.9890757492718193 0.022437134220850214 0.7060652314376948 0.5042049934296977
0.9915779296738062 0.015372480479389867 0.7211353693378131 0.4748388555919937
0.9852881572779123 0.008978048749700205 0.7433797831958452 0.43424235759841656
0.9883069356845194 0.011891299614393178 0.7668907360786359 0.327831025914093
0.989171582851323 0.002619319280236838 0.7811710978134626 0.3914768806073154
0.9915161554820107 0.0014155417730755198 0.8187134409956847 0.209153853070767
0.983005418476663 0.00027026004421454325 0.8320035503221648 0.26176136363636365
0.9866623097113478 0.0008037089680525685 0.8797935786410435 0.3910211267605634
0.9847116807805489 0.0 0.9020841308460015 0.5877001921844971
0.988675178590838 0.0 0.9322620335294527 0.5413362172554674
0.9891846255574139 0.0003747122745035062 0.9222477669624498 0.2941570706147566
0.9861080092132007 0.0 0.9180206727978396 0.23557533014625834
0.9855193639683335 0.0 0.9228834553053081 0.3057004135946772
0.9917653217815664 0.0 0.9337293697711115 0.663686294545919
0.9913945567183053 0.0 0.9336751983786682 0.6800478532500333
0.9867925956601699 0.0 0.9324049563947098 0.6820599299520042
0.9902650238288969 0.0 0.9329298469144562 0.5843715979194387
0.990954585178215 0.0 0.9383304801838186 0.6237832766506392
0.9910729059060804 0.0 0.9397383065871544 0.6907840113865497
0.9848616850546046 0.0 0.9342196757106733 0.7093081761006289
0.9899489774196512 0.0 0.9380852769413721 0.6748376986792031
0.9939466777523417 0.0 0.9391147287997547 0.761176876221124
0.9880447130458491 0.0 0.9353355315341301 0.7631924677030874
0.9907101590236559 0.0 0.9435335861485342 0.7926787547040711
0.9905436752321114 0.0 0.9417460283965386 0.6480008265316665
0.9882879245540585 0.0 0.93842719944191 0.7530279094260137
0.9914437904567506 0.0 0.9418294404372362 0.8094793611283966
0.9886767261130792 0.0 0.9425743932352182 0.8215772062746772
0.9839882858675634 0.0 0.9451739373448642 0.7444362017804155
0.9934038827382787 0.0 0.9519263146988545 0.7851647267705661
0.989154409230642 0.0 0.942716507057211 0.709445037353255
0.9903684330225153 0.0 0.9477338701203173 0.7239778610962329
0.9925591809254266 0.0 0.9545330805825661 0.809367805914645
0.9922786534431196 0.0 0.9482472903042557 0.7950994318181818
0.9907768114492355 0.0 0.9474072247355352 0.7727771679473107
0.9908612557828431 0.0 0.9504679520494109 0.8165533255929673
0.9916753426385359 0.0 0.9461265080979782 0.8388787223423723
0.9940227091971282 0.0 0.947147909144739 0.8169270438343698
0.991287548566939 0.0 0.9493218431041465 0.7851620576865893
0.9908759262736636 0.0 0.9503613771556428 0.8755848738206643
0.9915795287429127 0.0 0.9504462723951491 0.8668341708542714
0.9902962535255058 0.0 0.9506137136908069 0.8582204218466266
0.988803514105592 0.0 0.9497454003660128 0.8520796138332342
0.9934129861549984 0.0 0.9529774177913959 0.8774392992851162
0.9916271520491565 0.0 0.9540391934563005 0.8726210665159224
0.9941138389172648 0.0 0.9603937198106798 0.8951848400124263
0.9898591536058627 0.0 0.9564034455861796 0.8751695265051005
0.9851798186690676 0.0 0.956175279548437 0.884752589182969
0.9948775879406485 0.0 0.9585499628404577 0.864587852494577
0.9897365668226438 0.0 0.9578006962081809 0.8622235809640273
0.9933767659044996 0.0 0.9590486693385042 0.885221947901446
0.991180340940779 0.0 0.9608616268335214 0.8834273047082069
0.9904521080470863 0.0 0.9620863079011747 0.8766202124549264
0.9926396498520058 0.0 0.965209842408063 0.8905538694992413
0.9935031305814316 0.0 0.9671051850645992 0.896016903434634
0.9926149721880024 0.0 0.9613629396505983 0.8730701861582957
0.9920139718333785 0.0 0.9628186393895113 0.9012269465236515
0.9919996547219406 0.0 0.9622199527782596 0.8804216653652304
0.9932741543183932 0.0 0.961757783933518 0.8964059923034634
0.9934039282519934 0.0 0.9650389523461274 0.9222883054578911
0.9919760369174839 0.0 0.9631626788285619 0.9199355518373923
0.9935827605585095 0.0 0.9606459821455823 0.90916595418497
0.9956828521535019 0.0 0.9635959356362875 0.9019640479360852
0.992398807268414 0.0 0.9603294751213985 0.8776612803749846
0.9929871512608124 0.0 0.9623390429970887 0.8990610883806731
0.9905254177637001 0.0 0.9576240154819369 0.8192673114782162
0.9937623134429061 0.0 0.9636403961477109 0.8639724416064527
0.9835793380872777 0.0 0.9598424350090984 0.9143772256152147
0.9888743180566673 0.0 0.9628554762301578 0.903260673752477
0.9924173687621517 0.0 0.966839004325644 0.9208661138280531
0.9889102735107125 0.0 0.9629806045464538 0.8859917973319119
0.9896547502448579 0.0 0.9689904839472755 0.9062968135076805
0.9918807519569142 0.0 0.9684287774274246 0.9265074468597869
0.9851564214407507 0.0 0.9625667173772682 0.9026119040683561
0.9887006184488729 0.0 0.9597609507221779 0.8593548868533477
0.9888355290916245 0.0 0.9608865238443393 0.8816797162780339
0.9921266341540438 0.0 0.9608860068153039 0.8708619564203786
0.9901299191980545 0.0 0.965721868328086 0.8986269079760811
0.9912507630845767 0.0 0.9665698728298757 0.9198723864265563
0.9932121302168644 0.0 0.9578290001088667 0.8680809761508597
0.9949685746460437 0.0 0.9613931776722155 0.8853984320531276
0.9877457363892426 0.0 0.949208944707147 0.8707760387799449
0.9932256402353871 0.0 0.9500453026649472 0.8846484946514671
0.9921727996703832 0.0 0.9434496699069035 0.899259794796604
0.9918684437994216 0.0 0.9249031369043931 0.8644325330522444
0.992933103259265 0.0 0.8951754306478067 0.8435465932503146
0.991235429958209 0.0 0.899600541549654 0.9159322217044525
0.9857834299058131 0.0005671077504725897 0.17577110061549475 0.3710552276660602
