0.9857240596417064 0.06410063196391075 0.1728847920073475 0.3416666666666667
0.9956505660622181 0.062175009425171256 0.15890722062654467 0.3000300030003
0.9943122102009273 0.0637890823958324 0.17028576929966674 0.39345238095238094
0.995423435916725 0.06094492029513135 0.15958023114763567 0.38439306358381503
0.9923423813596942 0.0657975417130924 0.16724269337854444 0.3201254275940707
0.995499441371416 0.05806548274951938 0.16717936428567587 0.3597655044739278
0.9934177166352502 0.05933593675719875 0.16390002508039916 0.3922413793103448
0.9889215935253146 0.05658678175451236 0.16698624350843713 0.5306317804722399
0.9936333207520562 0.05643138083573124 0.16992627236851449 0.4035476718403548
0.9901138393926741 0.06162347550905909 0.17780089500606314 0.4689589302769819
0.9966312068789722 0.05692400633755457 0.16838419371546962 0.23321956769055746
0.98921899960665 0.06006203430606397 0.1797242397172486 0.4576976421636616
0.9867931308542366 0.060521799909493745 0.17128294084004247 0.4135889484071046
0.9846905824711384 0.05920152955539506 0.18456141567371048 0.3816155988857939
0.9940394390661319 0.06323404333998965 0.1856547293877181 0.4476641040804258
0.9906078217778141 0.05995196400683329 0.19084663186516684 0.5492556224263542
0.9940291277210198 0.055202714007405104 0.18868130773696598 0.5260537670096249
0.993331126373863 0.0596254390497092 0.18690057714631395 0.4897528631705847
0.9931773021564271 0.06103105295196383 0.19112488931165403 0.38959881129271917
0.9920161284431815 0.06174894692502106 0.19426914984291427 0.435347261434218
0.9886682142131893 0.0592587060864775 0.19919489366311074 0.5333530106257379
0.9966028039379643 0.061745670132102894 0.1952879111325528 0.44361975449614616
0.9917703043829982 0.054214070789300316 0.1935434549049171 0.4803893501288291
0.9931409996532035 0.05541474465414388 0.1967515153895179 0.41993163292137786
0.9846207358580459 0.05351184241777667 0.20385790945947477 0.4641628440366973
0.9915953864400031 0.050595412739954854 0.20735721751579017 0.44007749792416273
0.9930532348667629 0.047971105784888654 0.20378565499929147 0.3699800626602108
0.9945866459237943 0.052579713672688586 0.20867746464247547 0.4946330142152596
0.9911612688040629 0.05229922103972589 0.21304805503194693 0.3982342007434944
0.9945311501743241 0.05113976377952756 0.2114893564832038 0.5123258306538049
0.9875253391548418 0.05105997405765473 0.21801048431417822 0.39829016846869497
0.9879178339371361 0.051701595865924765 0.21349957070479814 0.388453500522466
0.9932122361542393 0.052603821363946784 0.2258364372627402 0.5535477013021526
0.9923719020456334 0.05028204987777009 0.22509980003547367 0.5873501657740372
0.9929236678105156 0.04870178455036742 0.2332059407523564 0.610128617363344
0.9925739972423004 0.05153617641607262 0.23352948205755922 0.5237589593841253
0.9949676545435531 0.05064135032923384 0.23607720430021034 0.5549164612434949
0.9935323961116921 0.0481732149246411 0.23956242625442473 0.6080797481636936
0.9937846569386675 0.05044544469091666 0.258363458794199 0.4567774936061381
0.9895050129232587 0.048411560618626524 0.25092035234062154 0.41933009460496035
0.9931821270555548 0.050447748351290386 0.2602065692632661 0.4809994794377928
0.9903455912584405 0.048595074308941104 0.2575474873270322 0.5468085106382978
0.994389468721447 0.05059875816946204 0.26902855422211835 0.38204456094364353
0.9838968384885816 0.049942228466060126 0.2662437314392916 0.4896634615384615
0.9858863556273308 0.04724164788977644 0.27502335463170635 0.5754766949152542
0.9911586468031184 0.0509234323131998 0.2843925953510874 0.5422276621787026
0.9907167546434998 0.0534553451058476 0.2895463205068373 0.6299287410926366
0.9946376777477255 0.0498935970320782 0.2995331297825264 0.6152683295540439
0.9932064367048764 0.05295910619851857 0.303437338769705 0.5346901017576319
0.9903192959665564 0.05624767044032155 0.3073941824106459 0.5611627906976744
0.9941066642648666 0.056526508801458805 0.3128641059935549 0.6277353018718692
0.993076161008843 0.056043648732714293 0.323712819829316 0.610779871213928
0.9946461668533951 0.05675571486930455 0.3327361811520857 0.6356570318192859
0.994417719239575 0.058995526827326165 0.34504319979192577 0.5648376259798432
0.9963335366854583 0.058396934815091964 0.35203926197751095 0.5928641251221897
0.9945973886973285 0.05774849898746161 0.35048118756814545 0.5874175306314797
0.9905000909256229 0.057502774987473596 0.3541526048175997 0.6152965422486834
0.9963061637338598 0.05920318262052868 0.3607415460281804 0.5555555555555556
0.9953099276620055 0.061813366506477896 0.37278246200204274 0.5860262008733624
0.9930627860092681 0.0626815878220199 0.3792951455228894 0.5955989204899315
0.9930096011551127 0.06574176461666302 0.40320930980059255 0.562563169597736
0.9906541831856868 0.06613414551155543 0.39762115452114116 0.5573242372560167
0.9943733632260995 0.06281081262757295 0.40371084242564304 0.5293569431500466
0.9922172861994293 0.0639697888653659 0.4229638638255192 0.5557830092118731
0.9969217147171063 0.06635243273726492 0.4350773236187323 0.5079861111111111
0.99343750114059 0.06519520737126545 0.43788230864089867 0.547396293027361
0.9937681102861547 0.066566515408679 0.4308158211071259 0.5914367269267364
0.9921698673048486 0.062043201094688374 0.43517569227692215 0.6796998420221169
0.9958599067474141 0.06718560022060943 0.4518768414993861 0.5834558823529412
0.9931624408521416 0.0670182460468297 0.45357137317047086 0.655187165775401
0.9920228410911618 0.0621206751428698 0.44598865642978625 0.6242144951822372
0.9945388047922745 0.06435149692017214 0.44990927026848326 0.642495784148398
0.9918516977544697 0.06284217084333917 0.46838739825808196 0.35340314136125656
0.9884613094840333 0.0715516261335712 0.4748115229660721 0.4367953309457488
0.9938150257197556 0.06734655003150322 0.480541118886678 0.5288298473713963
0.9943168009112758 0.06872331634761052 0.47501981201322535 0.2785569517632752
0.9884587670825249 0.06724488734234287 0.47250317864851205 0.47832369942196534
0.9930293604280248 0.0639690017311669 0.462456026881422 0.834546925566343
0.9893804825651941 0.06651772445501229 0.46933340166461407 0.6833941605839416
0.9805507949071103 0.06403367701364808 0.47566302664489585 0.7705577918343876
0.9867399898517786 0.06405805142281468 0.4843720484631883 0.8332695252679939
0.9888307787325923 0.06419585548694391 0.49216765351351094 0.8091357088703564
0.9855257608902064 0.07077794323012707 0.5102558688969934 0.786329925836841
0.9883355721208239 0.07403868968584075 0.518770612474505 0.7076440884555111
0.98956705201473 0.07278490628803375 0.5262111024595048 0.81715438950555
0.9902255747333266 0.07567361362084889 0.5449843743844952 0.7253446447507953
0.9929843032159265 0.07567220058238475 0.5542160959550765 0.6576077548900814
0.9891916023309663 0.07473476971054895 0.570676740520236 0.7564499484004128
0.9920896104965747 0.07306340077766653 0.571773743119853 0.7234934497816594
0.9880782780264782 0.0770307526016512 0.5881881024626372 0.7348145493639133
0.9894825239071611 0.07756763704260182 0.6182145746010737 0.7031814273430782
0.9882021298809772 0.07512773733566994 0.6177437457301799 0.6691247194613659
0.9894460667508141 0.06934662706830717 0.6413251731144809 0.6268364348677767
0.9909232339810283 0.0648820443916178 0.6479038628093537 0.7435813573180703
0.9925629621249663 0.0640986018792293 0.6730105747719225 0.6442550505050505
0.9902516615084894 0.0504474111446279 0.6999506761315882 0.6841326228537596
0.9901431970326147 0.022957861412877346 0.7080822513025472 0.6094396908639249
0.9927034957034158 0.018425997817011555 0.7225070979616612 0.5444263059701493
0.985869826616974 0.009287412930503777 0.7439340059866668 0.49337410805300713
0.9889703038273348 0.011101435140030654 0.7681997516898883 0.43518260384722607
0.9897754023540716 0.006681774378124435 0.7826878399258588 0.4659112019320082
0.991980493284749 0.005405819149037956 0.8248342296121156 0.31701981373835864
0.983698642104443 0.0011153592475614922 0.8349937124326801 0.33009963293130573
0.9876186972481161 0.005379791146190297 0.8823137132147795 0.4774621212121212
0.9856076952102363 0.0023282993371194828 0.9041297485123014 0.6461152882205514
0.9899748619953609 0.0007048872180451127 0.9318861717471275 0.4779646017699115
0.9904424211922954 0.0015243700375127582 0.9288234962788089 0.5197292069632495
0.9880503882439462 0.0 0.9269476938475164 0.42898795365610376
0.9874261536903463 0.0 0.9268070958553664 0.4070979769384796
0.9936197482271774 0.0 0.9353611631609349 0.7426775612822124
0.9933889129056752 0.0 0.9354741739749267 0.7494154325798909
0.9889021981863237 0.0 0.9343731942048266 0.7547456340167046
0.9914524567344162 0.0 0.93443504063906 0.7134763741562199
0.9922579434282452 0.0 0.939806739024516 0.7236995567996268
0.9933099898487145 0.0 0.9418910835322434 0.7776606954689147
0.9866941007419501 0.0 0.9360348527621426 0.801756121691813
0.9918285771260655 0.0 0.9400208644730476 0.7678789901012123
0.9952240333706232 0.0 0.9405267187488385 0.8471112126056177
0.9900251812493398 0.0 0.9371904151885428 0.8209277238403452
0.9916911493623813 0.0 0.9446123107008199 0.8615453829715443
0.9924624303587841 0.0 0.9435208784664909 0.7179923862953316
0.990245369674113 0.0 0.9403905288678751 0.830214181742566
0.9930965481576042 0.0 0.943556557541545 0.8819843878389483
0.9904746067039418 0.0 0.9440246655893525 0.855771216188313
0.9860900483289247 0.0 0.9470692536961696 0.8035615935377272
0.9940589361902535 0.0 0.9525182235596255 0.8332212508406187
0.9909006527268174 0.0 0.9445864551197297 0.7876784769962982
0.9923713858175318 0.0 0.9496477754978123 0.7855069914695277
0.9927743425145827 0.0 0.9549111869387376 0.8454253193153184
0.9933447898075666 0.0 0.9492871157289062 0.8305673820488314
0.9920097552281111 0.0 0.9485461109511486 0.7984095120444719
0.9924892588672051 0.0 0.951900749627768 0.8492024739583334
0.993434159897392 0.0 0.9479340951046895 0.8747963506028023
0.9946427977597154 0.0 0.9481295130483429 0.869588133423688
0.9930898438677073 0.0 0.9512044312544127 0.8219437563747632
0.9930547264545567 0.0 0.9520843729279314 0.8879505353641984
0.9934183707015583 0.0 0.9521757065762647 0.8833430063842136
0.9916560646732698 0.0 0.9519968287908169 0.8787837376153058
0.9907669839226704 0.0 0.9513303427530793 0.8706913339824732
0.9951217050867749 0.0 0.9545609052099117 0.8996052966641201
0.9935929017651689 0.0 0.9556288812588807 0.8815570998093598
0.9951200045874298 0.0 0.9612309071290607 0.9111882152422693
0.9909978683797924 0.0 0.957372369145961 0.8942669990145499
0.9868316008754705 0.0 0.9574389463654238 0.9001811799343222
0.9949032358608183 0.0 0.958848092338738 0.884318766066838
0.991643093059611 0.0 0.9594662816532489 0.8861591345667779
0.9945984158614176 0.0 0.9602363188344739 0.9092993122695107
0.9930233335215286 0.0 0.9626239768976627 0.912010705921713
0.9922334715187461 0.0 0.9633864033637266 0.8865744043372806
0.9940274006487556 0.0 0.9660654633665822 0.8863783085861846
0.9954168639930601 0.0 0.968375823692265 0.8918114578318526
0.9933249197273305 0.0 0.9618603858233952 0.8745845513154207
0.9924529862944534 0.0 0.963188496240271 0.9057171132764921
0.9934664800648196 0.0 0.963800515754637 0.897709977701483
0.9945059341807124 0.0 0.9630176358572078 0.908936343852013
0.9948301462079461 0.0 0.9663583790411734 0.9305560058356298
0.9932373793912256 0.0 0.9642254094281438 0.9243795084973713
0.9922504950623197 0.0 0.9600411741441043 0.9115446207599359
0.9948340527917345 0.0 0.9629764216800226 0.9014573592540945
0.9925663033536084 0.0 0.9613071730315538 0.9023605952588678
0.9914162233378914 0.0 0.9615797180485836 0.9088313710685888
0.991414427456029 0.0 0.9609668821599509 0.8649665271029712
0.9931525535619857 0.0 0.9648127758477982 0.8965124034510209
0.9829398946692531 0.0 0.9595390377315135 0.9210277427490542
0.9882508051780801 0.0 0.9640315464936038 0.9332590549599079
0.9935766423357664 0.0 0.9676469783788958 0.9208257395205384
0.9889605993797627 0.0 0.9646491245291458 0.9105804610648044
0.9898720682302772 0.0 0.9703302176732767 0.9251618483141065
0.9921011223438326 0.0 0.9691004116336555 0.9305244338498212
0.9847570121493925 0.0 0.9641331633636924 0.9229100107947793
0.9870821171158406 0.0 0.9639573706654235 0.9089557604671725
0.989379034664368 0.0 0.9666454790350547 0.9283962422857952
0.9905424877722079 0.0 0.965474298034053 0.9112920712169031
0.990030878128112 0.0 0.9693427089409873 0.9284596106215504
0.9901406123929486 0.0 0.9690196547886656 0.939846783920264
0.9921185353153005 0.0 0.9670478825720153 0.9220586365895092
0.9935150465089193 0.0 0.9662986443619136 0.9142809300059876
0.9873205571682618 0.0 0.9536541756894088 0.891656851371337
0.9929693390072423 0.0 0.9529766163926975 0.8982634578163676
0.9910247581335514 0.0 0.9430752329381141 0.8996741640355188
0.9914574447173283 0.0 0.9246081250802053 0.8656115526861731
0.9912479249775181 0.0 0.8918404930947893 0.841418003415675
0.9908068143092744 0.0 0.8991860770961803 0.9157029726006842
0.9863576858593051 0.00028291210863824973 0.19532703385807576 0.45197801822712225
