0.9844563216267351 0.13404598711530077 0.16652588029992202 0.30813397129186604
0.9942556700442341 0.14880056413314588 0.1530592705233014 0.2861060329067642
0.9929254528473145 0.14829379467160933 0.16372328974286735 0.3411016949152542
0.9947699361037765 0.1466610149235252 0.15764597964644084 0.38461538461538464
0.9912371531711517 0.16030067482762697 0.16893252211446505 0.2630484114977307
0.9942596654784754 0.14602142740201107 0.16647684558242531 0.4443073125578525
0.9920205143468148 0.16216027375783065 0.16719237832291636 0.4956896551724138
0.988464731903597 0.1595489738232764 0.17025256232043673 0.5914445133292002
0.9930460663528085 0.15037549018770238 0.16945641483308724 0.3202614379084967
0.9895423851853881 0.18971763669086858 0.18404700063347623 0.5258377701221422
0.9958253500518771 0.18199717107749577 0.17186240234646502 0.34295320818156344
0.9880133687263853 0.20308814425486615 0.18556492531661922 0.5451595457003786
0.9854282469039943 0.19361328188790936 0.18034349952415726 0.33905948035215805
0.9839418747494769 0.19086591118483334 0.19756102555518854 0.47498610339077263
0.9933170656923116 0.1770413599313873 0.1935284577269224 0.33126293995859213
0.9893928402301283 0.1451211254575701 0.1955938658985265 0.35242993969492725
0.9928646671834317 0.13820459290187892 0.19168091895118333 0.5318772136953955
0.9919954709921973 0.15203342211980186 0.19201968116161638 0.4535087719298246
0.9920051327487702 0.1579949190603286 0.19804122803391275 0.457485910316099
0.9908157476327175 0.14140717467456232 0.2021877077308861 0.49426719840478567
0.9882429792400087 0.17963383677285807 0.20555324827251734 0.5837080137529754
0.9960034824528092 0.1722755031215189 0.19881421735335722 0.5652298030259777
0.990410434850412 0.1406480062075361 0.1937803613822677 0.5914686515888921
0.9916475765760925 0.1562446173654615 0.20351384228676747 0.5038127793846963
0.9834220105726786 0.15037108371482802 0.2138650769988021 0.5742545871559633
0.9903970881020141 0.14290695047175325 0.22179097328819358 0.3007087920374001
0.9920961681841387 0.10165208072002464 0.21090417813020315 0.34860264761504517
0.9935334648065639 0.0946826513603167 0.21251617125678854 0.5376344086021505
0.9904089759713073 0.09513752229448626 0.21545645445104347 0.45064088149314147
0.9934541737400289 0.08351986037072431 0.2108116833709288 0.5973579920739762
0.986385077186964 0.10603531322318206 0.22323218900717737 0.4772223590248707
0.9864376616455702 0.11405212459048457 0.2184861153527986 0.4392258064516129
0.9918843990561483 0.11736310107658161 0.23083995601839544 0.5190622780014208
0.9911081333595594 0.10518655624372147 0.22999679412697632 0.5849101796407186
0.9915850688281466 0.10633037188395579 0.23789731942028788 0.671153338611771
0.9917223109259806 0.13410400270368575 0.24200685355826174 0.6220514179697854
0.9946995365987343 0.10260737615061691 0.23323427864135307 0.6294069417873736
0.9918430833619639 0.10028307624041473 0.2392628601614165 0.6741952232606438
0.9920734738142218 0.09731637349950341 0.2552811613826015 0.521227621483376
0.9876459652660841 0.08865875674753226 0.24704233221423813 0.49194579391459986
0.991460670763934 0.11144121754743484 0.26240547579802964 0.5826467559217302
0.9887789386593752 0.11321920590615987 0.2645346641987035 0.5858505564387917
0.9927692133692034 0.10201722082720596 0.2739998976497409 0.4345264076822348
0.982202968197522 0.1307630848288128 0.27668879679949526 0.4810374891020052
0.9844856391703702 0.10302975380740195 0.27786197546442803 0.6526343658988615
0.9897246425921563 0.14247114779906955 0.2943329500280394 0.32346561184126577
0.9892003584444712 0.1183777487916266 0.2946987994347314 0.5785787847579814
0.9936236819797445 0.10165404968236506 0.3085716197901852 0.4482075301747433
0.9917141377524599 0.1021303367835963 0.3087723220476736 0.552703316674239
0.9898670647840795 0.09198354861256496 0.3130142796078117 0.5641711229946524
0.9926256757464099 0.0888669050891628 0.3166006293459715 0.7022397891963109
0.9913589887503356 0.10414588860904343 0.32371753211128423 0.407831762146483
0.9933736956984017 0.11068457582491797 0.34119973441875234 0.3676410045286126
0.9930730933851901 0.09054362383393953 0.3480138003777524 0.36293903916027453
0.9953660524429029 0.11119659725743108 0.364746163306144 0.6226148409893993
0.9928904879716057 0.08077714453486638 0.35541804697853635 0.5498977505112475
0.9887473978130111 0.07778716517724335 0.3563019913247576 0.27433018124507486
0.9946017374636515 0.07415320247474073 0.3604213265355043 0.5588740868070478
0.993963281867371 0.07830878483076344 0.37173190496038633 0.5063464167154853
0.9919083167874666 0.09184264835638045 0.3834925124388713 0.4633985852936338
0.9909766104243896 0.09562232878007158 0.4017833145191636 0.5511009555463232
0.9888135662350842 0.08866976367387755 0.3950618627831889 0.38463604619930164
0.9934904441508873 0.09633308458351561 0.4106391698661618 0.39668348954578225
0.9903295627833515 0.07976963075100375 0.42046489225531464 0.4663337351472361
0.9950079175501221 0.06987464163246951 0.42701080441968575 0.37944210928544136
0.9912240673746309 0.07174700998107038 0.43037122366197 0.36004810846271595
0.9905852764896583 0.08073954265125514 0.4193823557181151 0.3866282559116553
0.9888694184444425 0.07464181601461016 0.41459518326805617 0.20515970515970516
0.9925913832950983 0.0788388809442067 0.4307180908996008 0.19252736792003808
0.989528516353808 0.08360396153231349 0.4430046335681779 0.2975244781082579
0.9888426307365805 0.07615851740540451 0.4467986890847413 0.3974912328028055
0.990768257062938 0.08094897191939306 0.45204374520719015 0.20301342941369144
0.9877980189924173 0.08726374241463376 0.46934304440398167 0.11461136615482033
0.9846705306261315 0.10318686617826582 0.4787541400065091 0.16999222596527597
0.9892278138726768 0.09620775619653131 0.4823326454808089 0.2997138216412716
0.9888358000805335 0.08643951063239988 0.47354105720694767 0.19735062006764376
0.9844531806237173 0.07637720232166775 0.4694705011558403 0.37753291623867774
0.9893847806398618 0.0684641467240793 0.4625994417165805 0.7612188365650969
0.9853238111342093 0.07204363858993727 0.4699963162030085 0.6621550360344525
0.9761317149417035 0.06808523498335682 0.47603183622542844 0.7227214377406932
0.9832486265021172 0.06864989557484773 0.4849396748869528 0.8246951219512195
0.9845540873721474 0.06936644339353479 0.493148608549202 0.7991145545102379
0.981293735837699 0.0765821082480961 0.5112749171606725 0.8062575210589651
0.9844640732454949 0.0803169141643757 0.5198005769941894 0.6849453322119428
0.9860409346536186 0.07968851933435522 0.5270261096029125 0.8020294468762436
0.986900951567471 0.08343297040945828 0.5460967821012506 0.7282685512367492
0.9900013286873168 0.0819370843612686 0.5547587179858197 0.6522186054480041
0.985946514845214 0.08100990275671335 0.5708674433637795 0.733780385582565
0.988977585050014 0.08170098807763748 0.5726149774811795 0.7186026200873362
0.9846635166247575 0.08399010943385035 0.5886941795432326 0.7235568304051632
0.986231127034786 0.08391340824985104 0.6185079022154966 0.6872527094443489
0.9852145244635688 0.08103122289332411 0.6179064783600571 0.6558451693460278
0.985824325747552 0.07504555745761776 0.6412156263991832 0.5689935064935064
0.9859917293802409 0.07238454734640208 0.6481210686349604 0.707394984826705
0.9878959643373778 0.062362100885090414 0.670832583283308 0.5859930418998639
0.9868452065833201 0.04862931639323916 0.69830609016091 0.6783176214648295
0.9851489294617257 0.021382355907283854 0.7032329809883324 0.5365168539325843
0.9882316742972481 0.01645974549400375 0.7191111298267941 0.5037362637362638
0.980988170715776 0.029235924258807555 0.7442580023495146 0.4306355461250884
0.9838252576496932 0.05179989800694391 0.77021202790291 0.3384459669884771
0.9847665062550904 0.021585904743248282 0.7803388002681813 0.33820956113949746
0.9862784650445979 0.023302321537257628 0.8017738270976162 0.11195308976093821
0.9785612387574635 0.004702135328961172 0.8266775759247895 0.210161762175185
0.9822991267710278 0.002001037575038909 0.8727315032100599 0.2755285650022492
0.9797397936713578 0.0010972568578553616 0.8919736961929458 0.3173637515842839
0.9835608550159223 0.0001226391954868776 0.897105888881361 0.10945097876231245
0.9844322009078929 0.00021330204903280853 0.8986007481631012 0.12237175090466167
0.9812418927302464 0.0 0.8954954630504213 0.11805878574434625
0.9804282116435936 0.0 0.9174471796208457 0.2861389630674661
0.9863570796241456 0.0 0.9302632587322346 0.7029404372958029
0.9862320788530466 0.0 0.9303316251963146 0.7196674460898935
0.9816070303402733 0.0 0.9290078576122944 0.7231545741324921
0.9854760720215103 0.0 0.9302156846541608 0.6741939379302017
0.9856198646365124 0.0 0.9351009226051916 0.6953518323381337
0.9855847274581092 0.0 0.9362902878994882 0.7506444808999297
0.9793789297801001 0.0 0.9308400770903178 0.7767158992180713
0.9841160112667977 0.0 0.9344274871500444 0.7293224690255609
0.9884880122166184 0.0 0.9358203683319917 0.8207417582417582
0.9823178046586024 0.0 0.9318369219666157 0.8150996533795494
0.985109015707886 0.0 0.940240838828938 0.848379499831782
0.9849257708412638 0.0 0.938212115918399 0.6836836836836837
0.9827486276528671 0.0 0.9352114221094057 0.8044698544698544
0.9861972375832232 0.0 0.9387236851107328 0.8610624033006704
0.9829030006978368 0.0 0.9389777341523551 0.8497804725067949
0.9783759304202422 0.0 0.9418131156434633 0.7895612009237876
0.9896612206677754 0.0 0.9498726595388297 0.8244392884764115
0.983535596288961 0.0 0.9395133664314729 0.7696747114375656
0.9848475027661125 0.0 0.9444466263772769 0.7807233146067416
0.9878960300012931 0.0 0.951460342170632 0.8340539605672778
0.9866872011525238 0.0 0.9445571479165393 0.8291199722005038
0.9857942344054618 0.0 0.9437766214795251 0.7869478832339906
0.9854071023349495 0.0 0.9467236650106337 0.8413329009242744
0.9866773715230153 0.0 0.9424039751040199 0.870925895897519
0.9886693732783995 0.0 0.94368293235872 0.8685139295637155
0.9858123968783399 0.0 0.945397418550843 0.8084183119982643
0.9854106741634013 0.0 0.946446348664875 0.8869493557087204
0.9859392156819771 0.0 0.946690994959081 0.8866507833369431
0.9843950759868293 0.0 0.9464713430460834 0.8719994590574075
0.9830504469735754 0.0 0.9458190287128239 0.8665509035950865
0.9875941906628934 0.0 0.9494274793540625 0.9093049898167006
0.9854661475784255 0.0 0.9502063610823935 0.8794304571009534
0.9883553736233113 0.0 0.956771992070301 0.9104378326076439
0.9839605935872926 0.0 0.952736622306096 0.8914577476908956
0.9786943707840668 0.0 0.9520748058317479 0.8971361449826603
0.9908169180715765 0.0 0.9562470484215743 0.8886638597239247
0.9834728304587469 0.0 0.9539839262242471 0.8843427996984167
0.9872434979475175 0.0 0.9553711518033777 0.9069202952395106
0.9846812786419413 0.0 0.9569839119847172 0.9191533987987416
0.9841966237724387 0.0 0.9577803798579221 0.8879693559065545
0.9863235386733123 0.0 0.9605098692017451 0.8833256775378961
0.9874189407520527 0.0 0.9624776788541178 0.8926045577577927
0.988354496228512 0.0 0.9580886412688852 0.8740849777211966
0.9880518945021499 0.0 0.9592337148668655 0.8855001484119916
0.9863034467219975 0.0 0.9579227311540098 0.894300119039283
0.9887097369294912 0.0 0.9583822328189505 0.9090446982276593
0.9875195337693673 0.0 0.9604179026063379 0.9283937053672408
0.9866279231076233 0.0 0.9589483867296421 0.9221229254057998
0.9927859949920199 0.0 0.9596793767088788 0.9085959221501391
0.9931640219503081 0.0 0.9615935649354078 0.9010405317062541
0.9875275160645461 0.0 0.957138801180408 0.8918606367796861
0.991427301399149 0.0 0.9617751909785377 0.9136134930196301
0.9858815058538195 0.0 0.9531493312888661 0.817925925925926
0.9913955306784202 0.0 0.9621073299542824 0.8674520741835439
0.9803293645672732 0.0 0.9576687323753398 0.9180327868852459
0.9859162458486875 0.0 0.9617400005936253 0.9246693085789769
0.9876947338239511 0.0 0.9633395699219052 0.9179219236011603
0.9858412212935376 0.0 0.9619584803791572 0.9054255700131312
0.9856694469974162 0.0 0.967417928204568 0.924262265902127
0.9878044526711841 0.0 0.965637457436868 0.929144385026738
0.9818112600989806 0.0 0.9610740479488726 0.9096583937834987
0.9870121554272542 0.0 0.9583492013614341 0.8617000637454616
0.984747855649094 0.0 0.9559199633756372 0.863712222607776
0.9918963947592848 0.0 0.9603783975854762 0.8713116519491708
0.9882413675803353 0.0 0.9653532051405124 0.9057742895338307
0.9896181712647228 0.0 0.9610445939093918 0.8924329441464184
0.9910709784594407 0.0 0.9585939741492279 0.8830508192815147
0.992926617879456 0.0 0.9556114584715024 0.86752618002618
0.9852599588588214 0.0 0.9521174065555822 0.8931496056021317
0.9895034729294699 0.0 0.9517663539548881 0.9038952157007393
0.9902519613053854 0.0 0.9423216848636525 0.9038880704958573
0.9889078447644386 0.0 0.9230349895384306 0.8669111860673995
0.9918354544564811 0.0 0.8899514115537556 0.8359195389370537
0.9882222514300736 0.0 0.9055192042487016 0.9281784902887422
0.9856459109775666 0.0006154928339048624 0.1987843962447394 0.46238756504008677
