0.9852095358230445 0.18939512333729955 0.16738392951570522 0.28536880290205563
0.9949200178545478 0.19217603657722832 0.15422812210514128 0.22505800464037123
0.9939656964246718 0.21729808615591537 0.16654083793658048 0.3107151574322675
0.9955531393818314 0.1927439961735118 0.1566147851271932 0.383617963314358
0.9919936978287558 0.23647087900481564 0.17359666784160807 0.2809338521400778
0.9950779574757462 0.21855215002443545 0.16720259840598203 0.30916383832150574
0.9926502199146797 0.2172102671343767 0.16604160389135209 0.35202205882352944
0.9894886221624835 0.22909908441443824 0.17211087635114566 0.4825436408977556
0.9930880035389422 0.2156156909047943 0.17130302500062491 0.3621041879468846
0.9901080540681193 0.23326607521866038 0.18353542566912723 0.4014450867052023
0.9971896585965705 0.22411533757684474 0.17508486033478945 0.21978624280624828
0.9885761983621425 0.21776104642891123 0.18282818588749983 0.37051971326164873
0.9865219883346209 0.225164035804876 0.17518605697830344 0.35161290322580646
0.9849462337692664 0.2132063449840171 0.19386160846616826 0.32495601910027644
0.9942246164225332 0.21081075707472782 0.1917506303053397 0.3746065057712487
0.9903952482549983 0.19144410500508546 0.1949625388760389 0.41329639889196673
0.9933775903719206 0.17772208688946917 0.18874618437326485 0.4529547705513371
0.9926418918669461 0.19040345361341357 0.19173282020952556 0.339140207923574
0.9926944679353379 0.19621995795587333 0.19578133479291965 0.3763775077705567
0.9912768687294126 0.19278857750173364 0.19932843710268577 0.3730758466274839
0.988893389431995 0.21510270533057718 0.2027819158347745 0.473046987604497
0.9964226935530345 0.2205237441276218 0.20414950553928154 0.4282043962318013
0.9912070908592489 0.1750757633564415 0.19613348630316205 0.4286894273127753
0.9926391215790477 0.18023593887176526 0.20707498154927353 0.4044175650801998
0.9845810337774447 0.15412624623009394 0.2111728280224307 0.43276148312119533
0.9912588181267465 0.14956606759955277 0.21728161995318587 0.35832521908471276
0.9924798501845153 0.13599700231007547 0.21111486267807064 0.312
0.994139334135853 0.13235470055957538 0.2148310776450123 0.34641932700603967
0.9912196119682094 0.12284397565605369 0.2186434972131409 0.32028611166302406
0.9941597810891278 0.13789693461691724 0.2183077341163682 0.38122124634044335
0.9869954730845885 0.12536959681151816 0.2231013124524364 0.26043956043956046
0.9873946087598485 0.12378362291429265 0.2192676212831336 0.21503889369057907
0.9932907999695372 0.10801281829581488 0.22778498980621162 0.26745486499440807
0.992176435877262 0.09969127112322974 0.22734530752725943 0.38006170458927885
0.9930592447876543 0.10498029415836585 0.2371148861435647 0.4439628482972136
0.9929071523360637 0.12715000829170106 0.2418332747534476 0.4703004891684137
0.9940248539194394 0.09367529767005507 0.23544485137154444 0.5051712250057458
0.9933891587701411 0.09603647940387315 0.24018809519443782 0.496648512777545
0.9931828223692799 0.0948518826415783 0.2592179817140168 0.36500300661455204
0.9889882914587323 0.0887735415617331 0.2530944781702993 0.3291437549096622
0.9927405106935587 0.09661236357438657 0.2622761313777213 0.31299688904251644
0.9899874654164029 0.10582181056989727 0.26154946468167567 0.3228180862250263
0.9942293545694441 0.10377878503485556 0.27425842672460155 0.27893228233608025
0.9837081468127773 0.1174080237589288 0.2755490993511459 0.3064165844027641
0.9861652488391814 0.09688505984316963 0.27770684654499295 0.43528594582079183
0.9913585036858628 0.09581834269639473 0.2841894794495237 0.5296084049665711
0.991134944865666 0.1022959989269355 0.290114751211798 0.5819128787878788
0.9954044983367952 0.0878325808743758 0.3057740155239841 0.48630997236875156
0.992932597672261 0.0835819946896235 0.30559565739858285 0.4116558741905643
0.9906625601145015 0.08845301335010308 0.31089432112952853 0.439651596847781
0.9945352530351927 0.08186880159874563 0.3140921738435834 0.5188480449543432
0.993186729251797 0.08667058119420243 0.324943838160785 0.5277585809721262
0.9940874221233739 0.09179656656878878 0.33698555783338274 0.5615141955835962
0.9950128844030717 0.08549140693271191 0.3483770785757137 0.4301159819146845
0.9961509484812662 0.09488262356965908 0.35875927006082825 0.45391262602016325
0.9945092773021746 0.07965466938719538 0.35375337983836386 0.4353965638973876
0.990435535338448 0.07985022640195054 0.35661032420548533 0.48779374857403607
0.9964013978161542 0.08428108524056005 0.36252532084171807 0.45887166236003446
0.9959582656186754 0.0832019667569978 0.3744741734634885 0.46681780708985987
0.9934414557916712 0.0883625167169471 0.3823878920403599 0.38759440784187693
0.9928894634776988 0.10214281404338521 0.40583137325396806 0.375
0.9908038751841384 0.08773072526870956 0.39370836776548446 0.3512679457936401
0.994596507843701 0.09161658012432264 0.4045920595463051 0.25136387030365415
0.992288182399566 0.08202136483466556 0.41711583166067595 0.17367686999926596
0.9969921070253694 0.07853247250171107 0.4252377446695704 0.14862848617009067
0.9940029839049239 0.08883535934851013 0.42930728417876174 0.1637989585691646
0.9938720932075964 0.08594932848979808 0.4227193760322269 0.2629757785467128
0.9922877489274353 0.08224544997204397 0.4212140104611487 0.1879343213824488
0.996226212837698 0.0869029347155509 0.44031024520897544 0.2792048026769019
0.9932766483916355 0.08348499232377501 0.44976593980838 0.42021276595744683
0.9927663539609126 0.07254218838065137 0.4473770403208505 0.5627368841013365
0.9950700929480262 0.07365602906874914 0.45018525618553695 0.3450854700854701
0.9920342625887316 0.07129856417402297 0.4674960132313839 0.19097630069785118
0.9883735905909797 0.07914996176892147 0.4750727582703336 0.20684405133038497
0.9947058290938366 0.08190918538932225 0.4805327994543443 0.3998878295008413
0.99445899051498 0.07964416096680794 0.47553665285805513 0.17625376968613873
0.9885288273311232 0.07443181163677415 0.47075582369700014 0.31758747697974216
0.9931479951288947 0.07070643404598628 0.4624739177901666 0.6071661237785017
0.9895065726899851 0.07295382505788015 0.4701156086554978 0.681917211328976
0.9804195786762993 0.06858369111091561 0.4760615005739131 0.674550614947966
0.9869231411894243 0.07027548807890335 0.48498549510494765 0.7660550458715596
0.9890605577155447 0.07070986854286243 0.49171255190445484 0.631201248049922
0.9857745910888634 0.07729911113578465 0.5107753848581787 0.6561542620291945
0.9891539311214952 0.08048224894396033 0.5198100582986958 0.6291509896940946
0.9904261819061735 0.08035835612759243 0.5271261513462335 0.7451989705008909
0.9908754570669022 0.08100824084824192 0.5450629520581002 0.5676441186271243
0.9933729416861956 0.08133785782172646 0.553076119757956 0.43967828418230565
0.988954038657293 0.07881276680801245 0.5680912088662309 0.4249721293199554
0.9919582631949667 0.07682334220917336 0.5699289442821993 0.48608534322820035
0.9878502299394658 0.0775811635415741 0.5860563947418705 0.4713943587014369
0.9895351605920902 0.07776864782270468 0.613488836520642 0.3476645435244161
0.9884075714474332 0.07580545414646797 0.6121118987613626 0.31329933307179286
0.9887993048428635 0.07146214430894308 0.6381349035763569 0.34601502292459274
0.9904668740359709 0.06702315450888317 0.6468677955131317 0.5255854293148309
0.9928563697369845 0.068081608594644 0.6689335736493777 0.3199594560351381
0.9909790794566233 0.05653828081184727 0.6988308093247444 0.49971786480081254
0.9900923157256932 0.04294827226127439 0.7088852940342565 0.4116405307599518
0.9929548096617644 0.03907880472083167 0.7225363219062669 0.3404460131557837
0.986374634675157 0.026019585504485493 0.744763879724762 0.33442114709961657
0.9889755079788553 0.032392508390768085 0.7684290971474598 0.28256232502333023
0.9900519498610587 0.01978008018143572 0.7776168172797041 0.253075669906185
0.9928672407145611 0.017552480916030535 0.8140333977902539 0.14709433223480275
0.9837959273779884 0.010193353506566975 0.8318822232042263 0.21785258862535067
0.9874731752721255 0.028389212827988338 0.8797296007456192 0.2560330802603037
0.9859219427742336 0.01957195917925787 0.9051716375190547 0.4877642536835362
0.9899922065247807 0.010506273628842256 0.9323922511374064 0.4409152648626058
0.990607654555665 0.008642529160289228 0.9236617922961606 0.2778446147027164
0.9878676723549642 0.0018657996186086073 0.9286831599949339 0.4733297701763763
0.9869351200220523 0.0076818149185153275 0.9273225609384597 0.3800912218932544
0.9936235752465303 0.0014210803052480496 0.9347611693737036 0.6234314980793854
0.9932046456572109 0.0 0.9339432142110485 0.5836320191158901
0.9885246321348147 2.9728725380899296e-05 0.9318304123094913 0.523567956034665
0.9913129451193967 0.0 0.9332619296903648 0.53255925305243
0.9922725099316737 0.0 0.9372203008043376 0.4683294117647059
0.9929571166659213 0.0 0.9405380253017304 0.626953125
0.9861397939753499 0.0 0.9342696578134079 0.6170875129712902
0.9912849930492779 0.0 0.9387053169244336 0.631637911718575
0.99517653387695 0.0 0.939415632775831 0.6809048111149386
0.9898115320870285 0.0 0.9359673538476174 0.6800473525613431
0.9916035587808152 0.0 0.943531121060128 0.6856818181818182
0.9919197371319565 0.0 0.9421972874958789 0.579412989175687
0.9894934481549907 0.0 0.9384028473529427 0.6382507903055848
0.992077808197483 0.0 0.9415543457280084 0.7238536836682122
0.9896560424827824 0.0 0.9426883659214946 0.7500533390228291
0.9850127554723125 0.0 0.9451817810605566 0.6706559050004639
0.9938067241944902 0.0 0.95128081464602 0.6697700931027931
0.9899554520161467 0.0 0.9415426357409262 0.5430692651649371
0.9913554696383898 0.0 0.9476730202016637 0.6368243243243243
0.9921429197503534 0.0 0.9530912407246197 0.6939250323136579
0.9929448235708738 0.0 0.947700031250945 0.6940911843585085
0.9911271324722818 0.0 0.9467740098685944 0.6872198191112859
0.9912918377754516 0.0 0.9497773337041577 0.7324328803447133
0.9918158316314153 0.0 0.945481446482044 0.7387244685285536
0.9941936266172483 0.0 0.9458251695034899 0.6852892060118415
0.9922407122617194 0.0 0.9487024484773652 0.6650756954284436
0.9919416368299213 0.0 0.9500260924730889 0.7829614604462475
0.9922755594712884 0.0 0.9496411342510883 0.7504927366961092
0.9912122517688757 0.0 0.9501512927741365 0.7600986958054282
0.9900165060133871 0.0 0.9497146459619086 0.779363920058429
0.9934518391481888 0.0 0.9514266761679895 0.7620742559067198
0.9929562769820035 0.0 0.9527675426989394 0.7277599766967667
0.994513660844063 0.0 0.9558167795456755 0.6295542635658915
0.9903309579657426 0.0 0.9508278373871561 0.582819926069354
0.9860415880257997 0.0 0.9530834358515236 0.679326946457229
0.9944008218110543 0.0 0.9559057719894908 0.7229850441529274
0.9912006547263937 0.0 0.9572452854977507 0.7673259775258047
0.993808276670001 0.0 0.9582195441480313 0.8180588264769254
0.9924077791169564 0.0 0.9572445308622224 0.682983682983683
0.9914824768402105 0.0 0.9581678445171254 0.6658572722034736
0.9937224450418785 0.0 0.9623261930819182 0.7200616255829447
0.9951337499557412 0.0 0.966865024663972 0.8237521215022412
0.9932198841895685 0.0 0.9603000359542911 0.8056657673385177
0.9926842981869874 0.0 0.9609763635182379 0.8098558473933307
0.9933571315096481 0.0 0.9544430207919188 0.6380050198364505
0.9940380139765626 0.0 0.9580003105107903 0.7635366689513365
0.9947937850809404 0.0 0.9628411377314507 0.8171209718440502
0.9926833425661568 0.0 0.9624566438368224 0.8807405410263324
0.9912391661315278 0.0 0.9579759982544185 0.8586399170612794
0.993998844802099 0.0 0.9583511800556904 0.7880250135407947
0.9920952039560156 0.0 0.9491890013931477 0.6636332548065963
0.9906577162764723 0.0 0.949115245437247 0.6757472912394055
0.9915956477580793 0.0 0.945435698865778 0.6044238766363004
0.9927189069382487 0.0 0.951265498269415 0.6655822709558095
0.9829457556776958 0.0 0.9531904555931481 0.7926157563697097
0.9883485659293886 0.0 0.9532943205240709 0.7475612548660407
0.9930661183780806 0.0 0.9532660670563365 0.7095409203790286
0.9892139094458098 0.0 0.9431694435717394 0.6491424351931618
0.9899177068757706 0.0 0.9504690206813953 0.70788
0.9918140794119047 0.0 0.9521377548963862 0.7521183947275509
0.9848507943952629 0.0 0.9376734463719576 0.6853529649384589
0.9875159949099854 0.0 0.9374717042816075 0.6946536144578314
0.989161242945214 0.0 0.9225205996098961 0.6383916479944846
0.991036093342173 0.0 0.9226170882896119 0.6490904784735981
0.989774819058495 0.0 0.9157447724331971 0.6391637091312738
0.9905963849575705 0.0 0.9377700628912975 0.7621835392094786
0.9925287294411389 0.0 0.9289220207544372 0.7445420580552727
0.9939651971404985 0.0 0.9357645088258573 0.7849746706325056
0.9877721238644812 0.0 0.9144094744157892 0.7565006715683225
0.9927884268327309 0.0 0.9278838199166134 0.8211461055618107
0.9915122302623155 0.0 0.9312799029786444 0.8710087151175221
0.99161676788652 0.0 0.9270332849077374 0.8807149808707495
0.9924907839301835 0.0 0.8915839109218806 0.8545857003940837
0.9910409643943665 0.0 0.8961153498114404 0.9223107569721115
0.9861209774972971 0.0022935779816513763 0.26169963605969315 0.6369349432428469
