0.9854239736839088 0.06885092901633458 0.1723451515896704 0.25862068965517243
0.9955065306471997 0.06637108096913556 0.1577448688053862 0.147014701470147
0.993981046082616 0.06615009327019658 0.1687737046719214 0.2589686098654709
0.9954923053236852 0.06601892808305193 0.1584878910207551 0.3037893384714194
0.9922005156348331 0.06735164103105871 0.1653505876962137 0.24714937286202965
0.9953458659088448 0.06508450353684309 0.16445315609790406 0.23912372724467756
0.9931669367373259 0.06254191846481436 0.16239369497236358 0.3054187192118227
0.9889333516551392 0.05802124777750598 0.165744839440819 0.47606892150606256
0.9936920294464141 0.05798001090440587 0.1690639588008824 0.3677937915742794
0.9902521915110951 0.061029966399231986 0.1762203022927649 0.3823623049984082
0.9965345848163425 0.06055264182388424 0.16700991397171147 0.11348122866894197
0.9889921267216525 0.06457023922615446 0.1790895962889194 0.39500693481276006
0.9864706777251433 0.06477916296034722 0.1702845344433526 0.32760078939949255
0.9845833803470847 0.061774441698913704 0.18280468104794584 0.26155988857938717
0.994177676665615 0.0638818623724284 0.18318533566961753 0.35667848699763594
0.9903858021193047 0.0649596129594817 0.19000110646539226 0.4570795058599937
0.9937893213591449 0.05971863065536262 0.18796926447304543 0.4009293063391968
0.9930725797717852 0.06265770984978934 0.1853935670045622 0.3322319014719135
0.9929389681459231 0.0653099212012161 0.19021810851649257 0.3138187221396731
0.9917969919869103 0.06623644761987074 0.19324543887283416 0.3577075098814229
0.9887986728677344 0.06303178777446877 0.19813674669090198 0.4560212514757969
0.9967182612644949 0.06540403991856336 0.19387467763525693 0.34941478732514986
0.9914247217511647 0.05758656332735174 0.19249523662667045 0.3856283996564558
0.9927819919797197 0.057209516488555205 0.19619712227503996 0.340257691296345
0.9844773443202807 0.05572447945363889 0.20302838052062053 0.35980504587155965
0.9913461421015989 0.053442810463895186 0.20653766470742188 0.3207860503736507
0.9926341982255003 0.051080601708297375 0.2025997550708371 0.17943605810310453
0.994542876097846 0.05504411933228924 0.20771672615594386 0.3733681462140992
0.9912033277862115 0.05527943461283227 0.21154014441537453 0.2674256505576208
0.9945080553794406 0.054257768623223374 0.21089451299028628 0.39228295819935693
0.9874924774567347 0.05282670973581199 0.21674903720108452 0.31858184561227054
0.9877077232214884 0.053093709327976246 0.21299306656535621 0.29231974921630094
0.9930722062811996 0.0546552641921506 0.22511380577743761 0.4531416400425985
0.9923522606992745 0.05284311767937305 0.22405431226141184 0.47354970610784564
0.9927683785735945 0.0511535327598493 0.2324164465140365 0.5167785234899329
0.9926095581069784 0.053572856925747286 0.2330566449312945 0.42155561454738516
0.9949556643866917 0.052871772594955985 0.2349763809222964 0.45932621199671325
0.9930752576946092 0.051137742566313996 0.23943562536653304 0.5348898216159497
0.9932281213088868 0.053060593274150664 0.25862416671334937 0.3772378516624041
0.9890283661147906 0.05067201129420534 0.25109650440404235 0.3392994119151112
0.9928763420563852 0.05164263078617423 0.25951567595544134 0.3711608537220198
0.9901072014125363 0.049307673873573814 0.25661532432652007 0.42082777036048064
0.9940857728143792 0.05201258101371322 0.26825598135870055 0.3040629095674967
0.9834891955635283 0.05276786439938644 0.2658641879000943 0.40360576923076924
0.9856316010972462 0.049763393470826166 0.2748409851575617 0.4817266949152542
0.9909961543451616 0.053855573038270224 0.2848371115208667 0.4794520547945205
0.9903771665141915 0.057091638795986624 0.28951592877111754 0.5223384030418251
0.9946466544068443 0.052423419845595905 0.2993630214341315 0.49004787100025193
0.9928959301005663 0.054599559099043835 0.3036964680895907 0.44750231267345053
0.9904739223624672 0.05780982210139531 0.3072131104850352 0.4948837209302326
0.9938660687331405 0.058260081599328904 0.3124733532948804 0.5280780384919589
0.9925316316694933 0.05786610811834471 0.32381821553718365 0.5231568998109641
0.9944191218701501 0.05825037360616163 0.33272072756375515 0.5529640427599611
0.994254838176104 0.06030390529887062 0.34498114288131565 0.5050391937290034
0.9963079509556685 0.05955383696661168 0.3520118575564685 0.5298142717497556
0.993995495101044 0.05963913665791444 0.35052645673714394 0.5044769085768144
0.9899931744090045 0.059559262891554436 0.3540157942348598 0.5178653229500687
0.9958270064911888 0.06023050224334555 0.36038491239074943 0.46425495262704564
0.9950469333268903 0.061691225786089085 0.3721351860393289 0.4965065502183406
0.9928576600057921 0.06332626244109149 0.3786816395688381 0.5244453574363188
0.9923977947728393 0.06625723442653557 0.403330814608385 0.4767716535433071
0.9901861877279963 0.06623303689571346 0.396951596292482 0.49981502034776176
0.9939887918027221 0.06486846504039435 0.4035257966715666 0.45136406396989653
0.9918002010585856 0.06687759167790447 0.423455438789384 0.47588486970050564
0.9966835275362355 0.06921015463240442 0.4355011474167419 0.5163276730733346
0.9930642927890547 0.06781057750363081 0.43834839459443137 0.5079337401918047
0.9932544749625283 0.06863755218869712 0.4313252599890531 0.5541777947348341
0.9915715717176434 0.06432904545621589 0.43691502468064886 0.5800756620428752
0.9956255116360659 0.06964743939533856 0.45477883096366506 0.5151567344126765
0.9928019505331215 0.06891231894690507 0.4536036393083876 0.6264270613107823
0.9919881788028854 0.0645516554367226 0.446428876955679 0.595878889823381
0.9942507344195751 0.06655746412793939 0.4495235340593689 0.5176427791924336
0.9912829971878685 0.06486886754471732 0.4675355996553263 0.2899402076995699
0.9878679936630738 0.07169345230292384 0.4734292311466578 0.2782140651195623
0.994310049106564 0.06900812712932691 0.4794207595528642 0.4499752352649827
0.9941307681070285 0.06761401208858776 0.474718199858176 0.22046186895810957
0.9880220892299634 0.06876691075455371 0.47219098540375626 0.42554858934169276
0.9923585533284521 0.0657877570831574 0.4627322168626406 0.7874109263657957
0.9885367548610947 0.06868101411909845 0.4694607121907125 0.6661799598466873
0.9797248957390747 0.06576940008226949 0.4758121258614419 0.7543624161073825
0.9864690456506043 0.0660360146020134 0.48472898860058 0.8085758039816233
0.9887349138278592 0.06624854337225096 0.49283391014548483 0.794536141149687
0.9856425991310578 0.07298134489033352 0.5108257877464168 0.7860305958132046
0.9878947156902265 0.07601829872191916 0.5188896885126592 0.6837249782419496
0.9891969128505801 0.07470204733021935 0.5265102855318187 0.8067583974099555
0.9906943098169813 0.07880772175929572 0.5457792274480645 0.7165480427046264
0.9924899123583781 0.07828816653300659 0.5544705613612423 0.6475069252077562
0.9884088062594351 0.07700480900585903 0.5705998913487467 0.7250043021855103
0.9913862162746191 0.07573092771146851 0.5720374455847302 0.6909631183359553
0.9871105812220566 0.07970071447374763 0.5885966402485714 0.7134892086330935
0.9888979953218193 0.08114777298077344 0.6189261699965084 0.6794208893485005
0.9875782287123079 0.07741029978047288 0.6182861568449431 0.6649392712550607
0.9890139818747647 0.07468074353736585 0.6423954461604011 0.5843265306122449
0.9897045570553885 0.0710830034076761 0.6488015522477056 0.7070889399409255
0.9916617063248048 0.06978660732423499 0.6741303857684497 0.6474526453298498
0.9896917388376505 0.06027510553661309 0.7018621112363327 0.6648888888888889
0.9888639971624252 0.028795010496795084 0.708356729858822 0.5707775169175529
0.9914608881365273 0.016993102981755458 0.7217758363576791 0.5305736250739208
0.9845592884748253 0.009859044758373618 0.7435074415939111 0.4928061761609545
0.9882239148833273 0.006077104795985407 0.7670169583754685 0.42802118440057774
0.988460827102164 0.005487724330546697 0.7815893682126357 0.45156454937230656
0.990692897756347 0.004493450265894616 0.8239472195681558 0.316920898500354
0.9826347270032653 0.0009522887210278262 0.8337457808839296 0.31601703665462055
0.985937112506626 0.003998483846273904 0.8804989395736726 0.4681640810887979
0.9842303796788133 0.0018236856965646205 0.9022752743058142 0.6414829914638808
0.988450856010342 0.00044660302573549935 0.9328532417907743 0.628345498783455
0.9884796870263499 0.0009741256221727005 0.9280047249546852 0.5615376214917549
0.9855733548097465 0.0 0.9215004511468325 0.3200309266087784
0.9849825856510266 0.0 0.9248379316101412 0.3916838487972509
0.9909879142335234 0.0 0.9335228043250323 0.7191096496775009
0.9905735611688067 0.0 0.9333778453004806 0.7289621777254286
0.9857951224725393 0.0 0.9320236818688076 0.7400942795260542
0.9894285516288615 0.0 0.9330359289479313 0.6908761329305136
0.9898369826991785 0.0 0.9380535818722546 0.6988177455226501
0.9901416260838845 0.0 0.9395610961641557 0.7649758738378251
0.9837353002029872 0.0 0.9338756868857656 0.7827169717345287
0.9888061039281153 0.0 0.9377648596673209 0.7433232763437255
0.9927354740632749 0.0 0.9387046961726588 0.8237381252146045
0.9869757793800403 0.0 0.9349410025270004 0.8096994683736574
0.9898421442172631 0.0 0.9433731656492373 0.8500397320921784
0.9896692689588985 0.0 0.9415910055602493 0.7111268891368293
0.9873785868644754 0.0 0.9383196810860941 0.8183241156214129
0.9907278379247508 0.0 0.9417766573700096 0.8703396851698426
0.9876054876857374 0.0 0.9420628845798648 0.8532023821962177
0.9829443123903393 0.0 0.944810540341442 0.7918013110516111
0.9928938666095538 0.0 0.9519286565808865 0.8309653561697159
0.9883100188514732 0.0 0.9427077309990862 0.7685423128046079
0.9894586978819602 0.0 0.9475768784343084 0.7795589407492693
0.9918857484604506 0.0 0.9543214383499133 0.8410211267605634
0.9913616527647351 0.0 0.9478410330983627 0.8250987275120667
0.9900146670450307 0.0 0.9469862926362766 0.7931007691710046
0.9899840995298571 0.0 0.950017818270812 0.839474764054165
0.9909033283556403 0.0 0.9458004164819183 0.8739730529083142
0.9932452594451516 0.0 0.9469546559123106 0.8564951258218091
0.9905890152799348 0.0 0.9490951924619533 0.8175948345439871
0.9903093454900683 0.0 0.950049232946432 0.8892520522955305
0.9907072363013923 0.0 0.9500031329541048 0.8821847507331378
0.9895336505627398 0.0 0.9502107894359759 0.8755601516718373
0.9879798956074806 0.0 0.9493274063261955 0.8696277883168706
0.9927026472116474 0.0 0.9526354472479419 0.8939850105694702
0.9907692307692307 0.0 0.9536452311550424 0.88728269674123
0.9933663105517342 0.0 0.9600338771507533 0.9095440280598117
0.988926199730234 0.0 0.9560321715817695 0.8940762463343108
0.9839898619261871 0.0 0.9555308124331775 0.8967823055380922
0.9948556422998388 0.0 0.9587688504446006 0.8806679997838188
0.988717332041306 0.0 0.9572881092010002 0.8776403522166234
0.9923037132311822 0.0 0.9586226675042183 0.9010613148231981
0.9901156098005031 0.0 0.960308542746539 0.8946482665769101
0.9893523676642468 0.0 0.9613704630633267 0.8856493569287303
0.9913619663362974 0.0 0.964392145195877 0.8968887210235589
0.9925403689867031 0.0 0.9665204031652574 0.9034989471797858
0.9926297344018428 0.0 0.9615789400559913 0.8826744992452984
0.9918385162560613 0.0 0.962932156203141 0.9118000853672733
0.9913734110715963 0.0 0.9624934873776755 0.909570596797671
0.9930842191005376 0.0 0.961658901567847 0.8982393520266329
0.9927163807950976 0.0 0.9646220612779846 0.9275314687612976
0.9915542847388187 0.0 0.9629531989532201 0.9242546333601934
0.9939859152340594 0.0 0.9608226100937669 0.9106179824949164
0.9957514592766352 0.0 0.9637828813428359 0.9066326105666453
0.9920090070298769 0.0 0.9611308122069294 0.9067546227904845
0.9931252946461133 0.0 0.96313835211897 0.9206483609531874
0.9899420582358169 0.0 0.96097740342476 0.908415372964786
0.9936573578249169 0.0 0.9656241125013539 0.9106305195234214
0.9834602720891527 0.0 0.9599158547012164 0.9178270483475767
0.9886932946864732 0.0 0.9634061459725854 0.9167981217212664
0.9921967838741115 0.0 0.9668415751829461 0.9240447840767727
0.9887567879547157 0.0 0.9650915801787724 0.9219304035488971
0.9892189422249432 0.0 0.9693818473513669 0.9161045423068045
0.9914326544364537 0.0 0.9685135948243498 0.9323580970803361
0.9845820043981008 0.0 0.964253112386532 0.927311775580919
0.9887568235511346 0.0 0.9658778601149605 0.921405821197492
0.9884123524133623 0.0 0.9658459067139612 0.930092065042415
0.9920835392418816 0.0 0.9675990337161091 0.9284678668776564
0.9900052855513117 0.0 0.9685705556283009 0.9203154057873987
0.991185136133744 0.0 0.9670988483007136 0.9239656528753717
0.9929415514925203 0.0 0.9635349581365248 0.9012350673594295
0.9947109558427992 0.0 0.9656449936988862 0.9070817857253094
0.9874697568729993 0.0 0.9495826741383644 0.8719378123264853
0.9927866349230434 0.0 0.9487164028273015 0.8801842427614774
0.9918536337585417 0.0 0.9403340458664632 0.8890358861226341
0.991596339675808 0.0 0.9196265115822742 0.8498417526178157
0.9929796686968547 0.0 0.8871163695024242 0.8234542368921899
0.9908673922523522 0.0 0.890072671357561 0.9042586764097847
0.9871810323809349 0.0 0.2121427695750445 0.503868895581347
