0.9841919390100342 0.05744963806590349 0.1746606363554161 0.08563218390804597
0.9941713357398848 0.055852752321840435 0.16088939233902108 0.0
0.9926285757129722 0.05936684807707656 0.17177269318976848 0.12292177705096756
0.9946759934976419 0.05655229694424147 0.1604472544434813 0.0960179833012203
0.9908248188717194 0.05793147392405999 0.16925253238142862 0.061832490163012926
0.9941021714483131 0.054853894444818106 0.16836997920254249 0.08793582227707497
0.9917876699304707 0.05655059235762059 0.16468320757813423 0.09944581280788177
0.9881537773804202 0.05509877990534497 0.16866732606380802 0.3099265879348867
0.9926732024245642 0.052134135177878016 0.17062438755581733 0.1984478935698448
0.988996512024409 0.05785062651860213 0.17868531430001355 0.24960203756765362
0.9958479645098205 0.058901532971685794 0.1706850879741777 0.03043230944254835
0.9877661275325013 0.055289032313769505 0.18157132624455066 0.23578363384188628
0.9852546178502668 0.05286976342439171 0.17177532939838228 0.16545758928571427
0.9838922465626545 0.05674403374546311 0.18610175208763968 0.13871866295264623
0.9932046661547915 0.05828967352327477 0.18705301427963475 0.17149615612063868
0.9892106535822595 0.050249241520882705 0.19169749097553368 0.29046563192904656
0.992648839875634 0.04985952923310554 0.1902577335753246 0.2724858944573515
0.9920339955056622 0.05314922586707362 0.1885159758476906 0.1232753449310138
0.9918967436665432 0.054340877125687255 0.19284594295922258 0.1610698365527489
0.9906696793797967 0.05146669705385872 0.19430155235933524 0.24816487859966121
0.9880734302055433 0.05260287951640639 0.20090865256175514 0.31729634002361273
0.9958912355720096 0.05979200424354708 0.19850926437292846 0.23979446188980874
0.990490090493989 0.05602076469228664 0.19618624335166138 0.24305754365874607
0.9918624927343686 0.054230517886075115 0.19757804972960272 0.21167499342624244
0.9833773843263383 0.051861306063538594 0.2054720220314345 0.21702981651376146
0.990312856504225 0.049559932428523946 0.2083600952399489 0.18378079158593966
0.9921868209224742 0.04556842650012375 0.2059403351939078 0.09028766733124466
0.9936405911425997 0.050484147133494715 0.209937119834145 0.26950971859588047
0.9902011032128548 0.051151501969837025 0.2136395228274864 0.1675185873605948
0.993384809156125 0.04966737380787148 0.21327330304641204 0.30439442658092175
0.9865787755340715 0.04888931798411065 0.21966542964840208 0.22051797837566003
0.9866320030116801 0.04913396191547247 0.21398569195283434 0.2251828631138976
0.9922848453284069 0.050454777414222676 0.2273694257726872 0.3820943245403677
0.9913909149135219 0.048535577398769694 0.22687621191107782 0.4068489649884999
0.9916368584663096 0.04680978686958858 0.23406048507192362 0.4250403009134874
0.9914963083886766 0.0487646215561793 0.2339129224981443 0.31722856384390763
0.9944940574436731 0.04878190545862687 0.23615988531514281 0.32703368940016436
0.992110943988327 0.04591973725097018 0.2396901747752491 0.44464847848898215
0.9928340111462569 0.048346108360085925 0.25989119171809166 0.29002557544757035
0.9881964235225825 0.046243926848592534 0.25154641473855877 0.19662490411659422
0.992115025494667 0.048724600574691995 0.2611309422449834 0.24362311296199896
0.9893377391567557 0.04753449846055942 0.25828752092126617 0.34152202937249665
0.9932330769739083 0.050408163687820515 0.2697448244333255 0.24967234600262123
0.9825384507290099 0.0503602240844369 0.2664627093687456 0.32740384615384616
0.9849128642487361 0.0455837153124814 0.27551294038638324 0.3998940677966102
0.9901572397947809 0.0492040352330684 0.28429324066630746 0.36971317452600877
0.9898544375883951 0.051459284331132296 0.28955441765436174 0.438212927756654
0.9939000737394581 0.048913037540275574 0.2992958283101243 0.39889336016096577
0.9919791772766263 0.05129883822732236 0.30319331587592585 0.3670212765957447
0.99002920515799 0.0540023299311591 0.30705585966607934 0.3574418604651163
0.993268452413558 0.053818867212422385 0.3123987165886771 0.42762984445030316
0.9919630546980808 0.0543489308247923 0.3236616049386721 0.39377208480565373
0.9938786159732805 0.05756489002227761 0.333217504526682 0.4231420963447107
0.993419069627248 0.05674704171639597 0.344170040223384 0.4094064949608063
0.9957132195338954 0.05584677371598847 0.35134261831221564 0.3770772238514174
0.9932739053068036 0.05520620428859342 0.34936229516855805 0.40457115928369464
0.9893827391005457 0.055107665516091656 0.3534973378352055 0.40448923499770956
0.9952580657651466 0.05596586643936789 0.3596022789838375 0.35723514211886304
0.9945245266651443 0.059608885729167435 0.3720206008780139 0.38974918211559434
0.9924366218600575 0.06138911778660074 0.3785662069540729 0.420443587270974
0.9917142476803131 0.061996725063643274 0.40226083315888633 0.37003968253968256
0.9894796316311609 0.06325028894311031 0.3964274735878304 0.33644297321697264
0.9936529915397386 0.060348514902662645 0.4024870142665237 0.3190251572327044
0.9910699902984704 0.061983597588491424 0.4224500022406818 0.4277335567658148
0.9960621660526509 0.0640965854557877 0.43459097320169254 0.42528513435144016
0.992394900567888 0.06262871432774346 0.4377234149426091 0.4365195184239329
0.9925608252251329 0.06361994496991931 0.4306756350024703 0.4691066509248327
0.9906862888162503 0.05953672432026746 0.43631781839874983 0.4643035446829755
0.9948299071113141 0.06464198146998089 0.4541692878634929 0.42473118279569894
0.9919505973370014 0.06357093084756577 0.4521331302400667 0.5080049261083743
0.9912672761860393 0.0591635889095458 0.44516436251421676 0.46331236897274636
0.9934663423883919 0.06153546294298224 0.44880923412224 0.45770750988142295
0.9904074563249587 0.06143580071840425 0.46828244699294114 0.15770687645687645
0.9869992904285617 0.0710317234579138 0.47500393398087065 0.1996765747728323
0.9931292330579806 0.06537576799619743 0.4797263399792853 0.4288102535525216
0.9930825029677106 0.061954729795369166 0.4737843976502837 0.16717118675480325
0.9870680804024302 0.0645348182009946 0.47109803590590676 0.41146417445482864
0.9913364082703665 0.06189103459702796 0.4613966431166248 0.7009155645981688
0.9876158103867557 0.06407887155630482 0.4678120151450335 0.5597736813287096
0.9787459195082095 0.06035020714281587 0.4737644316970822 0.6337298541826554
0.9856305138943278 0.06092285666284395 0.4828824134907423 0.705781010719755
0.9879402072497717 0.060792098037584244 0.49089666185675396 0.7086255924170616
0.9848247894661543 0.06771978700798102 0.5089082251504982 0.7058586672035434
0.9874246312089818 0.07072022958232442 0.5168991574924526 0.5981194497649313
0.9888967263672803 0.06876967971119874 0.5242340675314877 0.6932303313681643
0.9904352770686577 0.07000320638187504 0.5425247606430335 0.6378079257408068
0.9914455255036777 0.07014344823311242 0.5520580579697357 0.5228531855955678
0.9874588967543615 0.06878062491384296 0.5682471634362664 0.6544484598175874
0.9900384065748427 0.0681144263524313 0.5694608148832593 0.6105097765363129
0.9858085084567125 0.06983653342350812 0.5846888516801797 0.6147747747747748
0.9874663325950734 0.07008915461924006 0.6147391809617085 0.5928792569659442
0.9861830639004787 0.06369535245362874 0.6135785536864181 0.617125183135276
0.9876782173543575 0.05596899588359813 0.6367426310207273 0.48751020408163265
0.9887661717545972 0.045016508795669825 0.6424729500293535 0.6378715716866481
0.990561988451534 0.039405967666066515 0.6662861979533353 0.4933444259567388
0.989136308121245 0.031163838643567254 0.6948115610228996 0.6037596210775606
0.988126028396047 0.007866128509560144 0.7033251597880211 0.532905067808708
0.9906983268061672 0.003296040769663912 0.7193298333912511 0.4894861266641782
0.983739668690104 0.0025402657460050996 0.7423266839686511 0.4232670421887573
0.9871006509522474 0.009320113713127675 0.7665803344809389 0.3445794392523365
0.9872670744052945 0.00020831281767704697 0.7800380915758045 0.38843813387423937
0.989683949729931 0.0006988323675858253 0.8218747394209884 0.2688240392950014
0.9819317445077818 0.00023814420714216125 0.8318472702169781 0.2541329191168312
0.9850604516891915 0.0 0.8793383735974819 0.41389983117613954
0.9830633413277602 0.0 0.9013492924656635 0.5869314541960282
0.9869996970488861 0.0 0.9306234363181475 0.483613996168196
0.9871883458448782 0.0 0.9256248647258797 0.4373052245646196
0.9845694678496741 0.0 0.9241982889833622 0.38478491551710065
0.9836074428758714 0.0 0.9244506566169629 0.37769196494875984
0.9897746192163462 0.0 0.9325226848861584 0.6816728481903057
0.9895218115449363 0.0 0.9325436725762951 0.6971709390357285
0.9848711374923048 0.0 0.931332104314684 0.7081427264409881
0.9882359516025372 0.0 0.9317615441805938 0.616547719850006
0.9887969049284678 0.0 0.9370185881430668 0.6449343339587242
0.9888850132145588 0.0 0.938340798813258 0.7056024741287023
0.9826738735836965 0.0 0.9328570450832886 0.7296375805025888
0.9877080863783951 0.0 0.9364681898671181 0.6650615901455768
0.9915492128080402 0.0 0.9373320004442963 0.7359357060849598
0.9858453324245264 0.0 0.9339226980412692 0.7629969418960245
0.9887788748628007 0.0 0.9426091124674226 0.8102264927934111
0.9887509675067683 0.0 0.9408946205030984 0.6708625670656211
0.9861940035191755 0.0 0.9373363587347958 0.7484973109775388
0.9896383380327639 0.0 0.9406224772798938 0.7963078199543663
0.9866622781359289 0.0 0.9411975130298448 0.7995940604636257
0.9820316727474564 0.0 0.9438595701079797 0.7273064441353732
0.9922354644868538 0.0 0.950859247665123 0.773032156243835
0.9871221807512789 0.0 0.9415558481974731 0.7117599785695151
0.9887866727314077 0.0 0.9467113765933857 0.7289752965308125
0.9913230982317918 0.0 0.9536215064637932 0.7892017106200998
0.9907407611998011 0.0 0.9472026149386935 0.79035266945012
0.9892187742933655 0.0 0.9461003808545237 0.7583195657304697
0.9892271552131379 0.0 0.9493031847669318 0.8097101932045303
0.9902127100082416 0.0 0.9450066746584462 0.8402194696150969
0.9922696872346797 0.0 0.9459557405724045 0.8232438173266575
0.9896117873709814 0.0 0.9483233855236227 0.799196189342066
0.9895376098990557 0.0 0.9493947455171303 0.873451803984922
0.9899423366478985 0.0 0.9493644112608135 0.8680828938572384
0.9886078957420914 0.0 0.9494994654322632 0.8594666294331192
0.9871528582583785 0.0 0.9487471441250395 0.8571712487578669
0.9917347314475919 0.0 0.9518706529952847 0.8729841310798606
0.9899947365126034 0.0 0.9531563886490916 0.8697794907436659
0.9922536077042414 0.0 0.9591535703992513 0.8923518045253381
0.9878230464472528 0.0 0.955067681574842 0.8733360941844643
0.9827648460066775 0.0 0.9546036849423358 0.883613469647086
0.994066053878528 0.0 0.9580811292937158 0.8656886715566422
0.9875486844686038 0.0 0.9563156504733558 0.855177703912043
0.9913113388368123 0.0 0.957783447888562 0.8841269038101502
0.9891707275478117 0.0 0.9595028238217141 0.880693307655272
0.9884430231367148 0.0 0.9606048291174372 0.8707174231332357
0.9905320346510214 0.0 0.9638137321947313 0.8941958309428188
0.9918432072097594 0.0 0.9659483959354157 0.8988213961922031
0.9915520219292969 0.0 0.9607367860346566 0.8791793940394618
0.9909164943932844 0.0 0.9621555471008713 0.9086913870904454
0.990749124077755 0.0 0.9616833116250794 0.8953488372093024
0.9924820665413502 0.0 0.9610623841221438 0.8927372755267984
0.9919437883648005 0.0 0.9637050257639687 0.91551484690166
0.9908151954158128 0.0 0.9620452704262413 0.9112557499139469
0.9931489148664006 0.0 0.9599897237607552 0.9035325681919809
0.9950244467697639 0.0 0.9631693873445121 0.9033247937839588
0.991694808376379 0.0 0.9607712576709605 0.9013896037056098
0.9921718892989504 0.0 0.9624140545681202 0.91472546771715
0.9888930961900413 0.0 0.960415965503633 0.9111303261757218
0.9925437599965806 0.0 0.9647902261422753 0.9084674815754904
0.9825461106927966 0.0 0.9588700030012639 0.907473880522189
0.9878239221712283 0.0 0.9622935694939911 0.9053613825851692
0.9914985751357203 0.0 0.9663782211570819 0.9228918690867309
0.987617995408984 0.0 0.9641773922870847 0.9194012309405252
0.9883866363167066 0.0 0.9681905152384858 0.9061295296838859
0.9907332543388861 0.0 0.9674491505329125 0.9237379683687961
0.9838676561170915 0.0 0.9634369193703167 0.9218089180458889
0.988269069418755 0.0 0.9654106318161704 0.9185497538536034
0.988626664390577 0.0 0.9655495486806595 0.9243153421473195
0.9915061583044382 0.0 0.9680691819985757 0.9321214871588006
0.9898012999515657 0.0 0.9678875646267993 0.9149316061169755
0.9902819715222433 0.0 0.965628149210069 0.9165244853034652
0.9920062196474735 0.0 0.9617950071757618 0.8918698666418305
0.9942184290731799 0.0 0.9620236123277491 0.8872066498730131
0.9865322341469531 0.0 0.9454914825268335 0.8538257822322487
0.9922469234492041 0.0 0.9412684749050689 0.8495064770050824
0.9910907832302168 0.0 0.9301146577105568 0.8524003304470213
0.9905635884918457 0.0 0.904364086324209 0.8053724549009003
0.9924388880717753 0.0 0.8698891308868435 0.782164614148909
0.9902001175483746 0.0 0.8349205665008042 0.8260106282831744
0.9864918056909522 0.0 0.17664594096046984 0.3708732118673965
