0.9843452404460485 0.05957830629533959 0.17408406016868044 0.44913793103448274
0.9944919273323671 0.059411122722295734 0.16030939110916664 0.41699383062254625
0.993031239723775 0.06261888812068107 0.17137341175414178 0.39539641943734016
0.9951045636286217 0.05617753213934844 0.16009182151513268 0.5237636480411046
0.991007647019016 0.06232417529816093 0.16813706360415273 0.42099385817978785
0.9942669291468116 0.05562909625326892 0.16892743911916008 0.44029620487503857
0.9921555712943239 0.05554839027996222 0.16400305779803412 0.5067733990147784
0.9885522624066904 0.053457943276382924 0.16811689663657184 0.6323296354992076
0.9930784602512774 0.05345573859616718 0.1704599054809486 0.5142619772916089
0.9894289091056 0.06094782621744269 0.17881118768307044 0.5414430530709601
0.9961502268252086 0.05948896448065818 0.17060074239691678 0.36291240045506257
0.9880971811577722 0.052768432774850195 0.18075899314969202 0.5689320388349515
0.9855707501452499 0.05394476360879672 0.17144034006913408 0.5074711023400056
0.9841741979755946 0.057940405257483805 0.18619635809974408 0.4624657534246575
0.9935420241123317 0.05741217112822756 0.18625265312340722 0.49756493506493504
0.9895732448379438 0.05092905835191324 0.19117767815928843 0.6391524351676154
0.9929397180607328 0.04834884871507617 0.18917460743740186 0.5922362309223623
0.9923799022382807 0.051728760065024575 0.1875743553703851 0.5084882780921585
0.9921351445148865 0.05327753997351095 0.19146764496076632 0.4765177548682703
0.9910945595854922 0.05271424023461995 0.1939944682668461 0.541501976284585
0.988499930663851 0.05194729460612369 0.19952548268810552 0.6203051643192489
0.9962013446092306 0.05734767371227756 0.19637015379620323 0.54753068798173
0.9907858523908903 0.056362027595640025 0.19546456430068676 0.5831663326653307
0.9921250323595352 0.05521924834936686 0.19768543302099212 0.4997386304234187
0.9837189280015088 0.05161020240481353 0.2050307950976693 0.5485534230879404
0.9905660377358491 0.049292082831551086 0.208123414188572 0.4971369078604893
0.9923486283232967 0.047004641625282347 0.20557592463628857 0.45827399601253205
0.9937830204757383 0.05020266875873127 0.20929650310756048 0.5683202785030461
0.9902916285230128 0.050487007049319535 0.21359878645658187 0.44981412639405205
0.9938679273984021 0.04946297593812915 0.21212967134862643 0.5770158049825878
0.9866737973647279 0.050952268823069455 0.21872287934783669 0.4572545188080117
0.9868581234691034 0.051536232170276634 0.2137107356347908 0.41582097319802236
0.9926938799575489 0.052674520675443426 0.22614688464256535 0.46474568871425453
0.991756029617318 0.05075220939085789 0.22519071300718163 0.6134517766497461
0.9920731962854586 0.04856839105523255 0.233192612818477 0.6682577565632458
0.9917039338293494 0.05087872492045808 0.23429479995291302 0.5911866206530395
0.9946346598234806 0.04967068302075534 0.23653186487059413 0.618424638866176
0.9921123016363789 0.046399183889462896 0.24028486392860193 0.6775039328788673
0.9930260931561322 0.04830557805613475 0.2584201618532484 0.5649616368286445
0.9885404599328942 0.04674634524793493 0.25012149179960275 0.5446177448222961
0.9923566333952454 0.04930006647499199 0.2599664860762561 0.5825091098386257
0.989755173492347 0.047837593721583124 0.2572877855513804 0.5971890745160435
0.9931581007375628 0.05345587429349029 0.27009008637245224 0.4440803844473569
0.9825802277989687 0.04967486815357274 0.2662455436632174 0.5266826923076923
0.9849331078665757 0.0450707488345931 0.27501115085474154 0.6393008474576272
0.9901081141679567 0.04846778474916261 0.2845090459893031 0.6046565237436606
0.9901273506680435 0.052646876806565684 0.28988317684262127 0.6796506137865911
0.9940329026861232 0.05001120984278879 0.3004267464181343 0.605
0.9922738133075466 0.05162523055364924 0.30390677560420226 0.5520351526364478
0.9902638889228221 0.05390528518342407 0.3079272226762441 0.6302988186240445
0.9932695713779667 0.05448112571166455 0.31343166867051797 0.7139847247827232
0.9920485020632167 0.054687241053376294 0.324500805466781 0.6127118644067797
0.9940532349131083 0.05807072435709058 0.33406073505600964 0.6566224420957949
0.9936553137054046 0.057416671844937935 0.34520577730973123 0.6395166703960617
0.9959458051706916 0.05523390211461453 0.35227545317808145 0.6901683337399366
0.9933684615122632 0.055429218110416685 0.35003383973631036 0.6690223792697291
0.9893402523081772 0.05558815658574811 0.3542433385366599 0.6755768791409641
0.9951477691838572 0.057970470227942314 0.3607638863342628 0.6267757210503659
0.9947099728732048 0.061303737261581136 0.3730201444541927 0.5525560022975301
0.9927623439093723 0.06036029507311856 0.37717005512029966 0.4189260331666228
0.9916889832856219 0.06701258269555066 0.40212924746523065 0.42193087008343266
0.9894939888534077 0.06676278981385662 0.3962308015729726 0.40101209577882
0.9940577475273848 0.06308395801129271 0.40180493710627296 0.27052887961029926
0.9909031673594357 0.06376311306972018 0.41997301782261015 0.2961553864637565
0.9959588985955556 0.06510107902640726 0.4304115343208378 0.2894443012969166
0.9925381579763952 0.06397713187944985 0.4331313338560406 0.3201189296333003
0.9927218038509671 0.06519229347687304 0.42701309004363347 0.3857285984637649
0.9907969491789245 0.060759514227020646 0.42224246957010386 0.20105038568849498
0.9949405178872733 0.06621023292022604 0.4447930640979589 0.28169689222657185
0.9918635679976712 0.06542549097803804 0.4526884595381989 0.6974227818217588
0.9918174426929751 0.06107919095340828 0.44668083459619773 0.7065081351689612
0.993790439143636 0.06322701244287324 0.4491808840043025 0.5758862930893645
0.9905152509491402 0.06172282593030294 0.4664080842239956 0.2940768363541757
0.9869557557606207 0.06816748699444745 0.4709995796156695 0.26253316575897223
0.993318283871994 0.06662975050747479 0.4794778386910154 0.4527313266443701
0.9930417104526571 0.0652262855053666 0.47239584939531215 0.20673622749635076
0.9869759709615304 0.0662297518462615 0.4695969456794897 0.36707908376525666
0.9915419076361942 0.06316615784728678 0.4618238344466358 0.7867163914047238
0.9877388481579056 0.0653588163850536 0.46882866175594823 0.7747502270663034
0.9788542796245746 0.06215030518819939 0.4748946882312217 0.841324200913242
0.9858969769614453 0.06280926034716072 0.484259545192623 0.8975238095238095
0.9882793546633774 0.0628513014963605 0.4919685776996945 0.818312130442573
0.9850573947023691 0.0693696547355084 0.5099934745000457 0.8313087774294671
0.9877875461711862 0.07294596938847794 0.5180333590357534 0.7677363399826539
0.9893539792814571 0.07111278472595002 0.5253549563525495 0.8549454828660437
0.9904243424683171 0.07310571725920703 0.5440251417828197 0.7844812554489974
0.9918161689904853 0.07336632913657921 0.5539459450599882 0.7547594323295258
0.9875776249619018 0.07256689419489895 0.5697116409316418 0.7808126791434834
0.9904301079119943 0.07154288540772455 0.5711623397784943 0.7858624265468372
0.9861770162194128 0.07519954590900743 0.5870657233564249 0.7717980080377425
0.9879167309839285 0.07779705635993778 0.617725604012987 0.7575757575757576
0.9867084588318762 0.07337579923849637 0.6147017771646515 0.503882074940925
0.9880206032066918 0.06600114466380289 0.6391471157764772 0.595
0.9890401758456466 0.05913346669489438 0.6460231971856485 0.7964461367602729
0.9908933137686355 0.05582688163091637 0.6698781811985322 0.5916764821358461
0.9894220435580332 0.0471611861152592 0.69911486305577 0.7165140240412136
0.9877748684006336 0.016636461422253303 0.7046055016547063 0.5782809836863891
0.9906545850980315 0.012008165665750574 0.7199405238119397 0.5165101484398668
0.9835481019951756 0.0049227062585540295 0.7415926610994327 0.4600094206311823
0.9870595119780823 0.010513554825447581 0.7639204697342806 0.3371212121212121
0.9875204938953716 0.00082425200080526 0.7743184098502397 0.2703240622607808
0.9896416836548291 0.0013623713045678363 0.8046038280233424 0.13600060658140828
0.981447452951402 4.872080811580395e-05 0.8265662688840929 0.21798242011007968
0.9848436939822623 0.0 0.8775073096615211 0.4094014555175999
0.9829815668687275 0.0 0.8990034238297914 0.519871205151794
0.9868840668527542 0.0 0.9218193970850788 0.2708204223673547
0.9874262834262835 0.0 0.9175372067856122 0.2654895814125023
0.9843303043701892 0.0 0.9028830292734569 0.15322353423324198
0.9838268077525992 0.0 0.9198865691270754 0.30955948456697635
0.9898555055508247 0.0 0.9328256513026052 0.7408464689090232
0.9895621455004884 0.0 0.9327474485529242 0.7514311156341432
0.9848822530118604 0.0 0.9307624912240857 0.6841985686697717
0.98853071033365 0.0 0.9324812376519883 0.7131483432853296
0.9890013611402287 0.0 0.9366216049213762 0.6460847880299252
0.9890527106615329 0.0 0.9388361754362683 0.7781085413327227
0.9826740092244237 0.0 0.932798185768882 0.7596034696406444
0.987732762677303 0.0 0.9372871635684441 0.7870218130001096
0.9919330080556635 0.0 0.9385176647192537 0.8773276153932965
0.9858010442179498 0.0 0.9343605824535262 0.8456382978723405
0.9887880919591853 0.0 0.9428257530836608 0.8768028184520533
0.9887855986877697 0.0 0.9410561453502146 0.7329556554014456
0.986447262323852 0.0 0.9378499032406299 0.8464434720667549
0.989808734637952 0.0 0.9413231593656985 0.8952610926652581
0.9869448508630937 0.0 0.941667983883715 0.865200282514378
0.9822557627258381 0.0 0.9447028390486534 0.8364613702623906
0.9928920133241277 0.0 0.9521088816447196 0.8476547842401501
0.9873438952129205 0.0 0.9423146132187773 0.8174858634188777
0.9888469030483388 0.0 0.9473825051611129 0.8090727383331885
0.9912418278608811 0.0 0.9539073900321963 0.8534124629080119
0.9907529138816771 0.0 0.9475878233912872 0.8491482112436116
0.9894935415126342 0.0 0.9467845190400778 0.8157854639646503
0.9892121590820029 0.0 0.9494923219435223 0.8587588624233251
0.9903047431932777 0.0 0.9453684209618421 0.8829225352112676
0.9927554588996541 0.0 0.9469454346132367 0.8919140072900394
0.9900368840858139 0.0 0.9487382082351044 0.8301213418986438
0.9893660669318004 0.0 0.9492655442335125 0.8907872450106783
0.98989521532254 0.0 0.9495196459230011 0.892316481005427
0.9889561600085286 0.0 0.9498220288708721 0.8823766364551863
0.9871045196627665 0.0 0.9487483717764075 0.8772834319903252
0.9918921770806333 0.0 0.9523206563957031 0.9158790170132325
0.9898359161877556 0.0 0.9530643692139381 0.8902179853057259
0.9923594590038027 0.0 0.959366837558089 0.9130956667867003
0.9881665634623994 0.0 0.9555912248228002 0.9008415869926146
0.9829219542217402 0.0 0.9549811744139439 0.9090348269867086
0.9942163243683011 0.0 0.9585537833498722 0.8969970768004252
0.9876467394794142 0.0 0.9568786852705937 0.898814308681672
0.9914000219048351 0.0 0.9581114345805278 0.9104954977119519
0.9891453770483492 0.0 0.9597877921426006 0.9082969432314411
0.9883645898415495 0.0 0.9559168166333668 0.6999260901699926
0.9902723079033844 0.0 0.958328460836822 0.6955086813029129
0.9914525752934719 0.0 0.9625105243275018 0.7768022007009082
0.9918459718262638 0.0 0.9547377895667858 0.6869177804779263
0.9913836425199711 0.0 0.9484803854058753 0.5673015648233378
0.9902991226675623 0.0 0.9519811829620918 0.6575205595265544
0.992131502760719 0.0 0.9571439455280908 0.7900225561707238
0.9913427602934242 0.0 0.9600238098818086 0.8250684775165488
0.990392484712164 0.0 0.9614498130814852 0.9077435866912684
0.9948451264686843 0.0 0.9589904509899172 0.8448391510826111
0.9962220462550856 0.0 0.9609273863406477 0.8243353732563613
0.9906675938651102 0.0 0.9465697728598399 0.6533228160126208
0.9935964007163839 0.0 0.9551750912671005 0.7477900818488205
0.9892413928356925 0.0 0.9458024659711364 0.6545565047101327
0.9936796076718349 0.0 0.9560440778679438 0.7321584670792685
0.9831751929704666 0.0 0.9558557551617624 0.8448695465445045
0.9889401581731311 0.0 0.9584296319231845 0.8300099700897308
0.9910116193758638 0.0 0.9558183326215507 0.7654351419540063
0.9884233554392008 0.0 0.9515288516103085 0.7464974855310974
0.9883916332847147 0.0 0.9577816652488048 0.7915738019100531
0.9905855029066489 0.0 0.9584723887934944 0.8256464746354704
0.9845167458270498 0.0 0.9327982755462403 0.662400671777567
0.989216173015194 0.0 0.9255443774213106 0.6320459674664988
0.9876277606863557 0.0 0.9109957044792198 0.6003456188560582
0.992868587150994 0.0 0.9148310085418541 0.6211363414448917
0.9893277742341978 0.0 0.9174455714657004 0.6506816154924194
0.9910286492419202 0.0 0.9166300352016562 0.6783253817019486
0.9929035470267482 0.0 0.9099236930780076 0.6806920101687236
0.9948336664702785 0.0 0.9173249136495674 0.7211261597525861
0.9874848631556834 0.0 0.9150347933136449 0.759053442645884
0.992064037171057 0.0 0.9357093751689725 0.8458432329345081
0.9918009097308583 0.0 0.9402826582035817 0.8952990893866444
0.990974320017567 0.0 0.9282660704351376 0.878430176119817
0.9935301810983729 0.0 0.9000751709625311 0.8550392078921693
0.9904818166132864 0.0 0.904630001870202 0.9248547057876088
0.9868473271547815 0.0 0.19626698811428353 0.4492037073483722
