0.9857964389816344 0.06820253667172714 0.17163515785480765 0.36408045977011494
0.9957388556933118 0.06658237471170468 0.1568774238083292 0.2813578826237054
0.9943073005450681 0.06465158619069526 0.16734465804180496 0.3298054919908467
0.9955147227118862 0.06765437865119975 0.1578344507486185 0.42742453436095057
0.9925280721722455 0.06730661106379715 0.16427886823735477 0.3378917378917379
0.9954875860641524 0.06278246476096386 0.16358481509662265 0.3298364702252391
0.9934521824680532 0.06329881004847951 0.16133546627561013 0.3796182266009852
0.9889092115159909 0.06029651760195491 0.16511596882087248 0.5283982131461391
0.9936790587714811 0.05885657757042891 0.16796297019229076 0.42433481152993346
0.9902605714692518 0.06150148811612921 0.17463343526056094 0.454950652658389
0.9965585715625471 0.06200934922281965 0.16569516624971925 0.24772468714448237
0.9893164165447049 0.062352089427925875 0.17779936449870726 0.46990291262135925
0.9868313027056093 0.06468069217603825 0.16971500448215346 0.4527769946433606
0.9847452879370671 0.06290069843019759 0.1815326156395676 0.33593314763231197
0.994299625382058 0.06463360424675424 0.1822093146598693 0.46629213483146065
0.9905914147761762 0.0678965580210611 0.1894968698154293 0.5669515669515669
0.9941247490907645 0.06288929111582818 0.18784657965253096 0.4872220378360438
0.9933422923189005 0.06395147460901555 0.18462993941753122 0.4121357765094623
0.9931896558044956 0.06617227174751349 0.18943336325817986 0.3964338781575037
0.9920636273325801 0.06800039515039213 0.19268424062119316 0.47995482778091475
0.9886927264525025 0.06245833631218638 0.19671112362260398 0.5448642266824085
0.9966979335533898 0.06462086411397357 0.19265596800639342 0.45275478161575794
0.9916976608479229 0.05889904773592793 0.19139953730907835 0.5187517892928715
0.9931458841113461 0.0583099607918601 0.19558845618127482 0.4454378122534841
0.9846208112010758 0.056813386071988846 0.20207194104312076 0.47534403669724773
0.9915490033222591 0.05539303162390662 0.20644651479777826 0.41765845557708275
0.9929804591159173 0.052061944788172054 0.20141904847833103 0.36912560524067217
0.9947850983332766 0.057371019868378836 0.20718311698873956 0.49550333623440673
0.9912270664537239 0.05867962976602588 0.21008291645330288 0.37035315985130113
0.9947539044531575 0.055858843695850646 0.2094828683459588 0.47856377277599144
0.9876155182453653 0.0541354007947769 0.21588895475943704 0.39634451677516275
0.9877344930257117 0.0546160383037151 0.21209063135048453 0.3727795193312435
0.9934271942926772 0.05574613297919398 0.22465475137374497 0.5362091503267974
0.9927616317308036 0.05487328573711443 0.22368774250225726 0.564852492370295
0.9928805532855335 0.052670390501715805 0.23225594223377433 0.5906183368869936
0.9924251793222855 0.056057999704653305 0.23251768253151697 0.5508362091850278
0.9947965240431967 0.053398971997334885 0.23313141741746587 0.5680635442344563
0.993239022781445 0.05266820044892165 0.23882348779852533 0.6432305279665447
0.9936701154893266 0.053429532740864975 0.25785697918319145 0.5125319693094629
0.9895213157904613 0.05147267987750867 0.2511142914903107 0.4781385834824853
0.993233720409324 0.05246209237228116 0.2595180314284206 0.5203019260801666
0.9903674080912259 0.049742335796800034 0.2562351950979236 0.5167944988098386
0.9943234093600842 0.05303224517825502 0.26786846483512816 0.39711664482306686
0.9834069073954276 0.05352952297190108 0.2651351334212662 0.4826923076923077
0.985991603328246 0.05087246326484144 0.274211524208558 0.5696504237288136
0.9912216283759697 0.056237870206321386 0.2848981621459139 0.5868453105968331
0.9909106154200414 0.05990027309992464 0.28926323568987056 0.6427046263345195
0.9948304660510807 0.05432025803131181 0.2994751991896114 0.5784042285426629
0.9930691647779077 0.05673098818846965 0.302407488954572 0.5032377428307123
0.9902270904320712 0.0597196675617383 0.30674287391559585 0.5709302325581396
0.9942291938764456 0.05990633682889666 0.31236977568273144 0.659108884787767
0.9931065783983348 0.059870141109380264 0.32328248662654696 0.6524738344433872
0.994515892184566 0.059373382351084476 0.3320395561160563 0.6632653061224489
0.9947195738414304 0.06240788880558495 0.3447081278388407 0.5959686450167974
0.9963153375300267 0.06140883253789641 0.35137316873500674 0.631591796875
0.9945866530775564 0.06167398274203112 0.35053167767935683 0.6013195098963242
0.9906201241193864 0.06151741686156907 0.353973872108439 0.6097114063215758
0.9964756014344411 0.06250747328639808 0.360426978597706 0.5934136891950065
0.9955849862959424 0.06438410123216681 0.37192092126545034 0.5886889460154242
0.992989960842218 0.06482970471529496 0.3768456593407946 0.4829619921363041
0.9931007024019821 0.06863764094027924 0.4027378110895477 0.5059261767693871
0.9907536251355528 0.0678716463617602 0.3964765240631553 0.45113115481295285
0.9941965444981913 0.06645862615894467 0.4024685796213113 0.39474764054164957
0.992211296587189 0.06856904523761136 0.42288927444820806 0.464746273656004
0.9969816116120755 0.07151661942100955 0.43482903187829475 0.4894128247484607
0.9935750584279149 0.0703786227891906 0.4389953209868464 0.5141065830721003
0.9938037492134262 0.07119949116326478 0.4314615217565235 0.5201423717845008
0.9923072900769393 0.06671370986967307 0.4368602324877725 0.4671763775375692
0.9958893948823879 0.07161303235974621 0.45444007742914316 0.44716650962444476
0.9932353590463275 0.07083320530833541 0.4542582954045829 0.6989517819706499
0.9920062000160095 0.06595484942203445 0.44647726215787986 0.6698172652804033
0.9948716456561748 0.06826896217224353 0.4493092574886377 0.5042405551272167
0.9919037154132988 0.06668352517065643 0.46722099090723346 0.22657889025537148
0.9886095788885378 0.07242946094638289 0.4733630044817387 0.23373970345963757
0.9945384467660633 0.07127293267521172 0.47908424792209175 0.40266222961730447
0.9943686105270652 0.06797103087971379 0.4738107039901908 0.16865042174320524
0.9886911378458936 0.07096988469397333 0.4713956515762834 0.382899297840192
0.9929166661505091 0.06739628511171991 0.46309269804714653 0.8602853745541023
0.9891980661194217 0.0700662819868118 0.47011003284047204 0.7444444444444445
0.9802750229642804 0.06716747425015945 0.47651645192645753 0.8340296240030384
0.9867539265057372 0.0674917145124399 0.48509010160393634 0.8725190839694656
0.9887073611734621 0.06777048786385084 0.4929414539369504 0.8353338334583645
0.9857225112105412 0.07444508192675946 0.5109860224708975 0.833366673334667
0.9892794468131229 0.07796575525542052 0.5197670969907732 0.7447030218825981
0.9908877433372975 0.07792687667056432 0.5274122851909382 0.8596214511041009
0.9919624851995763 0.08100515584877072 0.5466591587883338 0.7858906525573193
0.9931337846990377 0.08028635948685918 0.5553447888339743 0.7271468144044322
0.989104333860735 0.0795379113937603 0.5716175510012446 0.7840081314585804
0.9918647167453137 0.07869483138354166 0.5731605877430932 0.7731601731601732
0.9878965628241353 0.0826751302047146 0.5898759795150244 0.7773250664304694
0.9894457650863229 0.08512456281519133 0.6204102148650821 0.7605968124788064
0.9882752677641276 0.0835564596054861 0.6199689271371573 0.6832579185520362
0.9896895612708018 0.08231511936339522 0.6448586694285268 0.7088770742709843
0.9911325453051095 0.07726066807931503 0.6509115391916807 0.7832278481012658
0.9925272649691413 0.07518482773270285 0.6758377038870291 0.6826734908926689
0.990302478817112 0.07064129018520303 0.704663290636481 0.7260354163617737
0.9901442828712734 0.04272540656675778 0.71217022228418 0.642828337142089
0.9926807459710895 0.029516629661834933 0.7247631360744446 0.5837645164999425
0.9863357828178023 0.011438786863522146 0.7446461728420178 0.5405375139977604
0.9900971188321563 0.010969386865336389 0.7689675900652869 0.4552417866371355
0.9907269085372005 0.010807410365169174 0.7812408722723678 0.42727634194831016
0.9931354280451499 0.005303252693734751 0.8244380533055008 0.32514312977099236
0.9847725265539178 0.0011638056444573757 0.8340146619586302 0.31881666568448347
0.9885365200099662 0.003559276504297994 0.8820134258266294 0.5219682002069809
0.9871065042236508 0.0026410408480984507 0.904453166907034 0.72452636968766
0.9910733488586143 0.0010213075534787415 0.9339489879960311 0.6129307585618265
0.9906744071146245 0.0008425839240337033 0.9293556261276339 0.5985655737704918
0.9884169753518108 0.0 0.926328397033281 0.43598790322580644
0.9876583357432286 0.0 0.9261224594086467 0.398681403917006
0.9939178790091557 0.0 0.9357203903711975 0.7560338392634984
0.993519562833696 0.0 0.9355828068007415 0.7672513122519524
0.988809862282935 0.0 0.9342152413052859 0.7635504724017902
0.9915747629459393 0.0 0.9348173828068196 0.744261119081779
0.9923924932712279 0.0 0.9401616425733071 0.7548349739432542
0.9930685055250719 0.0 0.9417786138050435 0.7961937716262976
0.9863179281434046 0.0 0.9359185615857317 0.8307692307692308
0.9916763756945689 0.0 0.9401267043747209 0.8001766394347538
0.9953421319061133 0.0 0.9408430574774366 0.8799275033982782
0.9897582697201018 0.0 0.9371326889488694 0.8523504273504273
0.9922677460439631 0.0 0.945257599748747 0.8923349579087284
0.9927776432188045 0.0 0.9438664853440369 0.748744213532946
0.990610969524984 0.0 0.9407043102671816 0.8609115171422705
0.9932784051732171 0.0 0.9437308561548474 0.9028200446338
0.9906958408629459 0.0 0.9442282980431989 0.8745177664974619
0.9864117466049688 0.0 0.9474986373821588 0.8399671352930437
0.9943980652512615 0.0 0.953023449343141 0.8553907586993725
0.9914291129861402 0.0 0.9451025769378071 0.8210968985456457
0.992841759096481 0.0 0.9501813577712176 0.8148180545836249
0.9930861164231966 0.0 0.9553091436961557 0.8646265560165975
0.9943390119946671 0.0 0.9502497537846397 0.861782999308915
0.9927077751486107 0.0 0.9492084247170266 0.8168895036114953
0.9931513320492752 0.0 0.9524898255838987 0.862789384528515
0.9935670183306311 0.0 0.9481799537582054 0.8925573135292219
0.995303033716665 0.0 0.9489061374149214 0.8935517654099342
0.9937429104614146 0.0 0.9517758350809287 0.8451010210732132
0.9932523660675523 0.0 0.9523016207465127 0.8984934367541766
0.993890665375031 0.0 0.952491054552371 0.8994582881906825
0.9925146359850382 0.0 0.9525088355850141 0.8907386016171774
0.9915016809861785 0.0 0.9520613128047797 0.8901439359710838
0.9954901029949018 0.0 0.9547024787673015 0.9082911392405063
0.9942152573456957 0.0 0.9559857386968069 0.8965072739549445
0.9956244134092596 0.0 0.961562014723177 0.9151287032540067
0.9914526802430883 0.0 0.9577814556156975 0.9035077564250984
0.9869137229479351 0.0 0.957625880877662 0.9104689451572613
0.9956173656718444 0.0 0.9594816404213793 0.899022976164913
0.9919559996684331 0.0 0.9597321166476526 0.8957393991590252
0.9949288773298455 0.0 0.9604999571255324 0.9141534786503434
0.9932096325734836 0.0 0.9628877866481564 0.9232021449774969
0.9924051900523239 0.0 0.9635942671975369 0.8926120114394661
0.9942851552352904 0.0 0.9664374541323602 0.8961659858893427
0.9951255732016077 0.0 0.9684603193207936 0.9063841083042075
0.9938238265861072 0.0 0.9624989344805571 0.8844383428894452
0.9931538619118027 0.0 0.9641155517736083 0.9198583471265253
0.9935168148076413 0.0 0.9642448056116062 0.9119571469657751
0.9945576268008705 0.0 0.963036983437138 0.9071440750213129
0.9946338353805315 0.0 0.9662548017408639 0.9316841041687037
0.9933908769354832 0.0 0.9646757770844726 0.9344439636520987
0.9935787158079576 0.0 0.9607778274318672 0.9158840103310636
0.9960082277163291 0.0 0.9641552539202067 0.9119927166386184
0.9927479520949933 0.0 0.9619117202023258 0.913869425543217
0.9929218931520177 0.0 0.9631596842994622 0.9277692085221247
0.9917442901626419 0.0 0.9623463759896788 0.9072024758510738
0.9942279828739138 0.0 0.9659837857782212 0.9111028819134337
0.9838537847916933 0.0 0.9604741306953928 0.9261305139779837
0.989512394442931 0.0 0.964717753953318 0.9324262540919149
0.9935419257588607 0.0 0.96775593322263 0.9242952783650458
0.9898623862136694 0.0 0.9658394026013709 0.9224703737465816
0.9905914521703284 0.0 0.9708420225271904 0.9246405237082416
0.9928962605478799 0.0 0.9693978146694009 0.9309651715102715
0.9857680669903596 0.0 0.9647413856358155 0.9243860051808375
0.9878253409684425 0.0 0.9658849746239845 0.9290787216215138
0.9899333351499219 0.0 0.9681197829012709 0.9431654287156559
0.9918526229486645 0.0 0.9680270133202717 0.9325998832400075
0.990424344675797 0.0 0.9699199417376126 0.9298996349016304
0.9913462713826552 0.0 0.9686919842440838 0.9348825821990776
0.9934901430204922 0.0 0.9654295285910409 0.9105183959934295
0.9946922630358669 0.0 0.9670525011092816 0.9153430481214946
0.9885419139631264 0.0 0.952772612074085 0.885305812959028
0.9939860082641246 0.0 0.9530748561348271 0.8957330310656856
0.9919245719125844 0.0 0.9453938113921362 0.9069166562934204
0.9925679542796473 0.0 0.9268779124738299 0.8700612100279547
0.9919093338031064 0.0 0.899577906044463 0.85570682249844
0.9916036350033303 0.0 0.9001716494943756 0.9170989586392663
0.9879233319717527 0.0 0.22520262835570315 0.5401763367463026
