0.9858703836055173 0.06999382630359974 0.17359751903560955 0.44655172413793104
0.9957764297531385 0.07144671064899086 0.1589678382042663 0.45243065911124364
0.9945071567433332 0.07993535931202056 0.17051971964884824 0.45803571428571427
0.9955804684007507 0.06552337526992279 0.15888918251530496 0.5089916506101477
0.9925861163592662 0.07887622020118386 0.16821942992417982 0.41790193842645385
0.9956573530963977 0.06712516451606164 0.1678302180516465 0.4369021906818883
0.9935665488096255 0.07457714589987512 0.16469562539275648 0.47844827586206895
0.9890667843385398 0.06937719108418092 0.1684778682439235 0.6181127295756809
0.9937667012730639 0.06789714657697732 0.16988701768029799 0.4933481152993348
0.9903975685887958 0.08662894226583831 0.1802646033939493 0.5692454632282713
0.9968123298266696 0.07984601870148633 0.17151044990333417 0.35921501706484643
0.9892647885063006 0.07218922427202866 0.17966280832873321 0.5500693481276006
0.9870553811973838 0.0688876032584165 0.17188311359347494 0.4730758387369608
0.9849624450161839 0.0732790586604649 0.18682293690492052 0.4972144846796657
0.9941586636697998 0.07505213044205321 0.18696471790131716 0.5363210310486233
0.9908774245221478 0.05981182290452813 0.1908429059910184 0.6385199240986718
0.9941277439259162 0.05788802388420695 0.18864210158869324 0.6031851360318513
0.9934336255960622 0.06336323724454244 0.18745646943200453 0.578552117753079
0.9932888284410946 0.06376174065750555 0.19181558085179629 0.500445765230312
0.9922949374732167 0.060432292763920516 0.19329925327812056 0.5239977413890458
0.9889335012986508 0.06505895419541043 0.1995918313474845 0.6162927981109799
0.9968701744963165 0.07044047929725154 0.19616463728860817 0.5461033399942906
0.9920581065424683 0.061990609496810775 0.19416288989383332 0.5748999428244711
0.9933473680097299 0.06784310810667321 0.19912750789791428 0.5019721272679464
0.9849157119325941 0.06494531602055187 0.20549371372397962 0.5284529596797255
0.9919058751108408 0.05942589076724289 0.20870214529094172 0.45570589737043654
0.9931652805062392 0.0501464278815856 0.2044518299921213 0.4198234121332954
0.9948718073562116 0.05386887912739147 0.2084995099648665 0.5529445894981143
0.991339214309103 0.05579155069504128 0.21231849534296993 0.43982342007434944
0.9948926196711416 0.05447685463792229 0.21118426070745785 0.5725374732334048
0.9875448611588249 0.05851146592826994 0.2182179381127827 0.4650578179989945
0.987668490297599 0.058013117207964864 0.21306857546202487 0.41980146290491116
0.9936777740654849 0.05812746956854248 0.22576837647204692 0.5670457550912457
0.9928698313960993 0.05737095437004579 0.2250936372319237 0.5930735930735931
0.9932071983236781 0.055226512093641905 0.23284887096368198 0.6395410885805763
0.9926838769516154 0.06254501656609632 0.23466913565556302 0.5755242898858508
0.9950026711364097 0.05436807201752448 0.23575161300211195 0.5951794029033142
0.9931255293579747 0.05298035863349208 0.2403085085620523 0.646379853095488
0.9940156211366052 0.05291621829362029 0.25826184868542673 0.5145780051150896
0.9900054670308017 0.0515873619327139 0.25157006710182056 0.5185374584505241
0.9937310465452807 0.05565999023760283 0.26068535745613686 0.5515356585111921
0.9908477149551213 0.05814209029086306 0.2591550538721349 0.5852498017446471
0.9948024948024948 0.06018982874549575 0.27021063349771396 0.44670161642638706
0.9837183364623937 0.059323394141432846 0.26698879170468315 0.5391826923076923
0.9860562516162072 0.05300310991890024 0.2760077006472377 0.6490995762711864
0.9915025261908871 0.059929195614014705 0.284568149054546 0.6268292682926829
0.9910010249145592 0.06662816834409357 0.2921266598701889 0.6525866160417655
0.9950672690190792 0.05886350030370167 0.3015506567006447 0.6218930454431333
0.9934483642999051 0.06182502418318264 0.30568396199495507 0.5557354301572618
0.9904829462210154 0.05748793937902694 0.3081571242879131 0.6159017153453871
0.9942454098989174 0.05811356552683016 0.3139642253037744 0.6978644872132876
0.9933312185837685 0.06200131118182254 0.3254990162542554 0.679465776293823
0.9949431269777272 0.06993705216171583 0.3363712826230123 0.6989795918367347
0.9947468619605672 0.062605790619791 0.34646720079303744 0.6188129899216125
0.9965110566916536 0.06728319536845447 0.3547268840559562 0.6820625610948191
0.9948294547148537 0.058913385359484885 0.3511803296889899 0.6500942507068803
0.9906709632366848 0.05968675698954657 0.355101498231498 0.6823690830093757
0.9965854697338554 0.06177680995831325 0.36172181529877223 0.6167097329888027
0.9956417646504594 0.06656469437942579 0.3742718342784476 0.6273278475530533
0.993302938575484 0.06629921928886312 0.3804155501924634 0.6032545524990314
0.9932709235780314 0.07256525824999417 0.4038111027288529 0.6051526717557252
0.9910799327276261 0.0724898757693199 0.3970742472668334 0.5356360572872788
0.9945899720620794 0.06917306654972893 0.4052180153961002 0.5079391333112802
0.9925164622086792 0.06747006845482925 0.42250910576440526 0.5585096423890658
0.9969357694352451 0.06856582837329155 0.43516449083605263 0.5234575835475579
0.9938257110773434 0.06887347082863776 0.4375055163102994 0.6034033686403889
0.9940390461986115 0.06870491423924195 0.4280106846527162 0.6345692676627929
0.9924751776930607 0.06432941599599543 0.42812659632451244 0.5907097612473607
0.9961865346061937 0.06851463355917048 0.44456973763822966 0.5699867637326274
0.9934504966706691 0.06886081045941692 0.4533320798521982 0.6920121334681496
0.9923277596597339 0.06405595297333336 0.44706213123838706 0.722838601632824
0.9949895438702834 0.06626212375280637 0.4505325975883916 0.6573055028462998
0.992096300560697 0.06428564224406845 0.46818553968391446 0.39748953974895396
0.9885941029033524 0.07169349557567298 0.4739882085960931 0.38866012036743747
0.9930105599992172 0.07430680129157911 0.48184932455215845 0.49606299212598426
0.9938135598421476 0.07003808258318894 0.47418299776395534 0.2562452946410239
0.9886044510020903 0.0670397119743206 0.47217745024128494 0.4775381850853549
0.993259699170253 0.06471154183784543 0.46297148817466693 0.8433430515063168
0.9897051272966417 0.06736497955184945 0.4698156211320694 0.7418473310256878
0.9808503186420229 0.06467221644120708 0.47604304961790844 0.8133614088820827
0.9870726680871065 0.06475488770587987 0.48480470020860045 0.8738755980861244
0.9887243550705673 0.06485164840061913 0.49274338777494053 0.8401500938086304
0.9850165790547781 0.07117326781569461 0.5107921122055228 0.8153420324238829
0.9883126325134599 0.07464927339382621 0.519042588747905 0.7499131039277025
0.9895490194417998 0.07348073634314474 0.5264633758963007 0.8345436702649657
0.9905516647352522 0.07580599774883422 0.5453426845745563 0.772822665267576
0.9931434737978049 0.07636060272464566 0.554759780556692 0.7379262593041371
0.9894900633001058 0.07606175534008372 0.5710781694644416 0.7664965986394557
0.9922508749397211 0.07563672724079785 0.5726013761565842 0.7702984038861902
0.9884442060085837 0.0788311902804557 0.5887544305169327 0.7633345107735783
0.9899680475255673 0.08113122108761438 0.6193856020638165 0.7580424366872005
0.9887493879667054 0.07884621544572215 0.6188192323764172 0.6832558139534883
0.9897491258921105 0.07402693163393888 0.6429050788243816 0.7026058631921824
0.9904171336620003 0.0673193004846248 0.6488506437837015 0.8076796849360026
0.9924320854983758 0.0673070701655467 0.6742632910383841 0.7217194570135747
0.9904003590310108 0.054323820741545535 0.7012034330517763 0.7432791728212703
0.9906980582057955 0.024941551569243728 0.7084981815789722 0.683233361896601
0.9930109239676599 0.018256671303729495 0.7230307981130938 0.6282082922013821
0.9862998817229632 0.009754310371822412 0.7442239360808058 0.5536599423631124
0.9900922706412035 0.023044599970634915 0.7703051232214714 0.4425454545454545
0.9897827360656211 0.006543376867438838 0.7822010312171224 0.4569206571128976
0.9924325443427915 0.005111044678245272 0.8146376752705494 0.1888728272749709
0.9844359033398867 0.000755213671525208 0.8341350970544924 0.32798221783156334
0.987799962631363 0.0036554888283785295 0.881363267644033 0.49323157990369765
0.9864347854530247 0.0009375464131887718 0.9034071352062615 0.6747927840078011
0.990684831399611 0.0 0.9216674784012422 0.23795753119061389
0.9898933992621884 9.367054730362639e-05 0.9137848173874588 0.20357180822791537
0.9877966109342096 0.0 0.9057249694561341 0.15520075135008218
0.9870529550566729 0.0 0.9227618326410238 0.32945514984677715
0.9931067332925909 0.0 0.9351201196971781 0.7521894658936721
0.9926483188237311 0.0 0.9348789920987982 0.7534419603385121
0.9878881119815294 0.0 0.9333812995066574 0.7413019759970906
0.9908097580815468 0.0 0.9342105481693088 0.7352106010411736
0.9915239276416496 0.0 0.9394706528658979 0.7448
0.9920544949623686 0.0 0.9408877642293995 0.7753787022382997
0.9851496939032232 0.0 0.9347851972394906 0.7917154224198455
0.9904852063051053 0.0 0.9392694586542991 0.7984029752789324
0.9944260571915302 0.0 0.9402017023433431 0.8784375350768885
0.9887434694742295 0.0 0.9362613704703746 0.8371600888794837
0.9915209284474512 0.0 0.9445769546618946 0.8702391496899912
0.9916187681457822 0.0 0.9429791005215723 0.7369348209042865
0.9892596890122362 0.0 0.9396904508664522 0.8501109542061731
0.991882409674481 0.0 0.9426279949313902 0.8961661341853036
0.9894315949603816 0.0 0.9432617638789697 0.8629644426687975
0.9847942079808636 0.0 0.946387435230653 0.8400941687794278
0.9940056708773571 0.0 0.9527577690799494 0.8443035614394928
0.9897393246242424 0.0 0.9439613510808631 0.818744011845658
0.9910325221742097 0.0 0.9489417367324487 0.8167521070466591
0.9930440353361656 0.0 0.9551080504390483 0.8506768189509306
0.992810142692374 0.0 0.9489948391591212 0.8468960806079754
0.9915081765464338 0.0 0.9482987068503043 0.8156017605099408
0.9914206449922807 0.0 0.9510040506024303 0.8448764363292932
0.9919691076774433 0.0 0.9467099966483188 0.8726064250672575
0.9944150625890756 0.0 0.9478564961892211 0.8657869796602756
0.9920721535199596 0.0 0.95025755369103 0.8275886778932282
0.9915750673223975 0.0 0.9508980318583224 0.8874167283493708
0.9921121525232236 0.0 0.9511523301016981 0.8893410437638324
0.9911385025401849 0.0 0.9514930384187961 0.8824996629364973
0.9895484065511204 0.0 0.9504455531478585 0.8745758371214546
0.9936306900983889 0.0 0.9534505272575372 0.9086893418312615
0.9922502367822195 0.0 0.9543013887178802 0.8630258564581977
0.9942600913656745 0.0 0.9603677460342188 0.8952836314267163
0.9903681348437626 0.0 0.9567457661060773 0.8837091604341225
0.9855948456557112 0.0 0.9566956561002788 0.9076638448169535
0.9949224066233177 0.0 0.9589895349654275 0.8955684417726233
0.9902771502523527 0.0 0.9586271095024271 0.8972033257747544
0.9936988152514533 0.0 0.9586500210490589 0.8597483982603003
0.9917069680135786 0.0 0.9610317483790614 0.8813087523957288
0.9906898203620069 0.0 0.94943270362967 0.5126466824580033
0.9924645888528543 0.0 0.955440454388397 0.5828224564370489
0.9936071654634224 0.0 0.9595893182707048 0.6462351719580882
0.9932735642803809 0.0 0.954929758631119 0.6646218004895591
0.9927615045873899 0.0 0.9526013611727622 0.6165277741943807
0.9921670358547617 0.0 0.9513632374442851 0.6187365415789601
0.9936914134942847 0.0 0.959092215492373 0.8075393238112457
0.9932440004821182 0.0 0.9635756955172268 0.882035561005518
0.9921585948201918 0.0 0.9610128684539471 0.8544129235618597
0.9943625362748193 0.0 0.9562918772801003 0.7879602189964338
0.996290149583351 0.0 0.9613354674118563 0.8298607632976059
0.9914996310870634 0.0 0.9434572294828495 0.6048283779511838
0.9936173430355649 0.0 0.9508686550914677 0.681260113980159
0.9908893801168548 0.0 0.9396425512398271 0.570184599544017
0.9943023404959124 0.0 0.9512667503740799 0.6614908303979022
0.9842395016714994 0.0 0.9559839217175484 0.8337137498451793
0.989854163542249 0.0 0.9562015830568475 0.7864592107076678
0.9925431862895614 0.0 0.9552254985139751 0.7435532307865834
0.9897866831637797 0.0 0.9448429873601711 0.6721927082758088
0.9900101343114042 0.0 0.9449870848629454 0.6725
0.9922255915070777 0.0 0.9201750772399588 0.555753620203541
0.9857332577137281 0.0 0.8855780447373268 0.45980695210614925
0.9892491069536256 0.0 0.8795872089936442 0.46336713915742445
0.9888497875246623 0.0 0.8744012248821016 0.4801220030044153
0.9930199452371004 0.0 0.8799823911317858 0.5077509859003961
0.9900047362982242 0.0 0.8772293791994316 0.5238308142591603
0.9917579252104027 0.0 0.8702067118661491 0.5403890625059331
0.9939096556958928 0.0 0.8551778182238401 0.5382709177240658
0.9957540938795613 0.0 0.8598170133352427 0.5743160635747289
0.9888440569830554 0.0 0.8691338814240431 0.6368259853813439
0.9937310609483533 0.0 0.8963314955469021 0.7324857250668139
0.9927339153073222 0.0 0.9115998270803396 0.8138546831498402
0.9923327498739134 0.0 0.9194614502279879 0.8519837023057221
0.9938876917823543 0.0 0.8860720650945597 0.8265756455090891
0.9915319291848582 0.0 0.892938664843664 0.9075446777541174
0.9875314041127756 0.0 0.19514952554848108 0.4430851808156871
