0.9848668234598635 0.07499624554585213 0.1728057746724749 0.1855119825708061
0.9947643231768556 0.07533405963637135 0.1563952462437328 0.1773424543946932
0.9932324359021577 0.08210515855587763 0.16800508788383095 0.15932494279176201
0.9951610095735423 0.0682293544269187 0.15806675296952027 0.2197575444931648
0.9914951209279034 0.07835912980615366 0.16614460450135357 0.1773425665440381
0.9946534034514337 0.06749360882264407 0.1652805839140001 0.4533707865168539
0.9923112748677898 0.07673955475043932 0.16337719896518368 0.5048433048433049
0.9887302393904305 0.06677595147271204 0.16623943533299093 0.41617914060923944
0.9932384868261825 0.06908057640161104 0.16917618452423902 0.20816413763624705
0.9897622654223425 0.08330511106704733 0.17806507319753523 0.4476673918298284
0.996227964732694 0.08830206360126262 0.17059871095686663 0.36679725759059745
0.9882871866772267 0.07450714356936314 0.17749607300854442 0.419826224328594
0.9857831590764824 0.06929625921900959 0.16971025774705223 0.3137388926862611
0.984277749383174 0.07902732783064371 0.18666098633256853 0.20414586498806164
0.9937578330507792 0.07042389822682191 0.18525952309124585 0.22494584425949152
0.9897003167486351 0.05610274318608472 0.18820078782585478 0.2555049821626276
0.9931147903445586 0.06116091793686639 0.18820534308083098 0.4332418838591678
0.9924709137047092 0.06722276741903828 0.18767456438087557 0.204265873015873
0.9924025975613034 0.06774364482635159 0.19132415664183142 0.3192231075697211
0.9911761268456114 0.061142135513951375 0.19262614198376066 0.36729734421107446
0.9885510065309866 0.067059676250302 0.19797374903562065 0.5105275073579353
0.9964736020787188 0.07258908367644021 0.1950084553132124 0.579685746352413
0.9909444545291738 0.06641737396113376 0.19334783291846877 0.5910058541777541
0.9921860880863181 0.06788770385516212 0.19777187608431196 0.41390205371248023
0.9837521249859151 0.060896527354413324 0.2033584507886196 0.5809048015542604
0.990747673482649 0.05755717133009376 0.20739261526738617 0.2611497157296273
0.9924993083253149 0.050084506603962575 0.20269766942570838 0.29591174561972744
0.9940729289031449 0.05706310494253841 0.20789020636000144 0.5419471776281719
0.9904179180428254 0.057130980563261526 0.21037826421678063 0.4144775248102744
0.9936586167241662 0.05569823655441411 0.21014825631800696 0.4821755958443675
0.9867737243350315 0.05761961805383679 0.21732237992132586 0.4249384741591468
0.9865415548287106 0.05672684206339776 0.2116777671179392 0.38187285223367695
0.9925120867890413 0.057888623938236225 0.22460794210510424 0.43681164831062164
0.9915617935122683 0.05716119596364258 0.22464206821868896 0.5052243392747388
0.9917514895882894 0.054539460697620126 0.23228908354592975 0.6434108527131783
0.9915491842915996 0.05753936722587867 0.23355077068921717 0.6045777426992897
0.9946392286867917 0.05519461760832621 0.23406329453344835 0.6249662253445015
0.9918762461086432 0.05399407173382265 0.238926933568439 0.6449661181026137
0.9926782273603083 0.05365116333660267 0.25629754251036474 0.6052093973442288
0.9883703619374556 0.05103930974755217 0.24967749849472573 0.5763924374041901
0.9921603269760254 0.05500506573195742 0.25966972606483807 0.5614492067250769
0.9896265560165975 0.058053044534634834 0.25768303687809574 0.5940819423368741
0.9932495971615776 0.06286173633440514 0.27027643444935184 0.46202661207778917
0.9823472889846526 0.05848297013156664 0.26696532390372885 0.4412367293723226
0.9847188806437465 0.052682494507689234 0.2749962981937561 0.6960084588950568
0.9902920203606829 0.05761185032806338 0.2856591973978031 0.193643443485582
0.989909660042404 0.06256085244184617 0.2900652284204592 0.37965451055662186
0.9940026993430111 0.05574382895761232 0.3012760238506707 0.2901994985282895
0.992163186365466 0.056367951803247995 0.30371533415890895 0.47092618384401114
0.9899484167748697 0.05836673541442459 0.30811470757571424 0.37531287050454487
0.9931746638458037 0.05912049834315479 0.3129450433545507 0.7096109250193249
0.9919067315787548 0.0604877637822527 0.32686211642915425 0.16812339331619539
0.9939580731337119 0.06776050536450252 0.3378350600911728 0.19108684611477908
0.9937068772216157 0.0645294370634928 0.348729814960698 0.20074024226110362
0.9958751718678388 0.06615508656115081 0.35448486451907774 0.4098703471350899
0.9934890860394231 0.05970944734354903 0.35102376442577143 0.45900108915512683
0.9893366925681779 0.06039182965009318 0.3566863831303665 0.1981634282672345
0.9951912605334869 0.06210640739175071 0.3608224308276049 0.4632270469476045
0.9945530886573025 0.06811768703462948 0.37439777890454806 0.32561044860874505
0.9924505848232013 0.07207578664142106 0.3813980766271989 0.32483747807243835
0.9916805883192438 0.07360748103063135 0.4037973118623058 0.4067017082785808
0.9893883358065093 0.0727862357048519 0.3978898246587495 0.28028071391439957
0.9934766244703307 0.06948512349816945 0.40467663578332697 0.19197930142302716
0.9909683279840126 0.06890500345280526 0.42142426922994863 0.327820902238722
0.9960231098792782 0.0684355824490331 0.4300915859255482 0.2964077154485932
0.9921823097533139 0.06791440077284618 0.43378965982884493 0.34021220675557284
0.9924501514848442 0.06808461527106223 0.42706020262096445 0.31502542764678687
0.990675344384777 0.0637696875946519 0.4230104711186084 0.14224773132707672
0.9946108521163735 0.06914679479109456 0.4381510049188629 0.15109185748386528
0.99191277882839 0.0699690919722663 0.4486298083823005 0.25240889661667754
0.9911585158729388 0.0649179956299348 0.44563919245120986 0.39210969449121963
0.9934800108626074 0.06823316262306561 0.4472105511864457 0.12196051264288188
0.9906033043856891 0.06827255578877199 0.4656095188281034 0.07989210865517735
0.9871510898184385 0.08147832461585902 0.4747518328332997 0.09836414416810746
0.9934227590155671 0.08214452691251242 0.4782170286332779 0.1752896089190837
0.9930652229956174 0.06584820136388371 0.47141514605685647 0.13961280714817573
0.9872253304641869 0.07053811406881408 0.46931069945538983 0.294517724649629
0.9915717982930506 0.06675221406483371 0.4628222857442357 0.5613668970914308
0.9879290838337498 0.06951510864532111 0.469936279772077 0.6680201396784148
0.9789663798615708 0.06598500675215549 0.47599002368540444 0.7446477900552486
0.9857588760735401 0.0668722058154058 0.4849369009017349 0.8255350018135654
0.9879741990553549 0.06727883193051643 0.49299388799522714 0.7014689622492497
0.9851759020213221 0.074333850601131 0.5108869304572744 0.8396357156998614
0.9877875461711862 0.07718587181752722 0.519642964780323 0.6258630609896433
0.9893516496413245 0.0762864074952539 0.5265001377341788 0.7838536855717717
0.9905383098280652 0.0796587275518344 0.5456747365029686 0.781145961100403
0.9917041051036748 0.07785810798050329 0.5546530084492547 0.6191606110040041
0.987494404388864 0.07634581391611762 0.5713274581002827 0.5647359454855196
0.9902973242725679 0.07595199378903099 0.5719338732285714 0.7381072449151118
0.9861687034277198 0.07993569692261195 0.588329351614237 0.7629760850310009
0.987874509428544 0.08136846050186985 0.6186940563870746 0.7435418082936778
0.9867767483957084 0.07800194389891725 0.6176814059187584 0.5744408945686901
0.9881393930003293 0.06583742957753962 0.6398980662328319 0.6421152030217187
0.9887960552345318 0.05983816335022995 0.6459150953858478 0.7559861373660995
0.9908377398036184 0.051460577018652205 0.6692341352518395 0.6275437087990828
0.9893744733195887 0.04259837379374462 0.6980823649757396 0.7024960323185687
0.9876406667019731 0.016154925145468995 0.7049603367961487 0.582257656289547
0.9904103149718696 0.008558354988136934 0.7192130091541743 0.5260090654003885
0.9830834134932299 0.006148432622637583 0.741756619592795 0.4758468630988174
0.9862857515935273 0.03074248176308308 0.7690256096058918 0.406900008353521
0.9864670106361514 0.003641451286608308 0.7776818106029416 0.2612167490143235
0.9884899346430118 0.005157878453893304 0.8053480935669911 0.1351715374841169
0.9806302433678482 0.002034110467845408 0.8295943741173797 0.22130187416331995
0.9838921062622611 0.000802484730498878 0.8770192609187891 0.39692934584879574
0.982010787219353 0.0 0.8979062052259671 0.4591231732776618
0.9858584270130639 0.0 0.9078031773010229 0.148679784951932
0.9862363490345653 0.00016040850699782113 0.8937428457762928 0.11287834778950742
0.9829170022356224 0.0 0.8874813387102989 0.10469772611004287
0.9825507267904748 0.0 0.9182291705159568 0.2916944788786116
0.9884478586466369 0.0 0.9319091042678991 0.7453773113443278
0.9882751815341949 0.0 0.9319966215461638 0.7690918472652218
0.9835597284594371 0.0 0.930595766529747 0.7659947414548641
0.9871967843294185 0.0 0.9317918395596899 0.7378652499396281
0.9874943422795165 0.0 0.9366483377209041 0.7371415302449785
0.987557967417504 0.0 0.9379451192231851 0.7955524508091745
0.9813418688998715 0.0 0.9325050145138539 0.8294219367588933
0.9862941716897842 0.0 0.9363097284858424 0.7844558429973238
0.9903300208896925 0.0 0.9373445915813274 0.8591100489359281
0.9840640165766945 0.0 0.9332102467156234 0.8468971440841744
0.9869376821689795 0.0 0.9416860603878527 0.8838552076393515
0.9869595660032829 0.0 0.9399703259045453 0.7410172190703692
0.984618267889246 0.0 0.9368422243392246 0.857469353833368
0.9879358458249101 0.0 0.9401613561136523 0.8957798541944758
0.9849327702651623 0.0 0.9404573821314973 0.8724901676671497
0.9803722571033432 0.0 0.9433815437129147 0.818616629874908
0.9913502586305275 0.0 0.9511559373420919 0.853609239653513
0.9855609892830351 0.0 0.941164560173496 0.8111452391399737
0.9866738230855916 0.0 0.946047711703678 0.8187560312308098
0.9898126242500023 0.0 0.9530669079525748 0.8585167215387282
0.988700215433906 0.0 0.9463145912273623 0.8607102739134191
0.9876243463965233 0.0 0.9454653945037605 0.8143767759772675
0.987396609033987 0.0 0.9483450101679338 0.8587237479806139
0.9882339107521767 0.0 0.9439530309762709 0.8915711286936864
0.9904385575071333 0.0 0.94530006726847 0.8920868715713535
0.9876238396340643 0.0 0.9471951772976769 0.8407587760738425
0.9873069696611175 0.0 0.9479570540194004 0.896021497350153
0.9879018736753976 0.0 0.9481416925610222 0.892064631956912
0.9865363238300627 0.0 0.9481957719573516 0.8869329722410291
0.9852569540864893 0.0 0.9476439703874455 0.8829422791028375
0.9897233836324323 0.0 0.950861278182237 0.9095579374643242
0.9875496206570331 0.0 0.9518411916801529 0.893725442043222
0.9904772275419234 0.0 0.9582518192012505 0.9160046091333617
0.9861346606458193 0.0 0.9542714267659387 0.8986358141944396
0.9806522480741929 0.0 0.9535245322681349 0.907132788271779
0.9927113426698183 0.0 0.9576904545901341 0.9013013441867938
0.9854985155271309 0.0 0.9555523171087147 0.8943957879815724
0.9893082772297532 0.0 0.9569901481679106 0.9185831878273883
0.9866379513983713 0.0 0.9584185730482868 0.9241504564355016
0.9860358719898029 0.0 0.9591887420633775 0.8944131947754791
0.9881489378690805 0.0 0.9620692617082509 0.8946391274077512
0.9891939685413351 0.0 0.9640365197821122 0.9044416917359759
0.9898881875156519 0.0 0.9595467825616819 0.8882030178326474
0.9895899308404144 0.0 0.961304541219818 0.9188356691821962
0.9878332920967988 0.0 0.9597715041905602 0.916281921800606
0.9901308333974622 0.0 0.95951063416014 0.9079848686228402
0.9889458425583475 0.0 0.9616157034929789 0.9294750570590153
0.9881093009532407 0.0 0.960346743603946 0.9289696596334515
0.9940137213092018 0.0 0.9608004973071237 0.9129950458769384
0.9944563048879352 0.0 0.962957955928079 0.9118272443597603
0.9887026883865175 0.0 0.9588141690762271 0.9127074335076154
0.9924853991059563 0.0 0.9628919113119335 0.9248490969867494
0.9871248174938422 0.0 0.9580047412763926 0.9058578385465443
0.9924364209874109 0.0 0.9646167796978173 0.9078904431439946
0.9817855173920574 0.0 0.9590982357410978 0.9254541492501832
0.9874057191727853 0.0 0.9630471559815257 0.9289784141130063
0.9891651980198582 0.0 0.9645460006091782 0.9224970055661241
0.9871879821989072 0.0 0.9640930609299967 0.9244803167593086
0.9870052845946724 0.0 0.9684494522509934 0.9258918649653217
0.9891134109800721 0.0 0.966790845557282 0.9312006906309201
0.9831647853833213 0.0 0.9631506171327691 0.926302958423931
0.9881049909717439 0.0 0.9642660370605435 0.9141701042599903
0.9861239450319381 0.0 0.9643431863912942 0.9309059709896238
0.9924396696672927 0.0 0.965712936544933 0.9120566575889908
0.9889774266609017 0.0 0.9678341547870039 0.9202628294545188
0.9904931176949866 0.0 0.9666567472844587 0.9250588413689437
0.9916871307758598 0.0 0.9622928899169133 0.9005690890014142
0.9938704218017705 0.0 0.9649458125558457 0.9074519475754673
0.985975997845434 0.0 0.9495595774235256 0.8783302748236751
0.9905817181192845 0.0 0.949245554975602 0.8891220235230707
0.9910500828296182 0.0 0.9418157338907317 0.898183067101258
0.9899606044528008 0.0 0.9201148440536441 0.8551288039176751
0.9926872650677819 0.0 0.8908867058827501 0.833545805123909
0.9892835800772167 0.0 0.891343135229471 0.9086390747953531
0.985910132632741 0.0 0.20330787206123926 0.4776799108969405
