0.986631813074683 0.06140155810022686 0.17389249776895113 0.24798850574712644
0.9966771158247656 0.062159648526774684 0.1613208214818767 0.14551455145514552
0.995114445591494 0.06508493501706215 0.1713631938913541 0.27708333333333335
0.9958550858818713 0.060397430469785976 0.15963316066542296 0.2909441233140655
0.9934218004860912 0.06382385241271389 0.16805372525601112 0.22605473204104903
0.9963285627947326 0.05904922238395573 0.16906563307652453 0.230484418389386
0.994551752836423 0.06232842163914059 0.16496607141346423 0.29433497536945813
0.9893026320352325 0.05889312441169282 0.16770405265698202 0.48037025215448453
0.9941147207981539 0.05828933897018366 0.1706072813811499 0.35171840354767187
0.9911097788326503 0.06452366470085244 0.17860011124800668 0.3858643744030564
0.9969308149440373 0.05960972532093049 0.17005095943869689 0.12485779294653014
0.989877226769379 0.060962776197454244 0.18155415731874358 0.36282940360610266
0.98782509258385 0.05847855603806078 0.17185758861110392 0.3070200169157034
0.9853964064061858 0.05883735340692631 0.18539411243477405 0.2562674094707521
0.9948695226919556 0.06102685066591837 0.18641705158599575 0.33707865168539325
0.9914715455856151 0.054067101815882194 0.19082683626918212 0.43585682610072857
0.9948237941539176 0.05173893033483145 0.18918371333506612 0.38433455028211083
0.9942191552928321 0.05535716491060071 0.18776031104573981 0.30349608197709466
0.99411863182733 0.05719884609079221 0.19159436283940773 0.249925705794948
0.9930620652377694 0.05709642877451826 0.19398662381826504 0.32156973461321287
0.9892963163768183 0.055855428894409406 0.19928675389573255 0.41263282172373084
0.9969142430439303 0.05759512614291369 0.19568478930474792 0.33228661147587785
0.9927434630869213 0.055328648792768005 0.19551944157872475 0.34297165760091614
0.9942791342870959 0.05550249410308959 0.19792385901417253 0.307388903497239
0.9857050836166273 0.055497495722021235 0.2064171747497701 0.3038990825688073
0.99269386538734 0.051913585812455657 0.20856234317251574 0.2419042347079989
0.9932700918526638 0.04904460529880474 0.20584201431785243 0.11506693249786386
0.9957971226173957 0.05194032960639084 0.20904674943723367 0.329852045256745
0.9919730284017259 0.05294792682890667 0.21381388048408412 0.23025092936802974
0.9956021918461667 0.05191061547243136 0.21258683708495718 0.3628081457663451
0.9885937673216246 0.05126214440448983 0.21802581807655655 0.27558461151621827
0.9888389283317913 0.05278021430942108 0.21414314506314078 0.25940438871473354
0.9945794165226459 0.05361466586023598 0.2265588372230966 0.4060751398880895
0.9935963788622724 0.05189044497882785 0.22563880502853956 0.4444160490672119
0.9939159598818197 0.050589475355378326 0.2337579056409543 0.4492208490059108
0.9934612397924611 0.05313343304289249 0.2341226977992659 0.3684629678789488
0.995034385943952 0.05143122432424573 0.23673126610829925 0.42892358258011504
0.9945125432045099 0.048160993854873504 0.2406812984472097 0.4913431269674711
0.9949499829950968 0.05019503203215971 0.26017144212091964 0.3544757033248082
0.9909812757322631 0.048149759937528853 0.252068156463868 0.33137305037074916
0.9946059798507491 0.050159883795533516 0.26115108545023585 0.37011972930765225
0.991326812367141 0.048245211758783116 0.2578208968285222 0.40293724966622163
0.9956818990494587 0.05175059138806637 0.2695627415477615 0.2728265618173875
0.9850286741527515 0.05182217720599839 0.26674500494559844 0.3680288461538462
0.9869398941045088 0.04824077786688051 0.27584082565695545 0.4544491525423729
0.9922620839594751 0.05293656095259302 0.28576516680517633 0.46291309669522646
0.9916006971684103 0.055537547387718475 0.2906706423611528 0.5016634980988594
0.9955034244581502 0.051742578675229 0.30031785372291203 0.4484756865709247
0.9943565220272345 0.055001265807391654 0.3047247511101198 0.3993987049028677
0.9904291214389876 0.056449896775358 0.30774726998717294 0.4381395348837209
0.995038160042158 0.05714346775127862 0.31396038981555036 0.513313999472713
0.9939627788051938 0.05837971863459667 0.3253400763803124 0.521822084426425
0.9951147007204595 0.061035461287191936 0.3342587836806086 0.510689990281827
0.9954605919113775 0.06032358863642224 0.34594931527694484 0.46114221724524074
0.9965496764556435 0.05892035442275947 0.35234827329499463 0.49144672531769307
0.9956778975659291 0.057707014235568496 0.35092484295042764 0.47973609802073514
0.9914546386766689 0.05845790404304126 0.35484614732835373 0.5178653229500687
0.9970559597462368 0.05954719459629113 0.36110926855393655 0.4616709732988803
0.9956007871259039 0.06299431537320811 0.3734960910261774 0.4923580786026201
0.9928077328324706 0.06320760375689172 0.37927383522061436 0.5330277141071057
0.9941887098360224 0.06642906295849076 0.40408024913321305 0.5068054443554844
0.9918521805882071 0.0664281427390926 0.39788532091182655 0.4724493423391397
0.994731110354503 0.06408002142599299 0.4038182243124777 0.4438551572787125
0.9933188172720139 0.06582442820334754 0.4240430768727564 0.5034425203421656
0.9970542603536594 0.06832185992715484 0.436314177464019 0.5193948797517456
0.9944062459330039 0.06716843798479703 0.4387855124012337 0.5311040538016065
0.9947462752078812 0.0681505889706754 0.43191686826801556 0.5540488182874854
0.9935395379547586 0.06396448981253987 0.43512518301491315 0.5900220913107511
0.996594751022366 0.067977832072651 0.45216907539087897 0.5385326187396046
0.9945435449129684 0.06739251548891209 0.4537242619849334 0.6206969825754356
0.9924297891735682 0.06321992849409223 0.4463130859918928 0.5937762825904122
0.9956282603215234 0.06569429489581433 0.4502570873672178 0.5866174055829229
0.9932206259372128 0.06363473904784964 0.46776196061646635 0.34029706557179085
0.989740175969466 0.06868908872796686 0.4742223942644868 0.40658652642123716
0.9953025410538594 0.06649513512878809 0.48008487258163024 0.48675451704931394
0.9956350043932202 0.06591183386319768 0.47489887248398394 0.24597320487731447
0.9899283229034757 0.06596222832889803 0.47297876764996527 0.4943014470482776
0.9940492629383637 0.06365517793691806 0.46286031978720543 0.8221183167310429
0.9906471198722291 0.06604555632153784 0.4695747991393 0.6647198393867494
0.981835854746654 0.06311878862346862 0.47572399441582425 0.7500958956655159
0.9874871644052758 0.06349816611530743 0.48426995304416015 0.8133614088820827
0.9894251579842475 0.06359980076275155 0.4921748705948635 0.7982539381286772
0.9863179619874934 0.06989936606964728 0.5101956626598854 0.7674231773448483
0.990737752729903 0.07306759480912184 0.5187662210459664 0.6886644610830577
0.991785782098278 0.07141643286573146 0.5260871232800697 0.8175388967468176
0.9937109030605819 0.07412043625756738 0.5450943681061727 0.7200990799716914
0.9938375470734627 0.0741430790264868 0.5543232391545578 0.6440443213296398
0.9907816218107971 0.07386029885814983 0.5708293904266225 0.7198624247635426
0.9931854927720404 0.07314964457462857 0.5721281786380424 0.7013100436681222
0.9897239863447381 0.07637134876534038 0.5884162401395518 0.7163349471041779
0.9908818369780076 0.07836263380860926 0.6187689879499352 0.6914344685242518
0.9898387638562312 0.07447283800975688 0.6181523537728865 0.6556664520283323
0.9914014218445263 0.07069870436809998 0.6421033442201914 0.5898775510204082
0.992644742913927 0.06263581580295924 0.6481179391215369 0.7337822302512728
0.9938152490001401 0.06492002806601535 0.6738917699592085 0.6683358370889668
0.9914856226685284 0.053388858220744496 0.700932408667087 0.670126019273536
0.9917845968579038 0.025230545780758572 0.7086739852495338 0.5989832970225127
0.9935995003528512 0.014940918417887214 0.7226392436504739 0.5762076982691811
0.9876941440089044 0.007241668314640601 0.7446867534748949 0.518708547115505
0.9912821163714166 0.007925523900955477 0.7687722532060371 0.4382115504036431
0.9909142089575889 0.002608649493057504 0.7826597742504576 0.47000393391030687
0.9940259403403108 0.0027361437322937603 0.8242304735271739 0.2932703801099689
0.9855104630914082 0.0007071830362444802 0.8346455064500374 0.310261620523241
0.9890934086916673 0.002769628153158197 0.8818841368360739 0.46517764583922344
0.9879499493582458 0.0002974668835696026 0.90417753332643 0.6392056374119154
0.9920423299022 0.0003365020610751241 0.9321779822270723 0.44520255863539443
0.9907769981741498 0.0008695884839728153 0.9225512082243327 0.2972727272727273
0.9891603378906536 0.0 0.9153362930424883 0.19946506430220204
0.9883533183085026 0.0 0.9249018798024489 0.33364557110239446
0.9944234368435124 0.0 0.9358505863568611 0.7170713297270097
0.9937196439190408 0.0 0.9355036401065251 0.7271545560899519
0.9890919332180077 0.0 0.9342049915289321 0.723871131405378
0.9916670111281541 0.0 0.9345292634604442 0.6869113740642357
0.9924298284422159 0.0 0.9398213962087846 0.6968845162801592
0.9932027318757218 0.0 0.9416515913315784 0.7583939891993425
0.9861590031888297 0.0 0.9355489301999298 0.7859801488833746
0.9915692167750854 0.0 0.9397715920518548 0.7574235320384014
0.9952706039040168 0.0 0.9405605377462881 0.8431664566387902
0.9898226836352979 0.0 0.9368517478797908 0.8151269584008644
0.9923538117537091 0.0 0.9449834589883457 0.8486626791558515
0.9924786620530566 0.0 0.9433706611405571 0.7094715852442672
0.990304403103609 0.0 0.9402264267235437 0.8309757356737223
0.9925914020198068 0.0 0.9430973159981266 0.8871926229508197
0.9901619098454164 0.0 0.9438075294532212 0.8660815694372741
0.9857475620829879 0.0 0.9468416691343122 0.8158064219339406
0.9945957452253305 0.0 0.9532196128161802 0.8437980030721967
0.9908904080476869 0.0 0.9444106739991596 0.7896317230415968
0.9921481090645277 0.0 0.9495270396441055 0.7932734636379645
0.993420054845983 0.0 0.9554083797136721 0.84927460689775
0.9939099898039554 0.0 0.9497415725890983 0.8391164449082529
0.9923819545374005 0.0 0.9487800971560306 0.7999080389301862
0.9926499718173766 0.0 0.9519725926486888 0.8507923608289313
0.9929368764728199 0.0 0.9476928183844932 0.8819602735265386
0.9952162197834744 0.0 0.9486338571322485 0.8755174230450816
0.9931411167075638 0.0 0.9510170848239887 0.820203488372093
0.9925632401350599 0.0 0.9517082095531271 0.8929163526752072
0.9932979235178669 0.0 0.95199870328693 0.8902120243973279
0.9920064490268166 0.0 0.9520277788274614 0.8804503582395087
0.9906960992026032 0.0 0.9512659127345926 0.8737252354660604
0.9946650370168235 0.0 0.9540902759322597 0.903468024180719
0.9934258726861298 0.0 0.955339135713027 0.8861008610086101
0.9951746794140331 0.0 0.9612733684692496 0.9150362650088377
0.9912971672625955 0.0 0.9576311035416619 0.8994662953938972
0.9866394383335697 0.0 0.9573411081727783 0.9032878727859205
0.9953775766408186 0.0 0.9592260166227546 0.8922226396865439
0.9914072998256943 0.0 0.9592157512926417 0.8875562977582107
0.9944927775946437 0.0 0.9600482196360348 0.9057507987220448
0.9926864314694316 0.0 0.9623423602623336 0.9122748179379072
0.9916275428579231 0.0 0.9612863354814232 0.8096069106932507
0.9932788474297242 0.0 0.9631246683195583 0.7825270463359869
0.9944150522475348 0.0 0.9676604817401652 0.8927771679473107
0.9937984879181697 0.0 0.9613575502538777 0.8400768491834775
0.9932806219168335 0.0 0.9614510020999728 0.818855311670859
0.9927536613328926 0.0 0.9603600794428371 0.8047175509425565
0.9942227471822327 0.0 0.9625614828105464 0.899773595106951
0.9937833497383827 0.0 0.9654233803977512 0.926742301458671
0.9925655197575393 0.0 0.9636383312115248 0.9216154199173933
0.994084982578096 0.0 0.9607176418544142 0.9082624898101782
0.9961548782323566 0.0 0.9638277851197877 0.8956519373095342
0.9917321075495705 0.0 0.9585145143484999 0.8468419816858418
0.9936188189256492 0.0 0.9616576227623097 0.8767288718754984
0.9912600072638308 0.0 0.9548598689154284 0.7646720596399397
0.9943736811557687 0.0 0.9609167400057533 0.803579703429101
0.9845093340902075 0.0 0.9605846778465751 0.9174227249518871
0.9898983014652177 0.0 0.9628525799822593 0.8920138524504145
0.9928953416046657 0.0 0.9639534198792727 0.8647154632051725
0.9900186706069666 0.0 0.9592260838409172 0.8232402113240347
0.9902229247112054 0.0 0.9678501432232776 0.8885847315743807
0.9925548074721561 0.0 0.9673798305913854 0.9086318097526271
0.9858737761498908 0.0 0.9487039986901842 0.7661358907084049
0.9890321389341313 0.0 0.9403631158165825 0.7138011383169717
0.9891504741850999 0.0 0.9342665844631993 0.7003162166317914
0.9928781663732152 0.0 0.9348894221190412 0.7076220064886761
0.990082765202022 0.0 0.9441635510830334 0.7653763244982846
0.9919492954433349 0.0 0.9380892378504213 0.7600735851796866
0.9942285116083303 0.0 0.9254601085918499 0.7257863643621267
0.9958759237027823 0.0 0.9256762886805784 0.7409194650054054
0.9889035313199186 0.0 0.9265627990019489 0.7867762067131729
0.99404680146607 0.0 0.9446604664923548 0.8649592549476135
0.9929394562266661 0.0 0.9397748791287291 0.8871527662097962
0.9926873401875923 0.0 0.9206001986720342 0.8508324382384532
0.9938001523182628 0.0 0.8868478083433249 0.8248359951137855
0.9917504885405686 0.0 0.8891020047288677 0.9018609408333559
0.9879234890074439 0.0 0.19635878009955918 0.44638535367040066
