0.9860959487811185 0.06660993156213998 0.17201647543206292 0.4224137931034483
0.9962657033790324 0.06605738032900042 0.15758491506297503 0.4114846771794109
0.9947368282617329 0.06757771744892713 0.16815213757282768 0.44761904761904764
0.9957176542380503 0.06535788626993225 0.15813013452162467 0.464354527938343
0.992904787745839 0.0696398534890667 0.16552467628849873 0.4013683010262258
0.9959211420802175 0.06170999714285466 0.16483959610663573 0.45664918235112617
0.9941135781783509 0.06577732488820726 0.16251011158247036 0.4652093596059113
0.9891743630937764 0.06291267135419276 0.1656304525434312 0.6353240152477764
0.9942506728744839 0.06112112813909458 0.1685186236351949 0.4977827050997783
0.9908088084305979 0.06982884698999961 0.17643263848341115 0.5721107927411653
0.9966829461851843 0.06527761619134011 0.16704017673693836 0.3594994311717861
0.9895708073562124 0.0643293775680669 0.17855504408207848 0.5425797503467407
0.9873383691347339 0.06235367762128326 0.1696468498655296 0.4812517620524387
0.9851184417477176 0.06429640506671269 0.1818815297901757 0.47604456824512537
0.9945178085025687 0.06692953320288367 0.18377806048503978 0.5357776463630988
0.991037059329429 0.06142030232237787 0.18854206447807947 0.6607538802660754
0.9942883259044726 0.058978759700577775 0.1862899375994704 0.6509933774834437
0.9937585985395712 0.06337293688803998 0.18542474567785724 0.5449910017996401
0.9936335931218366 0.06430636458821497 0.18944423787070938 0.4900445765230312
0.9926187806561652 0.06529839115735968 0.19177294995555738 0.5327498588368154
0.9890358662613982 0.06357750078785523 0.19701999034187456 0.6331168831168831
0.9967695717333255 0.06570512050710303 0.19310451427749573 0.5555238367113903
0.992180476407429 0.06052807589409268 0.19264338844402912 0.5880332092756942
0.993575771340931 0.06082432125258612 0.19629618663653217 0.5151196423875888
0.9850488920456285 0.05722766970210733 0.20231350599144568 0.5490252293577982
0.9921294944873484 0.054195026382341006 0.20609229889984285 0.5216551724137931
0.9928847786878626 0.05074514481171218 0.20211918529351341 0.4494446026772999
0.9952101216762992 0.05601433102314108 0.2070904968501178 0.5747026399767914
0.9914846483887655 0.056091046450244236 0.2101264703136287 0.4616635687732342
0.994982634536706 0.05500992335872353 0.2090087576023704 0.5967527282406175
0.9879078923965665 0.05541319983774746 0.21619744007758626 0.49006789036962534
0.988035581586358 0.05507375228908458 0.2114945184206609 0.48171368861024033
0.993961585562834 0.055990647698525346 0.22315607354527178 0.6345137420718816
0.9930149106210976 0.05433192469845116 0.2235001069043982 0.6541296060991105
0.9932467993477289 0.05315994845314373 0.2313189240452462 0.6811244979919678
0.9927400117970171 0.05560671311462312 0.23197632428147258 0.5994159808866472
0.9951007612184475 0.055012540701182264 0.23366648554425132 0.6387291153108737
0.993414576869076 0.05298577904302198 0.23886863747142353 0.6883660130718954
0.9941614121049038 0.05297712800493201 0.25732856793020276 0.5603580562659847
0.9902644681862537 0.0515293740462972 0.25162956625352517 0.5504985937100486
0.9937924543022457 0.05360828540057325 0.25996242903417643 0.5871941697032795
0.9909505686160271 0.05152020152691638 0.2575001097178058 0.6031159228941114
0.994825480695307 0.05626967903595391 0.26807528708815925 0.47706422018348627
0.98419060399286 0.05513506620650506 0.26544701607021404 0.547573282075925
0.9863543310579989 0.050039005906608716 0.2747193688634785 0.6566057717765422
0.9915961305925031 0.0540512815089391 0.28461076802505336 0.6659356725146199
0.9911342969441167 0.05842393923105093 0.28986388733533563 0.692161970163391
0.9953238083083561 0.05423782450703303 0.29958977320572155 0.6563204005006258
0.9937810227935086 0.055926091642660186 0.30307984565442153 0.6066142460684552
0.9907498290848715 0.05798093908310609 0.30705688217461635 0.6646595646132468
0.9947286425432992 0.058518624155986784 0.31327705998320465 0.7530831802676463
0.9935305362835292 0.059249529543740166 0.32424804063482127 0.7302192564346998
0.9951329044490433 0.06241368644131138 0.33368379453755076 0.7510917030567685
0.9950545809134019 0.0629645133980982 0.34544735178349273 0.6557670772676372
0.996606212920641 0.06117653180817761 0.3521727582762627 0.7394916911045943
0.995161996497373 0.059487793741809625 0.35107086376062996 0.7259241817753709
0.9910077109666408 0.059870618021215384 0.3544734767557439 0.7205180640763463
0.9966901997977344 0.06188613425455531 0.3609107218772518 0.6460348162475822
0.9955681466883066 0.06614045510233763 0.37298178132989385 0.6688382193268186
0.993080715736457 0.06495354492735549 0.37850134680604597 0.6179629629629629
0.9936235763377957 0.06971125523245501 0.403258175828374 0.6244419642857143
0.9912764268013885 0.07026524382423108 0.39777822424953474 0.5913696715583509
0.9945487831975963 0.0673629741958901 0.4041023060051859 0.5926386913229018
0.9928099810106961 0.06695963641248615 0.42306180796400183 0.5923004694835681
0.9969705097102174 0.06976523492098352 0.43621088229768257 0.6541159099298635
0.9940135276513954 0.06999084900311242 0.43888528087185685 0.6699046920821115
0.9942750953845929 0.07008728311966243 0.4313757175992805 0.6843096628366924
0.9929022906741183 0.06561126722415953 0.4344486232600686 0.7054292692090927
0.9964123703807442 0.0708224520376603 0.4519780846823309 0.6593585794527994
0.9937445197845631 0.06987837204585352 0.45423062791472213 0.7561179669525204
0.9924433585342638 0.06434426626818213 0.44654630072027146 0.7557776389756402
0.9953318892211613 0.0671430520024608 0.450435605068859 0.7232125367286973
0.9926191809383061 0.06375628728632586 0.46769135303507203 0.5502471169686985
0.9889979871552077 0.06931979594753436 0.47289251477491595 0.41557359983343745
0.9948892799620396 0.06860326548201698 0.4807672625961515 0.5995946728430804
0.9951176705225369 0.06792198863422091 0.47591497730588095 0.323838808868749
0.9891327600748498 0.06778100032675297 0.473481540550095 0.5890357698289269
0.9935457581102237 0.0642765537698229 0.4623634016137445 0.8884706814580031
0.989854845485891 0.06652403861199384 0.4691851964605457 0.7771936185641769
0.9810558193442255 0.06437736612432449 0.4759383942832589 0.8603945371775418
0.9872702613759885 0.0639800563434585 0.484244921130918 0.9097815764482431
0.9892395520241248 0.06465695940514171 0.49243566652705356 0.8588739746457867
0.9860154255587975 0.07090599008860932 0.5103241781498 0.8485977642675034
0.9898547936130623 0.07408713114999205 0.5189606244647079 0.7838352371062651
0.991023541280098 0.07335864046257588 0.5263155745136896 0.8592420726991493
0.9924941189736725 0.07566530477958579 0.5453909507931829 0.8072141481351778
0.9934812074780085 0.0760604876806344 0.554993977022299 0.7726330338631652
0.9898677485830205 0.07572668877621333 0.571132976497678 0.7927014698428788
0.9923774447791405 0.07490358013114178 0.5725539628901197 0.7934651762682717
0.9887535703897268 0.07799023520894054 0.5886416586898806 0.7891418563922942
0.9901473531103958 0.08048656361949048 0.6192436054609944 0.7890810444218379
0.9889625545242366 0.07813595515971747 0.6187455920462189 0.7286772820431973
0.9904738624179835 0.07534739522781377 0.6433410018900689 0.75244140625
0.9912718295827473 0.06759756131823673 0.6491972996253932 0.8297279580465421
0.9933345137182864 0.06721582082572226 0.6745638990493039 0.7532446463335496
0.9910486185774455 0.05937476172321769 0.7023968780426024 0.7639623750734862
0.9909925220938137 0.033846736893797254 0.7105496676676425 0.7272727272727273
0.9932444650002522 0.02602219980958677 0.7251656279022664 0.678539626001781
0.9867568260322963 0.008576173180937792 0.7448475087757703 0.6152554569441113
0.9903786756928284 0.01274403944467158 0.7698123986989273 0.5061030068472759
0.9907383394805594 0.007707538367003239 0.7840510349160034 0.542249359858184
0.9934891944662912 0.005263208675851954 0.8253161912568393 0.35493316359007004
0.9851023109246178 0.0007279943486068345 0.8352815265134637 0.35723074930380155
0.9887960251390214 0.005649085936160857 0.8827355041268036 0.5396151669496322
0.9875177129319298 0.002657733728302096 0.9047818053668027 0.6942857142857143
0.9915451200588327 0.00023730753660817735 0.9338387386174305 0.5829845225347999
0.9907005678920296 0.000534345026583665 0.9296771000583112 0.6201518571721732
0.9890779847454989 0.0 0.9239855152450728 0.3579337899543379
0.9882798127200488 0.0 0.9264087083413418 0.4074189720851808
0.994679697812228 0.0 0.9364161082400456 0.786021902300972
0.9940554784679082 0.0 0.9360558464223385 0.7845045500505561
0.989534688261507 0.0 0.9348252604743037 0.7843233312921004
0.9919699801483789 0.0 0.9352531684513544 0.7749940912313874
0.9928622420536722 0.0 0.9405481107205624 0.7669680668421655
0.9937349004280704 0.0 0.9422512416894636 0.8021493212669684
0.9866350337869566 0.0 0.9362158420399802 0.8458555501696559
0.9921261518401437 0.0 0.9405552034857403 0.8191663931736134
0.9958338476381801 0.0 0.9412585424236514 0.8924706943192064
0.9907012882566563 0.0 0.9377673797890052 0.8544585987261146
0.992702752844117 0.0 0.9455921196906268 0.898742554599603
0.9933754823649897 0.0 0.9444152180604938 0.7664700098328416
0.9911489682665466 0.0 0.9412040280956668 0.8712669452655183
0.9931949341618032 0.0 0.9436925904485081 0.9063313965137247
0.9908501383118627 0.0 0.9443396005109086 0.8780781988139511
0.9866719616531505 0.0 0.9477455457748469 0.8484738372093024
0.994873476373691 0.0 0.953328177959397 0.8591694851559564
0.9916020441803005 0.0 0.9455123282299309 0.8437829293993677
0.9931136978964712 0.0 0.9505873496828732 0.8394262725205527
0.9934262601539299 0.0 0.9555570528753531 0.8678760910491186
0.9944443401300886 0.0 0.9504119973909921 0.8685999483693314
0.9930950530669029 0.0 0.9496917571039155 0.8320441142682087
0.9934541862824566 0.0 0.9528932035154557 0.868723387161565
0.9938203465863372 0.0 0.9486526602765216 0.8975801913337085
0.9956059281350405 0.0 0.9492200025756466 0.9009501009949876
0.9939778031034331 0.0 0.9520292598359859 0.8495543155301108
0.993454115323469 0.0 0.9524623498869556 0.8952980377637912
0.9942044516911627 0.0 0.952815498515476 0.9001220650534932
0.9928845575247275 0.0 0.9529390004497934 0.894035704625372
0.9920091542552772 0.0 0.9524218105677342 0.8882163554410818
0.9954431859867938 0.0 0.9547380141386058 0.9091537784483843
0.9942778328320497 0.0 0.9560424573103455 0.8940889701401584
0.9958999849057664 0.0 0.9618423704243023 0.9180782446199288
0.9919083019178146 0.0 0.9581003666824336 0.9063612355035021
0.9876499647141849 0.0 0.9581327368599553 0.91344641653561
0.9954173223327033 0.0 0.9594432142750314 0.9049297655290285
0.9922280427907129 0.0 0.9601695432339314 0.9102583548207696
0.9949704445200087 0.0 0.9606725923674947 0.9214865740048822
0.9938895111147984 0.0 0.9633919438576626 0.9246849942726232
0.9927077810217981 0.0 0.963810646981304 0.8944951957211151
0.994373494707442 0.0 0.9664068201947885 0.8911542709867453
0.9954765400842948 0.0 0.9685867833549292 0.9006651496586732
0.9940731514835911 0.0 0.9626921644583198 0.885380257924551
0.9935080512477577 0.0 0.9639833247014071 0.903519371648667
0.9936928307527131 0.0 0.9645407681399888 0.9181680599596426
0.9947879195182302 0.0 0.9632515724778414 0.9082768717442375
0.9946966453665679 0.0 0.9662727115494631 0.9310523755472677
0.9934953436088205 0.0 0.9644907820483574 0.9260414755000917
0.9933889312375428 0.0 0.9602543747943417 0.907804509530451
0.9955933215502267 0.0 0.9638645658010043 0.905921052631579
0.9920235902510304 0.0 0.9613862122396464 0.9104871549947212
0.992930350739448 0.0 0.96289495449365 0.920465636679601
0.9919697590704968 0.0 0.9620666788895876 0.8979392926761348
0.9939168976065413 0.0 0.9654883218835297 0.9050669898919936
0.9842465683776666 0.0 0.960739014353515 0.9259558852543108
0.9896959756644325 0.0 0.9647331565221687 0.9313677224075999
0.9935390001591379 0.0 0.9676466316374044 0.92231257228979
0.9901838678880263 0.0 0.965903532069325 0.9198747523030147
0.9905408198494984 0.0 0.9710700117376427 0.9287396113069708
0.9931861827636563 0.0 0.9694684876728236 0.9294625605305217
0.9862483441105483 0.0 0.9651674040089574 0.9254478800707007
0.9880500505352002 0.0 0.9651449368443588 0.9219867968533818
0.9898508134753706 0.0 0.9673988283454333 0.9366429921273947
0.9921456110463552 0.0 0.9673546190635504 0.9264679416913437
0.9904193520245796 0.0 0.9699081226187111 0.9301966406301959
0.9914590772926534 0.0 0.9678767313730734 0.929361004843175
0.9938076119660413 0.0 0.9592094382618247 0.8757395468167694
0.9952764048727106 0.0 0.963266754249012 0.8949186829033808
0.988920195264981 0.0 0.9517279398457722 0.8790689472756128
0.9945030338052586 0.0 0.952327527064436 0.8906658364849491
0.9925437273462899 0.0 0.941497352911797 0.8931894455497277
0.9926902698922565 0.0 0.9233544831526043 0.8590447387398468
0.9925250448015511 0.0 0.8897308517137833 0.8332542495249295
0.991729850925086 0.0 0.875913467692614 0.8845368817575824
0.9877394974778105 0.0 0.19001514720468718 0.4242697698130556
