0.9850002866187271 0.07379992751792833 0.1752504424314987 0.2874968169085816
0.9950758219614448 0.07492394139933609 0.15957045619931734 0.2436028659160696
0.9933992053795359 0.08254901628962742 0.16969092977835978 0.2502870264064294
0.9954657845451126 0.07335134323353963 0.15971810738713604 0.29507262888066077
0.9917655544413907 0.0847684346905148 0.16954044347307642 0.26835379604109244
0.994944780499573 0.07670859387309716 0.16890732365898103 0.3017587164455415
0.9928831065756513 0.08658589474884622 0.16690356972331818 0.3439039408866995
0.9889285268111214 0.07742184871914831 0.16832307166464835 0.4911560328490209
0.9936640158413432 0.07595271984222579 0.17110089036437548 0.3567681007345226
0.9901208531616967 0.09254533350240933 0.18171491675349286 0.40464820120980577
0.9962030840256282 0.09687388940807919 0.1745375779748565 0.209613196814562
0.9884609159841794 0.09173867709643208 0.18366421525580148 0.4360610263522885
0.9860659209803296 0.07871428763314484 0.17271818614754184 0.3192090395480226
0.9845498895494161 0.09271002269771472 0.1900164356841465 0.29568562791975816
0.9938639336221695 0.08908870761110767 0.18960291059438308 0.3265776140027637
0.9900006926472348 0.06788490393619062 0.19180699269703408 0.4842923794712286
0.9932346329164234 0.06745357294017057 0.19152141553336313 0.48677248677248675
0.992761711150189 0.07801418439716312 0.18980804630546455 0.2948467058056099
0.9927843139171705 0.08323613330125812 0.1954624767244806 0.37385057471264366
0.991745880244653 0.07088307766137977 0.1960808387157787 0.43676880222841225
0.9887999027030314 0.08518100830932528 0.20301162897938307 0.5095729013254786
0.9964927700768466 0.08905650403131674 0.2005911535920838 0.4256351698544105
0.9914236079809176 0.0846631192862077 0.1981996261381276 0.44488977955911824
0.9927233784820081 0.09267156503139021 0.20308652553153592 0.3673415724428083
0.9842422772830144 0.07493628910329349 0.20772937306782152 0.3944954128440367
0.991234434006048 0.07207213381174524 0.2110992773106323 0.34725
0.9925389666419843 0.05423327192919054 0.20606328855418207 0.3174061433447099
0.9944588019472101 0.05910319075846736 0.21035615452665923 0.4035393095445315
0.9906482675011776 0.061591205802446806 0.21439755133742922 0.2997446018110053
0.9941977134025762 0.05861531396767397 0.21290205399292542 0.44357161560617964
0.9872999978071939 0.06585970934844136 0.22061079186806118 0.3046207935710698
0.9869828907516189 0.06252610479439542 0.21526329419395843 0.30321232697832334
0.9928032987644373 0.06538895602984057 0.22907993833380025 0.4569384104267825
0.9921850989494079 0.06456250193287463 0.22794426888919073 0.511099770349579
0.99256501910514 0.06124904309372702 0.23593506347491555 0.5402729462135403
0.9922954872331401 0.07254135971796659 0.23738288930870957 0.4627024157154234
0.9951047374432779 0.060091796892612064 0.23788268455354447 0.4702983848891322
0.992357992692752 0.0592030429233627 0.2419833465848887 0.5498426023084995
0.9934793441437733 0.058310991957104555 0.26049483742087653 0.3872122762148338
0.9888032486842253 0.05739136438774557 0.2520632032551557 0.34390181539248277
0.9926901026330228 0.06369889437007001 0.2630829307568438 0.3742842269651223
0.9901386317430368 0.06052903855140902 0.2608283397107309 0.3991989319092123
0.9936830949403763 0.06621949907297046 0.2723734785393978 0.29576234163390125
0.9830574991739534 0.07801093198016415 0.2718163027959572 0.3913448115402513
0.9856721647289082 0.06325017688051643 0.27833257986558774 0.5010593220338984
0.9906361120593122 0.07223633124839818 0.28890349271169546 0.4163447855255133
0.990403267995124 0.07356260247987911 0.2932003511818339 0.5224534501642936
0.994609311392198 0.06530767440564575 0.30296927509376764 0.42433493240296555
0.9928777935394568 0.06570978381249248 0.30617020476928936 0.49791859389454207
0.9906973562707343 0.06300528697796517 0.3090232748060433 0.4874418604651163
0.9938857314663898 0.06518641706182439 0.3150517761798387 0.5618244133930925
0.9925870979391254 0.07351673802791821 0.327829334316896 0.43425414364640885
0.9946778738869974 0.08162384108400385 0.33921795603200083 0.4041384361838491
0.9941509648947627 0.07022132066256827 0.34771168500403327 0.49140608821702214
0.9963275884252253 0.0760061501430927 0.3564561664495502 0.5270497715797067
0.9939383398786452 0.06485708420206977 0.35196765021880977 0.5140013885674612
0.989848903480324 0.06330320605786975 0.3548062549599891 0.42775229357798167
0.9956179193464868 0.06461669058936913 0.36112643904682135 0.46152197213290463
0.9948550809548603 0.07043125302084258 0.3742603733182997 0.3960172834867556
0.9927445560037502 0.07327595889607456 0.38168327365155186 0.5459448247251607
0.9924685791039048 0.07604971005054734 0.4035828916921699 0.4582786424151509
0.9900383233676584 0.07500848874680471 0.3981158741539877 0.3697491039426523
0.9941259974749763 0.07076236742152556 0.405296659379978 0.3732725892179195
0.9915804669740426 0.0682014426717324 0.42282278448902977 0.525576289791438
0.9961782818120847 0.07023093443541988 0.4354411272753976 0.4972794403420132
0.9930415293791277 0.07089648016536446 0.4376943373647608 0.4700148686601685
0.9931122203211452 0.07091571112019449 0.43116917850832237 0.5310713627143647
0.9915413145254454 0.06775666719096614 0.43064146560113287 0.2681871150324621
0.9954748706105332 0.07169067172561844 0.44716787036499883 0.3176342919153554
0.9925193746740567 0.07080274191864713 0.4508487416338675 0.5272277227722773
0.9920832003959613 0.06731888960362 0.44769375004589734 0.5305734903152298
0.9944641058003223 0.07145623871413603 0.45182144158876203 0.3340156943022859
0.991294609382181 0.07575626570750041 0.47120732543821225 0.1529173951048951
0.9876584604357624 0.09065747375850533 0.47871551107285315 0.20714797213723066
0.9940548204274413 0.08201531640467553 0.4823817098553652 0.36927938028743246
0.9940328152198198 0.07282563763084332 0.4735887849553006 0.2034455943051983
0.9878962904496875 0.07030163719503832 0.4703486471103504 0.3508500772797527
0.9923838594309202 0.06668184366844997 0.4628747830187692 0.746177370030581
0.9885723306950952 0.06933924581661903 0.4696237930865982 0.6578467153284672
0.979859113501872 0.06622085667811314 0.4757759844057056 0.7146692233940556
0.9864308123556669 0.06675896915566615 0.4847974090814502 0.7879019908116386
0.988551786759817 0.06676353101790851 0.49279315778348565 0.7873822975517891
0.9854114235052289 0.07370096178084883 0.5108941780709132 0.7981522394055031
0.9889400899211364 0.07759153163033133 0.519115686486636 0.6685793774995653
0.9904644266981535 0.07681130598786261 0.5267146448327613 0.7796337291205474
0.9914009453201852 0.07970557732293206 0.5455276195418173 0.705683836589698
0.991912676042858 0.07898832081314852 0.5548934626029229 0.6128418137763932
0.9884945258516004 0.07794678508921998 0.5708538239190951 0.6962760505637171
0.9909212442407315 0.0781364788380744 0.5725432243019412 0.680528971637376
0.9870233603357117 0.08036820775044938 0.5878145541233459 0.6837866857551896
0.9886202672179473 0.08015205321862652 0.6177914215560272 0.6520919067215364
0.987356098357193 0.07597991483278757 0.6172967487924667 0.6641730362660595
0.9889476347139409 0.06488354646279193 0.639817515758726 0.5443265306122449
0.9896403678866057 0.055442080152464636 0.6458471432970913 0.7102972573493185
0.9914859443677856 0.05215943062482143 0.67014400035419 0.5794888815134418
0.9900058716429252 0.03982096396555114 0.6971017392703147 0.63348617068481
0.9888157035847388 0.010173669287279289 0.7042065779369565 0.5529772329246935
0.9914071420134651 0.003988694899029038 0.7202041706888116 0.5563269583442494
0.9846559115633636 0.006904747530273807 0.7436570415072833 0.4786073311266397
0.9876676653439633 0.03386610745942517 0.7709768437977025 0.37649765168216237
0.9880628450799613 0.007046725915446895 0.7808657273378774 0.3630915317559153
0.9903811483359494 0.003092853802992519 0.8136906658234666 0.16789746502875807
0.9821384286540937 0.0011377488825680617 0.8311116512411871 0.2265048774684749
0.9856469565012987 0.0 0.8785252659181946 0.4059254214200579
0.9838764130918572 0.0 0.8999768798335348 0.5343561643835616
0.9877732630610088 0.0 0.9191106814573883 0.20784907513504666
0.9879148686926003 0.0 0.9107674400621864 0.1675296984465428
0.9847127191349878 0.0 0.8999132812583325 0.1244742687018572
0.9842105796206083 0.0 0.9185608846083375 0.2562408569675806
0.9902655871373187 0.0 0.9329088768153366 0.6998727735368957
0.990035987379216 0.0 0.9329822132652842 0.7221414408460013
0.9853420521794889 0.0 0.9316730338373193 0.7267638635771935
0.9886685330785179 0.0 0.9322298139115682 0.6481190274585702
0.9891638860269221 0.0 0.9372540763133268 0.6508736953207459
0.9895423872066972 0.0 0.9389841387786378 0.7376055165854238
0.9831623209962145 0.0 0.9333845446796994 0.7635629573555387
0.98820684957291 0.0 0.9370704630809192 0.7021515015688032
0.9922003507293267 0.0 0.9381625907266532 0.7965810004589261
0.986160085427364 0.0 0.9342571061176415 0.7962178024127812
0.9890355650980384 0.0 0.9428043272457148 0.8511965521152319
0.9888860051330853 0.0 0.941018027451168 0.7038359518465619
0.9864704936447761 0.0 0.9376381734820122 0.8062480277690123
0.9896433485690718 0.0 0.9409705498179483 0.8567875647668394
0.9865808186421714 0.0 0.9413887059949889 0.849624060150376
0.9821083115996386 0.0 0.9441618770555638 0.7787037037037037
0.9928410429793556 0.0 0.951955705942608 0.8274136577708007
0.987663298456505 0.0 0.9421569130168311 0.7694767700097717
0.9886479417784854 0.0 0.9470693198459286 0.7839303173051284
0.9916644461758651 0.0 0.9541972955351944 0.839251015721604
0.9906435397447937 0.0 0.9474003281391955 0.8349480359344724
0.9894828058608377 0.0 0.9465459142838207 0.7885363198009021
0.9895686044626533 0.0 0.94976405760823 0.839489921842863
0.9902721260764954 0.0 0.9454371435099957 0.8797687861271676
0.9926342014785268 0.0 0.9464883980108415 0.8561265420419284
0.989733373370917 0.0 0.9485548989230865 0.8201524006806244
0.9893346474170766 0.0 0.949403980957379 0.891937077285508
0.9900716463314404 0.0 0.9496747915178314 0.8900776784405686
0.9886841146735605 0.0 0.9496635555499726 0.8799612778315585
0.9874555560556281 0.0 0.9490473265204101 0.8742101105845181
0.9916915457693292 0.0 0.9520162041539558 0.8991160645657187
0.9897791432380731 0.0 0.9530069192665447 0.8844641408151801
0.9923983440963946 0.0 0.9594987870614488 0.9149474984558369
0.9883724345861322 0.0 0.9556564164194178 0.8937784522003035
0.9830602655962787 0.0 0.9549674959706913 0.9006950774840474
0.9943989781919674 0.0 0.9585853795453005 0.8884814495254529
0.9877833506122334 0.0 0.9567279323559353 0.8786459658946296
0.991463946066494 0.0 0.9581770659457874 0.9071680969207471
0.9890071015967358 0.0 0.9596879756531176 0.9029811338869953
0.9882635038556432 0.0 0.9606052719634159 0.8859112160794331
0.990123917730053 0.0 0.9635416188306098 0.8983282961843596
0.9911438322208255 0.0 0.9654789729020942 0.9031594021301351
0.9914005996582592 0.0 0.9606615902765069 0.884222104534159
0.9910331769266079 0.0 0.9623600025944111 0.9139651356912684
0.9895895078073427 0.0 0.9609737702688501 0.9060395354763552
0.9918414930700125 0.0 0.9607359335326952 0.9010091302258529
0.9907189484435366 0.0 0.9629035136228637 0.9234657039711192
0.9899078604087861 0.0 0.9615134211228258 0.9194276177525034
0.9946635421821651 0.0 0.961074677938107 0.9050847457627119
0.9955599682808066 0.0 0.9636623331347384 0.9063821500111284
0.9900251157455728 0.0 0.9595657715466093 0.9048948918452321
0.9932786301186844 0.0 0.9632375373203397 0.9189587307720171
0.9886366295688338 0.0 0.9592923496661334 0.9044934544167944
0.9933475885008316 0.0 0.9651754942765733 0.9045803199649354
0.9828731351306695 0.0 0.9594768179830923 0.9164214711729622
0.9885776398716093 0.0 0.9634746243507034 0.9196809191869294
0.9905783474908394 0.0 0.9655611397701862 0.921869463539083
0.9882663463731458 0.0 0.9646641665567015 0.9205262594929939
0.988317227667838 0.0 0.9687911716105352 0.9170843989769821
0.9904959542410714 0.0 0.96751329001772 0.927652345726609
0.9844550030246613 0.0 0.9637627572403429 0.9222401687708079
0.989072618494534 0.0 0.9633107566520884 0.8972303206997084
0.9876913259254338 0.0 0.963451730309132 0.9119634041876772
0.9927853559504035 0.0 0.9659563868101757 0.9115864527629234
0.98949628868867 0.0 0.9676029460910022 0.9153286927344704
0.991221252545152 0.0 0.9666858492531148 0.9212852151197098
0.9930471388148215 0.0 0.9629937282680536 0.8980375451180409
0.9951393416839114 0.0 0.9632754496371702 0.8926020758779721
0.9873596557112186 0.0 0.9488999231334958 0.869107506782167
0.9920160137674051 0.0 0.9466386939623247 0.8733503224062705
0.9920943023089867 0.0 0.9396274957674482 0.8862600824550884
0.9908872554487781 0.0 0.9144258969646939 0.8357601136114868
0.993422261808825 0.0 0.8840334955714776 0.8147966548287318
0.9903371928962716 0.0 0.8647471090804043 0.8699289142059828
0.9867580127525674 0.0 0.18159365942373562 0.3880655940636303
