0.9849850308936875 0.05790551068648758 0.17347908027448372 0.23706896551724138
0.9951717838059475 0.05812893481079492 0.16007736319136623 0.17311731173117312
0.9935723079189377 0.059371866494771525 0.1709358012009493 0.23542857142857143
0.9954853273137697 0.058668159317112424 0.1596395391931832 0.294155427103404
0.9917082023431399 0.05540353816932855 0.16662226178449105 0.27694905713481566
0.9949868811738676 0.055963523587917015 0.16769468268895588 0.2545510644862697
0.9928817286679215 0.055210155762862693 0.16356555405374448 0.2687807881773399
0.9889946055798794 0.0532174452679377 0.16720453917460606 0.44079157357165655
0.993574231659527 0.05240632308818499 0.1700536410354682 0.3428492239467849
0.9900501872607889 0.054678906527720075 0.1776936332478727 0.3542329726288988
0.9964719030242385 0.05696367636790029 0.1695647251023082 0.15358361774744028
0.9885584411762345 0.0539911179868394 0.18010348946842922 0.3814147018030513
0.9861366479828567 0.05380174029102919 0.1708554282213664 0.3120947279391035
0.9847000787371954 0.05345487593291289 0.18469563146423743 0.24819744869661675
0.9939743029634115 0.05628723012496553 0.18513297158071654 0.32498577120091066
0.9900495444779442 0.052386426926376954 0.19039946730241206 0.4440924928729807
0.993382196767859 0.05061817947659289 0.1890169619347499 0.4092266843677398
0.9928746617310265 0.05299514249933589 0.1864409120749836 0.29687074829931975
0.9926435185977227 0.05610518655868567 0.19152214193297387 0.2780907204269197
0.9915486579142155 0.05595125222579377 0.19381413072943496 0.36476566911349523
0.9888266933288572 0.05375150301768102 0.19886684627316514 0.448642266824085
0.9966094203659432 0.05547581981523171 0.1950403170687187 0.36168998001712815
0.9912760949652067 0.05559649451085772 0.19431147077150535 0.3890638419696536
0.9926537749534755 0.053925972292254695 0.19722431330412532 0.3352616355508809
0.9842164820684148 0.052368904615696724 0.20495731470702366 0.32884174311926606
0.9911706870229008 0.051430506709369626 0.20786490810149622 0.2912328767123288
0.9925275946565876 0.048737033347008143 0.20513111130900819 0.17658786670464255
0.9943456195898414 0.052454963777613495 0.20856187717208555 0.3437771975630983
0.9908453559050497 0.053112023374812516 0.21203100142769732 0.24349442379182157
0.9942463903035613 0.05163307613143395 0.21187276124832222 0.38478027867095393
0.9872512687819937 0.05045054162226733 0.21759845096984948 0.2961287078934138
0.9870880054366293 0.05132702160442071 0.21303907007931278 0.25940438871473354
0.9929899338545537 0.05280312127244512 0.22578158597242845 0.43692630474691846
0.9920818345655397 0.05213518574436768 0.2255359909755133 0.4809997449630196
0.9923838284235178 0.0504194336766418 0.23345266690743446 0.48522299838796346
0.992027822232556 0.05241501392294168 0.23366162751375874 0.3687284311122909
0.9946833093534142 0.051805449146473975 0.23671780436312456 0.40372500684743906
0.9920738326548101 0.048795527336520046 0.24054371348279563 0.5118048268625394
0.9931451997569879 0.05084477611326965 0.259533418942096 0.37186700767263425
0.9888507600674059 0.049028883019857264 0.25203659966954195 0.3237023779084633
0.9926435427771821 0.050517919459369634 0.2611437133722966 0.3560645497136908
0.990360616123487 0.047631617031077704 0.25771741159925793 0.3949265687583445
0.9937274357335381 0.051758110162022426 0.2691148969889065 0.2793796417649629
0.9829372318513445 0.05088058388264651 0.2661946455100041 0.3540865384615385
0.985389486920764 0.048142735088207954 0.27531526333297074 0.4388241525423729
0.9905716585441432 0.05225796467306045 0.28537595645375 0.4428436466698158
0.9904208133923387 0.05475195197901012 0.2901503387436953 0.49350035452611674
0.9945916537468661 0.05093927555653689 0.30013342657117825 0.41259918249579225
0.9926837469229278 0.05392001431827447 0.3041081957415864 0.41535615171137835
0.9906186900613083 0.05580205291163172 0.30797000201459607 0.4644186046511628
0.993702898030284 0.056499772391351996 0.31352162407903483 0.5243870287371474
0.9924036671278639 0.05709805104922841 0.32485978816408057 0.48215458725640464
0.9943699666377446 0.05916131016914588 0.33418477995010354 0.4845963570946706
0.9941100575026006 0.05977401805184016 0.3456910928554942 0.48197088465845467
0.9962918438947158 0.05731539998151689 0.35233290950974133 0.5166177908113392
0.993838497108983 0.05751340598717678 0.35039561544207676 0.4738454288407163
0.9897179186574737 0.058066799433740435 0.35439398389554644 0.4867155290884104
0.9955183808093775 0.05857119846726405 0.36055462270058514 0.4351851851851852
0.9949522042122152 0.06070226782990967 0.37279415796058885 0.42086956521739133
0.9928205066315878 0.0626590112296119 0.3794789713696241 0.5050672182006205
0.992228678335642 0.06565392388075006 0.4037311896152674 0.4449778434268833
0.9899728178073351 0.06554901945667287 0.39752683054556953 0.38360860081022125
0.9939362600533764 0.06347145736869123 0.4037313053585158 0.33579058221754177
0.9913634194609495 0.06517855834566615 0.4235470285752544 0.47679863771817793
0.9962446777240722 0.06742586736237452 0.43575125060473724 0.4557586837294333
0.9928914047080755 0.06668191540490165 0.43843824506347684 0.4788632326820604
0.9930211767403456 0.0674159271053922 0.4315240832470346 0.49319602795145273
0.9912931285029654 0.06315183783070547 0.4325050800617736 0.31200737025284064
0.9952821857135374 0.06755645783698534 0.4531742973680373 0.44291497975708505
0.9924266590334894 0.06648789513314093 0.45317894846716017 0.5923125393824826
0.9920700783771323 0.06255623503576167 0.4467214414871681 0.5520504731861199
0.9942966470977644 0.06501681241137616 0.4502889381014784 0.5709792409310128
0.9911878715311164 0.06355312332001113 0.467979669009916 0.378534333525678
0.9875765682365433 0.06759778493299043 0.47360234202038226 0.34762123649735693
0.9938758233261888 0.06648559368691503 0.4812591589891149 0.5651460452904497
0.9938324952859836 0.06319546016386751 0.47428674635172763 0.21771444156552572
0.987766941108193 0.0667441359020704 0.47117293660631515 0.36550107442859936
0.9922299595021327 0.06455574195687666 0.46249788988834495 0.7335863377609109
0.9884002516117323 0.06687809198852777 0.4691894979269277 0.6473809089249863
0.9797015178368892 0.06379014528114525 0.4754002571921028 0.732259301879555
0.9864483504698246 0.06418024555284474 0.48445760691342843 0.7737366003062787
0.9886853408168886 0.06403980430836743 0.492431427808265 0.7814632297194845
0.9856600059934959 0.07137014789216937 0.5106906126117451 0.7579053373615308
0.9887607746285052 0.07417270480998943 0.5182779317575156 0.661792863359443
0.9904274149543814 0.07216326295087012 0.5257939743397407 0.7971717171717172
0.9913924651979673 0.07464521851314304 0.5445149639563904 0.7064694350383176
0.9922523195179327 0.0746088717733213 0.5541410567699478 0.637292243767313
0.9884515560635283 0.0739349492764781 0.5701829861962674 0.7125492210237973
0.9912267926041946 0.07332693497896615 0.5715926565248345 0.6924419619479839
0.9870765606483656 0.07653101027174619 0.5873881929824131 0.7044679705724026
0.9889256465323849 0.07830622510417791 0.6178405755940547 0.6844635193133047
0.9877222189547622 0.07366597352701139 0.6170041819815272 0.6683812891818036
0.9892041527517367 0.06616032171810432 0.6401317745369812 0.5812244897959183
0.9899244824575862 0.05708889519407582 0.6458665617167595 0.7362456889472819
0.9918872553540794 0.05405862902141197 0.6707672329491692 0.649346351150091
0.9904235332141672 0.04582274803986271 0.6988390345614415 0.6667652276759314
0.9890915181842926 0.015088457892115116 0.705219843771541 0.5897137875926195
0.9919396414364688 0.005937664480703301 0.7206378327951091 0.5738570508692853
0.984780645003784 0.003584920572196317 0.7429336099229645 0.49809387657850845
0.988121088724888 0.0069457414605438896 0.7663224545767275 0.3790855590765052
0.9880497654262135 0.0005200168531009327 0.7793189620852894 0.3653379812064262
0.9905979651335753 0.0008222043834683403 0.8151677559047298 0.18767517612302098
0.9822634815962512 0.0 0.831619943382716 0.2644943096414
0.9859239687450048 0.0 0.8799517162756387 0.45958751393534003
0.984390423977206 0.0 0.9012874368012505 0.5818307905686546
0.9881664057278574 0.0 0.9265031516325893 0.3276978191188486
0.9883817370424223 0.0 0.9225583905190494 0.3296265874770961
0.9854842457425042 0.0 0.9044358036712704 0.14541345386865195
0.9850512639019082 0.0 0.9195339060410632 0.27044773278774326
0.9911002863591274 0.0 0.9335906231187028 0.7185833968012186
0.9907931448130796 0.0 0.9336176460596559 0.7420796634678586
0.986155841408907 0.0 0.9323283760120841 0.7434602434602434
0.9895470344334298 0.0 0.9330557983042781 0.6822305552195476
0.9900501626458701 0.0 0.9381135976516836 0.6882098114974827
0.9903730485607087 0.0 0.9397607961289145 0.7679971489665004
0.983848349161049 0.0 0.9340489657735024 0.7962031682172492
0.9889971386510655 0.0 0.9379778909452242 0.75459229390681
0.9931226125689324 0.0 0.9390670633242577 0.8338475602788252
0.9871461791264855 0.0 0.9350524441866542 0.8135739760077813
0.9901252022162442 0.0 0.9436892284662781 0.8706613906161673
0.9902494561242828 0.0 0.9420761912186503 0.7299909392932649
0.9878066697747705 0.0 0.9388041949605741 0.8431537009855316
0.9907826263224053 0.0 0.941941987218837 0.8893133711925658
0.9882289590170988 0.0 0.9426136432419345 0.8726931498279638
0.9836086132580262 0.0 0.9453758901814198 0.8079653360376141
0.9937355596035548 0.0 0.9527361531856988 0.855740254690386
0.9886192497458371 0.0 0.9430629887836899 0.7995563442768412
0.9900602683647942 0.0 0.9482094980877657 0.8043458980044346
0.9924629978721037 0.0 0.9549036246817796 0.8591179558977949
0.9918245865616089 0.0 0.9484105100692355 0.8493461203138623
0.9906400818462816 0.0 0.9476450702404184 0.8113295516357137
0.9903835211107318 0.0 0.9504536664029122 0.8552760535772623
0.9910382677190601 0.0 0.946218880482757 0.8884794890690249
0.993518181613274 0.0 0.947367105151987 0.8764537078991089
0.9910443102687461 0.0 0.9496368541725503 0.8357825128581925
0.9903898023798644 0.0 0.9501898686141595 0.896564684657596
0.9910776318356057 0.0 0.9505529189766742 0.8946488294314381
0.9900700824309753 0.0 0.9507883853612887 0.887905604719764
0.9885334752537521 0.0 0.9499318659759763 0.8866187989556136
0.992656005412813 0.0 0.9527381555804384 0.9031500063508192
0.9910501470001762 0.0 0.9540054693908806 0.893906588308073
0.993381390633743 0.0 0.960211678991906 0.91693115234375
0.989411623715519 0.0 0.9564889062080216 0.9057317427989525
0.9842244334300867 0.0 0.955862501127621 0.9102789931246094
0.994891897610978 0.0 0.9590108688194436 0.8970556630131098
0.9888866447100358 0.0 0.9576597313895193 0.8917368795046188
0.9925188891931096 0.0 0.9589752325589925 0.9149927365626409
0.9901939884885952 0.0 0.9607217734159921 0.9174408581553491
0.9894543745512107 0.0 0.9614269633276181 0.8870713911011493
0.9913363831423829 0.0 0.9642990882312623 0.8941253021007622
0.9923378770474932 0.0 0.9663522287072167 0.9040641048344253
0.992464212261424 0.0 0.9603001412827992 0.8395363959759783
0.9920377429046144 0.0 0.9593715472704184 0.7854082910433006
0.9909845791347175 0.0 0.9600056254112919 0.8369371156516564
0.9928010547071364 0.0 0.961568352221723 0.9049593799925219
0.9921325695338751 0.0 0.9641880127120743 0.929833137791683
0.9912221270257553 0.0 0.9626294117750436 0.9232043182236398
0.9946924660068949 0.0 0.9611653363958774 0.9086741992934513
0.996374026631961 0.0 0.9640364862846444 0.8987735077677841
0.9910474809713664 0.0 0.9581052064706329 0.8506998444790047
0.9936705339937607 0.0 0.9617730285906481 0.8775500900366985
0.9899064516704104 0.0 0.9551857415084162 0.7914259964769981
0.993950491951622 0.0 0.9618536466361348 0.8267766497461929
0.9836757134663485 0.0 0.960151201713213 0.9204377403135167
0.9894929591232463 0.0 0.9636946684359158 0.9128114197696703
0.991742821884934 0.0 0.9650702500622512 0.898305954825462
0.9891703907413774 0.0 0.9609888362966543 0.8555970412116942
0.9893101399967179 0.0 0.9683249824108517 0.9031353176277834
0.9915179271985447 0.0 0.9679826249943195 0.9254559496227648
0.9852152305437601 0.0 0.9548033286127429 0.8231311047982255
0.9893784239983416 0.0 0.9462538235460255 0.7516950380880293
0.9885583903951197 0.0 0.941839602817147 0.7462370799883177
0.9929696577664379 0.0 0.9422136662873651 0.7467949984847886
0.9897657757683146 0.0 0.9568223985283085 0.8403320475153065
0.9915187388566385 0.0 0.9601752409740368 0.8796977493163229
0.9935810466336782 0.0 0.9384142264767736 0.7781470568080586
0.9954778221750543 0.0 0.9420795693664626 0.8016159916963439
0.9880978822438751 0.0 0.9305033136306645 0.8020143196186753
0.9929654090437511 0.0 0.9434362483904019 0.8639299512224228
0.9922838710605602 0.0 0.9415515908141796 0.8951380043878661
0.9917277404900462 0.0 0.9217904600283884 0.8567506577220196
0.9938389457306638 0.0 0.8905494371520299 0.8325000056637585
0.9910173040261074 0.0 0.8928747646891148 0.9080448721191823
0.9873598145479606 0.0 0.18423458987363228 0.3999444739647751
