0.9857838078858526 0.07565122331642478 0.17698844268415415 0.12380728000942397
0.995736260599337 0.07443679443796741 0.16114849498165637 0.08720035188036068
0.9943271273272523 0.08088516855316608 0.17266727999716924 0.12661269921578547
0.9955161032126116 0.0713929965713327 0.16118585051084142 0.16275502377665285
0.9925158412438049 0.08126213116017686 0.16974806932780254 0.12692307692307692
0.9955572370702713 0.0729085103525969 0.17040734028374624 0.24838709677419354
0.9934136010516191 0.07975865873938218 0.16594719648841255 0.2785522788203753
0.9889632107023412 0.07374691776346252 0.16918672839506174 0.4154852780806979
0.9938266398808742 0.07138924684869936 0.1716271320140623 0.15645002461841456
0.9904405533032941 0.09690684265235404 0.182798765722421 0.31357965451055664
0.9966669611847784 0.09640891297062174 0.17495779668748937 0.17134896679823544
0.9892054089342666 0.09712420101782991 0.18507842088095547 0.3097802671262387
0.9867951350911842 0.08225608816690373 0.1745035650938343 0.23115675256733192
0.9848497817341436 0.09561132120814098 0.1913876026691119 0.20862625878776364
0.9942376214863157 0.08634469504476619 0.18969426658415373 0.15321794246708922
0.9907200318357436 0.06484248106546885 0.19224489762846778 0.18993604440690237
0.9940875147191073 0.06869255838498625 0.1915889574929248 0.3011728258464262
0.993410009401966 0.07292229880347328 0.19041808378266278 0.17653710247349824
0.9932960211164337 0.07741806194518862 0.19572957002839333 0.20719016083254493
0.9922121527913047 0.06404551452013814 0.19573920846203785 0.2088226437819934
0.9889317873667698 0.0785211079552351 0.2034282509376862 0.37491555955865796
0.9966715407580636 0.08542733435550284 0.1997348329220555 0.383188079842564
0.9918137730831499 0.07785677362610233 0.19833070087856092 0.3178029493481513
0.9931617753008208 0.08609523919793288 0.20244498818637022 0.25229021619640896
0.9845798118127141 0.0784642434455652 0.20874538739284113 0.3123069001029866
0.9914894448597127 0.07777405887223211 0.2131412118198192 0.11460651426259356
0.9930051442482458 0.05410518461219913 0.2065672445221987 0.11713632901751714
0.9948691293222869 0.056290685125483755 0.2096983906016848 0.31166540690350214
0.9911944357208414 0.05702668767249855 0.21361402692088302 0.21303346909863644
0.994600514758228 0.05301593678062459 0.21220094831456257 0.325729326606712
0.9876033359890652 0.06134355147085817 0.2197842045331487 0.23600876319458275
0.9875280508851613 0.05997022502893144 0.21480871854159728 0.2184026348291478
0.9930783564443757 0.061682472204054935 0.22778567878673253 0.30665224445646294
0.9923633529453707 0.05772947268750056 0.22717476553053823 0.272008872868432
0.9926167878713177 0.05596603518186401 0.23460416035503776 0.49507389162561577
0.9923510053759385 0.06842314041639286 0.23691057350003808 0.3346706081081081
0.9952506635743459 0.0580665502279563 0.2376815793477874 0.4021164021164021
0.992825769765048 0.05370697445784876 0.24102725631348337 0.4903665413533835
0.9936728720466709 0.05352020124236357 0.2597916398260971 0.39472349061390155
0.9893499237493072 0.05401907557157292 0.2517110198995388 0.31673863347726694
0.9929304521591189 0.06026870732975931 0.26211970612265906 0.3460608989850169
0.9904931744574375 0.061103125903425586 0.259916028847506 0.3779603673272112
0.9942001433443977 0.06589929959851636 0.2726282165979705 0.23114869626497533
0.9835601524224279 0.06963140134238142 0.2704347246331642 0.26729825748604297
0.9859066732244538 0.060775249415241574 0.2779363352726543 0.4929875628473141
0.9911384926998059 0.07539836149838498 0.29093594420915697 0.17341772151898735
0.9907321663654975 0.07130162373744403 0.29254446408015694 0.366542268375791
0.9946632533957173 0.06245980242173688 0.3030425795178047 0.24550210539747352
0.9931218807637228 0.06116943184201521 0.305939869438894 0.32041343669250644
0.990226998831489 0.05848340346372171 0.30811295609616224 0.3638102524866106
0.9939739312582689 0.059590029941633475 0.31395264229752634 0.5249143158449776
0.9928409427800029 0.06596345505473755 0.32770580165771057 0.18622192423734496
0.9945679531226328 0.07470925250489707 0.3392632711293491 0.16220556745182013
0.9944798691633436 0.06545413693269453 0.34899793072365454 0.16274377942165433
0.9962274365799018 0.07345270201476087 0.3561775911031838 0.3654778393351801
0.9946134882923335 0.06109842395914276 0.35185748961877966 0.36658653846153844
0.9904350303375622 0.059972418486563296 0.3569026805306019 0.16059291395516992
0.9961492955497325 0.06189927044219988 0.36143959122150815 0.3141205873164636
0.9950857428571773 0.06883942158052123 0.3758734740811834 0.20437367731532802
0.9925962827018623 0.07023165873748048 0.3826259941462155 0.2038448509485095
0.9929159920849073 0.07300003491525292 0.40405251553317795 0.3263656633221851
0.9905607982237171 0.07266857861532013 0.3992868587747918 0.2359124087591241
0.993821144102852 0.06818757561031091 0.4059152705584268 0.18987135645660316
0.9920379909189011 0.06527755060246893 0.42318069880860176 0.38208560568501077
0.9965160448511972 0.06693259588559443 0.4325474176376914 0.2999169533752521
0.9930358305000213 0.06665126141800783 0.43604352740047414 0.327012563983248
0.9934563768619632 0.06758911308714131 0.4305907238268 0.45447232947232946
0.9920070335186564 0.06383281571744816 0.43087372066555985 0.21731890091590342
0.9953992306071725 0.06817263121047155 0.4468667232001203 0.21412037037037038
0.9930039480147732 0.06756293241196992 0.4513533368346823 0.3373309817754262
0.9916772474645498 0.06336197644386897 0.44675126017804756 0.3586216479088509
0.9940268911107583 0.06579747451908025 0.45027919266103344 0.1563896848137536
0.9915292979379573 0.06690524036828256 0.4687085274571991 0.09916918429003022
0.9882811313579964 0.08191572199749773 0.47560953467221057 0.12235265642018638
0.9938772165430124 0.07880548583879271 0.4804570304959643 0.2514042920927553
0.994190528093639 0.06607638315082671 0.4724948924378767 0.14158354665018977
0.9886312636560706 0.06793738732161213 0.4703301954953013 0.28990252817544926
0.9927069772972464 0.06497437991823468 0.4624641833810888 0.6682800345721694
0.9892806885818138 0.06770144465018645 0.46981374824149 0.5688651794374394
0.9804303771595506 0.06493559002883684 0.47615324596489056 0.6263916175507531
0.9862934134348729 0.0654188006236897 0.4845414362260954 0.6935291104661089
0.9887083212417498 0.06539637837123255 0.4924836355307982 0.7160493827160493
0.9855194157459092 0.07256646186771089 0.5108804802064271 0.7418445428916633
0.9884562221802748 0.07572141462356259 0.5193095996341819 0.600956937799043
0.9898601690455712 0.07455488901835503 0.5266079399500946 0.7661163522012578
0.9916567299179708 0.07744278298207802 0.5455789195341512 0.7062177088900766
0.992674882251394 0.07682175008383274 0.5546181836102738 0.5473433782712134
0.9891461184605275 0.07601647757050636 0.5713357636441834 0.5928632846087705
0.9918481991192856 0.07500537711499856 0.5722283396212172 0.6668374316939891
0.9878623212163191 0.07802162306658449 0.5881123984289802 0.6798561151079137
0.9893929732335879 0.07983177342507151 0.6184593789244135 0.6526297696803025
0.9881806137584425 0.07374781377029212 0.617441399523008 0.6315297052861375
0.9899689070005846 0.06509583814191966 0.6401874605605328 0.5400905269964436
0.9906431149246224 0.05514633550470993 0.6455456352763534 0.6924058710912572
0.9923884520890563 0.05052067533802794 0.6697612648171322 0.5599400599400599
0.9907495446299633 0.04047137275862508 0.6977842019755194 0.6390229632879918
0.9897999022110886 0.012674305119189272 0.7051369126805849 0.5662492719860222
0.9923010868040776 0.006133037555635615 0.7205032834522889 0.5443639090227443
0.9851302975527176 0.006117453850648223 0.7430330181473549 0.4338677354709419
0.9887389538616296 0.023638437911364635 0.7694775612530578 0.3508482347546997
0.9882219743620836 0.0005760848967216221 0.7797516280119899 0.3080321814824585
0.9908277732360896 0.0019601659348390385 0.8073898977273902 0.13153957069401748
0.9828978678428664 0.00011329732995959063 0.8312728226360815 0.23156213704994194
0.9861290982209802 0.0 0.8787696780428584 0.3679113727920669
0.9845633185477324 0.0 0.8963829541850474 0.3248454716474066
0.9885757366221645 0.0 0.9039469639361237 0.11512226074738822
0.9882403942058692 0.0 0.8997788718800777 0.1160566868464502
0.9857076146346085 0.0 0.8921759791006961 0.0997124412027956
0.9851013312028087 0.0 0.9200361812350958 0.2694832436701051
0.9912058876065702 0.0 0.9335919928025191 0.7041714504401072
0.990842478534259 0.0 0.9335233250764248 0.7157057654075547
0.9861413848150812 0.0 0.9322279476467842 0.7223235217504559
0.9893698816292958 0.0 0.932765537706603 0.6557396879158098
0.9899016537061724 0.0 0.9378274140304895 0.6577157598499062
0.9902366546371698 0.0 0.9395111872648143 0.7439314612089482
0.9838505315871345 0.0 0.9339028765841936 0.7713925645872716
0.9889242917193227 0.0 0.9376096730831628 0.7083753784056509
0.99295386936791 0.0 0.9387174441829652 0.8014436296975253
0.986889443508508 0.0 0.9347501177241365 0.7923319213641794
0.9896954934683131 0.0 0.9432658075842467 0.8435792349726776
0.9896104165753479 0.0 0.9414440696286402 0.6987451932807124
0.9873751600808416 0.0 0.9382600667244416 0.8089639970609845
0.9903900600970781 0.0 0.941475763297312 0.8581927336714625
0.987535777795611 0.0 0.9420394463065057 0.8540038030847242
0.9830651360571865 0.0 0.9448176475324048 0.7823229986117538
0.993335832153766 0.0 0.952264109397414 0.8303266699171136
0.9881940870492225 0.0 0.9427142930440937 0.7740047876584804
0.9891903570616329 0.0 0.9473911412797716 0.7783990060347887
0.9921344916482377 0.0 0.9544908728640626 0.8417164966584594
0.9911097608131249 0.0 0.9477822821132706 0.8337290072979865
0.9900091112903893 0.0 0.9469650474245873 0.7914500737062612
0.9900946834883119 0.0 0.9502732676941154 0.8389030298054028
0.9905836833723454 0.0 0.945805108174995 0.8772682283074893
0.9930539976277755 0.0 0.9468988728030343 0.8599863770529025
0.9902446269570748 0.0 0.9488892014704293 0.8143972885352195
0.9898958103811892 0.0 0.949806317996446 0.8899208282582217
0.9906524440626034 0.0 0.9501664168296958 0.8909224011713031
0.9893115292231119 0.0 0.950110933483479 0.8777593818984547
0.9879000091138113 0.0 0.9493579451591287 0.8752628811777077
0.9924140501792115 0.0 0.9525446359286482 0.898980834561887
0.9904689583212567 0.0 0.9535576316378661 0.883231669363874
0.9929884659152106 0.0 0.9599169829914 0.913810050374739
0.9889307304119986 0.0 0.9561258919009586 0.9009114279037158
0.9835971597483304 0.0 0.9553794745099744 0.9030475647963543
0.9948585571086833 0.0 0.9588974886146875 0.889673385792821
0.9885317271758255 0.0 0.9572894887520255 0.8821374045801527
0.9922600384726072 0.0 0.9587371422751808 0.9082513247539743
0.9898436680789968 0.0 0.9603279471072103 0.9062890062409985
0.9891910469366667 0.0 0.9612227940720531 0.8823246647118204
0.991088819414768 0.0 0.9641932022901911 0.8965825224462934
0.9920678657822691 0.0 0.9661344169777739 0.90191611952298
0.9923705136471094 0.0 0.9613943555597997 0.8836187609323516
0.9916905276690235 0.0 0.9615232485632171 0.8621927543133449
0.9904707859206414 0.0 0.9615117079676757 0.9000756729487226
0.9926072470901707 0.0 0.9613266273981556 0.900144023043687
0.9917371362595395 0.0 0.9637692500174628 0.9252477521821881
0.990809672838011 0.0 0.9622032807383725 0.918704458441398
0.9948088440152877 0.0 0.9611650062320773 0.9050167617479269
0.9961899541025425 0.0 0.9641765474721281 0.9074490844933456
0.9908358169931768 0.0 0.9596618755352185 0.891390264645555
0.9937260637143439 0.0 0.9634514283753999 0.9150037131974224
0.9894634328973554 0.0 0.9580440252378328 0.8579598766811134
0.9941017330029374 0.0 0.9656683137713011 0.9035623854012049
0.9835469592255156 0.0 0.9600342906564732 0.9187744640267043
0.9893475638663 0.0 0.9641040983697126 0.9214642445529884
0.9914607401071076 0.0 0.966172282320618 0.9214367866937981
0.9890735307600623 0.0 0.964797744002181 0.9134737606682404
0.9892306945433361 0.0 0.9695015374932874 0.9173021651657406
0.9912416429998826 0.0 0.9682099051026598 0.930223885085957
0.9851034839194681 0.0 0.9628260638184644 0.9061257046770074
0.9896011215382993 0.0 0.9584135965711031 0.8459248539029439
0.9879867734719874 0.0 0.9598015670926063 0.8778210314734244
0.9932616477146764 0.0 0.9624046552880351 0.8793149292249941
0.9896256299237569 0.0 0.966123089251623 0.9034106986091663
0.9915939035082452 0.0 0.9651218359532001 0.9089770763361268
0.993486999196074 0.0 0.9619822805776032 0.8903907398681827
0.9954416908760316 0.0 0.9624540643934307 0.888196379356386
0.9881023681757367 0.0 0.9497790332891154 0.8706698893496242
0.9926163731653911 0.0 0.9472826434817166 0.8746416320356843
0.9923095648962157 0.0 0.9385945952377175 0.882345981976866
0.9914650632553823 0.0 0.9130182202270927 0.8301419434470377
0.9937862805693435 0.0 0.8784238251165222 0.8016497174624446
0.990882747493584 0.0 0.8766118407072124 0.8859188713595311
0.986953274023614 0.0 0.18764784500211587 0.41714259720468994
