0.9842719134394614 0.21409028006126285 0.16077393989092909 0.044694683074065475
0.9939909585400794 0.22318773038418646 0.15132082812178438 0.0005078720162519045
0.9929501776597326 0.24282566587204876 0.1625435044866304 0.0397438503760927
0.9948535546362871 0.2258343975746286 0.1536338333433675 0.0478963632041835
0.9909848335151434 0.26501634322294804 0.16908861476951123 0.056359102244389024
0.9944171149975596 0.26474092045817516 0.16409876773161694 0.08022820467106435
0.9919447292128267 0.26260467981326274 0.16567935723184904 0.10997304582210242
0.9891072167640254 0.2726992082057908 0.17621210872873594 0.1638455217748562
0.9924156332517662 0.26192792344411014 0.1700237502128198 0.049017785214104236
0.989630528512965 0.2921527108855517 0.18313956894094124 0.12416368445620041
0.9965634944064954 0.28169157427204516 0.17477723603756842 0.04654280789120858
0.9876855165033609 0.2787438954000781 0.18408224470824977 0.13970831952270468
0.9856472446067321 0.2715177684192652 0.17501051007259996 0.1046877135438021
0.9840322572275183 0.255395011964105 0.19657872679187222 0.04576927590658374
0.9938043303232534 0.2551930829952787 0.1926937429072476 0.018213176957571575
0.9892378455035731 0.2323127808572276 0.19560909754573697 0.048390550281921345
0.9924505522350241 0.21965591937103107 0.1877584820175042 0.03793364314276451
0.9916930540394524 0.2159112413308631 0.19275644002041467 0.0
0.9916226207570804 0.2304742819095342 0.19595167970413124 0.015166835187057633
0.9902154476146654 0.22044688062497017 0.1981639065670474 0.020477815699658702
0.9881001330858148 0.251785364031196 0.20222427327126535 0.057928486034126724
0.9955615250770781 0.2562946394008561 0.20225128280135757 0.05574837310195228
0.9901970698425269 0.23806709637120038 0.20065648804281816 0.061273769996981586
0.9916695566377344 0.23569611366107018 0.2115085853860436 0.05140402025471843
0.9836523775520577 0.19651556893778158 0.2146297527990245 0.052435530085959886
0.9903452268413686 0.189154413189573 0.22642742530757345 0.01132749288544166
0.9919104209788036 0.16263124331301873 0.21663435083082389 0.02203956939191155
0.9933963389546617 0.15460533342136282 0.21711964198433234 0.041248494580489764
0.9908360547547554 0.1492878793198282 0.22100492670534488 0.043555555555555556
0.9934070693638595 0.15591590451828286 0.21676986082295988 0.06993913997805049
0.9862560286720536 0.15967879351711306 0.22810066703395107 0.043092763847840596
0.9869619210357127 0.1547886838103474 0.21932593875651776 0.03468586387434555
0.9924014995553415 0.13340580423020168 0.23004492218554906 0.07337028239641066
0.9915334874114871 0.12455555555555556 0.22952785046339252 0.061955469506292354
0.992143415334022 0.13504901888182247 0.23635735506294195 0.14906189983749446
0.9919993964608862 0.15430367890604918 0.24144488713702358 0.0572891032581947
0.9931890910946619 0.11318583077507763 0.2348277473344378 0.11330234895113679
0.9924407693672487 0.11553329437407209 0.23925201290089373 0.1438433538345676
0.9921761342596951 0.10888409051476436 0.2533720513396073 0.04829428688861488
0.9877885381650405 0.10230864462915194 0.24668857716769885 0.05031834052166769
0.9918205658658371 0.11764931245545 0.26229793180736477 0.045951536643026
0.9889663834074582 0.12242935226890217 0.26079251867789316 0.08162455351236936
0.9933299538432806 0.12243284249740419 0.2754141922903021 0.07892537313432836
0.982832090988272 0.15341329839608747 0.2787150924055568 0.07278521351179094
0.9852109033936204 0.11941995902598443 0.2780397607509715 0.11563241776873516
0.9904689921015835 0.12251695226330003 0.2886436279937412 0.04664251021509521
0.9902629187207844 0.11839868743488842 0.2918366625300773 0.11638391268240598
0.9948184730114341 0.10094970713470065 0.30881984139299057 0.0820816990337702
0.9921398022985403 0.10089216247358694 0.30841715878148757 0.09786554377813271
0.9906349995662654 0.106473383314808 0.316122105654699 0.10398481973434535
0.9934188020661504 0.09716097821967586 0.31665405523889345 0.17519685039370078
0.9921017727999843 0.09584249664372035 0.32734992298106397 0.04770099489109976
0.9931862601387668 0.10235199499167183 0.34175912342999154 0.03978954291351529
0.9940014607270303 0.09047154131362088 0.3505576554235439 0.04415247547084696
0.9953148852857503 0.10616293794850147 0.3611081944464278 0.08265826582658266
0.9934401543321376 0.08518700682668912 0.35560001133150143 0.03934618772633845
0.9895886630761881 0.08408611640058089 0.3579528638670356 0.018501387604070305
0.9953895246612027 0.08927230280329501 0.3610684386448916 0.10264467137994239
0.9950055889550165 0.08398257288286802 0.3738095695932033 0.06252517927644831
0.9927511480969652 0.09212999065951766 0.3844293143446104 0.031237643337287464
0.9918880639168755 0.10656290472139841 0.4028450401573665 0.007118871725990598
0.9897661607927957 0.09418496713231325 0.39156568813258597 0.09813746809114116
0.9938478490427437 0.10135622092642338 0.40658670752072273 0.054015151515151516
0.9912656297503963 0.08647095311909413 0.41564100907812557 0.04231974921630094
0.996501120544205 0.07773636255271958 0.4158095559516632 0.04547952153514519
0.9930875604077852 0.08553617896190956 0.4166804229904487 0.05004673905227583
0.9934749433677782 0.08647839880723077 0.41437636324308613 0.08188794281509514
0.9913185492893347 0.08450793041883489 0.4049951324092217 0.05731513599377573
0.9951994289500867 0.08601917636090411 0.4264139793534226 0.055189998354992595
0.9924779652052821 0.08712597984475381 0.4363705552824249 0.0544885081295196
0.9922458325900739 0.07444115679336769 0.44600614256366194 0.09227096880401679
0.9940796190005068 0.0745422223705954 0.4475763238844971 0.02276579352850539
0.9910289656640525 0.07341204538758381 0.46310318599822997 0.03235074729949996
0.987501427609853 0.08626689078565347 0.4735514188497242 0.04650550772585436
0.9935389783976031 0.09104005914557438 0.4795153564848279 0.11981247669277076
0.9933481942292915 0.08995609608907253 0.47519361791250636 0.07894612587940884
0.9876762879828437 0.08006180067842644 0.46933237717983933 0.17456896551724138
0.9921423226912576 0.07292303550093394 0.46361615829805 0.2715725383161873
0.9884973157916985 0.07587129575786701 0.47063901129945773 0.42871759890859484
0.9794541207674915 0.0718076040926449 0.4764811861420555 0.38013638748032874
0.9861510353987267 0.0726302585676924 0.4857514972860566 0.5093401885175665
0.9880428121658401 0.07259246525096812 0.4921104678976552 0.546684940894295
0.9845808567834858 0.07885771419401824 0.5106971312385187 0.4683794466403162
0.9874854924999421 0.08159336987033819 0.5196352059784782 0.3961867830021005
0.9885692439101703 0.0811259469651536 0.5270879022448574 0.577513120710537
0.9893279589241585 0.08445022270857805 0.5459075476368049 0.3944954128440367
0.9928188197438764 0.08526422415273152 0.5548796399116572 0.2010693682285071
0.9881812283093334 0.08426373461557003 0.569482035299494 0.3185025714627437
0.9910596824987525 0.08260606136429846 0.5709210968636499 0.29795132682524406
0.9871245044561686 0.08037400165448064 0.5859849385002417 0.29884139033160206
0.9886723783339495 0.07971908153608608 0.61486389980061 0.2877641824249166
0.9876290119893082 0.07783683836391084 0.6115474143610281 0.23347540273062198
0.9876395915438592 0.07156291680007804 0.6372821629056273 0.23277887416596185
0.9897264540145236 0.06813829489656716 0.6454427492953778 0.34274317275237803
0.9921679656512162 0.06919316589041317 0.6667671730704362 0.15974869405619088
0.9901288125226587 0.05758890336051409 0.6968998971529862 0.30531129088990505
0.9894047498836296 0.03415015779563476 0.705843179949925 0.28448905109489053
0.9925065848800574 0.03268884892086331 0.7195426306516987 0.19593998234774934
0.985957189142733 0.02525693746762931 0.7413777560726293 0.19581423979207987
0.988463937565278 0.0356947398319351 0.7654326753347909 0.15357635694572216
0.9890798048438403 0.018527397773415843 0.768135652256517 0.11437515049361907
0.9920249034349319 0.017296515802878124 0.7911346219641452 0.06383966172198635
0.9829763269527519 0.01112597666702344 0.8261007920420301 0.1309528242171501
0.9866874771552783 0.026298651407497382 0.8623877815368506 0.08131683426551134
0.9848179875772914 0.016693314544321294 0.900141569780266 0.22385402759234535
0.9890186002733498 0.009902901908860201 0.9050982629715447 0.06715706639947212
0.9898263711349876 0.010148993039934369 0.8914520783266795 0.06743307848280224
0.9866133969802314 0.001682340936043465 0.8995787000731696 0.06415417966981919
0.9858510415658706 0.005093818349257511 0.9194742645306849 0.17688071540443592
0.992572013386553 0.00045514024008647667 0.9321145220779693 0.41597100175746926
0.9921688298599057 0.0 0.921409355461327 0.16238956668068993
0.9875594698749045 7.435386491389823e-05 0.9252836351728341 0.2428044757777634
0.9904174985392188 0.0 0.9293859485688971 0.2759532931946725
0.991316783232409 0.0 0.9305960528442984 0.22166656624691208
0.99204338629544 0.0 0.9285566737485866 0.20483055607564127
0.9851102918566178 0.0 0.9227617925462395 0.2032956412486711
0.9901250417291203 0.0 0.9294367751983145 0.26418266623278014
0.9941629106380472 0.0 0.9352750036428957 0.4060969430839385
0.9882948861693583 0.0 0.9331996299964801 0.5201700519603212
0.9906013465598797 0.0 0.9406265683763191 0.4809824159021407
0.9905196706165156 0.0 0.9398259776506902 0.38916000415325513
0.987875008821015 0.0 0.9360840921034893 0.47217537942664417
0.9912360409225515 0.0 0.9399301631621966 0.5798198935734752
0.9883290475874799 0.0 0.9364748505525029 0.3674476812904123
0.9836295337238805 0.0 0.9346181942673086 0.2679139382600561
0.9929653434064495 0.0 0.9451409860746417 0.35600320335119817
0.9884630318458459 0.0 0.9333273811939451 0.2448774289193625
0.9894757789401865 0.0 0.9419691232587911 0.3907573812580231
0.9915253189248016 0.0 0.9471480627218475 0.4012564714094584
0.9909871491197059 0.0 0.9384241672913988 0.3265401127605648
0.9897418111166802 0.0 0.9424395076640165 0.4993032683050418
0.9895128094462016 0.0 0.9416132544062438 0.41634565330557
0.9900494853734917 0.0 0.9373534416166455 0.4222892522622638
0.9927670083706932 0.0 0.9410245705184704 0.48711634332392334
0.9904685027929353 0.0 0.9369273579103413 0.31891540306516525
0.989914831774575 0.0 0.9381198565098122 0.3933894230769231
0.9904015061274094 0.0 0.9411778615736068 0.4387740623374166
0.989219382457621 0.0 0.9413449659896924 0.44768801727240015
0.9880226921882524 0.0 0.9388205871740635 0.4179496219688957
0.9919224907717553 0.0 0.9390318471755242 0.4070941977918722
0.9907808349883079 0.0 0.9394683515288369 0.3898020053306257
0.9928409223926021 0.0 0.9359267679034571 0.28733167312304003
0.9888134135653515 0.0 0.9265747378790171 0.25168504305138895
0.984042783908205 0.0 0.931125683007395 0.2991883328269456
0.9942039605481654 0.0 0.9410173356231718 0.3694817404200101
0.9888714933003634 0.0 0.946968838343442 0.49241998877035376
0.9922318062564949 0.0 0.9511307366462133 0.5905782375762054
0.9901502467623603 0.0 0.9424933469805528 0.40857438016528924
0.98924153688429 0.0 0.9324361667990639 0.29282435827210396
0.9916023272393607 0.0 0.9357920430601048 0.31647431124348474
0.9929653601808622 0.0 0.9500471907734631 0.45580901594825457
0.9924930280125647 0.0 0.9363570292430526 0.38837521580663725
0.9920442033532626 0.0 0.9389399042971592 0.4264203126800599
0.9920929312152381 0.0 0.9316525575126381 0.38601190956476833
0.9932300121031836 0.0 0.9308213437012123 0.4033682222397104
0.9933869341209253 0.0 0.9414940872907722 0.4850283439660228
0.9916406057575328 0.0 0.9268472441221555 0.3970819862389124
0.9930208822719393 0.0 0.9277526825189653 0.4279877713754385
0.9949608959860479 0.0 0.9371285023819235 0.4867986293826103
0.9921445447678606 0.0 0.9106731081239687 0.35725620311598383
0.9923527784904818 0.0 0.9149106458095005 0.38394201807228917
0.9905439063141944 0.0 0.9031513884889689 0.33447895607425104
0.9931701099009801 0.0 0.9188452193943442 0.40411899313501143
0.9832399519946842 0.0 0.934572228710306 0.5624525509875828
0.9886724723367879 0.0 0.9322499779357353 0.535752700219603
0.99204849576276 0.0 0.9244351088231838 0.4812875330290656
0.9884408685266173 0.0 0.8949176168599635 0.3965588608642861
0.9887637593986699 0.0 0.9043922816347687 0.46009645352842754
0.9908945571829245 0.0 0.8930113451022395 0.44969144716290527
0.9842773274743022 0.0 0.8556071324691318 0.3815084350240276
0.9885598827698696 0.0 0.8559126384789686 0.40214426660819996
0.9886197927163828 0.0 0.8486337667709329 0.41648256768424424
0.9917793108068982 0.0 0.8632079305866137 0.4629239795219292
0.9898960179690135 0.0 0.8666659681896086 0.49357903944020354
0.9904700567167151 0.0 0.8766193756668668 0.5529884380962162
0.9924824462603945 0.0 0.8701018215382841 0.5698091481578166
0.9941484235992729 0.0 0.8548626305046916 0.5669755792110207
0.9870870041729112 0.0 0.8476171679717138 0.5973116487423756
0.9922104654942039 0.0 0.8821404412995703 0.7081374792320746
0.9915146347101143 0.0 0.9066582667641055 0.8094002256241196
0.9910545525260455 0.0 0.9142300174052751 0.8538753540043197
0.9932196765926992 0.0 0.8875163493678244 0.8467675209442974
0.9905241037471876 0.0 0.9167662858208567 0.9434535222531407
0.9869142481847033 0.0015088645794039985 0.2968741531290496 0.6967758566260053
