0.9853699299514539 0.056023481251173374 0.17337859465501473 0.31666666666666665
0.9956117302524617 0.05341017857509226 0.16017394526953238 0.21152115211521152
0.9938600286418026 0.05630700013611973 0.17066570774291756 0.28125
0.9957015300999986 0.057901930006002286 0.1597006143678331 0.38856775850995506
0.9921480278736216 0.053065943599725954 0.16627634840479516 0.322690992018244
0.9953331487608517 0.055705804375164175 0.1680900439692958 0.27954335081764886
0.993459081019485 0.053165419770931026 0.16333022742280084 0.3414408866995074
0.9891371327693025 0.05260690326947259 0.16681412479877453 0.5215448451962975
0.9936809305386208 0.05068397725590589 0.16968423546528624 0.42738359201773835
0.9905704423690685 0.05242185791578784 0.17689544458483644 0.4224769181789239
0.9967270779928615 0.05110046383876441 0.1687939663439242 0.20193401592718999
0.9888897656646012 0.052819907446889684 0.18005677823999802 0.43478260869565216
0.9865702370960974 0.053321803001773506 0.17067101163261628 0.4234564420637158
0.9849671744617052 0.050513412606050814 0.18395846996756737 0.2796657381615599
0.9941822519729893 0.055249104800602265 0.18531391134297745 0.40094618568894147
0.9904164499558603 0.05291768798924646 0.1908253318440896 0.49635730123535
0.9937988019876622 0.049772821539434735 0.18879322148569955 0.47146648971466487
0.9932010794593843 0.05115321658748153 0.1865260559188063 0.34960819770946355
0.9928404804295468 0.05363551895643936 0.19114313425275242 0.3043090638930163
0.9918396217227006 0.05497361513169306 0.1935288778898145 0.4201016374929418
0.9888704836128178 0.0526499752901346 0.19893860258040624 0.4766824085005903
0.9966488753894385 0.053950980505716235 0.1952570856756041 0.3985155580930631
0.9916721791577888 0.05285130711064327 0.1947643415116187 0.4417406241053536
0.9932044976090577 0.05143797665565202 0.19714256372136696 0.4022595901208618
0.9846737523773135 0.0506998778998779 0.20585444175319886 0.4234518348623853
0.9915993893129771 0.049185612537147885 0.2081079632826112 0.3564904511486299
0.9927954719290194 0.047785430424730053 0.2054896382531807 0.23098832241526632
0.9948911462359178 0.05096131641141296 0.20876502152490156 0.4119524223962866
0.9910926423619225 0.052112475698231304 0.21322995780934784 0.30855018587360594
0.9946675103893496 0.05072293063631104 0.21221854707676172 0.4040728831725616
0.9876057724403252 0.04905368753335754 0.21711834232140567 0.34171486044757354
0.9878445867159483 0.05041655718499406 0.2137136298551872 0.3231452455590387
0.9937171501533556 0.0518143925095518 0.22605752549572775 0.46638320488971563
0.992738327786991 0.05074941176704979 0.22442387957245502 0.5109303507880021
0.9929300486490551 0.048835391872453615 0.2328066753236901 0.5313336904124264
0.992413206338528 0.05135545413099133 0.23292885362103982 0.41598088664719934
0.9945304300080555 0.04903053644785988 0.23597306906288137 0.5036976170912079
0.9932807518962296 0.047329849046687494 0.24034908844511493 0.5932601880877743
0.9940504432043259 0.04866116689225005 0.2599613975920513 0.47340153452685424
0.9896139314934821 0.04649922820113374 0.25194847244385854 0.4323702377908463
0.993290347261022 0.047631763272868444 0.26104135464597156 0.46043727225403436
0.9908378135353176 0.045300916220084614 0.2578868826850745 0.4638984395662523
0.9946971545335326 0.048303065080620565 0.2686139050658031 0.33595456531236345
0.9835322386053041 0.04911314467639369 0.26597202271773 0.4170673076923077
0.9860005121145514 0.046668552644352976 0.2752061149739211 0.5002648305084746
0.9910515781292709 0.05108713629597588 0.2852677492014609 0.5325689192485972
0.9907249576359217 0.054230495696937386 0.2901349466726874 0.5637138796778778
0.9948677663012232 0.04986798557138076 0.3001803379428622 0.4784688995215311
0.9931894737487958 0.053076521792950394 0.30409260633807206 0.41234967622571694
0.990543365702116 0.054533606612159426 0.3078173780482855 0.49534883720930234
0.9940829050611185 0.05522012691799819 0.313709031373185 0.56788821513314
0.9928882718097878 0.05610044275977394 0.32504421881182405 0.5866921058907704
0.9947263274295733 0.05584429805603103 0.3333872851551698 0.5592808551992225
0.9946814506248468 0.05710431285770043 0.34520063916275845 0.5061590145576708
0.9966156564486939 0.05609453488000057 0.3521764130079534 0.5398877775067089
0.9943919368433087 0.05626302384811299 0.3504175864261816 0.5127238454288408
0.9904621730048095 0.05702876223832461 0.35452487417912404 0.5393953275309208
0.9962479158449026 0.057178550137405915 0.36064767296666517 0.49569336778639106
0.9955214594219095 0.058864967743530165 0.3727710666001456 0.4710594832765872
0.9932402755052296 0.061744968120702605 0.37771828783580774 0.3702600216684724
0.9928642956939923 0.06364768958354174 0.40200586552735434 0.3914605499516374
0.9905966942684099 0.06348420513901998 0.3970015364925199 0.4510015408320493
0.994379273980496 0.06195630648879317 0.40221868698075003 0.3480211081794195
0.9921277389412899 0.06474127364561619 0.4220658733982866 0.350843505691949
0.9968865587876969 0.06700173875244513 0.4347523543972922 0.378512612730362
0.9937191478385083 0.06679085382080203 0.4390427303585031 0.45126957579443516
0.9937815783985765 0.06606772595766251 0.4305185799750288 0.42718168812589413
0.9920910934817185 0.06268651823969122 0.43152918797200296 0.24092000873426014
0.9961434735049565 0.0663133736347701 0.4538250322353625 0.3718085738035863
0.9930698485045112 0.06554788201381237 0.4532143474587605 0.6676545300592718
0.9926782189449114 0.06131580699943392 0.4468415436715388 0.6534424853064652
0.994964461441088 0.06330740351571537 0.4503600537715102 0.6697517879680269
0.991970557501403 0.06144421809604957 0.4676207871616177 0.6176172112847574
0.9882208159660425 0.06663873935940401 0.4736525013622564 0.5649042396464233
0.9945304452714225 0.06528972075090664 0.48082400401795117 0.5961844197138315
0.9945959748483264 0.06023928284907042 0.4727779577349309 0.25922598996930907
0.9884424619031577 0.06385916365394134 0.4703469572150736 0.41131230529595014
0.9930860190410119 0.062012563241209455 0.4623205126557057 0.8510140405616224
0.9892185734406214 0.06472036931789855 0.46908617198570784 0.7386715195632393
0.9805279865791051 0.061958198236745594 0.47527596881403766 0.8194733851108165
0.9871016493279615 0.0625024670872289 0.48440837010930066 0.8718143780905288
0.9893198704987781 0.06194141585051987 0.4921448431446849 0.8465877044557247
0.9861171906885671 0.06841676218407713 0.5102623660328072 0.8251734390485629
0.9895270233242933 0.07211034143852121 0.5182143039833971 0.7549599721545422
0.9911418668376513 0.06931855170390135 0.5253702010745487 0.8741590819153146
0.9921410696590824 0.07268663283367535 0.5444872927398089 0.7880119528915451
0.9932199252348974 0.07280718056731438 0.5541070586546938 0.7398303617794703
0.9892028773278282 0.07299193052236991 0.5701134237221365 0.7810206519883939
0.9919109669241264 0.07230375680525454 0.5717820523962331 0.7743732590529248
0.9880662709421446 0.07548251800163314 0.5878806061172397 0.7779547062986554
0.9897748358315019 0.07684786664511661 0.6183259049648079 0.7750770284149264
0.9886048741615672 0.07131249536626076 0.61643165047125 0.6461648745519714
0.9902967732565177 0.06690578334153832 0.6410684904159785 0.697086135126481
0.9911763089940113 0.05648173611396821 0.6463818714378334 0.8084687346134909
0.9927499966184685 0.05885529032542123 0.6721532778319521 0.6841221374045802
0.9905754836800374 0.05170366519895629 0.7005733914193252 0.7291113079421316
0.9900658785219268 0.018487331960728142 0.706509030911614 0.6723490320716556
0.9927772345123219 0.00863831396489512 0.7213859933836839 0.6140972391888591
0.9861847566036814 0.004904036350537485 0.7432997609773025 0.5264567983924984
0.9897847531788896 0.0023671390377157106 0.7660003284415449 0.4081999486433279
0.9901015066892584 0.0003998842239961002 0.7801157260734015 0.3912058023572076
0.9927122827310614 0.0009695115415720702 0.8158881791476102 0.19724292101341281
0.9841185681322756 1.0835468823647327e-05 0.8311649201763336 0.26579000812347686
0.9877804955740146 0.0 0.8809735591811617 0.5038403896590483
0.9861602569119862 0.0 0.9022808274853661 0.6317610425556452
0.9899494233522119 0.0 0.929473033163922 0.4110488988428518
0.9897918797171376 0.0 0.9236811545035817 0.3573240329740013
0.987120919876285 0.0 0.912443703648275 0.19969574036511156
0.9866774246546979 0.0 0.9216528076201833 0.30455839033401566
0.9926899221583996 0.0 0.9347737336046195 0.7395366218236173
0.9924284426224917 0.0 0.9347081461517909 0.7512966476913346
0.9876631443953138 0.0 0.9312754364690443 0.5706911385144824
0.9909770066772833 0.0 0.9333253067070766 0.6370308240721325
0.9916061130560029 0.0 0.9381616279475634 0.6246365574723783
0.9918722637366568 0.0 0.9398273514758906 0.6865431103948428
0.9852770642694277 0.0 0.9338407368266113 0.690629142449271
0.9906496614339426 0.0 0.9393601341672895 0.7944560096417224
0.9946163543668921 0.0 0.9403658400657208 0.8831591955960004
0.9888183686382674 0.0 0.9364008888071997 0.8507018290089323
0.9917821967071504 0.0 0.944838189461329 0.8865694720565496
0.9918517535916764 0.0 0.943137358548873 0.7408560311284047
0.9895072575765814 0.0 0.9398585613211754 0.8571284329563813
0.9923540525618118 0.0 0.9430229529308791 0.9025461807289067
0.9898262389531307 0.0 0.9435331941605627 0.8661573568806429
0.9854549254805878 0.0 0.9469304380038627 0.8532947663382446
0.994615430259467 0.0 0.9532104415071725 0.847739669039475
0.9905468990520477 0.0 0.9444604492685614 0.8288194444444444
0.9915942688196497 0.0 0.9493396418865119 0.8185917447103711
0.993295913608756 0.0 0.955299846386083 0.8515240083507307
0.9933868629911795 0.0 0.9494450225459591 0.8547425018902798
0.9920680305537376 0.0 0.948740930576524 0.8228545550607593
0.9921872148177733 0.0 0.9507449227025455 0.7970238967893271
0.9927665336754837 0.0 0.9470532501819728 0.852875852033392
0.9952050207768124 0.0 0.9479448481267643 0.8336882599436697
0.9928031848086607 0.0 0.9508836860539008 0.8360574189880614
0.9921156002357505 0.0 0.9512792942978976 0.8909689213893968
0.9928342788636979 0.0 0.9515967128123104 0.89508359308586
0.9917893617044903 0.0 0.9518753044325378 0.8851157515511375
0.9901931221336597 0.0 0.951032078161168 0.8870588235294118
0.9943812429837205 0.0 0.9539589524853296 0.9132474355766825
0.9927835457888367 0.0 0.9543747201234597 0.8592877094972067
0.9950054136306441 0.0 0.961037875085445 0.9095662507427213
0.990945819416853 0.0 0.9571610121906587 0.8873695373109337
0.9860262500175844 0.0 0.9570628706118468 0.9142234880214442
0.9955846055506128 0.0 0.9595266417553432 0.9044970602256476
0.9906355584924428 0.0 0.9589849860831758 0.9076329374028969
0.9941296805865892 0.0 0.9589144850945744 0.8623410377796342
0.9922427650417418 0.0 0.9599513295980993 0.8193612774451098
0.9913150842375379 0.0 0.9430879422693736 0.4221896903557803
0.9932110566326301 0.0 0.9522290274187283 0.5154609101516919
0.9941991842118659 0.0 0.9598442495063827 0.6437461107654013
0.9936698730859503 0.0 0.949358579107707 0.5549564392521031
0.993169494657296 0.0 0.941675565223123 0.46578281120151516
0.9928705658172478 0.0 0.9405105125598568 0.4734509205274871
0.9940464651742971 0.0 0.9502133397005345 0.6179962936694959
0.9939755405678301 0.0 0.9581666331271614 0.7322834645669292
0.9927915106889831 0.0 0.9551552018592532 0.7118730808597749
0.9942528300867263 0.0 0.9469595780232674 0.6228890467171717
0.9965024666010652 0.0 0.950786205217603 0.6375330631196362
0.9919379361599591 0.0 0.9228653447699099 0.43373009299794124
0.9936634644988401 0.0 0.9347536823731432 0.515216329332858
0.9916409496540737 0.0 0.9285953462242346 0.47597740776058095
0.9947245103299487 0.0 0.9339744805306847 0.5006836529658649
0.9845493135164107 0.0 0.9454159435557885 0.6826703443520235
0.9901342204887003 0.0 0.9471776612716291 0.6777149262290809
0.9932695806422269 0.0 0.9419454092257964 0.6070892228680171
0.9902917403051985 0.0 0.924916881684258 0.5345983212906712
0.9905532096790032 0.0 0.9160808390629503 0.5144970434806834
0.9928760774497054 0.0 0.903757919378047 0.48940998016896786
0.986390229701557 0.0 0.8647605746106899 0.40702247191011237
0.9889683913588296 0.0 0.8679480352890839 0.43785841157066735
0.9896110793026478 0.0 0.8565374338953955 0.44137488352831555
0.9928505275652546 0.0 0.8694339000550959 0.48472708852209884
0.9900356535649978 0.0 0.8783726931059629 0.5302686176924445
0.9920434269779541 0.0 0.8812027792499008 0.5698058056313594
0.9943397221775944 0.0 0.8614198583960909 0.5549438757260386
0.9957976466339643 0.0 0.884612801335209 0.6315515272377232
0.9891333725880093 0.0 0.8870181644654085 0.6811915864734555
0.9942397964776272 0.0 0.9233643395407006 0.8043634101145631
0.992948219440387 0.0 0.9294919266753819 0.8618385350278279
0.992973955466125 0.0 0.9274984459338534 0.8726709704508476
0.9934324060121188 0.0 0.8970399413427148 0.8517448356618665
0.9918819601143766 0.0 0.9082047741931661 0.9275828148068702
0.9876151296552627 0.0 0.19256730448758883 0.4336244422245938
