0.9861075900586144 0.09718521823564585 0.18004892777935128 0.18960174451968323
0.9960634007857628 0.10305985682018842 0.16325031072247853 0.1738009861048857
0.994640393414852 0.10885571253754589 0.17447930859646602 0.19726096243246638
0.9955850923597608 0.09733691911662723 0.16346865560441518 0.23556009334889147
0.9927806187693087 0.11074271485955027 0.17424021129493822 0.17402690155933817
0.9957265425838108 0.09709812686360622 0.17249614448310582 0.3397017707362535
0.9938338629092042 0.11403941481453374 0.17029148687848983 0.42116023511372347
0.9891166638682399 0.09958659299929587 0.171471262896475 0.5765205091937765
0.9939185901193334 0.10344433793478149 0.17344474145805663 0.20374081496325985
0.9906491643118442 0.1388679695742466 0.18747939167105346 0.4398034398034398
0.9966052172022261 0.13222592756454085 0.17767142867771732 0.30696275734443673
0.989398730790634 0.14627053956103872 0.19002362701138928 0.43666523050409306
0.9871166569403371 0.13022651387831494 0.17926453895889805 0.3385752178855627
0.9850371186825299 0.1402402036982989 0.19699076550076658 0.32140234948604995
0.9943238121507453 0.12700512193299704 0.19523444161000394 0.22381464230263945
0.9907638142991517 0.09858536718326313 0.19751767268227632 0.20409171773077683
0.9944182996307434 0.09727310958120898 0.19617254695897185 0.3611274221961245
0.9937131064932572 0.11618158135725296 0.1975760160068226 0.24778761061946902
0.9937262626904484 0.12102780560018844 0.2027450295537698 0.2954241816967268
0.9925713917014337 0.0956821301337117 0.20156699219398488 0.27037533512064343
0.9889205129171524 0.12762079102706309 0.21100801412173895 0.4561664190193165
0.9966564040235418 0.12897540284949016 0.20626723358139495 0.4927574400842771
0.9920628540105975 0.12107494749278658 0.20431255838203027 0.3534347142108023
0.9934879949789304 0.13278089546249872 0.2107164026248689 0.39548263370978054
0.9849062287983031 0.12800215500684137 0.2166770368834042 0.4871861924686193
0.9918510222252621 0.11975133986486883 0.22151543840157317 0.1533854599900183
0.9932358671601167 0.07584892320972754 0.21056171824595726 0.1935721295387635
0.9953401972503755 0.07551300502844083 0.21345888116398246 0.3325219996255383
0.991413023236566 0.07499239938563346 0.2169845600969432 0.26688515246508976
0.9947988731297422 0.06243693152227739 0.2140855435883654 0.38364553314121036
0.988006568672597 0.08608291872645484 0.22551824797936315 0.32822914790127905
0.9879550321199143 0.08980389797289233 0.22006884693121676 0.30611476952022576
0.9933805664535117 0.08942374755167792 0.23370203273849458 0.35291293213828423
0.9926313486082665 0.08329480966651788 0.23235832664282005 0.3525375268048606
0.993199886603148 0.07979596104199005 0.2400227076841477 0.5626994984040128
0.9926842569314687 0.10946206332370238 0.24556104355024908 0.4042937037705214
0.9952431296222273 0.08011474418772245 0.241933621648012 0.49946201850656335
0.993163450128037 0.07160258617314832 0.24329912890919847 0.5355605656896905
0.9939967115584953 0.07514994864316575 0.26205304054604395 0.5652933832709114
0.9896439173965423 0.07460377450009499 0.2534373708177634 0.502895752895753
0.9933935339685608 0.08992834419305999 0.26655922576603164 0.4949123186836978
0.9906090615115299 0.08731175089734533 0.2652799640022236 0.4997835497835498
0.9944976185998282 0.08951546532450506 0.2782803634325641 0.32596345769998464
0.9839829854034003 0.112903541492188 0.2799356668655236 0.36014771997430955
0.9862235765968127 0.08875353718050769 0.2834972709637383 0.6802310317668679
0.9915340169773128 0.12175272745639437 0.2980362845918724 0.23507731032002877
0.9907444134270446 0.10455800354394179 0.2965051483495401 0.483179419525066
0.9944806413606241 0.08773848796313967 0.3081301885837257 0.31069609507640067
0.9933430355267162 0.08863190603169006 0.3111747444939062 0.4044838860345633
0.9899052041297114 0.07309155809229155 0.31065387850809945 0.508898885194602
0.9940793765151441 0.07202790377282074 0.3159091509571053 0.6989190614289481
0.9929879350517854 0.08480255901419793 0.32972481225786854 0.20314293915040182
0.9944128277760881 0.09516747810828015 0.34254195881527655 0.21076900193366058
0.9944076602561748 0.07818970444368861 0.35109386905443696 0.22072247795896074
0.9960240248330078 0.09702229080770451 0.3619583295685377 0.422008547008547
0.9947334308578878 0.07155081114480587 0.3544005875702485 0.4433784208870714
0.9906297124182373 0.06876132063628701 0.35807561218777845 0.19033252443103563
0.996176525730736 0.06686793600745526 0.36142673746670934 0.37595628415300547
0.9947758076550657 0.07755303986944032 0.3768332991634205 0.22743377762780495
0.9922371819451177 0.0806769655708812 0.384705842067328 0.21431614827439285
0.9930761159576701 0.0821035633711407 0.40431974971923634 0.34792461832061067
0.9906417400941824 0.08200408919410614 0.40104019664909274 0.22359657469077068
0.993726686398321 0.07879399295750997 0.408970275786934 0.1687969278385969
0.9921992704301362 0.06698968328097138 0.42264992417985897 0.35278137128072445
0.9962706082724467 0.06707037417354282 0.42988821305545005 0.2799303838050747
0.992904152542476 0.0667605217365358 0.4336257169059552 0.31420921782367567
0.993399754426481 0.07194469697071426 0.4299160548045472 0.43055923668168566
0.9920193199823435 0.0661755153299844 0.42680439707211043 0.163790281090688
0.995208896962672 0.070215167714204 0.439346200581024 0.16181927590011033
0.9931002949566298 0.07026168759185737 0.44964625330330354 0.33984375
0.991645426568271 0.06673820485305826 0.4476408716111595 0.40697520222782124
0.9940399582142658 0.07050093022543878 0.45179476967239596 0.17003001138362828
0.9916641270854799 0.07784313104833489 0.4698207025505553 0.111971454058876
0.9885380588683352 0.09589005193674405 0.4780325027301861 0.14539446509706733
0.9943305777038595 0.08705936703235012 0.4810090775203297 0.25611214456550624
0.9943210549312439 0.06974212158674388 0.47215133903952017 0.16963032288254562
0.9888049378769342 0.06838220320991541 0.47013283897363817 0.32546033719213735
0.9927004858499153 0.06439351938276093 0.46235512610278046 0.6609791101897624
0.989306574287799 0.06680853303442773 0.4695990262328948 0.6334648257725181
0.9805425601120613 0.06333232718717641 0.4758084494159346 0.6986899563318777
0.9861181551850684 0.06409294038613196 0.4842468358518143 0.723703826403843
0.9887017558651799 0.06428068444837964 0.4921550340432856 0.7577812554338376
0.9859383263822196 0.07068217360935114 0.5104538889687247 0.8232595252343906
0.9894745174450466 0.07401717581282898 0.5192971806505791 0.6018319736653786
0.9908255549118056 0.07293949881433058 0.5261613144991028 0.7978967495219885
0.9922693550998867 0.07516132498002323 0.5450524562317675 0.7749292786421499
0.9924476086485944 0.07389930881327629 0.5543535613557269 0.6256499133448874
0.9892940858544553 0.07291744998406509 0.5708379326657731 0.6530848143331889
0.9916998382697851 0.07143702715209695 0.5715554535920294 0.7156764014770057
0.9879870965896086 0.07124440399011758 0.5864691717396371 0.7397650409398362
0.9893393048537743 0.07211616251405788 0.6166127392519893 0.71922024623803
0.9880651849434395 0.0674307116405246 0.6157161792968003 0.6762422360248447
0.9900243733011906 0.05598503767239412 0.6381418778454359 0.6125935567849008
0.9908096493798223 0.0458545582864454 0.6436162693363957 0.7552200449726951
0.9923758259214541 0.03581566863027042 0.6667747919113919 0.6623164763458401
0.9907421907271474 0.025347408144011832 0.6947655768334017 0.6982127160855552
0.989743804472184 0.004809294027877785 0.7040219168205071 0.62689313517339
0.9922116904605203 0.00426499452254884 0.7207437385187683 0.5819277108433735
0.9850636424549913 0.013942608701179417 0.7447567896704892 0.48899913718723037
0.9886386168540684 0.04140301208849639 0.7727569833929263 0.41952414275717287
0.9882780513926342 0.01034751086564558 0.7806255674186341 0.29968800554656805
0.990687191496856 0.010272675169754136 0.8073843101126781 0.13757276737933014
0.9826631916685069 0.001141614275047883 0.8296278862293495 0.22159659659659658
0.985943914337795 0.0 0.8781565459917048 0.409277045640682
0.9841824832099513 0.0 0.8985539855278445 0.465518703876495
0.9881016528180235 0.0 0.9082433651407468 0.14516544023053568
0.9878302968181225 0.0 0.8989280469538403 0.12762491352569683
0.9851503687310643 0.0 0.8933244982432458 0.11495015314981369
0.984496411904577 0.0 0.9194802610535386 0.2892637010846194
0.9906205554644336 0.0 0.9333715894075876 0.742156374501992
0.9904615763712324 0.0 0.9334879982765907 0.7648805681084571
0.9857917985848573 0.0 0.9321653018156721 0.762203538712511
0.9890959934817378 0.0 0.9330786253396314 0.7346668273285938
0.9896306991204142 0.0 0.9381453135838198 0.7349930200093067
0.9898207649686741 0.0 0.9394738589211619 0.7889353788935379
0.9835938522238885 0.0 0.9340462692668183 0.8278678381388442
0.9886178898224284 0.0 0.9378654843663972 0.7767478222023677
0.9925493772267189 0.0 0.9388262693740713 0.8615157032316796
0.9865223935701911 0.0 0.934889576778563 0.845144639208517
0.9893837876482557 0.0 0.9433241857554014 0.882769298827693
0.9893070088116246 0.0 0.9414560776505482 0.7346497691325278
0.9871437875907992 0.0 0.9383627171817406 0.8427278337790578
0.9902616922610864 0.0 0.9415978179422252 0.8864606627363285
0.9872158545733676 0.0 0.9419162000224215 0.8671544883025868
0.9827237448065566 0.0 0.9449452705950943 0.8227627351996328
0.992984796318153 0.0 0.9520289138131629 0.844543811245362
0.9881675701818173 0.0 0.9430558962077735 0.8134276235376288
0.9890993859449625 0.0 0.9476460209251707 0.8170944648157848
0.9918677343309992 0.0 0.9544360746228392 0.8503768413840356
0.9912390211567144 0.0 0.9481086087549966 0.8573769078209882
0.9898678658370182 0.0 0.9470318392265734 0.8086584714056654
0.9901569223633693 0.0 0.9505155879421167 0.8586675291073739
0.9908061040371475 0.0 0.9459086304228143 0.8906174431726583
0.9930388653511536 0.0 0.947268241464386 0.8916078666866837
0.9901617324649913 0.0 0.949049974474365 0.8336959675079779
0.9901150440844937 0.0 0.9500400344833762 0.8976959212586683
0.9907620285401814 0.0 0.9503642126829218 0.8976490825688074
0.9891255826968732 0.0 0.9501968472587646 0.8889716336063909
0.988070993453786 0.0 0.9496434933913723 0.8848363565941515
0.9925075675632274 0.0 0.9529234889624634 0.9163758644756044
0.9906010918825293 0.0 0.953693764425904 0.8916717697489284
0.9931905088619392 0.0 0.9600296389015447 0.9134679120216933
0.9887784211070485 0.0 0.955961714816192 0.899044239684084
0.9836006574273582 0.0 0.9554243934647996 0.9076068663749579
0.9947171462184675 0.0 0.9590367456059772 0.905406846539405
0.9886542873320997 0.0 0.9576586613479997 0.8973892844518507
0.9922064061500532 0.0 0.9588463112048549 0.9198703565195712
0.9898402111927064 0.0 0.960724071461806 0.9285407212801529
0.989272630640945 0.0 0.9614289294608966 0.8911745189117452
0.9913203757496831 0.0 0.9642826393515388 0.8940207330618289
0.9923555657855132 0.0 0.9662999912703061 0.9015204781156618
0.9922975680771855 0.0 0.9613836707398626 0.8864465925955638
0.991417868041224 0.0 0.9626890485001136 0.9169226044226044
0.990699261015543 0.0 0.9620435632356713 0.9148507005727047
0.9927408620542475 0.0 0.961650150335097 0.9097664905403102
0.992231956506569 0.0 0.9642938992934348 0.9308974859971343
0.991054032194387 0.0 0.9624893255880151 0.9229590585927924
0.9942806629929899 0.0 0.9609892102638499 0.9124081178434416
0.9957700570250893 0.0 0.9639172572809634 0.9113759898463152
0.9916682964561419 0.0 0.9608643523701585 0.9078970540139375
0.9932775390585884 0.0 0.9636246648793566 0.9255280801672554
0.9894565394187728 0.0 0.9600019829771667 0.8992638151150871
0.9939381593208397 0.0 0.9655770985985175 0.9046181905030722
0.983311258877381 0.0 0.9601340887326006 0.9245712701493128
0.9890127372249917 0.0 0.9642243926914622 0.9300588170825266
0.9918802568200042 0.0 0.9665656061710864 0.9229834876597542
0.9889268544683756 0.0 0.9653416516552102 0.9251517502624252
0.989181820282354 0.0 0.9701856813882016 0.9269753307114765
0.9916334911349867 0.0 0.9685118579007219 0.931146441108462
0.9849421171179101 0.0 0.9634398375293276 0.9148768110453478
0.9888161002691193 0.0 0.9577223552291109 0.843276630764083
0.9886457414416209 0.0 0.9607365839636836 0.8835434274183335
0.9924156805654658 4.358817888588615e-05 0.9605921998717882 0.8684200448811721
0.9900848672200063 0.0 0.9666712435511843 0.9064659640635798
0.991221543520263 0.0 0.9660026081063626 0.9163596528407202
0.9929431000732422 0.0 0.9632965560466398 0.9005118033945446
0.9952067271976391 0.0 0.9638197143714635 0.8967520504731861
0.9877369518875926 0.0 0.9504791045977937 0.8762111749005166
0.9929250281794623 0.0 0.9488312845095513 0.880684095323242
0.991769956448205 0.0 0.940342440815953 0.8899397179637768
0.9910372229738302 0.0 0.9158120796430712 0.8394573632558204
0.9926048276851911 0.0 0.8833726342782284 0.8155694269906997
0.9905285109170954 0.0 0.8634174438583565 0.8679043838162007
0.986413345877973 0.0 0.18060533416784266 0.39133880110689445
