0.9856340909467259 0.07297281051513756 0.17170806524317817 0.2413793103448276
0.9960178231285456 0.0715117641628021 0.15890204241343478 0.09510951095109511
0.9941702425931308 0.06982487711494459 0.1677453857878855 0.23601190476190476
0.9957128650188256 0.07368746516164995 0.15795483259633608 0.30700064226075785
0.9926076878422648 0.0720652123666957 0.16482687370859683 0.22947548460661346
0.995525343822165 0.07069338994013744 0.1659638523802607 0.20240666460968837
0.9937567000763361 0.06867982112055417 0.1619770545590393 0.25153940886699505
0.989148188288647 0.06566035128926961 0.16566282588454376 0.43536546441110757
0.9939409690302371 0.06448592215458275 0.16836998348205634 0.34617516629711753
0.9906943313048062 0.06889659456632752 0.17542571670410975 0.34415791149315506
0.9968051074793916 0.06741456102746272 0.16712638206316535 0.11916951080773606
0.9891590144947694 0.0709216502649508 0.17851152924711985 0.38751733703190017
0.98706050365288 0.07102674174624245 0.16945966426896572 0.33013814491119253
0.9851048019701188 0.06854763186049635 0.18303860378644146 0.2139275766016713
0.9943731977247592 0.07166874943636387 0.18281506984939042 0.346836191602602
0.9907125226677412 0.07141981896702514 0.18874368512532286 0.41685144124168516
0.9940585968402763 0.06879623554962333 0.18856532810712845 0.3856621307666777
0.9934781592165915 0.07041281498106379 0.18641105782718184 0.2585895117540687
0.9930776017342043 0.07374099862722813 0.189495894302696 0.25200594353640415
0.9921683637443817 0.07623101572739815 0.1922209625063507 0.3306041784302654
0.9889661932332957 0.07118079671559321 0.19673827171342287 0.39669421487603307
0.9967797615705193 0.07323706223227616 0.19292563863568143 0.32829003711104765
0.9918928565772627 0.06355068271289023 0.19192492829118724 0.3260807328943601
0.9933559158114794 0.06207829080045534 0.19625084938737164 0.30528530107809626
0.984845200612805 0.05855208809151254 0.2030575868558723 0.29873853211009177
0.9919183456119438 0.05690474983129654 0.20565976510552597 0.24743980071962357
0.9929220000489488 0.05370978983252507 0.20176828936058092 0.12589005981201937
0.9951505059468382 0.05735900236023532 0.20653508411981944 0.31070496083550914
0.9912896481051912 0.05781368167755242 0.20945734972935098 0.23559479553903345
0.9950605535490026 0.057093114241001566 0.20711942200606884 0.33386923901393356
0.9878871825608565 0.05638270894736686 0.21443127863373246 0.28187075685189844
0.988086711433677 0.05530482576544067 0.210803498288032 0.26828631138975967
0.9939654854756494 0.05592459889656922 0.2213084453071946 0.42685851318944845
0.9934402771409148 0.054332432850563495 0.2221245230732974 0.4671607462305137
0.9935180346296443 0.053344826413818894 0.23031101205551616 0.4747447608812466
0.9929648179063872 0.0576979323576593 0.23250379584446376 0.36979028404565967
0.9948875790333466 0.054542918209038505 0.2325709479646383 0.44672692413037524
0.9933836378375475 0.05391989799805138 0.23872715713703588 0.5125918153200419
0.9942249350760197 0.05278937164314185 0.2556566932636526 0.3872122762148338
0.9898178497260239 0.05103861535515366 0.25038706850772174 0.37049347992840703
0.9936439504905143 0.05193881253801218 0.25874924296537055 0.41671004685059865
0.9910097028119743 0.05028126756020424 0.2549880051964199 0.43400745077168706
0.995205491637249 0.05366517716685208 0.2657552962483418 0.2977282656181739
0.9840475497208543 0.0534736798887355 0.26393624616574446 0.36346153846153845
0.9864378720426727 0.05218175463997304 0.27411878098035614 0.4621292372881356
0.9911619119591913 0.05642271259988358 0.28539078313185645 0.4791004644341237
0.9910357618413543 0.060023892767036964 0.28933822260084513 0.5205511998099311
0.9949833045266725 0.05420303470576026 0.30026337337124365 0.4404132023179642
0.993486477200216 0.05719002540847655 0.30359728354299015 0.34250693802035154
0.990570253625135 0.05957234786051591 0.3077180018819427 0.4297674418604651
0.9943521254996665 0.06038611253096371 0.313979543169508 0.5183232269970999
0.99314731742548 0.06060073112822381 0.3249526610482144 0.5325542570951586
0.9949649033850364 0.05940415065617584 0.3335581339213486 0.5014577259475219
0.9949327263059624 0.06090558685643901 0.345655751447486 0.4618141097424412
0.996648102183879 0.06104649786192233 0.3528641403346557 0.5019550342130987
0.9949777654522809 0.061066348518881326 0.3512382272577551 0.46606974552309144
0.9908222288768809 0.06170258922910417 0.3548777053582725 0.4963353183692167
0.9966071875835649 0.06319993223046483 0.36148401048869266 0.45155038759689925
0.9957837001957136 0.06421939106024617 0.373276397655712 0.43537117903930134
0.9932917486094857 0.06645408147352479 0.37947797809922273 0.4875967453859893
0.9932253677537579 0.0682775207756592 0.4040228703871078 0.48831417624521073
0.9909904182480316 0.06765412329863892 0.3974612636938935 0.5058623298033282
0.9945361394999432 0.06585287379491334 0.4042349201971349 0.468106580540977
0.9925530574973235 0.06934754371357202 0.42492997221828516 0.5423177083333334
0.9970150709652246 0.07194020047173012 0.4374196015998771 0.510913656557852
0.99403702374362 0.0720636795508824 0.44120905556137413 0.5362818303656902
0.9940227166033617 0.07193086229453859 0.4329873846985283 0.5256627185561196
0.9925229849207247 0.06775089498482062 0.4347112938495431 0.36793893129770994
0.9962962872746228 0.07250165944539515 0.4556627652581699 0.49611223799864773
0.9933965662144315 0.07131055458324065 0.45445766330825504 0.623909806424165
0.9926430012091869 0.0664181896277001 0.44728127720293276 0.6126997476871321
0.9954096349168435 0.06897646567330455 0.4513874394189788 0.6325669689938831
0.9923722653779218 0.06654972326755987 0.4684971032194434 0.5755102040816327
0.9888121216391718 0.07135117319266786 0.4755174864641122 0.6421431427429029
0.9949294403178611 0.07045257957161079 0.4827749014878604 0.6776796004610065
0.9949645913303078 0.06477512249472325 0.4762382477603898 0.4084766584766585
0.9887710074864049 0.0692891749222648 0.47510404928497396 0.6693979933110368
0.9934490810998309 0.0668371078904178 0.4633575626016771 0.8364036844213055
0.9895243245259094 0.0696323739849669 0.47028244310316897 0.7008562579704865
0.9807502720137995 0.06753142416225112 0.47664780656935757 0.778453353600608
0.9872235584266287 0.06747720364741641 0.48548892725219867 0.8372358652198744
0.9893999288036407 0.06761091556881513 0.4933631991377091 0.8369114877589454
0.9862896653420741 0.07361601793513974 0.5114812810531725 0.8224076281287247
0.9899373811130135 0.07759034778404411 0.5197872635016818 0.7404381084840056
0.9914155821217642 0.0767652072492374 0.5272912633592596 0.8785046728971962
0.9924565694906144 0.08079816154932107 0.5467632649063796 0.7891311994372142
0.9934293659834771 0.08034790203177812 0.5559321447858903 0.7363227146814404
0.9894280554169906 0.08059255499577334 0.5720588089910597 0.7767735334242838
0.992113954373849 0.0805581968372666 0.5737443505034123 0.7777391304347826
0.9883357176919408 0.0851213037017248 0.5905822015104514 0.7883626042221039
0.9900537984943121 0.08605918226526323 0.6208548845565405 0.7838439157966798
0.9890024301701119 0.08331614559449886 0.6203640139323447 0.7241597970830691
0.9905270113913082 0.08146924737041498 0.6449438766501269 0.7402936378466558
0.9911804455926035 0.07767372280446888 0.6514635034823494 0.8274901703800787
0.9930195555730432 0.076626578542243 0.6767242137304023 0.7609515996718622
0.9908295683226137 0.07191290254458299 0.7051723548986477 0.7628790108919635
0.990455112549618 0.04372469203072748 0.712395269671986 0.7295745620491683
0.9931808789089406 0.03586545707987919 0.7273017671403169 0.6982553528945281
0.9866563647748536 0.014750940396019069 0.7458235412426036 0.6425218825320309
0.9904260579514255 0.008480044890229362 0.7683465172299165 0.4893862261070022
0.9906758507415736 0.014569466215346404 0.7833944481843741 0.4989567268438719
0.9933563554320094 0.005919510162956073 0.8207742115434423 0.2628301886792453
0.9850080821987359 0.0014459755479060332 0.8342293635931158 0.33538893637806816
0.9885628999371265 0.008474703160794765 0.8825910347660444 0.5454201720389451
0.9872992583056566 0.0029522425867977947 0.9043419120215389 0.7375094150138087
0.9911635404115973 2.8068599657563083e-05 0.930567298673863 0.4353036318188502
0.990534567640046 0.00025467461966356144 0.9267844633750864 0.4693799046007078
0.9882624183072887 0.0 0.9210243381992169 0.3076169962796162
0.9878010494180715 0.0 0.9233438990441385 0.34019339159211953
0.993768409984025 0.0 0.9356953835644148 0.7742525930445393
0.993519555575467 0.0 0.9356040531043729 0.779736776756891
0.9887196282698384 0.0 0.9340918104921287 0.7631801182289781
0.9916488727542518 0.0 0.9350028967582076 0.7707065980346279
0.9924155407670271 0.0 0.9402714917071003 0.7728879261201688
0.9928818103254556 0.0 0.9415684959601566 0.7945525291828793
0.9861196057493948 0.0 0.9357839704526303 0.8396649362907032
0.9914600387395855 0.0 0.940032560228536 0.8155807972567509
0.9954401872853031 0.0 0.9409635109361416 0.8924377126550324
0.9899032470239685 0.0 0.9371359582121914 0.8545302539450308
0.9924648126913723 0.0 0.9452951237927274 0.89109124205537
0.9925675854917977 0.0 0.9437411637732814 0.7626697265251482
0.9902696299312708 0.0 0.9403627553044829 0.8620961386918834
0.9928033589760015 0.0 0.9432885884310792 0.9031034147290592
0.9901224173679859 0.0 0.9436263055679979 0.8590869607180774
0.986050616301956 0.0 0.9473771343061319 0.8627991814218346
0.9950219295694359 0.0 0.9533738369017366 0.8410946612830866
0.991110998789221 0.0 0.9450179146483592 0.8519976045855078
0.9922697293609279 0.0 0.9499206396248658 0.8359959211420802
0.9934931218298348 0.0 0.9553911507486369 0.8507474946607524
0.9939736808381832 0.0 0.9499005086610538 0.8605442176870748
0.9926621182670858 0.0 0.9492266465679751 0.8300916610775766
0.9927057767585477 0.0 0.951600751836325 0.8323326328429901
0.9932138471715636 0.0 0.9473189299076538 0.8410252611304541
0.9955102719697824 0.0 0.9485663269847882 0.8635665409858958
0.9933457313883884 0.0 0.9512304674055208 0.8349805122494433
0.9926400916922362 0.0 0.9515263636868573 0.8817427385892116
0.993456775377049 0.0 0.9519613353960795 0.8857795940984969
0.9923729472246589 0.0 0.9522133532339312 0.8801463860933212
0.9908277112934367 0.0 0.9514436819732912 0.8868503443957421
0.99476732121012 0.0 0.9542546508937899 0.9163011921675212
0.9933091913997839 0.0 0.9547362854046149 0.860252202452928
0.9954763576779027 0.0 0.9612360157483001 0.9035793400956045
0.9915056527173454 0.0 0.957562396470728 0.8913187541418157
0.9867249842033877 0.0 0.9574408315190673 0.9110405952511216
0.9958465687531083 0.0 0.9597879507784464 0.9126340570232802
0.9914388019693208 0.0 0.9597132015926014 0.920853646403343
0.9944366787811015 0.0 0.9598804424608927 0.9033412887828163
0.992718678738058 0.0 0.9626016928936306 0.9297690014903129
0.9918482249635024 0.0 0.9533776226849031 0.5789158430667865
0.9935229082142119 0.0 0.958026250552749 0.6280493668857189
0.9946221150579672 0.0 0.9674586693505578 0.8804141937113272
0.9939375972089746 0.0 0.9567000764837987 0.7010883084577114
0.9935475991992906 0.0 0.9544116328027309 0.6438443040985122
0.9931790522472597 0.0 0.9504637758269043 0.5960799560881895
0.994338658618165 0.0 0.9581319178073676 0.7727285596987458
0.9941249233501787 0.0 0.9640740707893967 0.8779836871776419
0.9930993726605444 0.0 0.9600590178374807 0.8137698705126856
0.9940585907871962 0.0 0.9568092851785198 0.8073350253807107
0.9963158468753408 0.0 0.9582128942522397 0.7650855260188654
0.9914631309096337 0.0 0.9411587696330551 0.5851956846995826
0.9937852573543715 0.0 0.9485975927304102 0.6560936279154822
0.9918480803939481 0.0 0.9374639097886077 0.5460349696067658
0.9946577051075713 0.0 0.9384834660215827 0.5369904569297858
0.9847800692298211 0.0 0.9514396593936195 0.7596900453205717
0.9905554817170075 0.0 0.9500872767025352 0.7078762363545589
0.9932288302875387 0.0 0.9472622074584427 0.6552110525538097
0.9907582009939487 0.0 0.9315597181373282 0.5729515884882198
0.9905674111217664 0.0 0.9188828577753599 0.5282268375145609
0.9929728806191676 0.0 0.904137037431648 0.4914054286087557
0.9867661252257308 0.0 0.8654205703265195 0.40931583835401136
0.9889258985357195 0.0 0.8620808854875662 0.42628713335626134
0.9896092041231247 0.0 0.8530664185080182 0.43575121530882666
0.9932487916055187 0.0 0.8636682435658175 0.4721734324141743
0.9898859221936991 0.0 0.8641432635008821 0.4984926178912131
0.9921988360663411 0.0 0.8665629937378827 0.5357393223419447
0.9948148432458626 0.0 0.8437062271792409 0.5216480158238012
0.9958926526527973 0.0 0.8507572587913719 0.5633366219656277
0.9896318954715442 0.0 0.8618531369070344 0.6277122570551779
0.9943045310726567 0.0 0.896897644509667 0.7406555983871411
0.9931208413694068 0.0 0.9100850987512267 0.8144428446668398
0.9931605612540989 0.0 0.9245464949958988 0.8692974163818573
0.9939255982891396 0.0 0.903895443912298 0.8690323390258884
0.9921351767214939 0.0 0.9126023105188144 0.9343379407317008
0.9881626849321132 0.0 0.23141929623397317 0.554404581246829
