0.9855757226788416 0.061770181234144295 0.1713464572965445 0.46200607902735563
0.9957751595993148 0.05999861250206791 0.15853072837241278 0.41855203619909503
0.9938541541998367 0.06027470138921743 0.16863639010280854 0.44830438378825477
0.9955677817490596 0.06113957780023284 0.15856116074427354 0.48896434634974534
0.9923636127432804 0.0583927684027073 0.16465842037537243 0.39622641509433965
0.9954343970416099 0.057378254216661 0.1654784966174584 0.39233120311197556
0.9937098512135233 0.05820403944006634 0.16170266573172554 0.47307803052116326
0.9892146781402952 0.05574277046681646 0.16705052764748274 0.6388077147866744
0.993873282563047 0.054084132610508755 0.1683808908274844 0.5672094948937345
0.9906446215815833 0.05673956598141428 0.1755605307269635 0.5808550185873605
0.9970856181235405 0.054517963186934144 0.16788325660878792 0.34447793916141406
0.9887296328939045 0.057489124791894164 0.17809457434412956 0.5459985041136873
0.9860574854948537 0.05782139450651119 0.1694772251452588 0.45435588507877667
0.9852158225328036 0.056861482783219945 0.1832049419347835 0.4601936525013448
0.9943213314089382 0.057644810906014414 0.18286842151507843 0.5497267759562842
0.9897271272100782 0.05711776363199616 0.18896790470596164 0.525819265143992
0.993697640744411 0.05299425975822208 0.18690214699963728 0.5712954333643989
0.9930615112592022 0.0554227741630269 0.18572170901633336 0.5101080033231792
0.9918312234224547 0.05811782556435231 0.18882806743777594 0.41318977119784656
0.9904012134521789 0.05872042489231227 0.19104113975260126 0.40552530752167776
0.9876416328953194 0.05574362599374461 0.1973498431334352 0.4573106775749948
0.9959321156539075 0.05704746739533071 0.193079329869252 0.4522952295229523
0.9918259549684428 0.05363791065577873 0.19212043656046834 0.5695017891549683
0.9934035392783701 0.054502003274043635 0.19741553523779626 0.518935516888434
0.9839690795508403 0.05286426048513485 0.2041839175357867 0.44622059831011646
0.9909229365619279 0.04984373763553892 0.20553375748131855 0.4246875685156764
0.9931701896707226 0.048397077640166174 0.20295212819837524 0.45820689655172414
0.9953894334285551 0.05232167369698682 0.20756293794070052 0.6033267550042289
0.9919007149864768 0.054073201854433844 0.21153193469533293 0.4799911563121822
0.993715398187017 0.05252377397044954 0.2093539506631795 0.43199233716475094
0.9881333219632829 0.05051501899522298 0.21579939211209734 0.5191458026509573
0.9883101834875841 0.050375251152346055 0.21144951149301897 0.4808812357558876
0.9943043564242118 0.0508367138699867 0.22250300364006292 0.5514950166112956
0.9933480771382103 0.05026040063774827 0.22211726582278482 0.5886329494241362
0.9939086920080856 0.04906772523756257 0.23074113076529554 0.6515353805073432
0.9934408676600774 0.05260336125375845 0.23275846027761216 0.5716931216931217
0.9946540567446491 0.049293732198291036 0.2343920751854566 0.6423497267759563
0.9945662289253999 0.048711260968900265 0.2390421434462657 0.6738960020904102
0.9944721575397463 0.04993867773612148 0.2577760699560698 0.6020875763747454
0.9907323541922086 0.047617307448293365 0.2506690818630053 0.5865715691096901
0.994310103152973 0.04936817623679028 0.25940590267221714 0.6087617118257787
0.9914112657161733 0.04692070169294469 0.2562409378815629 0.6148419127253724
0.9952059241715194 0.04892050418070635 0.2673158176094403 0.49366535605067713
0.9845399521715847 0.04937757030121152 0.26483851541346787 0.5688551789523584
0.9869634050039737 0.047825267134140564 0.27384033226240145 0.6545125420222394
0.9912048022812348 0.0519287094094796 0.28565876904062637 0.5920593368237347
0.9913436653701563 0.05444741163502913 0.2892097771371389 0.6515294117647059
0.9952601292128915 0.04977337402158697 0.3010446542255604 0.5619815668202764
0.9940744031148344 0.05311101040135295 0.3043325357087582 0.5852193995381062
0.9907017516014939 0.0534374446458392 0.30740014851424885 0.5993318485523386
0.9947353621766508 0.05535652583015655 0.31427627473293934 0.7003484320557491
0.9934465667060702 0.05513152171424647 0.3252985715527671 0.6990223463687151
0.9949437817922394 0.055461616893272864 0.33358502479215113 0.6874558719698752
0.9952392036753446 0.05611048655296318 0.34592727862998135 0.6136066288704753
0.9964883055798828 0.05555805911456233 0.35253181244752013 0.6929866412213741
0.9950834786881816 0.05549191742992809 0.35090102747675656 0.6722863741339492
0.9909772394135327 0.05631953130538324 0.35501554773422894 0.6900269541778976
0.9967610052620053 0.05722239406124343 0.36121854889486726 0.6275252525252525
0.9961860234734127 0.05833742725300671 0.3738669965651934 0.6361871899935303
0.9934277352467856 0.060187264839731275 0.3790794109513048 0.5251088048208905
0.9936213614238071 0.062081912062007756 0.40351829642461723 0.5442655935613682
0.9915662376015536 0.06252229995092401 0.3973137214280782 0.5325077399380805
0.9948614772618859 0.06141884997984036 0.40291192984122254 0.47165697674418605
0.992983119036287 0.06434137221860672 0.4227551835498557 0.45208007951157175
0.9969514982270908 0.06716846404828575 0.43560143430426623 0.435126582278481
0.9948681011974431 0.06683091201259306 0.4394567927430906 0.5096611177170036
0.9944356934901027 0.06683868707556322 0.43000734536061486 0.4786241470547278
0.9933305934251933 0.06319136378348533 0.4322138094056284 0.38210092034274834
0.9968339247399556 0.06723583667149156 0.45356775010621825 0.4645390070921986
0.9938885534060401 0.06659714258845723 0.45404558795203537 0.6874628639334521
0.9930781749082628 0.061996865600451666 0.4476542817955011 0.7653964984552009
0.9959869253786354 0.06473322500918613 0.4517031416541771 0.7621509824198552
0.9929116955209801 0.061624613446919635 0.46790011450574404 0.6573157315731574
0.9891484734725614 0.06525458427163454 0.4734011815213242 0.5713015120071153
0.995169572588517 0.06578736575694198 0.4807448169411887 0.5371038908945046
0.995533286771827 0.06160382136681978 0.47501780750451045 0.4277534523408555
0.9892893498369798 0.06421873437678874 0.4734963874989839 0.6405715136180979
0.9939135734868175 0.06067350643178818 0.4622826656045534 0.8706536856745479
0.9900143203074888 0.06276557846587913 0.4686710203442404 0.7383636363636363
0.9811375782714473 0.060310082676180383 0.4749602137564947 0.8261529702030745
0.9876067576834362 0.059995641892237744 0.48369267820897044 0.8793626707132018
0.9898003477605165 0.060178028651811606 0.491732411455209 0.8442684766214178
0.9864368751309837 0.06658621896851387 0.5099600125601574 0.8444793096685624
0.9902407183922394 0.06877190326131873 0.5174204801787073 0.7781255433837594
0.9915378492224983 0.06776657804517451 0.5249771986970684 0.8637880274779195
0.991200520171023 0.07034362445378221 0.543981183959866 0.8231899265477439
0.9933723010284361 0.07116022327746806 0.5539939579614431 0.7572463768115942
0.9895493281710968 0.0694581959919287 0.5693605173740302 0.7969577849940181
0.9922421777281277 0.07034937858945997 0.5712896608897671 0.800138552130239
0.9886397911314311 0.07396523347958703 0.5875187490732982 0.7912767084584142
0.9901610242583087 0.07627785477770099 0.6182590001159882 0.7970271655561251
0.9890586765523011 0.07490082646284726 0.6181012652051506 0.7259059977844595
0.9892449434775611 0.07107727963768193 0.6423310973229179 0.763393584106823
0.9906405035352943 0.064143296184233 0.6483274908442783 0.8261440052484829
0.99246962029674 0.06683894511866141 0.6745034687288656 0.7583805668016195
0.9906750738546973 0.06585311217684374 0.7038104450276309 0.7739283617146212
0.9903761480206074 0.050295771074523626 0.7138064212868285 0.7510251903925015
0.9927059902869518 0.04653479919837864 0.7288327785958117 0.6789036962534574
0.9865815312654106 0.026497033726638045 0.7477277419182654 0.6276196244700182
0.9903797792801943 0.026579690049510843 0.7726579458652136 0.5595330739299611
0.9905809645687724 0.01993521433761201 0.785225016335412 0.555094186753089
0.9934188842682659 0.013817925670753184 0.8265145843542834 0.37286764210100465
0.9848734594212927 0.005341329206431089 0.8363201816470843 0.38509798392781613
0.9884806271501889 0.02194987154209237 0.8837240633786213 0.5503749278984811
0.9875001898335656 0.007119964867364959 0.9042827591080503 0.7134546354746875
0.9910375034978134 0.0009277220207472379 0.9348849989179515 0.7297230464886251
0.9902373095314869 0.000937772121374506 0.928183014346256 0.5450184501845018
0.9879894783860241 0.0 0.9221042894447283 0.32818677209103536
0.9873002941434619 0.0 0.9238169186018238 0.35732998580940944
0.9932516309213933 0.0 0.9354296814786207 0.7859078590785907
0.992688327645357 0.0 0.935145253877795 0.7924384673940624
0.9875774530606065 0.0 0.9334635493473552 0.7841788478073947
0.9908507250020954 0.0 0.9345407034741794 0.7794902193242442
0.9913521643613966 0.0 0.9395482658147687 0.7724447513812155
0.9915603464852851 0.0 0.9407837156049089 0.8089555631321741
0.9846228683254123 0.0 0.9348872431576215 0.8543936092955701
0.9898721357133814 0.0 0.9390240262399905 0.8230457186711984
0.9940822168577523 0.0 0.94005022774146 0.8899360484685291
0.9880730453551447 0.0 0.9358569262398936 0.8457379134860051
0.9907210943586453 0.0 0.9442183371517016 0.8986185383244206
0.9907270162308938 0.0 0.9425750572112134 0.7609679323234311
0.9881259638110288 0.0 0.9390382111891409 0.8683198380566801
0.9913202737434204 0.0 0.9424053681814655 0.908671679197995
0.9883137515788298 0.0 0.9426113437135185 0.8735264735264735
0.9837618528952068 0.0 0.945892958055313 0.8399748698617843
0.9941790749385893 0.0 0.9531445381351983 0.8593530239099859
0.9889491084618584 0.0 0.943684434536865 0.8315344098091701
0.9903684220700728 0.0 0.948669117139391 0.8343499477169746
0.9925139520375876 0.0 0.9548390633422565 0.8623743825583375
0.9922023973926973 0.0 0.9487290983120528 0.8645011998628728
0.9907986065809045 0.0 0.948001409508051 0.8223519599666389
0.9907549961242058 0.0 0.9507631077892439 0.8588722523096528
0.9913189008144608 0.0 0.9465860072282601 0.8912608938994163
0.9941427130068909 0.0 0.9480999223401502 0.9015338570894127
0.9915339974685942 0.0 0.9501196585308028 0.8428602321055287
0.990906673468391 0.0 0.950504518785401 0.8978482614846252
0.9914327418732686 0.0 0.950816406455299 0.896630989153078
0.990506395884069 0.0 0.9512512102667537 0.898024523160763
0.9888778123326327 0.0 0.9501638788989729 0.8873576604554866
0.9929613481919449 0.0 0.9530315520076794 0.9044581965142713
0.9911405935176318 0.0 0.9541319913267173 0.8951267295212441
0.9934602805980911 0.0 0.9602703678023898 0.923758112452235
0.9897283089544189 0.0 0.9567586326566024 0.910740077416373
0.9845726048851855 0.0 0.9561715010003876 0.9172355430183357
0.9951586931900133 0.0 0.959332676054291 0.9070476802054904
0.9890057545540833 0.0 0.9581434804667681 0.9140347313902711
0.9926986464476533 0.0 0.9591358068976312 0.923742807105329
0.9904555809443478 0.0 0.9610362959691757 0.92314690672285
0.9896231610953318 0.0 0.9615928472790486 0.8900066118824974
0.9913007395945668 0.0 0.9638003602910751 0.8731454340473506
0.9923478534151923 0.0 0.9663899876846351 0.9063353599436074
0.9923237707340401 0.0 0.9608256894277469 0.8628353087960074
0.992483639988353 0.0 0.9622671982332608 0.8684468308964917
0.9907340630833323 0.0 0.9621052650199181 0.9165348670021567
0.9925705137190961 0.0 0.9615656225107412 0.9110574470256114
0.9917161389912403 0.0 0.9639191901677892 0.932929004637888
0.9909122333842595 0.0 0.9626220541568498 0.9319538400318345
0.9951868792118866 0.0 0.9615370189946785 0.9086012163336229
0.9958821043527828 0.0 0.96396320525788 0.9059768550034036
0.9896585612245459 0.0 0.959398445659758 0.9084591540845915
0.9943184917894803 0.0 0.9636333053563122 0.9107415498085641
0.9898348384162856 0.0 0.9562213616165104 0.8231919515744627
0.993364710121266 0.0 0.9652466769374082 0.89307471021237
0.9839534541503006 0.0 0.960462466913711 0.9232647639141222
0.9901940707064502 0.0 0.9649147888037075 0.9227422473680441
0.9909923334167482 0.0 0.9657220520726042 0.9192921582234559
0.9894579452968951 0.0 0.9635721837590805 0.8898653457867902
0.988867423020583 0.0 0.9632377798032444 0.8442071555279103
0.9906379910810323 0.0 0.9528955284786335 0.7701947950145018
0.9854309244321775 0.0 0.9374959530795787 0.6854307040548719
0.9893636828292675 0.0 0.9226619628625421 0.6171038508861488
0.9868342075732666 0.0 0.9044184291658581 0.5739400939233141
0.993589782035796 0.0 0.9193481891062285 0.6341985802977369
0.9880287969551349 0.0 0.912625974021435 0.6317531034001604
0.9894898232603296 0.0 0.8988369048293042 0.6166018001013044
0.9928557956711912 0.0 0.8860616158009946 0.605419698461376
0.9932270167046025 0.0 0.8924856434291538 0.649088658141249
0.9868504700231808 0.0 0.8793686531589653 0.6593636766212735
0.9906012431197362 0.0 0.8924630911171355 0.7257162747858338
0.9908656120123984 0.0 0.9049068231137825 0.7983222587434085
0.9903365057945328 0.0 0.9133955260136261 0.837143835147532
0.9931715775319069 0.0 0.8741079897969787 0.7996103714147832
0.9906739591410983 0.0 0.8996561402585018 0.9176581094794402
0.9805118717807024 0.0 0.22018732859608695 0.5240124097485721
