0.9852973587222805 0.05623937057354604 0.1716342618174012 0.25412824361998715
0.9954118976655953 0.05416638119956686 0.15870700822938125 0.15286526348133353
0.9938104112933032 0.05654404404404404 0.1696864390669995 0.18761384335154827
0.9957011790630953 0.057639889293416104 0.15818954707523408 0.3234009761109684
0.9921304704395298 0.053254722341197346 0.1637996793005389 0.17077931130628746
0.9951450189155108 0.05513201739572489 0.1660857846198166 0.3390222736476714
0.9932909672636682 0.05207520054168711 0.16200448971069864 0.3827420324714372
0.9891562502168889 0.05157369991641005 0.16656998137137818 0.5242085661080075
0.9937208842477299 0.049953355654224985 0.16916639007560832 0.2157260793070781
0.9901977966607608 0.05174995551781666 0.17627567318067744 0.23084495488105003
0.9967847101752707 0.05229883898261237 0.16799414193050158 0.17560013153567905
0.988893006058482 0.051544185271785024 0.17813975091543438 0.3619233268356075
0.9865204612787857 0.05273546245687657 0.16965304756153674 0.3170680628272251
0.9849106285832879 0.050581053716186174 0.18401193380536002 0.15854738706820196
0.9941112751835596 0.05462205828298482 0.1838067939315565 0.25973360655737704
0.9903024990585868 0.053304131419875764 0.1886454376160893 0.34153225806451615
0.993586304200946 0.050387201089269 0.18791391863818802 0.3657851626491926
0.9929611175579508 0.05218092567947463 0.18504655394924865 0.22545454545454546
0.9928612888049807 0.05368040256717816 0.18930795539228076 0.2357354737393125
0.9918043264683002 0.055208845869979706 0.19173636547050998 0.2971199416697047
0.9888822400443689 0.05203626259507704 0.1965699326863366 0.4732350659425912
0.996892654332519 0.052543078860311274 0.19255328363843777 0.45035852178709324
0.9915462895167412 0.052441753298353565 0.19251022461486195 0.46093538794268724
0.9929370735257484 0.05179660271393169 0.1964103268287978 0.2507297587955139
0.9844068809597876 0.0496464321613908 0.20289369493889994 0.39477090344292
0.9913624321983905 0.048791597187333224 0.2065333591508846 0.2149907464528069
0.9929749956851124 0.04616186057381 0.20251368614615606 0.23816415133347116
0.9945538184744118 0.05312044794877899 0.20692213497934173 0.41938968403996757
0.9909658682175544 0.053238465949947716 0.21048483555259054 0.2718260869565217
0.9942768133666771 0.05064575373947888 0.2100854974867632 0.37863860277653383
0.9872561416845137 0.04892739821399745 0.21638542979315298 0.29537161513347415
0.9872677248987664 0.04953080632093949 0.21182107823063331 0.2782320872274143
0.9932269844603882 0.05143062846619007 0.22424785862454902 0.41576695864738233
0.9924063797719824 0.04999269432353909 0.22369095593149946 0.3454658578317001
0.9923123382226057 0.047799819123340415 0.2323471912613435 0.5906463478717814
0.991902113019196 0.05118681591442274 0.2328702885373612 0.48166877370417194
0.9948560055201413 0.04983783481518761 0.23389266599161002 0.508255016510033
0.9927123918069996 0.048368953880764905 0.23952086689589394 0.5181818181818182
0.9938194977023945 0.04917018335981739 0.25808978098052193 0.5177845528455285
0.9895563448207703 0.04695921031676393 0.2511400641056369 0.48676171079429736
0.9935470556553866 0.047738312549041304 0.2602590871439425 0.45271178843567905
0.9908260467626943 0.04446206875514749 0.2558638693602907 0.5169821104485351
0.9942065414361271 0.04730216773243493 0.26749300374794976 0.347008855955178
0.9832360012001413 0.047087714671852854 0.26555865075809676 0.4113006396588486
0.9855162482697076 0.04681244803074287 0.2747586006878659 0.5499073338628541
0.9909584109577307 0.05028298678971269 0.2857644122267678 0.3043248945147679
0.9907726194722384 0.05309826484311803 0.2892306535789859 0.4288087722212992
0.9946776805840053 0.048583664154177086 0.3006114578739486 0.3283495427493105
0.9928348707049413 0.05119957228749968 0.3038270893931207 0.44632164242942685
0.9901745431901293 0.05337584993302968 0.30754125614813815 0.457148384600503
0.994164447192751 0.05403826230782887 0.31300808703069033 0.6048655569782331
0.9928039911129656 0.05375819383622384 0.3258152803285587 0.24371098921883866
0.9944980963877798 0.053297842920353986 0.3345676855039423 0.24011821204285186
0.9945272242110602 0.055180853383220686 0.3460859932214639 0.2942814058693887
0.9961448469331504 0.05408914095110846 0.3517669016265581 0.48545384018619087
0.9944107644176734 0.05455440786468191 0.35003357466394813 0.5043406366267053
0.990151671293995 0.054318900022186645 0.35493889555509184 0.274368630926008
0.9960117517799494 0.0553691579901997 0.3600698397246917 0.4679389312977099
0.9952939612884518 0.056071210165115175 0.37236537209665127 0.45331604297888106
0.9929222485165684 0.05849332645343135 0.37809211252293823 0.39777970011534025
0.9925357203677453 0.06133187203037571 0.40260539424378167 0.3581323755772191
0.9902439316967258 0.061877042785552984 0.3968634273724092 0.391598728755009
0.9938324543835957 0.06105527313179919 0.4026253040026296 0.2782372029728881
0.9917534338488295 0.06308711954653384 0.42262107327439524 0.4415219189412738
0.9964534855358798 0.0656229053993547 0.4341710906962698 0.4032529444756029
0.9929922574177442 0.06409448518179041 0.43819363032434544 0.48299639554928697
0.9933908427986531 0.06420637455245672 0.43047132050737824 0.3876017532874139
0.9915973335214103 0.05989451491187969 0.4306108908540373 0.19936279426514839
0.9950980750353791 0.06539119059716533 0.45286578103005126 0.3306477260680589
0.9924924014369956 0.06492774066968103 0.45219057246743083 0.527281746031746
0.9918276158178934 0.060643739343785086 0.44609654851769875 0.640126050420168
0.9942019955414885 0.0624991294609901 0.44927989112697936 0.4660561128070941
0.9915474595211718 0.06112205249076866 0.4675843832379172 0.25882352941176473
0.9880553891688101 0.06494906570618725 0.4720920843017517 0.2691297077792818
0.99373115524106 0.06422167626329553 0.4792601650376153 0.4695882130714016
0.9936677242962263 0.060716272489727385 0.471588948772839 0.14397661809556084
0.9880435517684453 0.06569597546509273 0.4690821053514159 0.28181755403632347
0.9923521148743562 0.062450401911308434 0.46213223144482957 0.5939122908251587
0.9888305940274014 0.06393048391023734 0.46872000914159323 0.6997824510514866
0.9798495352193779 0.060542794478430105 0.4748819205114943 0.7449616550740146
0.9863371864678547 0.061088290436797935 0.4839827184265175 0.7617615847187832
0.9885933869925415 0.06117448836773931 0.4915973234143723 0.780789521557213
0.9857778874021089 0.06902263004123682 0.5099513138524598 0.8144660388699659
0.9886083672601991 0.07147802334400145 0.5179619943433819 0.709001022843505
0.9902433418217671 0.06945736980447245 0.5251535821441461 0.8486894360603654
0.9914335823724454 0.07144702582273045 0.5439355381753394 0.7758559201141226
0.9923888176283646 0.07144870930920193 0.5533079349473597 0.7121134460960191
0.9885067734320032 0.07152600368633606 0.5699108292794973 0.7403032721468475
0.9911274352403041 0.07083131817937557 0.5711299675654424 0.7689505637467476
0.9872192893352599 0.07296997611736608 0.587078030835122 0.792845702082221
0.9889184147901234 0.07626914301087054 0.617969830634138 0.7670812744930994
0.9877557437707557 0.0727593736003583 0.6171860845459944 0.7181592810660056
0.9893972275444536 0.06810365716277626 0.6414089499335401 0.7272430668841762
0.990222019260473 0.0611629170836065 0.6469264181337016 0.8151342554922701
0.9920602906307494 0.05577933227491952 0.6712100143495012 0.7139682539682539
0.9903333793824809 0.04932051353642626 0.7000154587299233 0.7461300309597523
0.9892221100081287 0.020941209670334353 0.7073677263777834 0.6724114159658072
0.9920723589500028 0.011213645901491393 0.721651329263328 0.6298677665898338
0.9845417515523553 0.005232603627145696 0.7431781363249024 0.5736171208045843
0.9879022507665374 0.003332240032938582 0.7669656766335782 0.465434762217428
0.9879255966066328 0.0026876957814861865 0.7800357863118147 0.4121600741656366
0.9901686513012674 0.0014687894285686767 0.819481483780551 0.2457454972238523
0.9821631018063638 0.0002846753358363278 0.8328269289475693 0.2915127175368139
0.9855860535519537 0.0002886131030348778 0.8809127211225818 0.5296816479400749
0.9837911340131517 0.0 0.9027533661340296 0.6785714285714286
0.9878946747669474 0.0 0.9332671677120403 0.6640948871487794
0.9880001281206531 0.0 0.9289763420179777 0.6829010679497711
0.9852236863180359 0.0 0.9185699870829485 0.2848228946751114
0.9848128501112929 0.0 0.923074264696807 0.35835980363846376
0.9911609509055307 0.0 0.9340903844196636 0.7828657692791546
0.9911112704073404 0.0 0.9341517246411177 0.7964624788659124
0.9862515947036913 0.0 0.9326739690828602 0.7944184871827251
0.9895877802537734 0.0 0.9336057379191331 0.7636056473995414
0.9901853530110506 0.0 0.9385500831391483 0.7407878017789072
0.9903875823394465 0.0 0.940077689831899 0.81851116045343
0.9839700828559064 0.0 0.9345220193340494 0.8545297243851193
0.9892600937304985 0.0 0.938605031947889 0.8130633136753088
0.9931815040793162 0.0 0.9394150567146258 0.8764299467663382
0.9870734311809879 0.0 0.9353410017579734 0.8487538774200449
0.9900529888580185 0.0 0.9440237326112731 0.9063373197719906
0.99008103353808 0.0 0.9422888991243783 0.7686040735221064
0.9874734933891095 0.0 0.9390218913426782 0.8807995028997514
0.9909527831988582 0.0 0.9422628633114336 0.9110704110704111
0.9881265846339932 0.0 0.9426357340049402 0.8831327758515195
0.9836619901484239 0.0 0.9457598894805862 0.8369337343906663
0.9933696371979996 0.0 0.9525141542945698 0.8696897374701671
0.9886272257323377 0.0 0.9436174540580775 0.8424482606781154
0.9896997836022101 0.0 0.9482902391274523 0.8333040267276244
0.9923573680749538 0.0 0.954773456198542 0.8703239740820734
0.991482074794233 0.0 0.9485089792517445 0.8754759432329525
0.9907868471751695 0.0 0.9480092289597335 0.8304102603724021
0.9902052674467667 0.0 0.9506417297052013 0.866811874798322
0.9910943420426792 0.0 0.9462707826177035 0.8983625070581592
0.99370474446522 0.0 0.9477655903238689 0.8985332831891688
0.9910141455366166 0.0 0.9498576315662932 0.8540694282380397
0.9905112444250034 0.0 0.9503143522194861 0.9008134935442943
0.9909636639789247 0.0 0.9507469037229913 0.9016051248830346
0.9900978004612957 0.0 0.9510125471630058 0.8990825688073395
0.9884547139219655 0.0 0.9500639971047743 0.898537536561586
0.9929968792185315 0.0 0.9531968508596522 0.9123150840814263
0.9909025669206807 0.0 0.9542571596444035 0.9023058996688336
0.993236931015994 0.0 0.9602863321637977 0.9227733592374476
0.9892071750080188 0.0 0.9564411604287222 0.9088651458273174
0.9840145365024472 0.0 0.9558755891215795 0.9184355012169582
0.995073017944998 0.0 0.9594016835220736 0.9074441288386301
0.9889520242558115 0.0 0.9579857850485722 0.9060484485297852
0.9926287521771803 0.0 0.9592445409079272 0.9265375569233849
0.9904071405443213 0.0 0.9611064229401508 0.9301734879708616
0.9899384883264386 0.0 0.9619594405050449 0.8972818311874106
0.9918557928793854 0.0 0.9647374142833249 0.8985749431369818
0.9926488163742276 0.0 0.9667112867278349 0.9108322617833547
0.9930457580951051 0.0 0.9620597877892352 0.8916293878209003
0.9922570859877685 0.0 0.9634176211708995 0.9194343839099947
0.9916952510902088 0.0 0.9624886712831188 0.9012552003698041
0.9931728206819592 0.0 0.9619858960777622 0.9089820768915037
0.9927775275481657 0.0 0.964800508477427 0.933010756203616
0.9920082712791781 0.0 0.963588513001967 0.9343201312978044
0.9945313759062546 0.0 0.9612497219787265 0.9138913362701909
0.9966486508909458 0.0 0.9647823635553324 0.9163874041044673
0.9917762868842376 0.0 0.9610649191424698 0.9111217932500126
0.9934468602875507 0.0 0.9637691978973058 0.9287320198235223
0.9903015812711892 0.0 0.9603078623086765 0.8932837372640529
0.9942854120456491 0.0 0.9662489386123236 0.9152015413920697
0.9837349636072639 0.0 0.960574842591534 0.9280886780039475
0.9893324516614289 0.0 0.9642276754622059 0.9247319710437093
0.9922720071513789 0.0 0.9669463568070633 0.9248110965270141
0.9892319780813884 0.0 0.965832662583048 0.9294870813104008
0.9896116290597086 0.0 0.970002319099539 0.92144126635042
0.991909016530616 0.0 0.9688134035134658 0.932213990185702
0.985323532588026 0.0 0.9650244164344336 0.9303038997153009
0.989099140053794 0.0 0.9659442486053595 0.9222420265466458
0.9890746149021115 0.0 0.9656621843068796 0.9250799857803057
0.9927593315790356 0.0 0.9672230536847648 0.9227801746988443
0.9900481206856749 0.0 0.9691741913381505 0.9256695289445073
0.9916372367961581 0.0 0.9683105318460183 0.9312266051447073
0.993594162691243 0.0 0.9630940443893983 0.8968852842370629
0.9953727333134311 0.0 0.9625937375066212 0.8899676537951541
0.9882732439119426 0.0 0.9507640822540125 0.8755472419008199
0.9935091834817751 0.0 0.9511009159336349 0.888525549919308
0.9922436611452458 0.0 0.9442816656420099 0.9029023569023569
0.9917936193671532 0.0 0.9268679908832725 0.8710897455593699
0.9927363736439506 0.0 0.9024763887856028 0.8607161353043257
0.9907068309300587 0.0 0.9154841899587771 0.9374368339715099
0.9870365139723194 0.0 0.27187065524510023 0.6538412199632413
