0.9861050073181823 0.06881065398923972 0.17047481061123806 0.38819875776397517
0.9963877463637425 0.06579283456494052 0.15715080770020035 0.325452016689847
0.9945347142954831 0.06508510458501786 0.16653595349984504 0.3934377771208986
0.9957603642232553 0.06867788199960827 0.15679490738810953 0.4563262684649968
0.9929101236398667 0.06779053991054211 0.16355528157748941 0.3896807297605473
0.9958077685789583 0.0648668152135354 0.1642944685655077 0.4020364085158902
0.9940970514193119 0.06283474212490386 0.16032317651126135 0.4331896551724138
0.9891669002183824 0.05974563176857912 0.16441808589037474 0.5949044585987261
0.9940038150001382 0.057894098275413815 0.16697937358163256 0.47117516629711753
0.9907464316953879 0.06296173208337023 0.1739903601196005 0.5144858325374084
0.9967011541884336 0.060983590515158746 0.16549369910518005 0.338452787258248
0.9896814973130432 0.06474098076336314 0.17701975117624144 0.5095541401273885
0.9873059668512635 0.06755553257515853 0.16851674171464037 0.4911192557090499
0.985167541045676 0.06315186737579018 0.18049802379046168 0.4228412256267409
0.9945640376035284 0.06650953290425145 0.1817915417486483 0.5076877587226494
0.9909715016772608 0.06771814458491365 0.18776959997925843 0.5975456261799874
0.9942241970255422 0.06258066881438817 0.18580197604560783 0.5901585204755614
0.9936817341209736 0.06387242884209274 0.18419585415221149 0.4628794709948903
0.9935053667787597 0.06789405014660273 0.18790092407984976 0.4389301634472511
0.9925384218317815 0.07108296726891555 0.19068373219304538 0.5118577075098815
0.9890524349942733 0.06431594256255656 0.1949085156119828 0.5962952072919729
0.9969010811430971 0.06661634993625802 0.1908323680291246 0.5309734513274337
0.9922561453218323 0.05897451872157498 0.19057642314043066 0.5553965073003149
0.993860258606689 0.058569016361108575 0.19492177270865332 0.47609038360483447
0.985085117690422 0.05698288689754449 0.20127136376231364 0.497134670487106
0.9921211854739624 0.055460452409508844 0.2049242278777024 0.4485619469026549
0.9930352386091523 0.05225473723060188 0.200946143477561 0.3816576473939049
0.9954355018148445 0.057298922889358825 0.20594863994244048 0.5141782407407407
0.9913520433931242 0.05802837675099146 0.20846554943378148 0.4079925650557621
0.9948816674617159 0.056391852380626425 0.20713998110029172 0.5188553089061246
0.9879188564272366 0.05570965224144073 0.21440368276351018 0.45696361355081555
0.9882443962877813 0.05491832963167611 0.21074676537895112 0.4363256784968685
0.994192751994399 0.0559669037009445 0.22147481999731067 0.5776839883935637
0.9935668984779623 0.054711589751318165 0.2219762614413103 0.5869234668018246
0.9935932042113774 0.052722937510742654 0.22980089833220138 0.6110665597433841
0.9929130635326356 0.05654228905330754 0.23179577267557636 0.5264135917175471
0.9951479821856117 0.053802630845992856 0.23124649173177797 0.5913448370309504
0.9935788708504967 0.053570659872560454 0.23823072090529637 0.6589968976215098
0.9943910125671943 0.05323318526202088 0.25569984298394594 0.578005115089514
0.9903595466259664 0.05148570398530398 0.25046122353379047 0.5548453081053439
0.9940932199124176 0.05219653031503104 0.25879319624416297 0.57756376887038
0.9909480807232456 0.049870520848019975 0.2548184393715408 0.543035993740219
0.9952029196746373 0.053496178624140245 0.2655357489105109 0.45762341633901266
0.9839842513704092 0.05333672787448684 0.26408921850575334 0.5281572010543973
0.9862972023983064 0.0514194501060688 0.2740889156882016 0.6244069583552978
0.9913545975303169 0.05525261694523618 0.28503526525605644 0.621164532495772
0.9910211038473475 0.05905962750854228 0.2891631547260686 0.6591177164425572
0.9948843686426293 0.05416465583693827 0.300051931630879 0.6146583850931677
0.9934999993864451 0.05674970166242622 0.3032336166133147 0.5444033302497687
0.9903884774044373 0.05893830556262779 0.3074948497965996 0.627906976744186
0.994475185195103 0.05949881316766337 0.3136241507507429 0.7170654746252958
0.99322431730788 0.059835001695188066 0.3246974421685519 0.6989759466539652
0.9950239942921928 0.05924232798386874 0.33322861605095627 0.7086956521739131
0.9951217838933114 0.060682237563109434 0.345575470561221 0.6374020156774916
0.9965850031663439 0.06059691244021405 0.35259474668003987 0.6860997350036135
0.9950597283945212 0.06043828940672085 0.35125415797738974 0.6705134243994347
0.9909657944027205 0.061120250159467066 0.3551687731844196 0.6843671320668345
0.9967164244112189 0.06225839686292741 0.36160688637449256 0.614313263338333
0.9957869206109932 0.06345394010492801 0.3729550123237037 0.6047240802675585
0.9930476484551402 0.06511547815279876 0.3780431040215151 0.48017688319609636
0.9935527431422941 0.06695447002696536 0.4022069716865506 0.48339973439575035
0.9911230999703744 0.06729400469027377 0.39755076179822 0.5872727272727273
0.9943750415109378 0.06548146846006096 0.4034338781392026 0.4907481898632341
0.9925367440925478 0.06847128241072642 0.4239749841070106 0.5330457290767904
0.9971067503063333 0.07153557239313085 0.43624883791096253 0.5139202407825433
0.9940593866678671 0.07141025326229003 0.44096266225794306 0.6160042024163894
0.9942502804741232 0.07137227003189257 0.43181699401913487 0.4962686567164179
0.9926676143238093 0.06750578016536596 0.4349740408493586 0.33213793103448275
0.9963901027432296 0.07213917428088937 0.45688663252129724 0.5553100836357898
0.9936918044398733 0.07083037734502576 0.4546303709634374 0.7563727538654409
0.9923728823835409 0.06514822287754152 0.4471543720727643 0.7515644555694618
0.9955217891507038 0.06783450270159588 0.45146323674467376 0.7770540029417945
0.9926977815187841 0.0646807026946811 0.46852049724627304 0.7299798792756539
0.9890134719809521 0.0699647973109989 0.47543513829119377 0.7489037178265014
0.9949535225048923 0.06912051763760381 0.48261201263221865 0.7686230248306998
0.9949015285595407 0.06386289666395444 0.4749946053116183 0.2674323215750615
0.9890458855682308 0.06752671124085395 0.47235583227023575 0.4939249294857887
0.9935376702911207 0.0648635744477679 0.4630560950236883 0.8913043478260869
0.9896486533181361 0.06755644419380288 0.4699953112038184 0.7884545783568585
0.9809718228938832 0.06531385046755987 0.4763017282208257 0.8512304250559284
0.9873467113292436 0.06511379748870795 0.4850248953485867 0.8959156785243741
0.989246778497525 0.06565714362147196 0.49286449798263504 0.8655415430267063
0.9860705212985069 0.0717712448110327 0.5108932181761493 0.8656512399921891
0.9902405282341494 0.07524331848464665 0.5193553454384447 0.7902229845626072
0.9917340575458631 0.07376131088488896 0.5266171939488545 0.8818234054778779
0.9931033407230395 0.07598421892050701 0.5458901712161622 0.851310927327116
0.9938131131849725 0.07680309276045724 0.5554783332483431 0.8204906703524534
0.989919071621258 0.07717060194785692 0.5715536803844796 0.8255247691015953
0.9925539773981766 0.07577120131847659 0.5728870426323075 0.8217906856848256
0.988931406909377 0.07964966244483074 0.5894819311378968 0.8271346254583551
0.9904575884180146 0.0822191247056196 0.6201542254629386 0.8280114884270992
0.9894298553489683 0.07955964771817454 0.6193454660542391 0.7119383452086666
0.9910393723083327 0.0783778149344157 0.6445899934559638 0.7961562696912413
0.9923054476014657 0.07361276720756217 0.651052183139348 0.8701657458563536
0.9938143797535588 0.07332303394173752 0.6763093556861495 0.7882673505369451
0.9913156136514362 0.0706436141566663 0.7053730854418052 0.798947983635301
0.9913031484523742 0.045381609599812356 0.713635037187182 0.7788461538461539
0.9937279401817668 0.035145575647623 0.7273839401200812 0.6939963614311704
0.9873423129268307 0.014847684319052857 0.7460769523152702 0.6303754266211604
0.9910728748365073 0.007788766417412158 0.7689444579844161 0.5060645642843814
0.9917483963218954 0.012689876047103612 0.783246085747007 0.5077152375942486
0.9943289584845492 0.006346315089484488 0.8255475879792018 0.3649838749689903
0.9858290919780831 0.0008146178039846139 0.835344521463024 0.3661589027242273
0.9896028324291041 0.004398695352942936 0.8831135947333248 0.5809128630705395
0.9885889583452587 0.0017397776433921012 0.9055016509052846 0.7986058301647655
0.9926817648868096 8.405833648552095e-05 0.9370196687185699 0.8588791357191087
0.9913422289301272 0.0002142503247231484 0.9318269870513288 0.8221190057745418
0.9898032385997049 0.0 0.9285085980117278 0.5127748528956333
0.9890777955307514 0.0 0.9262649070592072 0.4003157156220767
0.9953077169352438 0.0 0.9369852800151443 0.8126359023918821
0.9948695779749113 0.0 0.9367625394802621 0.8176557498153164
0.9902782926397558 0.0 0.9354083581149897 0.8029673590504451
0.9927688339311828 0.0 0.9360165393533739 0.8095182820661637
0.9937100242996397 0.0 0.9413910809689688 0.8076793153924108
0.9943821732101772 0.0 0.942805510240469 0.8227708585914251
0.9871817519129544 0.0 0.9366274854261529 0.8599303135888502
0.9926928639201335 0.0 0.941055161974869 0.840737991729403
0.9962290901349374 0.0 0.9414833922033542 0.892702468601126
0.9909852294529456 0.0 0.9380144123849496 0.8677002583979329
0.9930219909196567 0.0 0.9456656285919187 0.8943460273681977
0.993593062610631 0.0 0.9446871755926723 0.7953345492944226
0.9916972558256296 0.0 0.9413951372472563 0.8743383650264654
0.9935529243548558 0.0 0.9438614568802524 0.9051999612665828
0.9912461020795885 0.0 0.9443636501951606 0.8608495098981357
0.9873338643789901 0.0 0.948338510961131 0.8756915937890416
0.9951318142392399 0.0 0.95354229073817 0.8526991590559725
0.9922969300291077 0.0 0.946023152323122 0.872852233676976
0.9936037024612953 0.0 0.9509754069380768 0.85018758526603
0.9934651455719934 0.0 0.9554513237960441 0.8607615894039735
0.9948112879337594 0.0 0.950640478079721 0.8744174434087882
0.9935602025954829 0.0 0.9501197825053533 0.8482230069877527
0.9940081058593017 0.0 0.9531110327640915 0.8695279638572987
0.9942256567193524 0.0 0.948808103132031 0.8857938718662952
0.9958885874782657 0.0 0.9494691868937811 0.9105863430326071
0.99453329631471 0.0 0.9523556425415493 0.8520705898896154
0.9940702669031035 0.0 0.9526293905166381 0.8844581510435344
0.9946570004689917 0.0 0.9529195169384341 0.8885191347753744
0.9933191382598675 0.0 0.9529975966735337 0.8846153846153846
0.9923860809413491 0.0 0.9526311143974366 0.893413775766717
0.9958399152622034 0.0 0.9550594112358477 0.9130113811135036
0.9947564787738228 0.0 0.9561789710049714 0.886094674556213
0.9962722977668887 0.0 0.961836274642901 0.9066065890338815
0.9922509389776125 0.0 0.9582007354832656 0.8981393529641839
0.9879137291127903 0.0 0.9581921278213165 0.9084680734447794
0.995790318677362 0.0 0.9598210240878086 0.9180500105064089
0.992658862427222 0.0 0.9605860558946291 0.923368211260588
0.9952175396471437 0.0 0.9606566139075245 0.9174155938790381
0.9942628664926745 0.0 0.9638753648204391 0.9411210551106924
0.9933095450490633 0.0 0.9640764386190319 0.8898043728423475
0.9949019634299644 0.0 0.9663787552568566 0.8745091038914673
0.9958729350844776 0.0 0.9685685864408509 0.888435720961849
0.9944439493803527 0.0 0.9616797744834307 0.8381627277112009
0.993975756559431 0.0 0.9607184975269745 0.785175879396985
0.9944031755689192 0.0 0.9634739027657325 0.8632066049670417
0.9951366231862385 0.0 0.9634244440869266 0.9069464833844922
0.9953160082368909 0.0 0.9665398402448703 0.9245055398584082
0.9940215675735626 0.0 0.964877818256199 0.926909899621326
0.9931510249718853 0.0 0.9598434996004523 0.9022184300341297
0.995707382974435 0.0 0.9639490699691889 0.9071973769081918
0.9920968690219204 0.0 0.9600489038173011 0.8776186277080007
0.9928138141738717 0.0 0.9617531701917755 0.8969895228073386
0.9926968194353484 0.0 0.9583102142676437 0.8071208067503601
0.9945603186484415 0.0 0.9632442515445622 0.8492074596733894
0.9847577270718993 0.0 0.9612795270242737 0.9313262878758336
0.9900320612852886 0.0 0.9651734760784542 0.9367195805329825
0.9939735550228521 0.0 0.966687472211772 0.9000745838559854
0.9908726196909605 0.0 0.9643819133954086 0.8895122691846089
0.9910087187481956 0.0 0.9713848195424765 0.9296135721017907
0.9937758661154759 0.0 0.9693416563002114 0.9232575891022253
0.9867735141762632 0.0 0.9603847822892855 0.8694997660556991
0.9880420072218381 0.0 0.9482995553322835 0.7753342629808876
0.9902483477650834 0.0 0.9367420310732091 0.713579468466172
0.9923850493973441 0.0 0.9348996182917972 0.711828812148174
0.9902918770352224 0.0 0.9454397544048201 0.7743124605907746
0.9919960669812282 0.0 0.9376315114531999 0.7601956458172732
0.9944857632760461 0.0 0.9123811815230655 0.684375688174411
0.9956761918736462 0.0 0.925051886306431 0.7439636000081614
0.9895119398449822 0.0 0.9200218237804468 0.76991226464777
0.9948054230660885 0.0 0.9419598554859517 0.8597311282394513
0.9928449495662917 0.0 0.9396484783623285 0.8905469233525523
0.9931895532844847 0.0 0.9319792772146226 0.8846491021872174
0.9921166250886763 0.0 0.8986530115777934 0.8594976487007849
0.9919994340729179 0.0 0.9145766801930512 0.9359331151192979
0.9880200825172739 0.0 0.24374255065554232 0.587985922798333
