0.9859846892633778 0.06666751612762302 0.17069078812765826 0.1724137931034483
0.9961724946382489 0.06544789438487872 0.15639096184745685 0.024602460246024603
0.994424251350541 0.06569015655782408 0.1658137114073999 0.19345238095238096
0.995673133545327 0.06888159458097334 0.15681726875266816 0.21290944123314065
0.9927595454656163 0.06626474552540566 0.16328803030798889 0.15963511972633979
0.9954605493927303 0.0648867418979227 0.1626501414164213 0.17124344338167233
0.994022636268185 0.06336222421074438 0.1599697504799647 0.18596059113300492
0.989283825960008 0.06042760541313737 0.16421671374499047 0.35397382700287267
0.9939539371286868 0.059132796400574714 0.16722057063079226 0.2838137472283814
0.9906802921306785 0.06315492454182667 0.1736004876781879 0.2903533906399236
0.9967442511437924 0.06463654378254143 0.16479439116705044 0.09328782707622298
0.9891222218804622 0.06431357922463576 0.17757738453268926 0.30069348127600554
0.9871198034006237 0.06403554229924283 0.16849707358354107 0.26360304482661406
0.985223955503279 0.06269177826193971 0.18032850372890144 0.20278551532033426
0.9945380034659478 0.064787378874029 0.18213318486632749 0.2740981667652277
0.9908688737018274 0.06521066616322246 0.18716680806366906 0.3709217611656636
0.9942274996056866 0.06398467324844179 0.18687981549025917 0.3382011284434119
0.99356297906953 0.06576289925015164 0.18452418153171082 0.2088607594936709
0.9933782441288279 0.06673551494734917 0.18891695772711803 0.21664190193164934
0.9923521562974794 0.06750090956092143 0.19127893685330047 0.29757199322416716
0.9890100269216645 0.06251236227819058 0.1953609579245845 0.37160566706021253
0.9970178987110926 0.06382988931482664 0.19189441526564438 0.29317727662003995
0.9921718156125134 0.060164525180635454 0.19129397832129874 0.30146006298310907
0.9936124668626113 0.06033622838212335 0.19545885652011682 0.2558506442282409
0.9849951383905501 0.05825418827776932 0.20174929389210575 0.21989678899082568
0.9921272536743961 0.05783337750822432 0.20590871401899452 0.20232493772488236
0.9930212214086024 0.054128649745798514 0.20107105982362172 0.05810310452862432
0.99553032912699 0.06003927876300218 0.20593060113472586 0.2628372497824195
0.9915135523931344 0.06152736833327611 0.20918768289876039 0.13801115241635686
0.9951688822472851 0.05893859591553669 0.20889016554141088 0.3177920685959271
0.9884049284536087 0.056544604942877955 0.21472457298231795 0.24314810158410863
0.9882713718070472 0.05695085974583135 0.21147078460160154 0.2607105538140021
0.994171842815399 0.05818737230476266 0.22280503906269125 0.41566746602717825
0.9936381998133872 0.05687643929915495 0.22332135098347317 0.42882698696652183
0.9936905756748828 0.0550381041496745 0.23150507356898245 0.4398173025255239
0.9932330157599502 0.05918376915457031 0.23247238473140924 0.32651977701088397
0.9953118871366401 0.05706442578144807 0.23189960651406386 0.3593536017529444
0.9934319067702941 0.056496813182523004 0.23894523555449526 0.4661594963273872
0.9943618483397451 0.05628191040809547 0.2571562906436469 0.3097186700767263
0.9901919083243677 0.054485359823587216 0.2508766275777432 0.2978777806187676
0.9940692810654909 0.05461418996239987 0.2591052563308015 0.3024466423737637
0.9911231783536201 0.051706427711692454 0.2558384767913762 0.3407209612817089
0.9952296660385007 0.05442542877835204 0.26679662624510364 0.2634338138925295
0.9842830195845096 0.055109854109798656 0.2649407148814734 0.33221153846153845
0.9864861096322437 0.05493849314712231 0.2751472040158445 0.3580508474576271
0.9914908516579363 0.06010194222991757 0.2857972877454885 0.419094247246022
0.9912574351221844 0.06306361186099052 0.28961458343394536 0.4745722433460076
0.9951333135097631 0.05633520033433612 0.2999965287336094 0.4013605442176871
0.993768812896275 0.05858246186583167 0.30390062588583133 0.3598519888991674
0.9903748968520969 0.0608875128998968 0.3070606522242628 0.40232558139534885
0.9946834148835171 0.061078581674182515 0.31291696749720455 0.44898497231742684
0.993476778331241 0.061832395304076554 0.324172004406185 0.4772239446696876
0.994727944338037 0.061167391031970546 0.3329377790046405 0.46574344023323616
0.9950569401295608 0.06290042743436497 0.3451825103115473 0.425979843225084
0.9961953533594651 0.06258546495892363 0.35179015619818615 0.4572336265884653
0.994948592135904 0.0625124290949725 0.350551053245837 0.41517436380772854
0.9909863382711469 0.06273292222610259 0.3540480610223997 0.4141090242785158
0.9965016397051797 0.06407950415000163 0.3605779892924789 0.40396210163652024
0.9955928248434722 0.06515862959008631 0.37199484290571055 0.38056768558951964
0.9927028249268895 0.06697943664041707 0.37849260312629096 0.47521929824561404
0.9936247526533549 0.06973163704638892 0.4036462787383033 0.44494939062177236
0.9911362085281908 0.06968091782551787 0.3972567880079284 0.3848181338956247
0.9940814471115361 0.0681173888033348 0.4031854574511901 0.3657890086587736
0.9926106316323577 0.07048282516043892 0.42440138364026664 0.48956067855589386
0.9968730799613797 0.07336029122099737 0.4363264468250937 0.46185230518155856
0.9937831989461482 0.07265217326194182 0.44022554175207435 0.46607176055028815
0.9942337636367405 0.07231307090683016 0.43234332055739455 0.4755470980019029
0.9928464858042323 0.06802507922408085 0.4375432914118813 0.4346509162501893
0.9960830867760042 0.07371970507072613 0.45651245691326375 0.4716947006691988
0.9937544719193782 0.07198022472161321 0.45421800124980244 0.5755230125523012
0.9922056099240565 0.06760686125328538 0.4464747652931866 0.540273396424816
0.9952705667320367 0.06988086860499723 0.4506705212253238 0.5747732545876397
0.9926967487894429 0.06789489727839511 0.4683349451505285 0.5260035594225826
0.9890673608487616 0.07242114336299678 0.4754903158247875 0.5536150234741785
0.9949080539325623 0.0716893160718151 0.482123722730775 0.6226882745471878
0.9949648471966729 0.06682403844201942 0.47614963324309595 0.24887096774193548
0.9893479688110888 0.07095799431180495 0.47386250694468596 0.44495412844036697
0.9935077239754725 0.06791013045985803 0.4637041911946764 0.7813699737320671
0.9898355643387151 0.07108457026863363 0.4703224619960954 0.6427007299270073
0.9811869997520178 0.06886253918880085 0.47699082212371346 0.7324561403508771
0.9870276184980752 0.06868755875535001 0.4851450019458253 0.7797095911348872
0.9889264631869671 0.06907255981330056 0.4932693743287435 0.7794173287930383
0.9859727859971854 0.07520003459390004 0.5111493468449618 0.7631790744466801
0.9904917661471316 0.07889891509270654 0.520123268573851 0.6688695652173913
0.991537702396099 0.07848622847975022 0.5274942525722095 0.8163841807909604
0.9930737073179509 0.08241604391587709 0.5473185067003339 0.7232637029101946
0.993382030172584 0.08150360393006126 0.555746134999448 0.6540858725761773
0.989960372397095 0.08120128119521088 0.5721951058637293 0.7299743808710504
0.9924268642253468 0.08109099497911842 0.5738006164328274 0.709559463694933
0.9888908092902395 0.08501253021255915 0.5907039845008748 0.7367760444683522
0.9902610525812277 0.08631901363372597 0.6207775433621114 0.7270237891494096
0.989190901162128 0.08484899416145439 0.6208092136014042 0.7108296801428803
0.9911264582541846 0.08124428568391061 0.6448432440841779 0.654530612244898
0.9924173705819372 0.07565595749408381 0.6511147556015272 0.7823307654482872
0.9936127999685311 0.07383282810415352 0.6760191934654016 0.6967240238252813
0.9916294422750759 0.06408533875166678 0.7033838491978525 0.7118393858872158
0.9917036413096351 0.032215018937477025 0.7107745498757465 0.6574333284219832
0.9939492028197698 0.020289846903113796 0.7237756453328964 0.6342489157576554
0.9872462367244919 0.00900241253391159 0.7456866810091922 0.604122621564482
0.9909824848156602 0.004437053237651366 0.7694537004214423 0.5270903010033445
0.9904072248288677 0.0028860083298122776 0.7828300999086707 0.5088843577046315
0.9933013192712596 0.0021931092987834268 0.8251105628378087 0.31478209658421674
0.9850617106129976 0.00037103157532478707 0.8347145858192827 0.3221090473337328
0.9883761507234797 0.0007182737733809221 0.8824926547899418 0.5151915455746368
0.9873635096663251 0.0 0.9051438159772672 0.7031390134529149
0.99164803093339 0.0 0.9366003848204483 0.7762314094692319
0.9904152660584025 0.00019972836941759207 0.9289241203498432 0.5553401822058538
0.9887553634513782 0.0 0.9205253390247258 0.27440767032359176
0.9881405001918449 0.0 0.9229043293053627 0.30406206760229293
0.9946234082828271 0.0 0.9364243992397739 0.7748244734202607
0.9941351436705019 0.0 0.9362658076355368 0.7847051198963059
0.9895547609717869 0.0 0.9350281522208512 0.7826966860612193
0.9920349167799615 0.0 0.9352169701907609 0.7557325609461742
0.9929748589776677 0.0 0.9405159675723167 0.7414958061509785
0.9936521210278242 0.0 0.9423538577816548 0.8135811126694718
0.9865420113526973 0.0 0.9362765390232514 0.8446071738860618
0.9920510186592704 0.0 0.9405081013213226 0.8090351366424986
0.9956337961169667 0.0 0.9409982971459637 0.8757369614512471
0.9898615490871419 0.0 0.9372586603070424 0.849720910261915
0.9923057276401673 0.0 0.9455503541619966 0.8981182496381249
0.9926696836753994 0.0 0.9439705760268521 0.7589738490603559
0.9901378160670883 0.0 0.9409641174809192 0.877407330710292
0.992453498176262 0.0 0.9434900271758043 0.9152004909983633
0.9900537081157509 0.0 0.9440940151382226 0.8850209890447425
0.9858812628019638 0.0 0.9473632370192335 0.837254004576659
0.9949020666291283 0.0 0.9533604699644866 0.8648648648648649
0.9909616617308854 0.0 0.9451825248474366 0.832126457082303
0.9923641553095559 0.0 0.9500508677143111 0.829535495179667
0.9932139455048707 0.0 0.9555506589614601 0.8676827156217527
0.9939107850469561 0.0 0.950151194818103 0.8745991853713493
0.9924310857038503 0.0 0.9494016741359718 0.8307763472361421
0.9925586898312473 0.0 0.9525251272724767 0.8692656832549847
0.9931081872469939 0.0 0.9480824667725885 0.8949532408900355
0.9951886140547408 0.0 0.9489092961844154 0.896021021021021
0.9930810259324311 0.0 0.9515312354833715 0.8514606250455307
0.9926381366877585 0.0 0.9519435528802934 0.8968736109053193
0.9933932097669597 0.0 0.9523579458614951 0.8996633961183127
0.9920857949568038 0.0 0.9525538551515742 0.8954088562890519
0.9909728566863645 0.0 0.9518918806528746 0.8978811637400376
0.9945953134924548 0.0 0.9543021616367301 0.9088558092594928
0.9934330109152285 0.0 0.9558361218074046 0.9011898920510304
0.9953759024948592 0.0 0.9616448370392934 0.9177337521140372
0.9914075320059155 0.0 0.9577645544229589 0.9027961187345697
0.986567897297988 0.0 0.9575129592212202 0.915228426395939
0.9958040421533108 0.0 0.9599292784020217 0.9115252784918595
0.9913804476376495 0.0 0.9596779898186761 0.908315565031983
0.9944171494731644 0.0 0.9604042122726776 0.9247661447651443
0.9928984523627078 0.0 0.9627459897027854 0.9237166618870088
0.991791321604049 0.0 0.9632734180236567 0.8955223880597015
0.9936635698559094 0.0 0.9660472890925565 0.8982169390787519
0.9946064919069714 0.0 0.9680846728318124 0.9068709705908328
0.9940669681702456 0.0 0.9629435027167341 0.8929780715898097
0.9932959671732833 0.0 0.9642627074180544 0.9206801046314818
0.9928672497799639 0.0 0.9638014622235296 0.9133004216064285
0.9944250981218555 0.0 0.9629640477280876 0.9066035164236064
0.9939820433986442 0.0 0.9656721959674711 0.9295393836732034
0.9928641761158459 0.0 0.9640966610079548 0.9288508331536637
0.9941855501193692 0.0 0.960851310366009 0.9113590441887025
0.996358582530796 0.0 0.9646876917541167 0.9171391431811268
0.9917280612485743 0.0 0.9612524177824389 0.915205715443859
0.9936646593823404 0.0 0.9640208014536287 0.9320200849748937
0.9914204067536027 0.0 0.9616495915059958 0.9059010419100126
0.9945340745723664 0.0 0.9664035400829686 0.9142906966605633
0.9845048810246703 0.0 0.9612039515733901 0.9307101956418006
0.9900396233959795 0.0 0.9649091596243812 0.9289539580705891
0.9930870414152062 0.0 0.9675320573018935 0.9245988361840946
0.990224681133772 0.0 0.9664450721533354 0.9280420860018298
0.9903580742029668 0.0 0.970996812168077 0.926753585064678
0.9927612707061597 0.0 0.9694489640400379 0.9327492048250615
0.9863222776636337 0.0 0.9656516061011114 0.9292670875651935
0.9890133560569748 0.0 0.9653040718653073 0.9185571799966391
0.9893995153251163 0.0 0.9660630163291244 0.9272814490410497
0.9927983760739001 0.0 0.9662685742062773 0.9148961922360023
0.990008167091762 0.0 0.9692241922694612 0.9262435677530018
0.991843665250678 0.0 0.9684148322192774 0.9306845819544676
0.9943360272081759 0.0 0.963224593305572 0.8945205713019113
0.9958666193087754 0.0 0.964271500730544 0.8962869933356291
0.9892359569003804 0.0 0.9508550233373363 0.872672468277505
0.9942801520795286 0.0 0.9491245954475515 0.8777427536650232
0.9927212558499536 0.0 0.9423065799420373 0.895081271513543
0.9925343657591426 0.0 0.9236900651043444 0.8597975710764725
0.9935268721295426 0.0 0.8990023053438757 0.8501360159202527
0.9915575199615442 0.0 0.9008998871853026 0.9176507278259624
0.9882016258364209 0.0 0.21063406485957956 0.49432927523040165
