0.9850221139735855 0.08393072969164041 0.17490189235840742 0.11389897655992076
0.9949682303040212 0.08750663607204802 0.16000586997994423 0.03994573409707567
0.9934052261018362 0.09546574094687016 0.168658080760435 0.1298323640095792
0.9949536660879669 0.0834381062170662 0.15893553091949533 0.1562632696390658
0.9918240457777645 0.09758048268241011 0.16860354643420367 0.059675084445874216
0.994831010646391 0.09090632975543042 0.16866721968863652 0.18457462466882543
0.9926502604238433 0.10049788099093822 0.16677075932477944 0.24639459957042037
0.9885538037850459 0.08661140169935892 0.1678268282391516 0.38150782361308677
0.9932633954312216 0.08928082938872749 0.17098142851743123 0.18764008965738072
0.9898272035011181 0.11234704934759511 0.18362757089059834 0.3132108486439195
0.9961851053242661 0.11915306711444613 0.17531792350278932 0.10193513218860725
0.9884843296459289 0.1189603094601189 0.18422250717709618 0.3075902335456476
0.9861497988238935 0.10096874233060396 0.17418289089394012 0.20546859520507232
0.9841963004946681 0.1067428692811415 0.19090514898027228 0.18117947626144348
0.9936868106324174 0.09650072682462496 0.18895149941218178 0.1435163820950623
0.989881053579412 0.06702228041773203 0.18983848595350583 0.29711029711029713
0.9932215895540186 0.07051746431435293 0.19036656806116767 0.2940059669107676
0.9925660393147121 0.08228715779912862 0.1891144573587123 0.11697327316903852
0.9927377639938265 0.09034975920052854 0.195273030092058 0.2317221277629342
0.9916898990759792 0.07241393571519943 0.19496751802452383 0.26256410256410256
0.9886799658015297 0.08880876275095584 0.20169255791137883 0.40340469435130255
0.9964769045590272 0.09355138589310444 0.19755343557950023 0.3331433456825306
0.9913729044392632 0.08609175586389639 0.1949614025180382 0.29988221436984686
0.9927490573041831 0.08729217983262598 0.20083754430128742 0.235543369890329
0.9842464235107096 0.07256964198017106 0.20596705230871423 0.22110983981693363
0.9912965204402304 0.07698209093796575 0.21075157209950657 0.08612777973879279
0.9929633922593643 0.05724471070495982 0.20523760218472764 0.02439565313816811
0.9946923834485143 0.06454913208613221 0.2097958355198669 0.19977426636568849
0.9907407069294373 0.06450294148938267 0.2125508439687114 0.12710659898477158
0.994119830361 0.06000967327149256 0.2115529758999553 0.3081807081807082
0.9876179848648017 0.06521633564803574 0.2191885796320217 0.19075551384326608
0.9871467526483239 0.06441389715600324 0.21349754605695506 0.20648967551622419
0.993024429849397 0.06665459372220155 0.22620472777134598 0.3233019853709509
0.9923375651085686 0.06803356932622703 0.2265050089634948 0.40981681540629405
0.9925269654154911 0.06587128870676234 0.2343739518141285 0.4947819106234948
0.9922558847608377 0.0712771984305168 0.23509515719251212 0.36036911121903836
0.9951541998388055 0.0628179756237382 0.2350420619701661 0.33939243027888444
0.9924338098896363 0.06059970580621339 0.24076467990171815 0.4522639068564036
0.9933249319690322 0.06076488848364393 0.25916587851531586 0.31423478482302014
0.9889558886081017 0.056944925458076875 0.2511254071006393 0.24846625766871167
0.9927568238244625 0.06651741674972526 0.26160015831155875 0.263291724456773
0.9902510020153815 0.0659215398112282 0.26027085962392965 0.32288068030826467
0.9937771621724655 0.0709478158146912 0.2720660883294705 0.24888131259322396
0.9830765530250282 0.07453069440061186 0.26959636979273216 0.28003263308178666
0.985438979220091 0.06758095277689721 0.27676079950896953 0.42917659518136086
0.9908917770292909 0.08193154380279816 0.28995789973818975 0.23222811671087534
0.9901904710651437 0.07948128051393236 0.292456081882162 0.36422907488986783
0.9943312975566964 0.06697187633006298 0.30334306593155647 0.22952160283494616
0.9929588612448998 0.06868760330578512 0.3058430482504133 0.31835686777920413
0.9903265004549145 0.07021266185386336 0.31042658311248106 0.3517413892630364
0.993785077613499 0.06942350459541592 0.3154260551062823 0.4510941207487477
0.9925386608628607 0.08029942002177766 0.3287312588061531 0.23835747635580032
0.9946351537963314 0.08331810581116723 0.3391987695401256 0.21900198667757392
0.9941684390038321 0.07429797123428575 0.34956645897806654 0.21505148073452923
0.9962324995007296 0.07535534250921654 0.3565293770771702 0.3506783125813046
0.9940915481651934 0.06450756035058303 0.35198351407489953 0.36806363989134655
0.9898868299661157 0.06408484661394863 0.35588308198411306 0.18658238172920066
0.9957374161215932 0.06613318249775499 0.3615126447104065 0.34098972922502335
0.9948936632862001 0.07006160670280927 0.3742912385490309 0.21414302836596086
0.992592807095654 0.07651076197663613 0.3833019924201677 0.23193392980041294
0.9924410865263537 0.08051256534691213 0.40510171477260626 0.30624900620130385
0.990143641107146 0.07875408540746327 0.4005942594306026 0.22577377602701182
0.9939758308449057 0.0755186807736816 0.406886568518071 0.21071115013169447
0.9918045691918653 0.0723310800038264 0.42395085455531695 0.3941578148710167
0.996178542773739 0.07300213996044726 0.43415636851453343 0.2880744968458997
0.9929936956643397 0.07351606289746801 0.43523324121129564 0.2623110151187905
0.992986118562886 0.07218935864343443 0.42878739422578005 0.33365083684855085
0.9916546181711174 0.0691700140767522 0.4248104786878923 0.12947212720717388
0.9952880053002329 0.07419484758002916 0.4421759398483919 0.12085284447544087
0.9928815911081139 0.07657763726778347 0.45102599933050347 0.23455939357395125
0.9920673138153674 0.07153470424190678 0.4490106919011921 0.3053725291434364
0.994507279582015 0.07440962982571019 0.45238244659065385 0.15477350219191427
0.9916657999066318 0.07933718085765408 0.47094642569119155 0.09255714446571332
0.9881933577614276 0.09150115345548449 0.47786651946377035 0.12232469114320516
0.9943441529133606 0.08954371454261623 0.4829462915095249 0.19611696742302423
0.9943597278430593 0.07437741665871356 0.47326664169546806 0.1378248664312234
0.9883675180677859 0.07377470738310493 0.47072840153899964 0.2636443021394266
0.9923639160662463 0.06902600430315321 0.46372599603360154 0.6852514597852702
0.9889534905403541 0.07212075424451056 0.4704970053487097 0.5893899204244032
0.9800857686589206 0.0695934231058198 0.4770286443661411 0.6789007746219108
0.98616350006108 0.06974834727345776 0.48550734478260416 0.724744608399546
0.98837365041334 0.07040149809394297 0.493734963350298 0.7561433126993059
0.9858511622171527 0.07781959770399327 0.5121189945424875 0.7324738114423852
0.9892812520549746 0.08164718485144459 0.5204866768105235 0.6343733838993277
0.9905287108281149 0.08132141082960755 0.5280221198156682 0.7675306409483624
0.9917432502300206 0.08489773845631926 0.5471898895986874 0.695
0.992145472641339 0.08432060908356821 0.5564308353265991 0.5786600496277916
0.9886924129162217 0.08338626307662855 0.5722579927580113 0.7048203031851473
0.9911777063707679 0.08391915562703155 0.5740473475570851 0.6809284600727524
0.9872648290890711 0.08722799886304314 0.5900992037861503 0.7003052612677321
0.9889617039195701 0.08671991433491691 0.6199423918126595 0.6816074188562596
0.9878117859405903 0.08204860832598058 0.6193873128832756 0.6833683529982221
0.9896117005439242 0.06889088576740254 0.6410659038511352 0.5614262560777958
0.990464165214535 0.064868599448148 0.6482050790148918 0.7198129937127197
0.992171857551175 0.05304627574321613 0.6708628893538165 0.614489863742107
0.9905022779239936 0.04174990317385898 0.6979976559533831 0.6847633136094674
0.9894994310036505 0.01118385234096535 0.7051373045260764 0.6014738393515107
0.9925059856148389 0.005631747551785857 0.7216643995381602 0.6145958183513117
0.9852414873983224 0.010712053281042267 0.745583248413309 0.5403632694248234
0.9884862912751888 0.03797148097912025 0.7732116460639151 0.4464868069967388
0.9887019080688307 0.007731607113078544 0.7798633772788582 0.2790938959017811
0.9909692067681565 0.0046896444696628015 0.8031968031968032 0.11546292695202581
0.9829078198436504 0.0029943188868686976 0.8281173111315308 0.18101005808188128
0.9863282879744641 0.0 0.8653118945371018 0.17295523787204126
0.9846731299641477 0.0 0.8933559638776765 0.27693275988670935
0.9887410878026331 0.0 0.9089355480608721 0.1403246200294171
0.9885715462389062 0.0 0.8987826342035787 0.11995160580730313
0.9853816011207439 0.0 0.8857186273060306 0.09424479337757047
0.9850579821861619 0.0 0.9201791294303104 0.28612786489746683
0.9913069951839091 0.0 0.9340355115751849 0.7399672914832054
0.9912030949335472 0.0 0.9340500829410111 0.7643753267119707
0.9864875997176845 0.0 0.9327118905703032 0.7614854517611026
0.9897774439921948 0.0 0.933469758830468 0.7171888230313294
0.990417538307497 0.0 0.9385556149501805 0.7075283924598993
0.9906927916929392 0.0 0.9401288895421108 0.7889216263995286
0.984327035444496 0.0 0.9346947848210885 0.8226230740323187
0.9895909539552918 0.0 0.9386036144278813 0.7665025732826135
0.9934081295581781 0.0 0.9394475409660322 0.8560805399839835
0.9874143033222195 0.0 0.935446010351653 0.8385461604831751
0.9903110611089407 0.0 0.9440136658784181 0.88545169244564
0.9901964855456125 0.0 0.9421150730322706 0.7348143700590414
0.987979042279852 0.0 0.9391815925556318 0.853048462741011
0.9910254498343267 0.0 0.9422755911492041 0.894546953922276
0.9878753974659872 0.0 0.9425763108519781 0.8824269097767997
0.9835609662069109 0.0 0.9456215628210551 0.8178878314700175
0.993539474266135 0.0 0.9525887907095805 0.860733695652174
0.9890487218722286 0.0 0.9436761994989128 0.8088403627718588
0.989729372607036 0.0 0.9481398730070068 0.8179264331489773
0.9925697276541022 0.0 0.954895742659127 0.8585052887116351
0.9917472515696242 0.0 0.9486979181995457 0.8706272354531972
0.9908748033456517 0.0 0.9482004491428319 0.8127499231005845
0.9907775125910037 0.0 0.9512975342635381 0.8621954200961617
0.9911695768301324 0.0 0.9465529686847022 0.898538961038961
0.9936595408507185 0.0 0.9477643543878442 0.8891150309060757
0.990685910475391 0.0 0.9496154674866364 0.8400994806524761
0.9903669251767873 0.0 0.9504042841581515 0.8964640801375495
0.9911926955370626 0.0 0.9508013003912194 0.8968009733056609
0.9896096483581646 0.0 0.9507544498788989 0.889431887599267
0.9885357255775175 0.0 0.9501803022303684 0.8943147737645064
0.9927099976028784 0.0 0.9530788656028097 0.9101088056680162
0.9907958958900933 0.0 0.9541657941502152 0.8971818853064238
0.993307509239196 0.0 0.960438560420068 0.9212774983334343
0.9893292539642257 0.0 0.9565166167432733 0.9031961370429984
0.9839031492666092 0.0 0.9558373953875042 0.9116276458368424
0.9950560554156945 0.0 0.9595430616580892 0.9098351883561644
0.9887547181265958 0.0 0.9580248897720115 0.9029396857577293
0.9924524081105738 0.0 0.9591552407373138 0.92381667918858
0.9901720722765786 0.0 0.9610775100638967 0.9299396609520161
0.9895005058557498 0.0 0.9617165975824666 0.8940337532683622
0.99155455744644 0.0 0.9646547291054355 0.8984454993949549
0.9921884855687831 0.0 0.9663858139728029 0.9101023981559466
0.9922967652646328 0.0 0.9616862197724503 0.8930069366026778
0.9917864367308085 0.0 0.9630619383467842 0.9190838515314201
0.9906002945830618 0.0 0.9620179516132312 0.9118274901407432
0.9926805902321449 0.0 0.9615337931523295 0.9040136635354398
0.9918291220746925 0.0 0.9638774678143852 0.9269798745426032
0.9909136207130183 0.0 0.9625123086504449 0.9270160916700126
0.9950377634429088 0.0 0.9614136641414361 0.9071292077024842
0.9963687870765952 0.0 0.9646282151235174 0.9175177403645471
0.9905869093337786 0.0 0.9603540757262511 0.9141889827919764
0.9939160535600993 0.0 0.9642812099705804 0.9282580770256187
0.9896439105324795 0.0 0.9605014730857364 0.9133084518354042
0.9939411678618469 0.0 0.9661128270217109 0.9152746722784866
0.983416000651684 0.0 0.9604088305087185 0.926004817550216
0.989436707781504 0.0 0.9642032568150675 0.9216686784447127
0.9915360465909866 0.0 0.9665257592845008 0.9242198581560284
0.9893709675570989 0.0 0.9659803700120609 0.9298886195575465
0.9893519765241884 0.0 0.9698030608369572 0.9169725885467964
0.9915466434176111 0.0 0.968406999491859 0.9289053275824679
0.985442435775452 0.0 0.9650936967632028 0.9279723293514416
0.9894351884660463 0.0 0.9654789732610811 0.9154428921787654
0.9883315048183839 0.0 0.963641424765956 0.9093264477012153
0.9930088946123207 0.0 0.9674253790459634 0.921554521896229
0.989740546141816 0.0 0.9684694436975553 0.9197292212890134
0.9914231536422775 0.0 0.9665698752662647 0.9168516903232627
0.9934890740736297 0.0 0.9648875243125088 0.9053568630637009
0.9955083687956934 0.0 0.9651117033563505 0.9003549409628543
0.9881735384734255 0.0 0.9485325805597262 0.8646818286646916
0.99300268710311 0.0 0.9467206502469262 0.8705665680816068
0.9924010664160461 0.0 0.939426859333998 0.8841646797442289
0.9915212206784447 0.0 0.9161048712495868 0.8381891365019705
0.9934611271546953 0.0 0.8845353837785056 0.8159597741303676
0.9908448025550026 0.0 0.8837121033758977 0.894908620607932
0.9866151889869709 0.0 0.1749857711607202 0.35933225265193525
