0.9857313177322959 0.05678271824745126 0.17272805263015747 0.13649425287356323
0.9960855496189347 0.05618321889280009 0.15959782789120486 0.0
0.9941574452137207 0.05779697732411493 0.17022498307586953 0.13452380952380952
0.995882774174982 0.0597407662628856 0.15934384026267584 0.09858702633269108
0.9925491267852601 0.055414469314180655 0.16610783241135954 0.0476054732041049
0.9953997755386456 0.05688035502515168 0.16682640625790712 0.07065720456649183
0.9938104555350401 0.05501049551445304 0.1626767515960042 0.16009852216748768
0.9890625455322538 0.054068431116205365 0.16660682606989685 0.31726779444621767
0.9937424233837359 0.05232326976064758 0.16915246635066766 0.24805986696230597
0.9904014761905414 0.05414628216669691 0.17614369947301434 0.2773002228589621
0.9967874891455455 0.053562509929630193 0.1682299910985359 0.012229806598407281
0.9892500010030479 0.054634598773100784 0.17966488579937348 0.251872399445215
0.9870085591132197 0.05366453904904275 0.17003624817354165 0.22892585283338032
0.9851007933276451 0.05278173382988538 0.18355366205124993 0.16016713091922005
0.9945048489631622 0.05641117246460245 0.18503957403025495 0.24039030159668834
0.9907882674135117 0.053054518746726176 0.19005347328692537 0.3044029141590117
0.9941468830568844 0.05131634454043808 0.1879520267976444 0.2953866578161301
0.9934487069686857 0.05378788741051002 0.18618000420984535 0.12989752863170584
0.9932243279009836 0.05651625363195604 0.19093799266038242 0.12838038632986626
0.9922571973976392 0.0570849325095469 0.19349182276509408 0.2425183512140034
0.989121842658916 0.053354894003616524 0.19868332690065305 0.30637544273907913
0.9970055750260318 0.05435340321205504 0.19446172764206038 0.21210391093348557
0.9921219363931942 0.05355726534322154 0.19392482175037218 0.21700543945032924
0.9936233398947888 0.053499752517362456 0.19727944440092948 0.18248750986063633
0.9850980401761441 0.05185841537923475 0.20573610306598192 0.174598623853211
0.9921407843826944 0.050803648064464295 0.20792258599186697 0.11597010794353722
0.9929573329614433 0.04914881048278825 0.20433137917546362 0.015665052691540872
0.9955512332395299 0.05263922950979073 0.2082148519857896 0.15781839280533796
0.9916839689119423 0.05327769440264732 0.21156811835914743 0.10780669144981413
0.9953964549173845 0.05270892081161817 0.21121809767560598 0.26259378349410506
0.988503814803851 0.05104472258798329 0.2164161996322256 0.2149861704802615
0.9886259469210856 0.05138972205558888 0.2118095207219766 0.22962382445141066
0.9946902459215734 0.05172422370878495 0.2236451611332958 0.35198507860378364
0.9939923290635065 0.05102307859938286 0.22377486405382108 0.4101712241247125
0.9940161090534853 0.04962677804784547 0.23208065964885072 0.4116066630843632
0.993647617763917 0.052573205192756406 0.2326842842891358 0.20706132200690205
0.9951730337302477 0.0506061633864708 0.23485739535631076 0.28704464530265683
0.9935518035092277 0.04945932624505849 0.24012190163997402 0.3688352570828961
0.9946859515334682 0.05027589112319027 0.25887597097138626 0.28695652173913044
0.9907361188779257 0.04813561736529079 0.2520856422851996 0.2475070314497571
0.9943672001701037 0.04948011843115676 0.26083560548760126 0.2881311816762103
0.9913132951096462 0.04658592384630671 0.25738701258266256 0.3292389853137517
0.995438124319372 0.04941131275036376 0.26773557687361965 0.25229357798165136
0.9843653074400881 0.050613155650056245 0.2657159340572494 0.30432692307692305
0.9867143619509264 0.04942885641905287 0.27535624608401554 0.3252118644067797
0.9916220290760428 0.053619300106044536 0.28557931825043475 0.3694002447980416
0.9912547790229831 0.057070562972084155 0.29047273204804114 0.43705463182897863
0.9949519349883554 0.05177720516229272 0.3006622047864683 0.35323759133282945
0.9939148819727611 0.054386275399028836 0.3046450200916741 0.25878815911193337
0.9905864802274578 0.055618960578669906 0.308005187216451 0.3502325581395349
0.994601549300575 0.05652813464020951 0.31409749928449643 0.39625626153440546
0.9932233453617428 0.057128503945657945 0.32524245411596997 0.42666348676365373
0.9950079901479277 0.05659585265148894 0.333549419819984 0.38848396501457727
0.995031183732272 0.05848036909779614 0.34593301357692424 0.3771556550951848
0.9966680549770929 0.05800717607217322 0.35259001987451777 0.4044477028347996
0.9951047760359024 0.05828806203207286 0.35092308269340217 0.37111215834118755
0.9910152925515793 0.05902178074743719 0.35479360581112224 0.3760879523591388
0.9966002649615564 0.059044400865861726 0.36106928234377056 0.3440999138673557
0.9957550645679564 0.06060699719484167 0.373390182126183 0.32903930131004366
0.9931932820758439 0.06353510690035843 0.380242385323205 0.4070738137082601
0.9934232933422238 0.06471064698945715 0.40436903949762465 0.37432263443101293
0.9911157542733018 0.06480179040475863 0.39793997557575833 0.3855469525511217
0.9944332344356979 0.06321017392543093 0.4044580015149344 0.38055322715842416
0.9925550439940227 0.06609805541357328 0.4245797685939069 0.4133712038453135
0.9970772783694213 0.06808829285263868 0.43711024682636107 0.40077424612876933
0.9941513921925283 0.06761191604197082 0.4403420350842855 0.39759488913942126
0.99412634754415 0.06711361404038986 0.43205436301778855 0.397745864388293
0.9927250132841768 0.06344954881050041 0.4359099840099111 0.2804532577903683
0.9964644127247041 0.06772497782101879 0.45607457448160565 0.35844155844155845
0.9936135868332681 0.06606248475998554 0.45347263441456365 0.5049229452054794
0.9927101751934938 0.062328941174510204 0.4469269517723275 0.46267087276551
0.9955531039164934 0.06495856216790796 0.45082504318818134 0.4646699008647965
0.9926034501107789 0.06347784183705858 0.4682724648967532 0.45510204081632655
0.9890240983907275 0.06791992579771113 0.4749889274108636 0.5119952019192323
0.9950561594358004 0.06652676592863888 0.48202799480749314 0.5339749759384023
0.9952707968946577 0.060887101467832244 0.4762453256931203 0.378021978021978
0.9891543543632147 0.06593366796317623 0.4735523714818289 0.49210677382319173
0.9935142071811947 0.0635128563356843 0.4627695616842014 0.7155645981688709
0.989791022364535 0.06643706745402675 0.46930528916745284 0.5603212265011863
0.981052949049968 0.06401764727990772 0.4757106381898304 0.6738090682992156
0.9873609933675759 0.0642927635186011 0.4845518933690257 0.7032924961715161
0.9892858161366198 0.06413760897563646 0.49247993061228734 0.7368320973569119
0.9861219649887462 0.07038269808341333 0.5106785446406725 0.6996373892022563
0.9902007106828937 0.0739358306471316 0.5186151955109379 0.6364269545533693
0.9913974228556153 0.07244085397337507 0.5261115385902111 0.7973219720024346
0.992698943590162 0.07588159622741639 0.5453565168295902 0.691181720813995
0.9935542539889559 0.07594729843405681 0.5547773566563101 0.5856994459833795
0.989543786213703 0.07613674150192541 0.5708260290331038 0.7048671039005868
0.991966313658699 0.0765275051227306 0.5725181937120101 0.6846153846153846
0.988334070450961 0.07973688849304647 0.5890646531971822 0.7170151405912041
0.9897831643484823 0.08074799316959512 0.6192283587487093 0.6999483559993114
0.988714109163337 0.07631933204057757 0.6184530517100397 0.6893520026050146
0.9905543710537333 0.0719293573779572 0.6422663631685335 0.6468571428571429
0.9921444263037773 0.06231144895992377 0.6481834708074653 0.7549679750369519
0.9934670981767388 0.06307736887858592 0.6736985669524279 0.6486576621644156
0.9909671932106032 0.05412572221173999 0.7010614078242995 0.7111769059955588
0.991258502270351 0.0279186047135446 0.7090504114179239 0.660280029476787
0.9938264393189407 0.014686818900554139 0.7236625250576209 0.6398498256905336
0.9880043647122293 0.008781805187494862 0.7458681640998875 0.6068615672139901
0.9911974044310347 0.0022722461364759017 0.7689481294636503 0.5341895175286359
0.991878244500257 0.002497591879780547 0.7839095523940665 0.5186491935483871
0.9946605644546148 0.0020564600622785772 0.8243570857795238 0.3040060119082028
0.9855417561920052 2.7086030650552284e-05 0.83549926105514 0.337319151747374
0.9898567535265145 0.0002471058661435011 0.8823397109578603 0.5022344775125986
0.9884978382337651 0.0 0.9045630924503635 0.6926329276105061
0.9923244675807619 0.0 0.9360100376411543 0.7461188436830836
0.9915847404513453 0.0 0.9299792492999395 0.5894480862761683
0.9893768456292567 0.0 0.9216032695985649 0.29175288205734556
0.9888784244359604 0.0 0.9244842839206137 0.3322286211018146
0.9952525175362521 0.0 0.9367614745283395 0.7712088743224506
0.9948503718304812 0.0 0.9366040810218765 0.7788912024986986
0.9903940456218823 0.0 0.9354176308228095 0.7727849708047728
0.9927667612852488 0.0 0.9356011650207671 0.7344865126406194
0.9938508152362141 0.0 0.9410604703508486 0.7333411406487879
0.9944291966885973 0.0 0.9428677791463771 0.8115822859156584
0.9870122320671992 0.0 0.9364491770641306 0.8366484336151169
0.992566446624824 0.0 0.9408251827952344 0.8096404319269732
0.9962277056953603 0.0 0.9414419627357945 0.8779545454545454
0.9907669728439041 0.0 0.9377115691777805 0.8416362465106292
0.9930671027497973 0.0 0.94578561713675 0.8980233602875113
0.9932430951905923 0.0 0.9442020566821001 0.7539635354736425
0.9910505742046916 0.0 0.9410514217253563 0.8762003097573567
0.9930939081772738 0.0 0.9436984144332318 0.9183196012613163
0.9906612361072517 0.0 0.9442679486515865 0.8871773946750995
0.9869007904114854 0.0 0.9478160848978114 0.8432304038004751
0.9954720711814138 0.0 0.9539916535865068 0.8678724416944312
0.9918615884203671 0.0 0.9454217211942981 0.8355851903842779
0.9928770020638955 0.0 0.9503103493416346 0.8258313591295955
0.9937869363935928 0.0 0.9558214189752945 0.8701709401709402
0.9945738386556553 0.0 0.9505404398690067 0.8759236982299364
0.9931453317926816 0.0 0.9497704667502987 0.8395499383477188
0.9936130123198326 0.0 0.9527928939948537 0.8669064748201439
0.9937744171931234 0.0 0.9486216840275975 0.8948212281545614
0.9956665833386084 0.0 0.9492077785824534 0.8982492892413587
0.9938240450083885 0.0 0.9519013532343618 0.8532762499092954
0.9934251796734079 0.0 0.9523156103858353 0.8950626381724393
0.9939851782694977 0.0 0.9525947154374866 0.8994445235721408
0.9928895639583944 0.0 0.9528966227434168 0.8962366319209422
0.9915995980948887 0.0 0.9522399062153935 0.9021408705775823
0.9952192879375871 0.0 0.9545119214055057 0.9076720571643475
0.9940141208326909 0.0 0.9558943482744515 0.9002252389358982
0.9958410470169986 0.0 0.9617537972806637 0.919051905190519
0.9919681639537588 0.0 0.9581400877124894 0.9060517743871078
0.987365099163691 0.0 0.9580376160463265 0.920181991799135
0.9959221897592994 0.0 0.959898276029369 0.9135677319532626
0.9920856094454322 0.0 0.9600838849331694 0.9142177937383036
0.9947927646099 0.0 0.9605644431522311 0.9261825250461048
0.9934584640699484 0.0 0.9631534348004936 0.9297333396937462
0.9923787720697584 0.0 0.9612582386052667 0.792005645027395
0.9940696462365193 0.0 0.965077234730244 0.8419027027027027
0.9951764752748712 0.0 0.9683816795708899 0.9019975575715282
0.9942695902676483 0.0 0.9619375325795332 0.8516023445231027
0.9936715379543141 0.0 0.9582927736492636 0.7243191304086719
0.9934569167180779 0.0 0.9569100869085709 0.7054047336297605
0.9946850930819823 0.0 0.9609632434880283 0.8380526266387159
0.9943756138457163 0.0 0.9656167927803955 0.9178575985708817
0.993185791714358 0.0 0.9641909931106384 0.924598832968636
0.9940934205437035 0.0 0.9601466480446927 0.8930237851371344
0.9963704022004437 0.0 0.9627573540920996 0.8629610523600723
0.9917635541937282 0.0 0.9519323439746014 0.720328606974999
0.9935465089146623 0.0 0.9559596174793913 0.7651074042017468
0.9922090162838578 0.0 0.9494991642026853 0.6740775290215588
0.9948390768144204 0.0 0.9561817088133867 0.7240675290807398
0.9848191229077818 0.0 0.956988736478387 0.8451584114234717
0.9903262038583887 0.0 0.9599854470846455 0.8391012480855086
0.9935737967355069 0.0 0.9578013178490625 0.7680342749255682
0.9906317900622982 0.0 0.9497456497438564 0.7134254298094395
0.9908275324225181 0.0 0.9577100541840199 0.7739338693000781
0.9933098239586409 0.0 0.9597057704415075 0.8182568884057365
0.9869675898201835 0.0 0.9135670524805307 0.556396382266834
0.9890181795807479 0.0 0.902889706096456 0.5359920730380197
0.989749322509288 0.0 0.8892162023627077 0.5196870591253046
0.9928209484723577 0.0 0.9035250286918924 0.5786664359932019
0.9900857750240921 0.0 0.9196043741436244 0.6541713977591472
0.9922464154222049 0.0 0.9263050307641756 0.7083258100110342
0.9947822228618026 0.0 0.9207196609539549 0.7074547087754249
0.9958889746272088 0.0 0.9119427895594984 0.6992335750828383
0.9895015562413182 0.0 0.9054152872385204 0.7209963774613536
0.9945112666011295 0.0 0.9375316682675066 0.8408712103330949
0.9930916964947999 0.0 0.940715689877734 0.8916214152804814
0.9932418082434278 0.0 0.9259688314204894 0.8657096808374184
0.9937606406197238 0.0 0.8966004825151043 0.8479073058393536
0.9920545924181765 0.0 0.9186163905242375 0.9396510120381846
0.9883890016200108 0.0 0.19989461760208316 0.458416732760357
