0.9837075953511422 0.05923736578632236 0.17574250547614909 0.06206896551724138
0.9938456467974786 0.058433754884617 0.16274773354573563 0.010179640718562874
0.9922648242190839 0.06334384155599512 0.17315558296415626 0.12778904665314403
0.9943374145724875 0.05981946362278905 0.16214675335483686 0.09633911368015415
0.9906515366020697 0.06423892731400511 0.17024827179260427 0.015927794000530928
0.9936121593779943 0.05858599469579575 0.17011825701969008 0.09966059858068498
0.9914294139207263 0.06400806411736691 0.16648234251421215 0.13238916256157635
0.9879785396522135 0.056918695283032 0.17032008759717432 0.33386530481966165
0.9922920129545071 0.05932756679380984 0.17238235516450692 0.2520752628666298
0.9888593539657824 0.06771006937844096 0.18076760456883967 0.2801655523718561
0.995889850160421 0.06633314347081613 0.17398593763207218 0.0
0.9875653172014672 0.06277633524468967 0.18458894241784324 0.26435506241331486
0.9847806213923816 0.0574723710423689 0.17259113551300062 0.18212574006202426
0.9834712244680879 0.05801402334274613 0.18742034517613526 0.15380374862183022
0.9929226602621426 0.06023308116949499 0.18830125839508546 0.2217694994179278
0.9886624827928429 0.05139650771556702 0.1922308180310866 0.30110584518167455
0.9921691094722224 0.04932211447043164 0.1907776639574576 0.20511118486558247
0.9914357199028749 0.052873819678649375 0.18904498340517137 0.10630841121495327
0.9915484042052677 0.05762308965623436 0.19373536715726586 0.1439596319382606
0.9903957594764112 0.05464608789184923 0.19523600068222677 0.23734973441431367
0.9878634901133122 0.05404309449889608 0.20150030356495272 0.32260920897284534
0.9955920725684053 0.05579367948142714 0.19843409460317513 0.12703397088210105
0.9903536311549206 0.055085353607803755 0.19714814026347321 0.23033067274800456
0.9916475765760925 0.05384253442831295 0.19935595473114287 0.13157894736842105
0.9834551416074773 0.053224641197338766 0.20810614439448127 0.1536697247706422
0.9903448023157818 0.05218411051978665 0.2094012689018407 0.08183430453508994
0.9923469106711142 0.048498117740346305 0.20840359775390987 0.0
0.9937720643731892 0.051319663994116645 0.21023787284946607 0.12329561937917029
0.9902099706859108 0.05297369497988008 0.214893232436235 0.08484005563282336
0.9936829936111956 0.05217257065839643 0.2142949222128304 0.18944265809217578
0.9868663414824308 0.0510483499035273 0.2197821810290628 0.15452261306532664
0.9865501107379105 0.0506976334238159 0.21474102105052253 0.16475195822454308
0.9925932294993367 0.0517328398384926 0.22747053439117898 0.29247633283507724
0.9918815123695067 0.05107001994571167 0.22675857407690372 0.34493192133131617
0.9922004994244047 0.04914199786820515 0.23385488299798615 0.3782912412681354
0.9920643165072605 0.0515539573256554 0.23390657371689752 0.2713034244757101
0.9945410931264852 0.050384407897314416 0.23751642628269412 0.29544835104933226
0.9926621778616133 0.04844652158113619 0.24183705412044298 0.4117647058823529
0.9932924066378063 0.050096022458298965 0.2624122906202323 0.24757033248081842
0.9885705707208446 0.04847075310200563 0.2529056967342015 0.21273331628739453
0.9925214804524108 0.05017421818365556 0.26284786184472164 0.2345006485084306
0.9898801738935223 0.04896077021355382 0.2590372253189959 0.3391188251001335
0.9935979627339927 0.0513119418729237 0.2700191538295396 0.22007386487073646
0.9827916886628713 0.052327432238006254 0.2675791511129545 0.31398416886543534
0.9851424529593404 0.04995081109366824 0.27694175426979 0.3787076271186441
0.9901814696179779 0.053219324552150095 0.28598311617452665 0.3866265617769551
0.989995669337659 0.05568357654932584 0.29167485708715085 0.45829383886255926
0.9941884527405969 0.05231472143539915 0.30207889374417995 0.33035099793530626
0.9924593084897511 0.05518453933301279 0.3053792062744184 0.32608695652173914
0.990506336846066 0.05618401459185883 0.30913817902006174 0.3851162790697674
0.9932571768034222 0.05694058461975374 0.31453361725838536 0.41787503295544426
0.9919413579757375 0.057461768163703075 0.3259219604367538 0.3986073011183794
0.9938576304825781 0.0582130860466943 0.33446442470908694 0.4268060836501901
0.9935525056639192 0.058705595329312604 0.34645865394209857 0.4084863837872071
0.9959173868334193 0.05699175555120283 0.3530658441050063 0.4375302663438257
0.9933212513379391 0.057516145529799355 0.3507718640582087 0.3934967012252592
0.9893390398709967 0.058710984709553674 0.3551840024973742 0.37676609105180536
0.9952239434472311 0.05896315758800218 0.3615732488551165 0.3865725892666239
0.9946930948609294 0.06069190180097604 0.37468913793315084 0.3132443161313605
0.9928400003863092 0.06288603385390908 0.3811585044415558 0.4114373440798311
0.9917273999594645 0.06566475884947687 0.4049418327060551 0.35339931851371087
0.989527665317139 0.06585388809596564 0.3981699938258901 0.26305197111400497
0.9936436787164121 0.06363803878415414 0.4042540640231638 0.23257434944237917
0.9912263915567947 0.06581035780713261 0.42387306778688716 0.31083877128760146
0.9961870841439541 0.06820378108369289 0.43444027690822185 0.22446714031971582
0.9930225653206651 0.06741177241597764 0.4348489156353641 0.2178460978715663
0.9929596444821687 0.06706332272823028 0.4279002291900327 0.22896577802987333
0.991302962610765 0.06348016628780898 0.42231078609415457 0.11590307815059002
0.9953832117010611 0.0682970851513652 0.44320889142205755 0.11619074412716275
0.9922886410882743 0.0668758951891482 0.45131990683298123 0.34461894953656025
0.9923236725996613 0.06327554992116649 0.44784007894606354 0.5034310667498441
0.9941823525702895 0.0653791869873255 0.4484541379580332 0.2789246823956443
0.990917898235467 0.06522084731604247 0.4660253165385084 0.150807004424503
0.9874181970173047 0.06837325371211955 0.4715618759514391 0.18086979200625938
0.9937804615474956 0.06629198435929473 0.4785392437977524 0.30758859784283515
0.9938998789551349 0.06286891231050744 0.4721580099088979 0.12936570775050585
0.9876555809955708 0.06607774927605793 0.46945806067337953 0.2833986731001206
0.9917330287367998 0.0640595174964166 0.462102465696232 0.7180309317238778
0.9882041106585707 0.06664443047555516 0.46895748593881253 0.6265741923708706
0.9793231606773628 0.0641660939704127 0.4752427230627324 0.7261244019138756
0.9860076546359933 0.0646214805992163 0.48428460804436424 0.7584226646248086
0.9882118102724236 0.06341016211582508 0.49208064821494046 0.7761109001139385
0.985336212648349 0.07077240635479493 0.5106038020132077 0.7388598956242473
0.9885600439380046 0.07402721755906419 0.5179418655970508 0.6583667072958385
0.9900272939764517 0.0715696641671895 0.5253274102599815 0.804932282191227
0.9908502204968497 0.07290761303554767 0.5437032673963906 0.7101087537885541
0.9923304329092411 0.07244202827334 0.5538159076157729 0.6092451523545707
0.9879169940710051 0.07286093621778907 0.5695843519179976 0.7060956656881368
0.9906351392970804 0.0760772585043417 0.5720563859664655 0.6776729559748428
0.9867024796048655 0.07905135399989215 0.5876958493255615 0.7142344282893556
0.9884759600774331 0.07816461010659992 0.6177229460041717 0.6938004465052379
0.9873646686031159 0.06911708919829716 0.6157678908933665 0.6616375923306617
0.9891890386947922 0.05666598906565954 0.6381530095570961 0.5853307766059443
0.9903407779404814 0.04698929313838901 0.6446403235072862 0.7324683856134012
0.9920280059190303 0.04514644322256531 0.6693238092758577 0.6078657232186935
0.9903877468444374 0.032352594611487095 0.6964123516957116 0.6784284655300222
0.9890225743559553 0.0028019263916189596 0.7033564878572587 0.6182835271603121
0.9922734699501958 0.0018721774424055337 0.7209536813359941 0.5940568804999362
0.9854535155835135 6.3635900829812146e-06 0.743212778801155 0.5299011333494092
0.9886772241123741 0.002766207751740803 0.7657276310027733 0.38726318598238907
0.9895267775115739 0.0 0.7785805431955444 0.32882703777335986
0.9917397466823914 0.0 0.7950179112878478 0.09830036965054685
0.9833756872673682 0.0 0.8262609598147411 0.19058544889349419
0.9872559356519961 0.0 0.8710168822682662 0.23363331568731252
0.9853869041708478 0.0 0.8934818902229955 0.28139879377843613
0.9894418067911926 0.0 0.8901221691888319 0.0884344881479552
0.9893080796871818 0.0 0.8794195943159236 0.07924620515179392
0.9859466788186141 0.0 0.8697005867995968 0.07173807779695318
0.9857680920330799 0.0 0.9107718133231297 0.1827095576863594
0.9920989779112902 0.0 0.9343741929930275 0.738104205900816
0.9918851715370571 0.0 0.9343839204114772 0.7513962852318483
0.9871733215775857 0.0 0.9330181238532491 0.7480664384430075
0.9905113584292442 0.0 0.9339417121526103 0.7168558319246559
0.9913157756517639 0.0 0.9391073002298324 0.7101198709082527
0.9912953845190661 0.0 0.9405331266422924 0.7909186906019008
0.9847932642145181 0.0 0.9348553047221226 0.8237710018668326
0.9901636111870438 0.0 0.9390425075068354 0.7922716104534286
0.9941017752444473 0.0 0.9399417289712301 0.8695850433196535
0.9879868861100004 0.0 0.9357722644015545 0.8384350075447294
0.9909926940231221 0.0 0.9443360794865134 0.8879532951611092
0.9908471807932674 0.0 0.9424736984084165 0.7353028650738574
0.9884128656986813 0.0 0.9392299030290265 0.8646694214876033
0.9912868015839638 0.0 0.9424374963632485 0.9128163098043234
0.9885535379709222 0.0 0.9429124369939228 0.8869852409949427
0.984247232292361 0.0 0.9460254297682428 0.8364739406195423
0.9943908764153755 0.0 0.9532786181027119 0.8658186687069626
0.989270534175761 0.0 0.9435473220298083 0.8199509116409537
0.9903968942566719 0.0 0.948513495967563 0.815697266993693
0.9927328309478451 0.0 0.95505669314756 0.866443643849717
0.9922377763759276 0.0 0.9488625515483211 0.8752059665250195
0.9910476451414394 0.0 0.9480310229011792 0.8236825980392157
0.9910974545290573 0.0 0.9508821003642215 0.865039599159528
0.9913717367465901 0.0 0.9465065775555757 0.8945419417163097
0.9939525867343324 0.0 0.9479095318034462 0.8966190833959429
0.9912789383616932 0.0 0.949831179135596 0.8404965877740671
0.990675224056207 0.0 0.9502641269310523 0.8945575712699
0.9915345991071057 0.0 0.9507758844302636 0.8986471977668027
0.9904521195672693 0.0 0.9510766115197055 0.8934264975239129
0.9887247527738053 0.0 0.9501926427968364 0.899298792364628
0.9932448085952642 0.0 0.9532243004481209 0.9132192256679088
0.9913721043741182 0.0 0.9541166069820783 0.9003859584635178
0.9937150649973954 0.0 0.9603809270457554 0.9218910585817061
0.9898425089531616 0.0 0.9567510412294579 0.9059647511338194
0.9845093009842585 0.0 0.9560933199254833 0.9153495697170819
0.9955696337232812 0.0 0.9596848384009304 0.9130830611042682
0.9893256341224791 0.0 0.958170830316 0.9098684210526315
0.9929315406841271 0.0 0.959260751088114 0.9219592570401438
0.9904578635339667 0.0 0.9610853703387493 0.9291338582677166
0.9898254358414129 0.0 0.955797625569567 0.6670771612540023
0.9916435010255856 0.0 0.9599005645711534 0.7138174854533402
0.9924330449524492 0.0 0.9665390607913712 0.9108151023288638
0.9925420370125593 0.0 0.9569650753832135 0.7336273283749095
0.9922475678019049 0.0 0.9540692954161455 0.6531406488134117
0.9907287403784097 0.0 0.9531486449077132 0.671852340145023
0.9928959680929891 0.0 0.9612132597272558 0.8899481518648603
0.9918143197596104 0.0 0.9638930635301277 0.9287361548705623
0.9908505811881547 0.0 0.9622530955026816 0.9207570207570207
0.9954872776526048 0.0 0.9613317297503312 0.8954064011052268
0.9963299946479088 0.0 0.9622793857181555 0.8542219246517138
0.9902802461297827 0.0 0.946709653603261 0.6573412590209231
0.9943670313253173 0.0 0.9574659072478046 0.778335348649738
0.9898698233292731 0.0 0.9498318754562098 0.7069653827223509
0.9943047146558451 0.0 0.9565301590470316 0.732887125806057
0.9836893542283422 0.0 0.957264964501776 0.8626599171652094
0.9897734443844339 0.0 0.9595687079354576 0.8363099146421537
0.991566509007933 0.0 0.9594631460670325 0.8092234132798642
0.9895789630546672 0.0 0.9522553044925351 0.7450152905198777
0.98948504948824 0.0 0.9581470320994245 0.7846233890111319
0.9914384338053976 0.0 0.9593430231561627 0.8262254901960784
0.9855176327256621 0.0 0.9249126316488977 0.6122715026507141
0.9898161767756205 0.0 0.9174271836357728 0.5885547678938944
0.9881071965218176 0.0 0.9153732054653314 0.6111091470456528
0.9935919868076661 0.0 0.9270781203191101 0.6669813993012935
0.9894740117226672 0.0 0.9392277105856986 0.7392420523401279
0.9920444702340406 0.0 0.9394922857036855 0.7631104757836162
0.9942849803377395 0.0 0.942592963884366 0.7908105786961025
0.9956928550080503 0.0 0.9345238421497856 0.7689462343077983
0.9884401580118811 0.0 0.9356647839911613 0.8142164044374904
0.9930084258050675 0.0 0.9461520955885165 0.8702093792090119
0.9927471393959748 0.0 0.9408039066574827 0.890048237726272
0.9920519596460362 0.0 0.9211612352355202 0.8539623663872682
0.9940536292655224 0.0 0.8907850600542075 0.8330370511098144
0.9912379145619529 0.0 0.9029376818125947 0.9207663349184897
0.9872428798379113 0.0 0.179853799558673 0.3794437036059366
