0.9844643494215382 0.06239610169445056 0.17222718138821017 0.27744143195577786
0.9943425997051923 0.063744463987813 0.15797624577635522 0.2059662775616083
0.9933277906988981 0.07011017747096071 0.16967444619061287 0.2832980972515856
0.9951978380897413 0.06354278220959458 0.16003984537243227 0.3519588953114965
0.9913966501620234 0.07250953184354798 0.1684535222227952 0.2864880273660205
0.9946791154252184 0.06247258791013708 0.1666183877831826 0.29620487503856835
0.9923002303868074 0.06424558106140821 0.16286750754892854 0.3439039408866995
0.989246012734254 0.05892283438390355 0.16721523513881598 0.46313437599744656
0.9928054669603098 0.061300005647287784 0.16945258072153094 0.34964461454346635
0.9898295985252507 0.06342750231559466 0.17677633904607287 0.4214876033057851
0.9968236046305995 0.05828329459932207 0.16815733980405798 0.2150170648464164
0.988131437110128 0.05747040996174073 0.17840197469075772 0.3987080103359173
0.9857863666112741 0.061274916180539186 0.17090680951236786 0.383032694475761
0.984520079656982 0.06312066560208977 0.18572223161534074 0.32299168975069253
0.9939377985416981 0.06157147863458873 0.1854630473028461 0.3961001164144354
0.9896547294284785 0.05764799349363295 0.19156628630888345 0.44017632241813603
0.9929389320088087 0.05634951882670947 0.18918813919833724 0.44341188184533686
0.9922613802507667 0.05988522962617053 0.18752750864557433 0.3694018635407274
0.9920748883335269 0.059543501420624804 0.19192179922743222 0.3435897435897436
0.9907981248090297 0.060364350446178834 0.1947855796515233 0.3534726143421796
0.988551679841176 0.05824855317921937 0.19988596856271237 0.44539551357733176
0.9960376865462058 0.061458701475271486 0.1969503339632665 0.39023693976591495
0.9906760332753403 0.05475148160950393 0.19484975245947964 0.4165473804752362
0.9921189267868569 0.05700228600702718 0.1980815952120073 0.38285564028398633
0.9840395954231571 0.056666084375033544 0.20610177356574166 0.4208715596330275
0.9906370266147343 0.05091498121795507 0.2087150465774795 0.38894997251236946
0.9922624665361777 0.04703624883617216 0.20596160595723895 0.32496662216288386
0.9934681973271464 0.051724375409523175 0.20996296350705718 0.42684977578475336
0.9904067424321751 0.05263906700469699 0.2143839322218133 0.34596522514489525
0.993231157845554 0.05197933273528117 0.21246331720435385 0.4549585672280139
0.9858381270511875 0.05251308432562343 0.21883166688491948 0.26919758412424505
0.9863410019287605 0.05213426271596853 0.21300457150820878 0.22843558976681005
0.9922921585149845 0.05284840759495441 0.2261108425761621 0.29730791904106896
0.9910036388670338 0.05138755875960309 0.22556741031269406 0.42977725674091444
0.9923714461095484 0.05042763802186654 0.23360437766228306 0.5054749172396231
0.9924841415014649 0.052420835867267986 0.23509494890100616 0.43213149522799577
0.9936548081195554 0.04941031411486971 0.23636370935367323 0.4955935717988595
0.9933028128186162 0.04707782737526478 0.24007885297212897 0.5011124845488257
0.9929543697217397 0.0497449674642024 0.2600010846471388 0.3440733772342427
0.988405303935416 0.047528333612732475 0.25153143205452044 0.27119472269728806
0.9922524807916386 0.0492658421511917 0.26065561359679007 0.3108379888268156
0.9892791985182776 0.04913539794516919 0.2574512211414285 0.3286396181384248
0.9934260596889385 0.0516809676418898 0.2694850744020963 0.25845552297165203
0.9832967044096498 0.05079883434817612 0.2660559736929016 0.3098935226264419
0.9856480436871421 0.04775092575768019 0.27582405285538214 0.43000514668039114
0.9909401599580768 0.052712992677838674 0.2852323235218708 0.4715759174862077
0.9907062336085326 0.05634247089748404 0.2908354992765963 0.5302778437425789
0.9949615765989093 0.05027065279331839 0.30056061971858145 0.4439969796123836
0.9925668851481285 0.05242833721556267 0.30419617744150274 0.37488436632747457
0.9905258362412107 0.05542280927777604 0.30855593735711206 0.4697674418604651
0.9939495904712745 0.055223217549246195 0.3137369294612571 0.526329578202777
0.9927034107284266 0.05485382028288572 0.32418780590933033 0.48585881811910786
0.993668930118816 0.055405304187000536 0.33296296266192205 0.5393586005830904
0.9945001078410227 0.05774142180717212 0.34579517386755365 0.46274852523487
0.9957851350043313 0.056953301753184186 0.35221730200213586 0.46432062561094817
0.9937916454815489 0.056000797992668445 0.3500051647893132 0.4366163996229972
0.9899343465266706 0.05571262045477191 0.35404536369166595 0.48236371965185526
0.9958036627199961 0.05732850638383456 0.3603393662571205 0.4477898782831518
0.9954831942927296 0.05875469697774735 0.37256497090147384 0.4165044764499805
0.9930967897658701 0.05977750636615817 0.37744438315866885 0.32622510944781813
0.9923258014494509 0.0653655876280628 0.4026470225112145 0.3400700190961171
0.9903120047888159 0.06606410363399431 0.39551991200532843 0.3567665002773156
0.9943682699557291 0.06269411068662266 0.39998198375262056 0.20699046754425782
0.9917054062630966 0.06445593645039185 0.41810159716132783 0.1883699859978585
0.9968453296606107 0.06566230311420564 0.4285916591112189 0.17708333333333334
0.9937059694717615 0.0643847258048261 0.431909301986564 0.2060745581464429
0.9937734106950972 0.06535373892654174 0.42684662844023646 0.29738353541799617
0.9918840170832077 0.060837846920352705 0.4279248487525127 0.2012995803438473
0.9958825127392376 0.06516971976019945 0.44562784375330666 0.25724774096385544
0.9930496507237218 0.06484381566045665 0.4520949497648742 0.44198435158981186
0.9926536436907978 0.061043123543123544 0.4465091293567312 0.516613290632506
0.9947013989761696 0.062081266979432226 0.4474327907175642 0.29665363947239864
0.9915079882483426 0.06073369369369369 0.4644961792117446 0.1733876264284776
0.987747742493609 0.06508005799039625 0.4702183318241272 0.19004588775150016
0.9936059941663568 0.06361084577245829 0.47795452835850594 0.36244261770043773
0.9931788582658319 0.0617769023880818 0.4716361476244353 0.16922029281579842
0.9880132754081549 0.06262226675515419 0.46867117182253154 0.30257704090827175
0.992472661365154 0.060310207703800224 0.46066898457269123 0.6024793388429752
0.9886591375872135 0.062437915026484846 0.46805431496838595 0.6522611232676878
0.9795422591388628 0.05884094858531244 0.4738415569222013 0.656945510360706
0.9863575764151566 0.05935773475617329 0.48316101475496026 0.7477046671767407
0.9886345167777658 0.05865753770523455 0.49003098423997715 0.6815297547590464
0.984702170851247 0.06560080796475347 0.5083905257113793 0.6609595484477893
0.9879714100254894 0.06836486233377037 0.5165342539491098 0.6052411951260224
0.9893092254512061 0.06471602232603443 0.5234635062180544 0.7163823879412932
0.9896289702629167 0.06454774854477274 0.5416179647063618 0.614922206506365
0.9931478156792339 0.06420998087420876 0.5509825269639326 0.509493670886076
0.9888443748623406 0.06329483339271551 0.5668501135694937 0.5767080745341615
0.9918143161724855 0.06257401439737029 0.5682700560891493 0.5403032721468476
0.9877231783578841 0.06533161715950944 0.5840086364932578 0.5774836656056291
0.9893021575158895 0.06521782522085917 0.6135351447207203 0.5082903720217361
0.9881346879744595 0.0563626647880446 0.6097813081520039 0.3901554404145078
0.9886523998673531 0.05097490786514944 0.6353197166671862 0.40559620074444874
0.9900835468201655 0.03913844054976438 0.6410434509883433 0.539290153293744
0.9927456208095784 0.038373463429091405 0.6646328687578079 0.32649253731343286
0.9908902451506927 0.03366092054802876 0.6949795986879156 0.48541919805589306
0.9905624824501338 0.01456494594508063 0.7042869231879141 0.41414141414141414
0.9932586619428093 0.013739918927698762 0.7194634700966238 0.36324905066222096
0.9863944166699214 0.007759557350382797 0.7416955011898144 0.33555141513619025
0.9895135541604254 0.008720503664987318 0.7652568044785246 0.26142433234421364
0.989664706214262 0.007172727753956911 0.7794173183307077 0.31057410452563095
0.9925897017319252 0.006087846514816496 0.8173819168450015 0.17945426690406194
0.9839908471898676 0.0010938266150107496 0.8310462168053022 0.2194824477675257
0.9872375027761163 0.006306059009874547 0.8788718100344818 0.2767256221630928
0.9860095582660544 0.005633776843425263 0.9027423085986909 0.4607303010890455
0.9896314403128491 1.4001484157320675e-05 0.9314827018787979 0.4146035725477907
0.9902969139748914 0.0008143213766036123 0.9253522550518967 0.32791784811096636
0.9873318775125316 0.0 0.9283740062440604 0.46761541909457643
0.9863381307025252 0.0 0.926117017908958 0.34179410373640234
0.9930606967163851 0.0 0.9340701433908816 0.5712455151204511
0.9926531526486728 0.0 0.9340391946184088 0.6034437777198017
0.9880575747793078 0.0 0.9322507868839396 0.5641025641025641
0.9910467973277824 0.0 0.9326488995730924 0.46109371235846786
0.9917991117566548 0.0 0.9373841342477786 0.4945032980211873
0.9923642616140363 0.0 0.9399915131293218 0.6074626865671642
0.9855762026913091 0.0 0.9337017396045002 0.5912433923236038
0.9904128157732593 0.0 0.9379957815865507 0.615979381443299
0.9946213298419357 0.0 0.9387367267303152 0.6368972263781794
0.9890683131031427 0.0 0.9354513285069683 0.6813102541630149
0.9913135617489719 0.0 0.9432048830470422 0.6848199954138959
0.9913874836504059 0.0 0.9416577401239978 0.5580496972228023
0.9889844322100663 0.0 0.9379186786699344 0.6260952179879657
0.9920000931847037 0.0 0.9414669788470854 0.7137681159420289
0.9892506756851052 0.0 0.94217592977198 0.7136752136752137
0.9844760417331933 0.0 0.9447486015080931 0.6600706057227796
0.9934882259865971 0.0 0.9514221690099827 0.7005632967684554
0.9895164301181498 0.0 0.9415902123260205 0.5695694803458419
0.9909131225835797 0.0 0.9472809698660485 0.6188484470944202
0.9918742954632045 0.0 0.952965296181569 0.6879215205395462
0.9925990167375573 0.0 0.9473885296834327 0.6829204237065569
0.9907231547144704 0.0 0.9464122945395451 0.6834080012575651
0.9909697215655202 0.0 0.9495223826293497 0.73157104736491
0.9915253059771764 0.0 0.9450373206038518 0.7329389217565203
0.9940436008418377 0.0 0.9457651510195931 0.6899036638094516
0.991762416644783 0.0 0.9483368646246889 0.6652277463530812
0.9915850825970869 0.0 0.9499913903186264 0.7998624484181568
0.9917450013040553 0.0 0.9496332803866995 0.7793931260717215
0.9906408071026813 0.0 0.9497826174334789 0.7620452310717798
0.9893953850515997 0.0 0.9492393320349454 0.7762005837092066
0.9932404230726892 0.0 0.9517481627980452 0.7930085152698636
0.992236100451899 0.0 0.9534355257996097 0.7970281378438192
0.9941361810503844 0.0 0.958828232393231 0.7858582266477003
0.98979440806862 0.0 0.9530651858094906 0.6824358584322077
0.9852291244153195 0.0 0.9548779064855013 0.7912342057761733
0.9944505671690451 0.0 0.9570304504304127 0.7789639102633575
0.9904219189085377 0.0 0.956844930493239 0.7743973908168985
0.9933231215455133 0.0 0.9577710513804131 0.8085630911652244
0.9914523118972802 0.0 0.9590775078380187 0.7781228591002513
0.9904223300694686 0.0 0.9597531506747463 0.754967807679837
0.9929234488768941 0.0 0.9637399046556615 0.8006880733944954
0.9940865069669447 0.0 0.9666022761851564 0.8466435185185185
0.9930707900459048 0.0 0.9605816404120647 0.8200752214178832
0.9924221924387466 0.0 0.9608472248428018 0.8124117966347024
0.9928408012241041 0.0 0.9555514056079167 0.6708875007034724
0.9938195172695533 0.0 0.958937763634493 0.7938710075225058
0.9944433935246195 0.0 0.9625774670972486 0.8181980800190806
0.9923641096097745 0.0 0.9627530428479438 0.8967613809960281
0.9921366518316531 0.0 0.959159083175556 0.8818589669849304
0.9949399238483589 0.0 0.9605103628922995 0.8275105223745707
0.9923053632079197 0.0 0.9518179799953526 0.7019864886601255
0.991787826098535 0.0 0.9521643978464932 0.7117994326458637
0.9912301888976573 0.0 0.9490026917266849 0.6560133532460687
0.9933414594415454 0.0 0.9567955452467851 0.7390864995957963
0.9831310009496504 0.0 0.9567908232849499 0.8551464660037624
0.9886928616883345 0.0 0.9583400620458119 0.8181406807783197
0.9927955118538829 0.0 0.9579391263702708 0.7705442258959817
0.9889118072598073 0.0 0.9527003961142831 0.7470297724633428
0.9892351942064261 0.0 0.9585027497198964 0.7872408646138537
0.9915899041683459 0.0 0.9625277340548474 0.8577640028540849
0.984644963160815 0.0 0.9521888532631606 0.8004333403639292
0.9879834355407454 0.0 0.948522912126043 0.7694590864497248
0.9889855704455423 0.0 0.9476960674753607 0.7798018848766105
0.9913821546406542 0.0 0.9449585613232667 0.7638908688539058
0.9898232119210048 0.0 0.9448826954594668 0.7694217307621581
0.9903633635217352 0.0 0.9612765244909947 0.8905123684887419
0.9922631001007078 0.0 0.9595029359897351 0.8833672179790099
0.9938433387594345 0.0 0.9579195327351707 0.8751362562099069
0.9872771696614437 0.0 0.9396182593325871 0.839096094417779
0.9923590166972756 0.0 0.9518541349617615 0.8965494816571669
0.9912521995187992 0.0 0.9439991026396016 0.9044928399756311
0.9913461641063216 0.0 0.927437141596824 0.8744067697303993
0.9927767727547537 0.0 0.8990446705808 0.8553140782188343
0.9906155431992082 0.0 0.9105533541005301 0.9325227556292445
0.9871091892329443 0.0002861230329041488 0.20170155926917174 0.47094764695108704
