0.9859347613418661 0.06490739387740191 0.1730195343472933 0.3235632183908046
0.9962008563643441 0.06293272809578739 0.15953465079303156 0.2784243509400179
0.9943530166779326 0.06699399959098269 0.17025922967998183 0.2956047112898592
0.995680235740295 0.06242318198455385 0.15897159663484503 0.39531149646756586
0.9928292276297342 0.06565350022564045 0.1664165453682154 0.2734460196292257
0.9957198128942863 0.05978003913008271 0.1669270731161305 0.27553224313483493
0.993861437980544 0.06664237761078572 0.16398946467027675 0.3448275862068966
0.989053849676014 0.05964732892840521 0.16635242476668016 0.5293554562858966
0.9939894774384226 0.06017129206235504 0.17005180362732644 0.39661862527716185
0.9906606795717767 0.06857968606439939 0.17802591244464783 0.45558739255014324
0.9966205519900967 0.06999804606896237 0.16934793356592642 0.21103526734926054
0.98932212048992 0.06772494349840005 0.18028272802583994 0.4366158113730929
0.9871220377080374 0.059482226784775716 0.17047793869408123 0.4015215553677092
0.9850413579998781 0.06638476949134843 0.18498960100033382 0.35097493036211697
0.9943777469615828 0.06574047484720698 0.18478013508004043 0.4237041351193943
0.990880563334878 0.053201959340675856 0.18910409182371024 0.5507064364207221
0.9942942946672645 0.05321195715312534 0.1879754579397382 0.4865582475937604
0.993668985782597 0.05768963018739256 0.18601226192517123 0.3716236271890769
0.9936153339516378 0.061316918106954145 0.19108887613830475 0.39910846953937595
0.9926528773694014 0.058006979151036676 0.19300692637278868 0.46950875211744775
0.9889888916310956 0.057965791696697744 0.19777879078065355 0.5465218667449369
0.9967806772293322 0.05983085458888803 0.19429831808768896 0.44276334570368253
0.9921323145173963 0.057101673389173956 0.1934804743798482 0.4935585456627541
0.9935393196687482 0.05835060714764553 0.196905578473247 0.3978438075203786
0.984953041782955 0.05860755217030209 0.20465664747405746 0.39908256880733944
0.9921038939466851 0.054107554294752294 0.207337785123104 0.3461219983439139
0.9932073347568847 0.048944538945562485 0.2033588439508718 0.26459698091711764
0.9956470614012665 0.054093823800733486 0.20761584550493484 0.4069025522041763
0.9915896734334702 0.054947640088232774 0.2108613524590499 0.3399163568773234
0.9951797933432228 0.05331959610179839 0.2106753262924721 0.4712027859630324
0.9881881130705545 0.05315254384983369 0.21637108709693972 0.3527784762383706
0.9879851764211226 0.05317839449383311 0.21172746080669835 0.335423197492163
0.993647245235741 0.05413390237077914 0.22489841008428774 0.4967251768404506
0.993026008942149 0.05251659633031172 0.224305269812826 0.5402386392485402
0.9931199812654452 0.050814216034579 0.2319062874154613 0.5555262463729886
0.992732322676464 0.05474594763092269 0.2325700269106828 0.49470058293587704
0.9953754029712476 0.0530949531218831 0.23348833610210354 0.5603944124897289
0.9935160400254313 0.05201335714092145 0.23918719245429002 0.6098130841121495
0.994288840839243 0.05223690026531238 0.2581042625986572 0.44475703324808186
0.9905409462806816 0.050186526267932095 0.2516328117679377 0.41728458194835083
0.9941322588601256 0.052179739777523 0.2604116549796123 0.4523685580426861
0.9912779846040538 0.050569378335863564 0.25734210408784364 0.48982826948480845
0.9948280879301297 0.05397318342041732 0.26796370063995983 0.36085626911314983
0.9840576774569255 0.05345662966268658 0.26536792591154246 0.44679317799663704
0.9863771650509066 0.05059934817433574 0.2753140992501458 0.5680614406779662
0.9916896006650334 0.05579041722026916 0.28611301052523946 0.535924617196702
0.9908968965612166 0.05897395003227212 0.2895621652765496 0.6160188457008245
0.994940240573968 0.052555304129025496 0.2997961857503964 0.5292954264524103
0.9937479906446871 0.054469685509312374 0.3040231222685644 0.5226641998149861
0.9904945611700504 0.0566491856470926 0.3074115578600507 0.5304651162790698
0.9945219517479003 0.057140706081179785 0.3133312813663161 0.6134985499604535
0.9932589368491934 0.05815371963129219 0.3244733328991925 0.594493700419972
0.9948517967400414 0.061879769344981184 0.33416135360470817 0.6091173617846751
0.9947863455173107 0.06056364566229711 0.34537430732447133 0.5807390817469205
0.996353989974391 0.059656518770038476 0.35214396457337893 0.6158892128279884
0.9948838001191793 0.05878137646538193 0.3509625707304369 0.5850612629594723
0.9906806134212258 0.05940603555346687 0.3544737305489976 0.5779043280182232
0.9963578786427262 0.060355137019463545 0.3607198568544687 0.5036527718091964
0.9951239009758236 0.06389804346404462 0.3728242440556009 0.5050483351235231
0.9925818725616117 0.06423945715455517 0.3792033507908355 0.5951674438321323
0.9933190944860644 0.06681275933609959 0.4035871036497097 0.56579476861167
0.9910051253632914 0.06794336917931038 0.39802638366500687 0.4521133449422194
0.9941695046252687 0.0646860898149333 0.403357682206172 0.38128451031676835
0.992408846818086 0.06522829971450057 0.4232564411662546 0.549895178197065
0.9965511229880026 0.06825252593747881 0.4356508061537257 0.5277059475434059
0.993614945576808 0.06832408108564549 0.4384622607999804 0.4987216363055289
0.9936905786623296 0.06859163943813791 0.43067936011341 0.4588820602868013
0.9925205529756672 0.06409690970322152 0.43196946684183024 0.2971327745919718
0.9958319380939914 0.07002482126448374 0.4512842280550669 0.3038711555253711
0.9933628103944234 0.0681132571793164 0.45348206304043354 0.6411947245927075
0.9923153973389471 0.06358829358891731 0.4466398461472044 0.6489711934156379
0.9949150590616799 0.06529626498456105 0.4491589945512323 0.49722136461870947
0.9923808510226592 0.06444948676391139 0.46717692443292924 0.20759131678148968
0.9887902372538754 0.07674044283210583 0.4741606882074123 0.22506619593998234
0.9947939915055356 0.07303183807520032 0.4799282952788693 0.4057971014492754
0.9949357890951314 0.06689954406126378 0.4731071180551315 0.18210831246624443
0.989010921457227 0.06902127302625394 0.47079595851273787 0.36262239250745
0.9930220287887758 0.06520624890293136 0.46309065220804 0.8560743885182939
0.989499759493781 0.06782879528088097 0.4698231889145067 0.7132446711605028
0.9807767796058904 0.06536382199883521 0.4762179799364902 0.795489006823351
0.986747249240955 0.0656168094040095 0.4847111828691221 0.8430177176605068
0.9890627983859568 0.06568047864894025 0.49289378979718057 0.8313931656027037
0.9862831978420016 0.07292070918454908 0.5112351828615936 0.8245264207377866
0.9898878210592459 0.0761907611203051 0.519454494398027 0.7317961165048543
0.9912016827356308 0.07473147058917805 0.5267064218159173 0.8537941994437823
0.9926803375537548 0.07730899917195323 0.5458646665960102 0.7972733711048159
0.9929514375216044 0.07639177014810772 0.5548908311291462 0.7236842105263158
0.9897865764732914 0.07546379424238138 0.5709768161986652 0.7935429056924383
0.9921336808787935 0.07566571841626638 0.5726315910488771 0.793235039028621
0.9884333873736411 0.07852009532672435 0.5886429298401129 0.7860687699397377
0.9899322758056452 0.07978579974553233 0.6189601916284411 0.7807047553882996
0.9886088631059865 0.07550379953828396 0.6180804589941528 0.7221072735954162
0.9905256623868797 0.06602143251357911 0.6410348672003606 0.6889795918367347
0.9913175626190127 0.056382538902609816 0.6463526996077605 0.8176152206002952
0.9928875894891236 0.0520925296425286 0.6709485351683218 0.7511566424322538
0.9911367279003822 0.041400665649772475 0.6985884613780463 0.7507374631268436
0.9906364112195573 0.01364925818086537 0.7063753231818728 0.7119517221077422
0.9932092963748469 0.006098788464755468 0.7216460015277456 0.6863316982632904
0.9860168452040232 0.0011421376006884463 0.7442663634188336 0.6337306164295784
0.9898272051533777 0.011963574434545174 0.7701957422263758 0.5460300429184549
0.9894782337263188 6.449410068667248e-05 0.7819467780037646 0.49092047589229804
0.9918415722822892 0.0005047882073708785 0.81717119944989 0.21871936634905698
0.9836801927062115 0.0 0.8324800679431453 0.28718795131008873
0.9874598497767572 0.0 0.8806893931820454 0.48879611485047286
0.9857911036397812 0.0 0.9011274705293759 0.5235963105578938
0.9895562806853633 0.0 0.9172592003772768 0.20377205160329123
0.9892354430843069 0.0 0.9070994477391566 0.16845375563620368
0.9867712663060949 0.0 0.8911720896797843 0.113611061231819
0.986457412021002 0.0 0.920957496766327 0.3084195672624647
0.9925843209109568 0.0 0.9350611695782414 0.7852290971964925
0.9922247584657394 0.0 0.9349433308324093 0.8020369191597708
0.9874305065424598 0.0 0.9334884775895202 0.7945693574149159
0.9904894507884112 0.0 0.9343421886380038 0.7819003448685932
0.9911503040406907 0.0 0.9394698920138087 0.7753789618741387
0.9915581105193254 0.0 0.9408386032809996 0.816393815370623
0.9849643061618837 0.0 0.9352363166900859 0.8663761801016703
0.9902957543084857 0.0 0.9394053253309047 0.8319207484865162
0.9943281451777339 0.0 0.9402634411797727 0.8968760497144777
0.9882345323348722 0.0 0.9361373106068375 0.864369269680683
0.9909529892253848 0.0 0.9445209890102706 0.8989216860908398
0.9910802134842995 0.0 0.9429553828992172 0.7729048642312952
0.9887645908770144 0.0 0.9398160647786672 0.8762231413295672
0.991737588032784 0.0 0.9428653687208759 0.913873694679264
0.9889337946675195 0.0 0.9431298801382312 0.8783891547049442
0.9844504594261615 0.0 0.9465730206097158 0.8645143738097397
0.9937232189706544 0.0 0.9526811220602016 0.8623921313909251
0.9895623444862849 0.0 0.9442732693820399 0.8485869847031372
0.9904389682546 0.0 0.9488334961242605 0.8465585647748836
0.9930130768763867 0.0 0.955225493202749 0.8636401849516604
0.9922123835144258 0.0 0.9490284543028961 0.8811325567553779
0.9911633636186722 0.0 0.9485190397012525 0.8397493961352657
0.9910384337067408 0.0 0.9514324723558344 0.8730183893468612
0.9914102311980574 0.0 0.9466095860532574 0.8931855694411696
0.993978509396638 0.0 0.9481156663605796 0.9102222222222223
0.9915275580381647 0.0 0.9502636155543488 0.8524989259630531
0.9910509029416426 0.0 0.9507227820386422 0.8922987419096793
0.9916803464622843 0.0 0.9509768250535378 0.8919315403422983
0.9904169674088057 0.0 0.9511651035437779 0.8893679113882073
0.9890893052237891 0.0 0.9505957256621436 0.8987575661038547
0.9935235032491438 0.0 0.953669798719543 0.917439183724258
0.9918590792945617 0.0 0.9546353030972694 0.8953292403996629
0.9940334324444549 0.0 0.9606479283578213 0.912315969963933
0.9898906118382639 0.0 0.9567831105146671 0.8990562858105831
0.9847320011347837 0.0 0.9562376414806121 0.9123136388735505
0.9953199935219915 0.0 0.9595996076549302 0.9150247602992309
0.9895929773027902 0.0 0.9587103419926853 0.9227092034418558
0.9933509646751795 0.0 0.9596892305257085 0.926896551724138
0.9909614154764442 0.0 0.9616616935695883 0.9386654046379556
0.9903463062074742 0.0 0.9622604007503199 0.8964250848403142
0.9921921037124337 0.0 0.9647685230891253 0.8867564992513951
0.9930084787963694 0.0 0.9666892289632031 0.8990382541941605
0.9929740753156777 0.0 0.9617858977601957 0.8834764874298937
0.9923316126030127 0.0 0.9613338742165535 0.842491479446338
0.9910898625735273 0.0 0.9623974251988223 0.917830175238638
0.9932927002783466 0.0 0.9620732341011913 0.9100816519333288
0.9925153151095688 0.0 0.9645299716604531 0.9322328970275324
0.991462931881644 0.0 0.9629243435050343 0.9279615957220552
0.9950770955621353 0.0 0.9613866603387086 0.9074989163415691
0.9964842555793335 0.0 0.964680981946899 0.9182181579235571
0.9912149374621736 0.0 0.9604899385763599 0.908313444709626
0.9939740801987051 0.0 0.9642649263149219 0.9327767278294777
0.9900384089533978 0.0 0.9586108870916015 0.8628946670204298
0.9945229506941724 0.0 0.9658398215592058 0.9019134668773758
0.9839136116029257 0.0 0.9608552143756012 0.9323709553538019
0.9897504623488343 0.0 0.9648545606181812 0.9325077624244185
0.9921891350834888 0.0 0.9666445411747442 0.9205991331096197
0.9896397516381956 0.0 0.9654111041062211 0.9184689684134745
0.9897233877575076 0.0 0.9707132540771694 0.9299351722384644
0.9919384739121996 0.0 0.9685513386078067 0.9288926965088884
0.9855913534028832 0.0 0.9630627626908066 0.9054222449436048
0.9895400215596385 0.0 0.9563829195324571 0.8296210047285526
0.9887271364602307 0.0 0.9583678339755706 0.863639353427721
0.992948823885859 0.0 0.9610158343926857 0.8707318380568042
0.9900270467162942 0.0 0.9653901458564387 0.8974052322477309
0.9916862925858438 0.0 0.9639490431208302 0.9013032992970393
0.9935812346140886 0.0 0.964154645248815 0.9034855302528494
0.9954772598648958 0.0 0.9611554404904021 0.8831123101796289
0.9884406805022916 0.0 0.9495396671019062 0.8697901062686146
0.993287507392414 0.0 0.9480988937224759 0.8768192526604228
0.9922398808789371 0.0 0.9396482030792424 0.8864485036397951
0.991829943275684 0.0 0.9145514737380585 0.8350078510480171
0.9931855576191115 0.0 0.8836207473508088 0.8154193694424946
0.990970582459089 0.0 0.8832139984025056 0.8950195617295302
0.9865958861106681 0.0 0.19110939680237024 0.4267109797848895
