0.984929391953001 0.055131282875779564 0.17432925602128505 0.19137931034482758
0.9951952333808664 0.05336420902917557 0.1611936677573281 0.0051005100510051
0.993546842924081 0.05664272793832637 0.17196665202387637 0.2113095238095238
0.9953129832105463 0.058183150928275446 0.16153199249111763 0.27970456005138083
0.9918185410317895 0.05305637261587274 0.16833757363573743 0.1838654503990878
0.9949793582131286 0.05547655029731131 0.1691691193637404 0.18759642085775996
0.9930154049659657 0.05330943348168222 0.16426407572885365 0.24230295566502463
0.9887010432902296 0.05232363147898105 0.1688799159161884 0.42387488030641557
0.9931885891241385 0.05065936787181651 0.17054211807765876 0.33453436807095344
0.9898800307213353 0.05269528478672471 0.17824610529895915 0.3559375994906081
0.9964833963838929 0.05124482788977903 0.1704670743284193 0.08674630261660979
0.9886330044154451 0.052962374835733864 0.18247660813302988 0.34368932038834954
0.9861694161279874 0.05153851134548699 0.17172768839544444 0.3318297152523259
0.9844981045745701 0.05053051288585578 0.18574527705668625 0.2203342618384401
0.9940004649416141 0.05403776878226316 0.18714127083421098 0.3018923713778829
0.9899691076220929 0.0501947257989041 0.19180813929874385 0.4255924170616114
0.9934261349946222 0.04831500976434619 0.18966379031856265 0.3644208430136077
0.9927654474125922 0.05078456682239966 0.18812502632116027 0.21338155515370705
0.9924824800972682 0.05351016904676541 0.19261772749348902 0.2436849925705795
0.9915437882270443 0.05305760349291299 0.1949536098756645 0.34076792772444947
0.9887772874775594 0.050959868543448555 0.20092088331218466 0.40584415584415584
0.9965362690599823 0.0517115522759705 0.19720596678018293 0.3148729660291179
0.9914662566896385 0.05135733986178685 0.19611294331423157 0.35299169768107647
0.9928796811425724 0.0503078260818989 0.1984997682568852 0.28161977386273995
0.9845152251440217 0.050287708189250664 0.20728567546668367 0.2726490825688073
0.9913468291044548 0.04916954092976846 0.20900286868431336 0.23332410738998063
0.9926696355254672 0.04770230920693477 0.20716322394392045 0.0848761036741669
0.9947427041173428 0.050729667910267735 0.2096171528063071 0.30113141862489123
0.9910761122910365 0.05148109649899269 0.21368713946165035 0.21445167286245354
0.9946310031578756 0.05074878413342277 0.2136558715790316 0.33360128617363344
0.9878920849637214 0.04929486453008532 0.21837863621650958 0.28639678149358816
0.987650246775057 0.0494401269085234 0.2138025330448984 0.28735632183908044
0.9938524615333595 0.05014630047366341 0.2266841233479606 0.4039435118571809
0.9929915963080796 0.04953427775614724 0.22568928525811516 0.43853820598006643
0.9931545344738334 0.04821443665798573 0.23352896599538867 0.45310825294748125
0.9927217240338911 0.04996506150380107 0.2337357586221336 0.3042208654101407
0.9948008378434249 0.049047608994407396 0.23785999124524382 0.3546973431936456
0.9929416055567838 0.04720600332059932 0.2413281836027898 0.4711111111111111
0.9940781389440813 0.04885287809527936 0.2609353090265419 0.36777493606138106
0.9898140966297195 0.04686657792006272 0.25267909118346665 0.3413449245717208
0.9935739909580378 0.048507428095846794 0.26210423491117013 0.40031233732431026
0.9906863078890226 0.046317129643821286 0.25850369819140473 0.41569148936170214
0.9949780480211451 0.047860212270256275 0.2691565334114972 0.31105286151157713
0.983685483156309 0.04958507746150691 0.2669024124493971 0.4076923076923077
0.9859195456936601 0.048102995204659764 0.2765713034098976 0.4472987288135593
0.9908536623764609 0.052185317934421875 0.2858876724422475 0.4845235193760663
0.9907020112892527 0.05378807260750197 0.2913823145635658 0.4954933586337761
0.9947091848303532 0.05047829737972405 0.30180506575195004 0.4328884411986905
0.9931907510053122 0.05395461887342605 0.30538277976726264 0.3859851988899167
0.9908321424645488 0.054902035181851765 0.30894800532745936 0.4655813953488372
0.9940241856750881 0.05566302061564148 0.31454622188329 0.520959662536251
0.9927420771640786 0.05610124691079369 0.32579783346596725 0.5530646315287384
0.9946173491208133 0.05686062824383851 0.33442179394252963 0.532798833819242
0.9944326552215911 0.057005608245001026 0.34616944313776377 0.503023516237402
0.9965136427470289 0.056424118940509575 0.3530641538199541 0.5371317263209155
0.9942749902089805 0.05637711244747862 0.3507697541197735 0.49835061262959474
0.9903709756813184 0.05761617191435541 0.355292908195964 0.5089326614750344
0.996079684051574 0.05782817831042774 0.36138111115377736 0.4615881213686249
0.9954401676046503 0.05943419939846384 0.3742361188910977 0.451528384279476
0.993250101073491 0.06207099406713896 0.3799667044801626 0.4392920353982301
0.9927959454856831 0.06328626176789136 0.4040822266272136 0.47139462621093037
0.9904856949568905 0.0636123134573579 0.3976118986104322 0.4956043956043956
0.9942614604709926 0.06207673040329056 0.40404974943678496 0.4521238300935925
0.992019057376801 0.06550744943688033 0.4241433019263768 0.4427035889961742
0.9969511786133717 0.06748936355544426 0.4369380709931992 0.43076178179470626
0.9939669753349314 0.06730451139125608 0.4402668001918065 0.4813439135573189
0.9939219956927144 0.06721445912699968 0.43227185963747494 0.4576326002587322
0.9922993396133497 0.06392363784034336 0.43352438092450774 0.2647187856453453
0.9962812826590595 0.06793572019045661 0.4554266518598063 0.35337114051669816
0.9931841941219132 0.06632195223336475 0.45394145346624076 0.6325288562434418
0.9928311455123383 0.06255234724343937 0.44803813118167624 0.6187973086627419
0.9951039174722731 0.06503825368705186 0.4515505188524129 0.6120653540008378
0.991892267782528 0.06395224529185038 0.46863013575891654 0.5881632653061224
0.9882546890736293 0.06790334805294378 0.4751026999944059 0.6313946702976074
0.994629601538454 0.06704405365407304 0.482664496824661 0.6395644283121598
0.9947630739013013 0.06131524780263131 0.47402816392326325 0.3247309685133519
0.9882713522245704 0.06549659457712316 0.47183489066238327 0.4522826208282174
0.9929089084624819 0.06323535613376628 0.46281946185745976 0.843591306114158
0.989073157633686 0.06627286210713934 0.469401405774316 0.6962071480671043
0.9803142736783331 0.06360961078212331 0.47560802477703445 0.7769347496206374
0.9870962914931292 0.06368484018825814 0.48462394984086327 0.8156638013371538
0.9890555767809032 0.06346526568187193 0.49257359027780556 0.8203479576399395
0.9859261734456708 0.06987542047911388 0.5108234863880383 0.8084636983553951
0.9894225254177226 0.07318676848314368 0.5183185201964476 0.7275892080069626
0.990868994016699 0.07074178358562158 0.5255681771875005 0.8573134328358208
0.9919347582766799 0.07342159697938704 0.5445384169143891 0.7792161730803334
0.9931907010586126 0.07450468313674552 0.554812165166668 0.7086218836565097
0.9890505908656902 0.07534513939871434 0.5708498333708365 0.7611120645272009
0.9914860958264801 0.07620250348902706 0.5726159029007944 0.7582302734715206
0.9877542845698263 0.08032532042650481 0.5888489356287302 0.7666488127120157
0.9893235879921766 0.08119190377847639 0.6190489431565862 0.7674498370776882
0.9881878282908892 0.07492105020284179 0.6176384086418469 0.7182647670882023
0.9900832167459783 0.06438371678087826 0.6405456472870741 0.7250937550953857
0.9915215740100769 0.05350078383859439 0.6463652096074007 0.8030875348989982
0.9930761378869307 0.05681173966784695 0.672548111173343 0.7480928689883913
0.9906674326686704 0.048180238204774316 0.6998397519227406 0.7570438117716477
0.990742040766057 0.017842413951526453 0.7073242692863371 0.7215022091310751
0.993483667349705 0.005573200695151915 0.7221561042566799 0.6784420289855072
0.9874113496820185 0.0033244427510001904 0.7448810545199283 0.6342928660826033
0.9909126077442909 0.001268103143765454 0.7680094147760729 0.5117427678661425
0.9916618435683083 0.0 0.7829651426878641 0.49756813801963845
0.9943628483502674 0.00036569132726448257 0.8166438592941768 0.2051690302514163
0.9854914706753922 0.0 0.8349593502403025 0.33728321915694626
0.9897036750592685 0.0 0.882062228283488 0.5190790680609062
0.9881894317025559 0.0 0.9044459254382091 0.7478227459016393
0.9922180878003205 0.0 0.928705994746416 0.36585068066662596
0.9914689059406563 0.0 0.9242938102309504 0.3608420045449109
0.988952731587698 0.0 0.9060188864957026 0.16056402672242337
0.9885210224740848 0.0 0.9238079288263509 0.3387280248190279
0.9949086717722249 0.0 0.9365585785775985 0.7841788478073947
0.9944950079858785 0.0 0.9323800728038113 0.49270588235294116
0.9898629167102683 0.0 0.9315645491914134 0.5193410320600824
0.9927973871253574 0.0 0.9343248221026904 0.6364343345970642
0.9938210357419003 0.0 0.9407545328428132 0.7241012550521165
0.9940847520537347 0.0 0.9420937007100255 0.7629227823867263
0.9869939078314943 0.0 0.9363144226348511 0.833198192980424
0.9925807264681995 0.0 0.9409143296835153 0.8277687736358725
0.9963433057241025 0.0 0.941589397511455 0.8921677390725538
0.9909692135377737 0.0 0.9379220379970853 0.8573672635878102
0.9930457983361675 0.0 0.9457335215994433 0.8982719269644603
0.9935616155582182 0.0 0.9443944836799362 0.7620597243491577
0.991580413529181 0.0 0.9413451698315491 0.8755847516671643
0.9935482143189821 0.0 0.94391845040211 0.9111002444987775
0.9911845409729327 0.0 0.9428938128220254 0.7350251297684766
0.9874987662492235 0.0 0.9460749600657057 0.6909803921568628
0.9953679804673875 0.0 0.950832516026786 0.6436250861474845
0.992228044743305 0.0 0.9450722621544437 0.7929126914134531
0.9933545825975122 0.0 0.9505811055629108 0.827708703374778
0.9938536922759079 0.0 0.9543813191102294 0.7585175457795287
0.994998928420713 0.0 0.9504333676205251 0.8437727898873673
0.9935009598013874 0.0 0.9477617926138303 0.7041008276899925
0.9938159272083098 0.0 0.9465289998328142 0.5497449611251424
0.9939357736991032 0.0 0.9466213736122943 0.7510601643254704
0.9958880626155913 0.0 0.9475561543197493 0.7822483709748845
0.9940930286115227 0.0 0.9501278188820648 0.7356441717791411
0.9936974972324123 0.0 0.9522281472232081 0.8753104818678589
0.9944136282049315 0.0 0.9526340878558944 0.8867793791574279
0.9931418407667992 0.0 0.9529085779397976 0.8895498711084672
0.9920485346553146 0.0 0.9524944829268334 0.8999809608428
0.9953424871095908 0.0 0.9543906758370743 0.897705196697426
0.994232369666159 0.0 0.9490656648154198 0.5968082984240973
0.996033361883767 0.0 0.9535926501174021 0.57439331163066
0.9920677424658821 0.0 0.9473936240774714 0.5180765405960286
0.9877566427598431 0.0 0.9548268371515517 0.7452197998570408
0.9956461736973642 0.0 0.9595258277631469 0.9059949045910675
0.9925280868049515 0.0 0.9598763371976602 0.8900697283000721
0.9952124302128145 0.0 0.9546832263215486 0.6770157387158068
0.9938307097910115 0.0 0.954163686068747 0.6100955482503303
0.9926375384279307 0.0 0.9448866257171965 0.43635501140753125
0.9944691745588776 0.0 0.9552325123334379 0.5545680969093173
0.9955295442901547 0.0 0.9650127783335217 0.7622385280911181
0.9943888941987072 0.0 0.9449845851664114 0.4905824147209444
0.9938231562631051 0.0 0.9351681849572665 0.406457961539103
0.9938164320370719 0.0 0.9273022133860663 0.368711743772242
0.9949052676814703 0.0 0.9385895780782288 0.47002880844122036
0.9948305389348162 0.0 0.9437788386455598 0.5137145677619518
0.9934534633823773 0.0 0.934517038821393 0.4578546630310074
0.9936249060580669 0.0 0.9343576175132511 0.48955464083439076
0.996118998483575 0.0 0.9304974695427255 0.44445028586449364
0.9918852079497752 0.0 0.9028786716404614 0.34118890454646594
0.9929424514432664 0.0 0.9123946075503576 0.3876821963230142
0.9926364020190295 0.0 0.9128391092822392 0.3864159139148033
0.9947395994945338 0.0 0.9134314503962946 0.3911278417478595
0.9848820150682547 0.0 0.9203488436256578 0.47970016857991493
0.9902688552282198 0.0 0.923078431589888 0.49493738342659205
0.9937503054938884 0.0 0.904370089846722 0.40345644155016164
0.9909954685322373 0.0 0.8902283846433225 0.39461363563582796
0.991039501039501 0.0 0.8894626033265328 0.4226456694712431
0.993856197605695 0.0 0.8821709798365291 0.4217104241522043
0.9870746470822295 0.0 0.8386223204453872 0.35490944664834456
0.9885806462294608 0.0 0.8417224680215587 0.38328786115919583
0.9899980564943899 0.0 0.835161992049661 0.3987781954887218
0.9924800162620097 0.0 0.854264054165669 0.4510782181027145
0.9899626782284886 0.0 0.8719282110573892 0.5124202190925842
0.992070545874129 0.0 0.8813625907421301 0.5672003378943762
0.9948022929368243 0.0 0.8673720661445301 0.5630681778357199
0.9959256705617063 0.0 0.8707149691055924 0.5976137613893153
0.9896248415073899 0.0 0.8820156555772994 0.664866487627712
0.9945628285334088 0.0 0.9146774939173924 0.7774676855620843
0.9931672011279389 0.0 0.926359829276835 0.8520952802443212
0.9935051839901302 0.0 0.9288802498867806 0.8741462194681413
0.9934410458574036 0.0 0.8988220186489698 0.8566958433760413
0.9922011912277958 0.0 0.9149637137547688 0.9353451240440248
0.9877565522834154 0.0 0.19095099252611686 0.42687097086218573
