0.9859015002821229 0.05601965016692747 0.1734220746729781 0.45229885057471264
0.9963878494729685 0.05176706648236501 0.1596322452832865 0.3855314081571896
0.9944187771008144 0.05532736468321033 0.16961114962924662 0.4407484407484408
0.9961722692955771 0.05745593798617927 0.15995373361333942 0.5256904303147077
0.9926943505683524 0.05249716306268117 0.16643140836689224 0.4086143383394729
0.9957303078261703 0.054694249407033914 0.1677045319650003 0.38026878436163714
0.9943216578940116 0.05253983762331722 0.16265784611771558 0.47830101569713757
0.9893330262769084 0.05173717028043791 0.16752875063266146 0.6225766103814885
0.9940974127291899 0.049485386436545785 0.16856560835959367 0.5369294605809128
0.9909060298880089 0.05201089399508184 0.17618203823853065 0.5583095011121704
0.9968615452338284 0.05012213878584999 0.16835344074318212 0.3444254835039818
0.9894772595676169 0.05104638530019383 0.18022550057072653 0.540488608289871
0.987255859695132 0.05229176642759912 0.17006520385762186 0.539954980303883
0.9854203891526866 0.05020249228327822 0.1833653361073416 0.4625452520189362
0.9947539476288686 0.05303625843405121 0.18474129046213356 0.5405246094901267
0.9909793295188976 0.052210368720799885 0.18979048806213444 0.6335616438356164
0.9942469716818885 0.049154783846748776 0.1882425060657127 0.6099151989562949
0.993862532037755 0.04918907880301857 0.1863427510733404 0.49599525363393654
0.993580117180579 0.05301929413118858 0.19103817647082819 0.4934640522875817
0.9926943852314825 0.053943917497990865 0.19209280860924552 0.5573122529644269
0.9893910008937093 0.051138955923094996 0.19815708772908017 0.6097987751531059
0.9970097737680268 0.05224384642846805 0.19444846114192393 0.5577689243027888
0.9923602288520732 0.050960339188557795 0.19408723589898313 0.6073163761074593
0.9940107769383776 0.050882466475174554 0.1974747281282066 0.5016869971450818
0.9851074120103096 0.04979285936117475 0.20520451259063816 0.5222568755316133
0.9921616617570188 0.048394922802006336 0.20801872166059765 0.4742465753424657
0.9928548273647512 0.04750762054946216 0.20572262116675288 0.3996012532042153
0.995641590496939 0.05080360003380682 0.2085288320053305 0.5374032674118658
0.9917485121764212 0.05075712956687394 0.21186723953789838 0.44609665427509293
0.995364798510505 0.04951052752341009 0.21106733764208002 0.5499606608969315
0.9884134842629997 0.04900262298008221 0.21665615111217215 0.48119551681195516
0.9884301924797473 0.04956876583245444 0.21194315973028963 0.4487513007284079
0.9943549803542017 0.05078555417185554 0.22421472304589915 0.5800104931794333
0.9936112173108105 0.049554631681147154 0.22409571062092257 0.6155961009747564
0.9938548532608964 0.04706602817014527 0.23191259228310396 0.641712634620436
0.993290250459394 0.05064738614467595 0.23230654711445461 0.5470447919427511
0.9951074371934368 0.048810938644193946 0.2343080713963984 0.637831918970709
0.9937752365822252 0.04685737855824224 0.23930677965153588 0.6677732379979571
0.9947598516295155 0.04750382565292855 0.2578585778733367 0.6056265984654732
0.9910463856521989 0.04562662188978782 0.25158038401437083 0.5972896957299924
0.9946641268531182 0.046932405097084885 0.26040994080578966 0.6115723923196679
0.9914309959386753 0.04511383994803812 0.25703407627994396 0.5881595881595881
0.9952843555222345 0.0479076377873169 0.26677488663799787 0.473948114235884
0.9844526591637022 0.04844924313506978 0.2649287105373886 0.5458015267175572
0.9866956853509304 0.045420181317338756 0.27510652637413513 0.6379265433706695
0.9917467162560596 0.049997931163990796 0.2853392753336212 0.6514244673210439
0.9913393965482722 0.051784964886728437 0.28996243647932807 0.695824585957546
0.9952254707631318 0.04816731226966863 0.3004553789632903 0.6327739387956565
0.994051124985275 0.051550076632380364 0.30465731696461085 0.5853545853545854
0.9904895948281756 0.05271714224228767 0.30786076673196017 0.6497096399535424
0.9946966423428741 0.053983762538097016 0.3141434086006697 0.7655028660760813
0.9934831008338264 0.05371716803987631 0.3250910956396663 0.737414322855117
0.995028011717767 0.053573179722119994 0.3333292701161755 0.7371948300622307
0.9951369791698567 0.054783010742088946 0.3454275800721844 0.6715116279069767
0.9967198537040054 0.053804303347957744 0.3520182878850865 0.7202863961813842
0.9951707565044595 0.05459393495782323 0.350581595575526 0.7206953253464882
0.9911167358853322 0.05503948900399756 0.3548026154760656 0.7480566986739826
0.996686791074295 0.05580521482624321 0.3609013462992094 0.6700810926163039
0.9957008153959114 0.05694938904159069 0.37300634259149507 0.6471345782356729
0.9931014021520731 0.05919814861145859 0.3779217773663504 0.48818195332243197
0.9937987192094596 0.060283291422984206 0.4025680832161528 0.5573453608247423
0.9914002895355797 0.060903459674886334 0.39724243974921414 0.6360067302299495
0.9944755784341073 0.05942170354048218 0.40247293641160864 0.4946188340807175
0.9927013486822586 0.061861575561412925 0.4230566209218634 0.5454091816367266
0.9972154355575712 0.06512377731501368 0.43504235420809156 0.49441610368123534
0.9941829700426607 0.06474276659107675 0.43936995293070363 0.5983460353494405
0.9944364378570958 0.06502515709689262 0.4306822388466498 0.5007535278805316
0.9931299807639461 0.06111518187186946 0.4323760864935863 0.29219163166899986
0.9966415943050791 0.06467640707247942 0.45485801770401557 0.5195060342408083
0.993850582866761 0.06329211519024783 0.4531265280575821 0.7545155993431856
0.9927042435912048 0.0592861220334369 0.44653862097554237 0.7837894297054523
0.9956927590345379 0.0610433518308959 0.4504154433556376 0.7994204098530325
0.9928841460612466 0.05760251937956526 0.4672895372856596 0.761480882055432
0.9891479026445155 0.06367830070365509 0.47423627630819887 0.7568866703642078
0.9952278453146784 0.0634556294057225 0.4814412239955615 0.7300017056114617
0.995600829263323 0.05885979683060395 0.4726642542616733 0.33533032416906033
0.9892309734904923 0.0606970361841867 0.47056804599604374 0.49385697784311666
0.9937883736686497 0.05747050515413209 0.46136118517330554 0.9173406983625961
0.9900655378691554 0.06040146999519786 0.4683166403709926 0.8104256854256854
0.9813555456690058 0.05807918297813263 0.4745643562161769 0.8739090064995357
0.9876220808117322 0.05774125411768836 0.4832002390373027 0.9140610372589403
0.9894930137344686 0.058619966286935964 0.4912929455015747 0.8725472217128186
0.9864603028652144 0.06377233874226475 0.5092052623449751 0.8661417322834646
0.9907736406432271 0.06704514818954767 0.5173044861741609 0.8058319039451115
0.9920379007053769 0.06404023093635772 0.5240540131764048 0.8792973177181715
0.9934445146841672 0.06633689826090025 0.5433436861636793 0.8611255411255411
0.9936932400575538 0.06738390772914818 0.5532326504614563 0.8290539376184732
0.9905368822306719 0.06752719678760893 0.5692855141312559 0.8287579511215266
0.9927431700248298 0.06595838231203395 0.5705816844949322 0.8443606444977717
0.9893467398974007 0.06982749332154309 0.5868157465260442 0.8200721773500601
0.9907451145469961 0.07224287509263828 0.6175568008383623 0.846309403437816
0.9894329952563651 0.0679909184991456 0.6163032515463366 0.7434776051877545
0.9910204417429683 0.06137413567318315 0.6403785641203837 0.8193467729332709
0.9923903875238487 0.05273302983180355 0.6462748438115563 0.8983766233766234
0.9938193221168207 0.05151133763985175 0.6713734173801872 0.7956285896617741
0.9915695958212803 0.042968182756169704 0.6993320310683957 0.8166472642607684
0.9918041972854713 0.01652629523735654 0.7075128351040878 0.8030675734336565
0.9940958075437404 0.010563090717808095 0.7232275632676465 0.7735651719178978
0.9877757653571829 0.0038478549314462625 0.7452476977649045 0.7169835074908725
0.9915608244332385 0.0025478334617807384 0.7687072740930415 0.5724025643634884
0.991792228247364 0.00010288967559266358 0.7830088380854214 0.5261932479627474
0.9945143928765643 0.0014810051348006976 0.8198397750378404 0.2566700872242175
0.9858216311617172 0.0 0.835502522383818 0.37000876204781574
0.9899886830634935 0.0 0.8815855872020095 0.5131869029149996
0.9885854537255859 0.0 0.9035166179263213 0.6577992744860943
0.9925973548436333 0.0 0.9242111260907714 0.28690746895224767
0.9915665902037512 0.0 0.923588680834018 0.3700959023539669
0.9895133527944089 0.0 0.8968964579228936 0.13220087182594759
0.989090098949742 0.0 0.920381210966628 0.2912157471311308
0.9950975931698823 0.0 0.9367588735916367 0.8062006365672522
0.9946240352663287 0.0 0.9326000909899187 0.5184901028080405
0.9899710117823078 0.0 0.9312710141234893 0.5197735849056604
0.9926668640342302 0.0 0.9358836278648573 0.8071622232263895
0.9935834911483908 0.0 0.9412256193156164 0.8058631921824104
0.9941305893559077 0.0 0.9425432812345097 0.8165967064901518
0.986982567395932 0.0 0.9362945432729756 0.8411059293804131
0.9925942355797075 0.0 0.9408643667536414 0.8305644412341348
0.9963839102693325 0.0 0.9412541232287073 0.8566587945374269
0.9909305191891539 0.0 0.9378450063389905 0.8573012193892976
0.993003325424381 0.0 0.9455039198863003 0.8795131008871467
0.9935398386228163 0.0 0.9444435390026304 0.7801385681293302
0.9916023937631665 0.0 0.9411349908809157 0.857102326461131
0.993797564909543 0.0 0.9437704733408036 0.8802705958669261
0.991479529123916 0.0 0.9438783026213761 0.8024004942193981
0.9873953043880133 0.0 0.9478638497842383 0.8325592967324598
0.9951157921171373 0.0 0.9531602557596671 0.821792347855859
0.9922167099518369 0.0 0.9458592476176303 0.8680016687526074
0.9933102723650455 0.0 0.950697417597587 0.8476656439174061
0.993918146516971 0.0 0.9554153169019945 0.8334774066797642
0.9947346562780968 0.0 0.9504168609656738 0.8627292558778379
0.9934957582213334 0.0 0.9487170733122912 0.7626972550059674
0.9939479829293824 0.0 0.949700206471747 0.6736238396499734
0.9940074458126921 0.0 0.9462182720017734 0.7304660402345967
0.9958884154792093 0.0 0.9473256268575639 0.77431787593295
0.9944393445163456 0.0 0.951895593745962 0.8277864038344698
0.9937942059720186 0.0 0.9521176037843988 0.8638663616829556
0.9944455097825432 0.0 0.952484963246324 0.8761217191822415
0.9931000947002289 0.0 0.952554013955147 0.8716298043214992
0.9919270179923422 0.0 0.9521381325629701 0.8838880019648778
0.995546226386975 0.0 0.9543987495354841 0.888718432853434
0.9944686957388557 0.0 0.9543579244570874 0.7982368157102888
0.9960122020999126 0.0 0.9599865071914231 0.8124870358846712
0.9921155894750813 0.0 0.9563661136309575 0.7972696245733788
0.9876159248608785 0.0 0.9578324787263865 0.8966673764906303
0.9956119380783901 0.0 0.9595596266146296 0.9110597895817295
0.9924592051051847 0.0 0.9589151622770486 0.847174734569012
0.9953159083259672 0.0 0.9441226982431159 0.4655298061507069
0.9939275500256955 0.0 0.9438101112482716 0.4444078803036286
0.992904105286874 0.0 0.9230684322130607 0.2752922661870504
0.9946375059736317 0.0 0.9354439569246349 0.33297293644626147
0.9956314772644284 0.0 0.9451085043689098 0.4128214159915463
0.9943890990664964 0.0 0.9398873791886634 0.43738507508427826
0.9938040986800267 0.0 0.9226667370616264 0.33109288882914373
0.9938868407588866 0.0 0.9170585598977631 0.3193915424399148
0.9948660149995787 0.0 0.9263026265387688 0.38295057309583164
0.9949306358748168 0.0 0.9503821570682859 0.5927790419041099
0.9936936446829595 0.0 0.9253202079864469 0.398136057556904
0.9938092867179391 0.0 0.9228736830888609 0.4086253851759983
0.996165696007396 0.0 0.9274464639538313 0.42804650171183484
0.9917430638993586 0.0 0.8942287896167348 0.3157609294363894
0.9932739411039401 0.0 0.9076481768176164 0.36888128151221417
0.9923320469858472 0.0 0.9088689629159737 0.37207325481454895
0.9948106243330556 0.0 0.9182302513019899 0.41407598471772394
0.9851061327954521 0.0 0.9280400267320419 0.528961676751732
0.9903521351450473 0.0 0.9289151805785784 0.5327128277087393
0.9938120303316242 0.0 0.9173677023954774 0.45709443845324293
0.9909862239264787 0.0 0.8904639307437457 0.39689134428874134
0.99101977636078 0.0 0.8616212455659672 0.3597738334085302
0.9936049700643338 0.0 0.8559360288901786 0.3639366130775777
0.9867583166878305 0.0 0.823675164146141 0.3332998846018765
0.9885238534497032 0.0 0.8179019178787489 0.347956051938618
0.9902324533848579 0.0 0.8201112254907058 0.3780707788196979
0.9928981214771716 0.0 0.8366429081408417 0.42031642536630703
0.9902768015530341 0.0 0.8391864642362616 0.4493149540808692
0.9921507892997372 0.0 0.8447612726792953 0.4912216296326511
0.9949629203311691 0.0 0.8456529228314477 0.5255988636945284
0.9962541361582988 0.0 0.8543620658496015 0.5696768271647529
0.9898763930517547 0.0 0.8707470957716682 0.6457682969129379
0.9947026791338796 0.0 0.9136257133633915 0.7787767564231656
0.9934694082931685 0.0 0.9268027043960011 0.8539812920655246
0.993690604719589 0.0 0.9277080489254014 0.8715213012012236
0.9931930955012581 0.0 0.8938163125224169 0.8461295123016191
0.9923941043746746 0.0 0.90842812961417 0.9275460683699245
0.9869195244939492 0.0 0.2171821137984453 0.5157912697284232
