0.9857050421473897 0.04762184450560594 0.1735752336680625 0.3701149425287356
0.9957598420190833 0.04439816780248017 0.16034246066356642 0.25802580258025803
0.9940615437619252 0.0515859178135732 0.1707459443936334 0.3389035473468191
0.9959577464034651 0.04820349783816846 0.15946737707751957 0.45407835581245987
0.9922140763653782 0.04479090945892905 0.16744883361626642 0.32105412298101443
0.995199436485379 0.04844126923594991 0.16884545438628676 0.31286639925948784
0.9936465024760865 0.04435101432027419 0.16294419622931547 0.36545566502463056
0.9892525640509716 0.04393392107596679 0.16719281523660162 0.5349505266517715
0.9939202835542149 0.04140729183917163 0.16892379927348974 0.41546563192904656
0.9904089148082741 0.04209443409305653 0.17638033794441596 0.4479465138490926
0.9967744741699675 0.042578489761324945 0.16902238016604393 0.26706484641638223
0.9890690576626266 0.04004762556649927 0.18035170925693636 0.4682385575589459
0.9869107064179762 0.04178845459428676 0.16998531911605624 0.43191429376938256
0.9852215279344897 0.0422544273940468 0.18393993392421085 0.3713091922005571
0.9945046384274301 0.046758738676552995 0.18540690283285582 0.45433047590895653
0.9907536243198695 0.042556460865081226 0.1902907652463396 0.5751962323390895
0.9939740331999474 0.041280632635935656 0.18864195358398356 0.5144374377696648
0.9935656460379318 0.04158342371139905 0.18653528025953295 0.36795774647887325
0.9934677339537317 0.046517595343146916 0.1915457749963096 0.43684992570579495
0.9926102677104004 0.043853086127750775 0.19302031908086026 0.5005646527385658
0.9892125869364331 0.044706079279377475 0.19910779271093879 0.5735294117647058
0.9969767280068252 0.04532966501437532 0.1954937765400323 0.478447045389666
0.9921602352416672 0.04590546473357417 0.19481806253088688 0.534783853421128
0.9935858221393536 0.04314092068542409 0.19659750499890713 0.44587155963302755
0.9848062205351129 0.043581773756877176 0.20524360026400265 0.4363532110091743
0.9917441567926294 0.04140410334257086 0.20739783856532634 0.39966786603930254
0.9928547570311516 0.04188296216129471 0.20520000257776805 0.31842779834804896
0.9951820838765357 0.04687157261891998 0.20882284747334637 0.47055410501885697
0.9913233133769946 0.04527666270942335 0.21240073547601146 0.3724442379182156
0.9949351684525005 0.044029326577803035 0.21178122782821554 0.5049531459170014
0.9880443336671272 0.04273491532026837 0.2171601077714451 0.4264520995725421
0.9877860076268701 0.04648965816108452 0.2125561956654188 0.37539184952978055
0.9935270946972535 0.047846292474261205 0.22612068749459333 0.5131578947368421
0.9928428651159131 0.04612580162963539 0.22513209429276793 0.5492922143579373
0.992717049548467 0.04331592314343472 0.23165918597782717 0.5941378399788751
0.99245716575437 0.047121473026863446 0.2325571480399089 0.5126095035837537
0.9951583048710916 0.04660475112714698 0.23457927749768429 0.5888797589701452
0.9929904937005621 0.04488288946815719 0.23996490388450187 0.6339009287925697
0.9943909140086578 0.04596624048505618 0.2598393123798204 0.5245524296675191
0.9902281882553107 0.044562230474487124 0.2520995819952082 0.5006392227051905
0.9940530943162128 0.045793224255831835 0.2611639649723047 0.5117126496616345
0.9909502262443439 0.043246441267525894 0.2574094806173359 0.5282870612886328
0.9945295474328265 0.04329628154531301 0.26839281717976277 0.43184796854521623
0.9838589819385173 0.045367806939006224 0.26560541646984726 0.48502276539659717
0.9861128011681675 0.03961421092825272 0.2744927931486323 0.5912698412698413
0.9912881387953021 0.046673519810997495 0.284749241435317 0.5766043097324177
0.9911260893723313 0.04819933663158166 0.2889708504757416 0.6387644423485027
0.9950907687370438 0.042079210627912596 0.2985888118303889 0.5682261208576999
0.9934904940353048 0.04587506909894969 0.30301709237100544 0.5483348751156337
0.9901926795445224 0.0466549315388986 0.3060541718806765 0.5718604651162791
0.9942967237197142 0.04760887097227737 0.31205207922815315 0.6640337019483938
0.9933486644259685 0.04851861468197369 0.3234591302280485 0.6254026691210308
0.9946534711517085 0.05095013369091859 0.33242801150615653 0.6534486902186974
0.9947493027853068 0.05171853802616413 0.34413822058310795 0.5964165733482643
0.9961257585627593 0.05084761837020177 0.3507473967827703 0.6419393939393939
0.9949900835269812 0.05158972909215523 0.3495554196404857 0.6166352497643732
0.9908624100545007 0.0517416710389035 0.3536005255708892 0.6115437471369675
0.9962566747903072 0.05152343489565971 0.3594020160295278 0.5417292426517915
0.9952738601236476 0.053373696220243905 0.3714763618104543 0.552710843373494
0.9926020697322757 0.057164362546089705 0.37778370961013985 0.5206066012488849
0.9934965414024349 0.05874761516107735 0.4025300330618128 0.5344612644701692
0.990937157414715 0.059428453841603 0.39648723956944065 0.4787320071162866
0.9938782459182269 0.057726306743321 0.40193018497265637 0.41959723474601746
0.9922675605697664 0.059218027586004564 0.422868630808578 0.5838101292646747
0.9968630252725803 0.06135007661627743 0.4353134967725586 0.5860776967067639
0.9934409202414441 0.05954464653856551 0.4380632972259947 0.5752387817624798
0.9940419502308958 0.0604539511235432 0.43034099911695234 0.5159434582511505
0.992531869051151 0.0560112202883811 0.43417109440808654 0.37232982844493634
0.9959125676672779 0.058786151789366844 0.45312135034128365 0.4353932584269663
0.9934224567803023 0.05896747356736817 0.4519877720571027 0.6742298084929226
0.9920426686583234 0.05588374471462808 0.44513029047930586 0.6477511559478772
0.994902151859151 0.05743628491051588 0.4485153377425718 0.6149568552253116
0.9922749573417533 0.05662339235599346 0.46650222348007975 0.39154715065363627
0.9888913858132854 0.06198098377133774 0.47050757348591066 0.28459766332071745
0.9947432777784571 0.06144855519373121 0.47939571879884435 0.4841940939248081
0.9947989023450348 0.0569379603844119 0.4717525186002634 0.18416090509113764
0.9890261744058816 0.06056433666769463 0.46932808153465655 0.3702245683099222
0.993027561566136 0.05847935138477103 0.46154987314000145 0.835956416464891
0.9896020025404622 0.05972829926391832 0.46791921209616816 0.705261241580193
0.9808963072341327 0.05563008494422825 0.4737551247483065 0.7852551984877126
0.9868851028827099 0.05628041077945167 0.48251711623484894 0.8194444444444444
0.9888109894060836 0.05580345526430437 0.4903158879353548 0.8015798382546548
0.9860756404441201 0.0639844953566501 0.5089593232244763 0.8035249349088724
0.9902452982970977 0.06678702067127289 0.5170705309751719 0.7198409955063948
0.9912691271304104 0.06461736322030039 0.5242031800439518 0.8439687937587518
0.9929458276507723 0.06582563875112563 0.5429956798814194 0.7933368964902904
0.9930689091065638 0.06678468558072029 0.552877821393523 0.71398891966759
0.9901752573146894 0.06577652896471764 0.568913357811348 0.7833191489361702
0.9923687715094439 0.06557068051548927 0.5703233190271817 0.7688973647711512
0.9886624504458975 0.06277876895628903 0.5846648727126883 0.7928024229467308
0.9900265957446809 0.06706063925918225 0.6156421081745044 0.7664271047227926
0.9886642531722097 0.0595511840410291 0.6140454213448648 0.7343422959265818
0.9906231815855787 0.049208377691633186 0.6371698476961635 0.7095510204081633
0.99186218816447 0.03678826104861608 0.6422436978584483 0.8184055118110236
0.9933621710126008 0.03287329282749757 0.6670323214696331 0.7452377008447905
0.9913187639438426 0.02345125639921413 0.6948472232332459 0.7451298701298701
0.9913952778092503 0.004571379515712776 0.7051284345913119 0.7117698855297916
0.9938362036623603 0.0028522581564325404 0.7216351948260512 0.6587665647298675
0.9867023029326695 2.853573625370172e-05 0.7446738350025063 0.6167143390125607
0.9906146594111523 0.0010070138869327624 0.7684024184238093 0.518935516888434
0.9900762378293766 0.0 0.7821413506942415 0.4782267897578819
0.9927940191310701 0.0 0.8219738654732802 0.28207570819754324
0.9847299132180176 0.0 0.8346785199048622 0.3265853800828423
0.9884072414781943 0.0 0.8815822964140442 0.5089611971463373
0.9866544082858555 0.0 0.9027241665897128 0.5818763113198122
0.9906570801525394 0.0 0.933203369227538 0.5616910326846075
0.9898236115542838 0.0 0.9293670648443271 0.633232754135886
0.9878484833445378 0.0 0.9192838696983991 0.2797671938866181
0.9873341090103817 0.0 0.9256661945332557 0.3959826076305959
0.9935594762651029 0.0 0.9358337050258914 0.7970654066152698
0.9930100632241518 0.0 0.9356323977396925 0.8108561113976276
0.9882789061499841 0.0 0.9342253934495606 0.8035825351411867
0.9912395676547854 0.0 0.9349023035975742 0.7861507128309573
0.9918591269176192 0.0 0.9399703314923559 0.7741452745481754
0.9924055416180344 0.0 0.9415091200958171 0.8240836493163277
0.9855665745661754 0.0 0.9356732694567178 0.8687324630962547
0.9910376095512196 0.0 0.939960779399475 0.8369770280767951
0.9947429529403102 0.0 0.9404939829272683 0.888500957315013
0.988849103929623 0.0 0.9365978886480568 0.8648073238237173
0.991508085246773 0.0 0.9450439924418523 0.9038546255506608
0.9918314524835522 0.0 0.9435269137369275 0.7743962301197722
0.9894379191428172 0.0 0.9402908439633817 0.879206914082359
0.9923405613582195 0.0 0.943295415931781 0.9192834138486312
0.9897319538711313 0.0 0.9437329052782681 0.8849914323152908
0.9852133978181227 0.0 0.947041846110139 0.8591240875912409
0.9941915587399417 0.0 0.9529741771150024 0.864867397619717
0.9902482452815017 0.0 0.9448744199412838 0.8493174658732937
0.9913020537796664 0.0 0.9494117492213965 0.8378824756606398
0.9929532840482664 0.0 0.9553177074024349 0.8689141781466587
0.9931615509028079 0.0 0.9497609669765649 0.8846153846153846
0.991854336888885 0.0 0.9490315048531279 0.8382375478927203
0.9918189606859189 0.0 0.9521093953763823 0.8747181964573268
0.9923422219847166 0.0 0.9474279698447464 0.9010680157391793
0.9946338631141409 0.0 0.9486285934340338 0.9031048447577621
0.9922520249777753 0.0 0.950964049014458 0.856675392670157
0.9920931499653227 0.0 0.9515885035615657 0.9029507710557533
0.9927400283604628 0.0 0.9518984720391568 0.9000998288648032
0.9912922202950563 0.0 0.9520354952955967 0.8958670988654781
0.9902009982402528 0.0 0.9514339628915343 0.9048421598496144
0.9941122300244157 0.0 0.9540620546894797 0.9117388022143935
0.9928180990858871 0.0 0.9553899766563125 0.9029572032082287
0.9946728752076244 0.0 0.961280721467356 0.922176640926641
0.9904267491829432 0.0 0.9572754917837484 0.906736938588451
0.9853088058070778 0.0 0.9568166240636062 0.9191453472026989
0.9953545700347906 0.0 0.959785626779844 0.918927596724996
0.9902783177415155 0.0 0.9590614099164945 0.9149951759508455
0.9938210336488055 0.0 0.9599640280137556 0.923437344232878
0.9917749531305994 0.0 0.9620936076774271 0.9296050432207842
0.9910598656703848 0.0 0.9628806147326077 0.9003798670465337
0.9929714630152761 0.0 0.9656222143171023 0.9018222387504649
0.9937488104038209 0.0 0.9675878823466519 0.9144602851323829
0.9935048123045455 0.0 0.9626776251832555 0.9016891481346457
0.9927083897596689 0.0 0.9639665039999157 0.9276796412972054
0.9919744631481203 0.0 0.9631799074274099 0.9182530795072789
0.9936843369660162 0.0 0.9622643182745348 0.9039950871686397
0.9933622400483823 0.0 0.965214865251443 0.9309748376358474
0.9922465567221938 0.0 0.9637005349098604 0.9317507418397626
0.9945927064261358 0.0 0.9611843149706303 0.910377220020549
0.9966056335568595 0.0 0.9649373872605753 0.9219254312743461
0.9919847206678447 0.0 0.9613571084370645 0.914524699361859
0.9936577944738405 0.0 0.9641552417347355 0.9361107737155351
0.9906426897894021 0.0 0.96150848213178 0.9156649269064544
0.9947611984307229 0.0 0.9668413953250123 0.920798610347633
0.9841118144629085 0.0 0.9609214625265071 0.9299840510366826
0.9897042850715542 0.0 0.9644254014593573 0.923341568304511
0.9929363624370516 0.0 0.9674550456711405 0.9252465763144824
0.9897985482461314 0.0 0.9662812567972738 0.9301684110516879
0.989956605325668 0.0 0.9702578554222231 0.9208692873122404
0.9923148527991577 0.0 0.9688337482601801 0.9283103265836179
0.9858055458385081 0.0 0.9655776002455515 0.9331749364570671
0.9892752665792967 0.0 0.9655964087509323 0.9179427479776723
0.9892848588902353 0.0 0.9660504343760487 0.9268360417823804
0.9927341555745512 0.0 0.9675663602277558 0.9248665078452313
0.9900654845558113 0.0 0.9683298854559538 0.9178990801265935
0.9916189452159345 0.0 0.9667771622129956 0.9188083917943944
0.9937185794085944 0.0 0.9625595698310628 0.8910832285816429
0.9955622441608476 0.0 0.9630443500610656 0.8885248931975025
0.988441593853534 0.0 0.9448867938240973 0.8451233603237074
0.9935884387131588 0.0 0.942045668420122 0.8493771452813452
0.992448539727534 0.0 0.9299464657255826 0.8497563781552413
0.9921057094839416 0.0 0.9026913394994917 0.7981785318967087
0.9932941186160869 0.0 0.8648125713588467 0.7690700632263338
0.9910482824277168 0.0 0.8362552291065737 0.8280712611726034
0.9872000929494007 0.0 0.17900754900521781 0.37637558018732126
