0.9855393664731874 0.05787605213389764 0.17238491061308092 0.3735665137614679
0.9955795155242433 0.055644928543178734 0.15941165265406812 0.2393878140340745
0.9938738317019676 0.057195796232769575 0.1693277673590132 0.29638364779874216
0.9957901641099778 0.059649113601701435 0.15942758908349544 0.4393063583815029
0.9920227735203706 0.05514864320375593 0.16537567448658885 0.32782443782172854
0.9951923274589641 0.05638402744547382 0.16713308052424405 0.30515273063869175
0.9935307410367349 0.05414101895022068 0.16244411440119794 0.35467980295566504
0.9891862335423829 0.05408736242640858 0.16701084522422885 0.5215036635871296
0.9939362183072011 0.05144553608231286 0.16865009549185717 0.4322545255074054
0.990441063722591 0.05371419714052705 0.1760272816236355 0.435969868173258
0.9965898696430441 0.05373255580344414 0.1681154117836052 0.2571428571428571
0.9890374900185784 0.05315387932850896 0.1789489203673985 0.473669623059867
0.9866169599806978 0.05328165671138774 0.17027270115301496 0.4275694631777718
0.9849465991401392 0.052433893955364096 0.1833801550207838 0.3564437194127243
0.9943689206310283 0.05607569951324141 0.18412303040837383 0.42187915890338035
0.9904050528351683 0.05397287669403079 0.1904288781586686 0.573166926677067
0.9936948360247537 0.051993773948171715 0.18843627931461568 0.5086264100862641
0.9932481902270415 0.0534981647992278 0.18601213478100284 0.3225806451612903
0.99305461365983 0.05680234679599711 0.19064540945771202 0.4266398158803222
0.9922219111040771 0.05698014192855865 0.19250412476607182 0.4923497267759563
0.9890359250999 0.054296721668968526 0.19747803370956368 0.5762266355140186
0.9967921605677437 0.054320167201209704 0.1933584945179108 0.4818726805595204
0.9918849519577462 0.05422490375289078 0.1931600099758372 0.5422273117663899
0.9932720203964013 0.05392665002692858 0.19637974513902623 0.40831938799904377
0.9843864222731341 0.052408318316855794 0.2036632205186934 0.4349197247706422
0.9913376085546763 0.051372064422012906 0.2073699192648635 0.3536495453428361
0.9925922209754922 0.05007227449090863 0.2040437792223065 0.3093303446343514
0.9948887988129451 0.05489477602205599 0.20813263473838733 0.47287496373658255
0.9909070107665082 0.05436637813579347 0.210257085040096 0.3671061762664816
0.9944909917310114 0.051256478911297254 0.21002079284261788 0.49383708467309756
0.9876581561424155 0.05056972155750305 0.2161144358013334 0.39709200300827274
0.9874009973599296 0.052174793769980146 0.21144129853586105 0.3601353109549831
0.993228653616093 0.05308480542531982 0.22338239008113325 0.4909547738693467
0.9925748538328014 0.05161392924057112 0.22342638240200505 0.5368924704104759
0.9925160845021815 0.04973188696879511 0.23091357633761678 0.5793650793650794
0.9922789138782906 0.05339880021777896 0.23234277134068893 0.5106157112526539
0.994840288106752 0.05172140645877402 0.2326483641616404 0.5508079978088195
0.9923876253637579 0.05054933366513776 0.2390822361196389 0.6228070175438597
0.993830925951029 0.05076740351477676 0.2574461662306299 0.5
0.9895000875722471 0.04944281137832473 0.25140962785824544 0.48120685246739964
0.9932438894257872 0.05068698504299997 0.2602111133367543 0.4970137626590496
0.9903040698187688 0.048395443292785216 0.25618931488609276 0.4875491480996068
0.9939336179729592 0.050438429357979576 0.2665810031347466 0.3987341772151899
0.9831285217485977 0.050640314093076795 0.2645079323918452 0.4678965021562051
0.9853936045207193 0.04866349883368044 0.2747016222502578 0.5494970884065643
0.9906558888429877 0.05313784917977195 0.2857753219547813 0.5455758114717653
0.9907249344199924 0.055464944049178504 0.28885808407579694 0.6182979694273328
0.994577299505067 0.05147479860300642 0.3002211502711264 0.4892601431980907
0.99289285039401 0.05409088451467607 0.30346516077739805 0.5115633672525439
0.9903162897590796 0.05640697577392707 0.3076111122857408 0.5800865800865801
0.9939480250745542 0.056792259891449696 0.3135725199811942 0.6833245660178853
0.9928079584606225 0.057389832018892306 0.32496741582455263 0.5525430437363942
0.9947896937600962 0.05710095742340095 0.33369676198112613 0.6037776346855548
0.9944766405626991 0.05774392608552512 0.3451770093729718 0.5963060686015831
0.9963581573966889 0.05702057289476396 0.352041189106514 0.6549312756209308
0.9945749066630994 0.05783167713881763 0.35080726394819156 0.6284165881244109
0.9904898255073912 0.05841051132443792 0.3548607586480517 0.6266241167084569
0.9960443468636025 0.059243276510218344 0.3610928056334846 0.5571979434447301
0.9952073879660507 0.06099378897329715 0.3729523247426061 0.451991036028271
0.9928428823894857 0.0630911673615024 0.37740166447082013 0.357630979498861
0.993054997559475 0.0645356038357573 0.4023235672572503 0.32097842341380045
0.9904587591709255 0.06494786793209464 0.3967305811302222 0.36363636363636365
0.9938829906077035 0.06391161267288617 0.4018370340680046 0.24434070289791246
0.9917735989808127 0.06588743884936188 0.4229946064861196 0.41157742402315484
0.9967792997141491 0.06913255089365111 0.43371815660215224 0.33120816066305386
0.9932060011021241 0.06890425613203943 0.4394038028478477 0.481713536354364
0.9935550116643923 0.06875098599981393 0.42890809304372274 0.32204391060352466
0.9919235202848291 0.0647765813733351 0.42504561973215255 0.14860132301439752
0.9956290981011117 0.0697615612519123 0.4534729216419555 0.3177957732569623
0.9930101990692394 0.06828857815319951 0.45393450645368694 0.6551656537933739
0.9919798580799928 0.06333054606822282 0.44712743926819715 0.6744430432955023
0.994707185910398 0.06459679767508927 0.4494816769917503 0.5153858048554198
0.9919166608214434 0.06310280061290885 0.4661635894164266 0.2808503283788455
0.9884101877620037 0.06836761959551507 0.4715842296708056 0.24739995867483985
0.9944887408130392 0.0690256131670325 0.48052571317206266 0.4489145823501652
0.9944581847639973 0.063593695719479 0.47268030833734814 0.14988933519140912
0.9883351528921149 0.0668034678818628 0.4706908786432327 0.2690128431125661
0.9926305476803565 0.06408185396304547 0.4629936512737675 0.8424792735886301
0.9890036815977289 0.06673244518101193 0.46962778846354036 0.7378658425740774
0.980347685214032 0.06434653425283104 0.47592901918692165 0.8048964218455744
0.9868077398249925 0.06432266549758878 0.4847222731497498 0.8443261737312298
0.9885729520597207 0.06451953286389861 0.4926247217310351 0.822463091011026
0.9858051981034147 0.07112299878632333 0.5108880775169771 0.8215850258861012
0.989705534949307 0.07493539237811168 0.5191344302617548 0.736687920041358
0.9908252330886729 0.07323491326811882 0.5264632053084829 0.8649930816366871
0.992265172162297 0.07641676193162075 0.5457458070757982 0.8096
0.9928624914175257 0.07660567041366133 0.555410737075841 0.7563170647282796
0.9894701252751518 0.07685465092345499 0.571591177314787 0.7890915231340764
0.9918222374988364 0.07732652662485369 0.5732474547962275 0.78860103626943
0.9880449877517449 0.07952822959938106 0.5891446057793022 0.814500442086649
0.9894747291835858 0.0825135434867597 0.6197925667712051 0.803921568627451
0.9882798861104412 0.0804291316032956 0.6189024489649528 0.6798670328082093
0.9900943732990964 0.07526132997740712 0.643180978960407 0.7250543985079266
0.9913035197364807 0.0658642355816544 0.648725040075202 0.8428709990300679
0.9929694790799584 0.06382368120792166 0.6738470600878014 0.779578606158833
0.9908003634485198 0.05334611531243802 0.7012572156371331 0.7781047675103002
0.9907164400786725 0.02258638089288289 0.708353550689477 0.7482844210833698
0.9933854021225269 0.009716741407199454 0.7221983016292138 0.6795046439628483
0.9863581162312419 0.00335474097801903 0.7441404954485686 0.6119958154132279
0.9904884881326751 0.0023678007247651548 0.7665711674037573 0.4462204462204462
0.9903700235316717 0.00017494152769590598 0.7773518737189639 0.3268846658677167
0.9930077169767538 0.0004621948905571151 0.8129290818325756 0.18279773156899812
0.9847010885287092 0.0 0.8324905012264441 0.28315182575272263
0.9885388435890625 0.0 0.8807202815055135 0.4909296138031122
0.9869733286760832 0.0 0.9023363855638383 0.5934350705441981
0.9909264985095267 0.0 0.9293471561751903 0.4043786220218931
0.99014211592277 0.0 0.9259674444541512 0.45531461073586915
0.9881801036821137 0.0 0.8968952394439953 0.13083550390703266
0.9876252302616403 0.0 0.9221352027942966 0.32213087167652293
0.9936998886695733 0.0 0.9358568383137607 0.8065541697236488
0.9933023014098767 0.0 0.9357098590566448 0.8173967459324155
0.9885426500187022 0.0 0.9342812140324266 0.8104765369225173
0.9914518836025897 0.0 0.935128606471595 0.8080367664388405
0.9921952080700543 0.0 0.9403180751115127 0.8021129160513462
0.992460322784046 0.0 0.9415306260820229 0.8291671337294025
0.9856647176497293 0.0 0.9356944823762114 0.8726303317535545
0.9910790306245911 0.0 0.9399816216907214 0.8434566835688855
0.9949389743154079 0.0 0.9406908674294144 0.900397088021178
0.9890524464720637 0.0 0.9366679500324673 0.8678813118167621
0.991955900648156 0.0 0.9450649743619101 0.9011921383310063
0.9920346112634242 0.0 0.9435957486457169 0.7853156274056967
0.9897733950940061 0.0 0.9401846413447341 0.8782969475451942
0.992510397371824 0.0 0.9432126956794749 0.9117876658860266
0.9899493513365781 0.0 0.9435911862592692 0.8671912950548917
0.9854700209594919 0.0 0.9470768684308248 0.870907139023081
0.9944280556124253 0.0 0.9530698570414681 0.8528798185941043
0.9903757567403016 0.0 0.9447951587276964 0.8654542320289605
0.9916147659264296 0.0 0.9496106743209637 0.8500726557825455
0.9931420661884988 0.0 0.9552347134660839 0.8642880960320106
0.9932807682152275 0.0 0.9496715844785772 0.8797580035291152
0.9921933348190748 0.0 0.9491303799324216 0.845540682809445
0.9921185026765527 0.0 0.9519736706175662 0.8748625294579733
0.9925570697683863 0.0 0.9473196431550982 0.8892963020752067
0.9949270610759524 0.0 0.9487896207550348 0.9126235068573957
0.9927018376172323 0.0 0.9510688766646369 0.8566147721617972
0.9922200189072643 0.0 0.9513186264962259 0.8871536523929471
0.9927641369455299 0.0 0.9516796843833235 0.8910140492418973
0.9915999511431395 0.0 0.9518491265913375 0.8884134298880842
0.9902910108870296 0.0 0.9512357955017842 0.8981616021226863
0.9943749870985943 0.0 0.9541113912090933 0.9158122297714638
0.9929862472481165 0.0 0.9551533608662337 0.8922480620155039
0.9950321261306185 0.0 0.9611446612277312 0.9101486748545572
0.9906805555718718 0.0 0.9573081314035985 0.9009690248137568
0.9857273149298733 0.0 0.9568730957587804 0.912526819607196
0.9956842966065241 0.0 0.9598351889531006 0.9178665265370468
0.9905386678248159 0.0 0.9592428811809558 0.9257366205652435
0.9939272434135112 0.0 0.9599441650884869 0.9249902075989033
0.9920284569567788 0.0 0.9623192957301834 0.9388439907368024
0.9912669122491968 0.0 0.96283058972691 0.8962189747158432
0.9931357036747152 0.0 0.9652864871562598 0.8826339748501375
0.9938627835253473 0.0 0.9673507185558093 0.9006462731581215
0.9934533516390255 0.0 0.9603797132582198 0.8196941629435909
0.9929659363546282 0.0 0.9590780544477625 0.7606118427226376
0.9923524686555442 0.0 0.9622899608228096 0.8784109831107486
0.9938930589916172 0.0 0.9625078874011912 0.9090512174643157
0.9934690209346585 0.0 0.965306158617634 0.932778509687992
0.9924770556064126 0.0 0.9638226679715277 0.9314323889344387
0.9948261224578081 0.0 0.9610767075581623 0.9035992663915635
0.9968269630641909 0.0 0.9648000528590394 0.9138820972561804
0.9918334583332876 0.0 0.9580502059945806 0.8390749272273029
0.9938622606320571 0.0 0.9632662876380563 0.9123011887801574
0.9908236539372163 0.0 0.9574021390081411 0.8230947368421052
0.9948986194874311 0.0 0.9639511980963021 0.8569519528639981
0.9842415578158277 0.0 0.9611422312016895 0.9349479741447265
0.9899965685639553 0.0 0.9650015583247753 0.93255620316403
0.9929478154263268 0.0 0.9665070544719306 0.9092269584064403
0.9900728980378364 0.0 0.9641251586504279 0.8936811746198217
0.9902127654657372 0.0 0.9708132868073931 0.9288041830857836
0.9923207457256762 0.0 0.9683303394489823 0.9230406210549912
0.9861784322013997 0.0 0.9548809177410422 0.8191947790201065
0.989564585188413 0.0 0.9490549182876244 0.7726909483362305
0.9891421234155716 0.0 0.9439754247100911 0.7590254069788335
0.9931709349819844 0.0 0.9491912314193026 0.7894449361137231
0.9898265757684488 0.0 0.9595696034398125 0.8590452039840799
0.9919141187217682 0.0 0.9586175940959932 0.8683497150865804
0.9941995192653684 0.0 0.9538077785757991 0.8464233451896476
0.9957910379818178 0.0 0.9579768909986979 0.8673187347931873
0.9889498427872226 0.0 0.9480335139732663 0.8626015235595497
0.9936461735483724 0.0 0.947458203755792 0.8741508418074134
0.9925840703722346 0.0 0.9397473719820703 0.88650563455547
0.9925035061948708 0.0 0.9163219953135815 0.8394909996906535
0.9937907281151123 0.0 0.8871923481351109 0.824825415113982
0.9914686194810134 0.0 0.8848063041039947 0.8974006229356009
0.9872159824187494 0.0 0.1890827459747918 0.4195044414128324
