0.9858534423247888 0.05373850863544779 0.17428639536108478 0.26580459770114945
0.9962089366339717 0.05317199533756194 0.16147937971665582 0.15121512151215122
0.9942765555725023 0.05635718483229485 0.17163583440581087 0.3
0.9959532753177897 0.05472079963608284 0.16016944878712996 0.3198458574181118
0.9924558118390717 0.0520976439184652 0.16831642123784563 0.23688711516533636
0.9955384425656696 0.05367456812635569 0.16963079358161193 0.2709040419623573
0.994043321299639 0.051322074029905594 0.16417516339670338 0.2986453201970443
0.9891114052099894 0.05081302049432133 0.16837990050728444 0.49345675071816153
0.9940649865999174 0.04873891672881585 0.17029368793724312 0.3647450110864745
0.9905670319683451 0.05140378082022328 0.17780676941084667 0.40464820120980577
0.9965027173913044 0.05320042397650522 0.17036204410497852 0.19766780432309441
0.9893190796248105 0.048087080328847655 0.18146667127618302 0.39944521497919555
0.9871763772610158 0.049546978764938555 0.171083518583746 0.3752466873414153
0.9851307284879839 0.049139504826899 0.18430041589129376 0.31782729805013926
0.9944493462946482 0.05395980281044314 0.18662143474571755 0.38320520402128916
0.9908256418714331 0.05013067931550637 0.19141815550199573 0.5136749449858535
0.9942203853738742 0.047822981552041566 0.1895719581527377 0.4845668768669101
0.993825489481922 0.04867404082891728 0.1877964088715145 0.2962628089210368
0.993637880939057 0.052623483937451275 0.19249051676499018 0.35096582466567605
0.9928526819790437 0.0505330601573015 0.19389794355854634 0.4178430265386787
0.9891296287516579 0.05015598635338353 0.1995552415403099 0.5181255526083113
0.9967360017180222 0.05059262606548351 0.1962869803790476 0.40137025406794175
0.9923251009758973 0.05115336619122441 0.19591796827259172 0.452046951044947
0.9938583863551171 0.048923913990570334 0.19748916277507766 0.3739153300026295
0.9849888457083527 0.05067747045086101 0.20665220266504747 0.3738532110091743
0.9920813844143473 0.04920667312892199 0.208716851301918 0.3360088569056186
0.9927915519386236 0.04719536995424589 0.2062731483915533 0.22586157789803474
0.9954955119427963 0.04988653428672087 0.20946882122920973 0.39338555265448216
0.9914627586425117 0.05172337060849803 0.21364547110043805 0.31133828996282525
0.9952272356664955 0.05101466782730217 0.21306403304826077 0.4528403001071811
0.9882806694393482 0.04976574400854801 0.21769603962405862 0.3515212471712346
0.9881921858939338 0.05113338982013103 0.21323013730136492 0.3288923719958203
0.9939265909691049 0.05130242772648168 0.22636525684654027 0.4654487688641779
0.9932830545874746 0.04947287984772971 0.22532002077122054 0.5045731707317073
0.9933187325681283 0.047115999179962134 0.23247756757932944 0.5221097496004262
0.9929428378522089 0.05022306435281262 0.23286939239022944 0.43403238651446774
0.9953972717378039 0.050618694079573576 0.23589456757323637 0.508079978088195
0.9931360488569448 0.04827815503657283 0.2408467180599656 0.5877306992461658
0.9943036497303049 0.05009945646962015 0.2608864157244771 0.4554987212276215
0.9905960269871632 0.048719433142260744 0.2525910469834136 0.4308361032983892
0.9942229626851962 0.05022593336406137 0.2618117390514265 0.44143675169182717
0.9911468376428392 0.04664666809513606 0.25836050728235355 0.46390937829293993
0.9947380927269793 0.04716846471312281 0.26854468253184555 0.3717780690257754
0.98427041965381 0.05030523342775386 0.2663794206934043 0.44018221050107886
0.9863464097851575 0.046774533957718196 0.2758880675269302 0.540497617787189
0.99163341696138 0.05213173114050162 0.28558644985371096 0.5384802727715539
0.9911586144074795 0.053617521833065195 0.2900432727493536 0.5800804352969009
0.9950058477793305 0.0494834672330336 0.2999224016605723 0.5444804385746325
0.9938733941126667 0.05266125519348854 0.3042252722782299 0.5203515263644773
0.9905261114820697 0.05320760939564713 0.3072842063598921 0.5397674418604651
0.9945467113541826 0.054102949515314615 0.3133138278028747 0.6145531241761139
0.9935020340450966 0.05543437107159239 0.3247094780353696 0.614118769377534
0.9951429803483715 0.05627171492718545 0.3335726478194299 0.6353510895883777
0.9947402066198694 0.05643246361720765 0.34494015233949943 0.5780515117581188
0.9963766740586271 0.0555332908063449 0.35175268599229675 0.6188861985472155
0.9950801631839102 0.055789906460321684 0.3505244726769281 0.590951932139491
0.9910412121212121 0.05649794193704141 0.35465747250619517 0.592075125973431
0.9964093943498452 0.057006794636566376 0.36075355476578924 0.5230637202317099
0.9951385870877396 0.05853595207626254 0.37260071870077743 0.5543668122270743
0.9925648182196314 0.06066286817672483 0.37914138637449524 0.6037618850764779
0.9937535899769642 0.06197576766074725 0.403553522809597 0.60973630831643
0.9912535499098131 0.06335200879127667 0.39746122504034176 0.5360319477219097
0.9942239731675543 0.06221850419702311 0.4037404010649423 0.5032918800292612
0.992655775660284 0.0640584878363878 0.42425351013148804 0.592463515573949
0.9967809955633562 0.06684663524013028 0.4369403872919227 0.5955446556304925
0.9938615311265495 0.06528281071220839 0.43970264137656734 0.6093086133642333
0.9942682614579904 0.0660312908417312 0.43249015002550456 0.5966872110939908
0.9929854894837058 0.06233897586944488 0.4375677806954076 0.5242088607594937
0.9964081771803582 0.06630915864664509 0.456465372932261 0.570925925925926
0.9938931223655298 0.06459638827958014 0.45360723044011375 0.6875527426160337
0.9924649587239774 0.06047113217875015 0.44670493954218876 0.6721311475409836
0.9955103193564144 0.062150432598381246 0.4504159926422626 0.6832560101223113
0.992724898117132 0.06049050806540108 0.4680705393515277 0.5825864276568502
0.9890046893730621 0.06499434710942037 0.4737520021788894 0.5194444444444445
0.9950745542275927 0.06537983389852951 0.4821818529511623 0.6606199365973935
0.9952480244078746 0.061306513671718854 0.47453022834521497 0.3176439881677397
0.9891405496106259 0.06365510517188674 0.4718495790211467 0.48493560257589696
0.9932609732085915 0.06147456275897365 0.46239528586587114 0.8418614020950846
0.9897059408302847 0.06372783080789005 0.46891420979041104 0.7071883530482257
0.9810925573826866 0.060434544194478565 0.474953736857782 0.7874551294162101
0.9873924965723545 0.060422421461678914 0.4835762446854029 0.8270876926003424
0.9891117450092916 0.059756859710731504 0.4914429937465267 0.8164913598797896
0.9861426890207459 0.06666769895403482 0.5098504999359057 0.8267622461170848
0.9908435724191842 0.07042104698731717 0.5180764155246323 0.7305565157276184
0.9917533976872265 0.06808141774752793 0.5250827813221232 0.8478390758812986
0.9933168533557865 0.06900599547606434 0.5438206145630377 0.8001419950301739
0.9932301717685489 0.06988413324245744 0.5537813040775662 0.7250692520775623
0.9906138550688753 0.06981754129177609 0.5700263969045121 0.7792340425531915
0.9925251240543059 0.06996669536413129 0.571380135522262 0.775619906363794
0.9891054711010733 0.06948275027822132 0.586213238299194 0.7921708185053381
0.9903100682504077 0.07097110127570945 0.6162713708537917 0.7696907568768153
0.9889061079378483 0.06864588606832044 0.616141520026916 0.7215818123599104
0.9907429919259729 0.05511785757833106 0.6386486337041807 0.7076395690499511
0.9921941561754661 0.046255592804685566 0.6453125496804553 0.8153795704213805
0.993602271470187 0.04356864806038592 0.6699064114702457 0.7549975218899719
0.9914311453772182 0.03059296369495386 0.6962738964144302 0.7448663022603044
0.9917722586818619 0.004307657580187463 0.705156074940869 0.7109869098396823
0.9941672673241508 0.002751746245607625 0.7220053230385912 0.6764553014553014
0.9873057326784025 0.0 0.7449187427556764 0.6404523258802365
0.9912063095997988 0.0014929640100378005 0.7692380901442837 0.5795556552962298
0.9906842251198231 0.0 0.7832398889726175 0.5443150414528227
0.9935177737693527 4.872320832582184e-06 0.8245735294000546 0.34286921359164707
0.9851685085514533 0.0 0.8355676771469989 0.36306225028998584
0.9891391463148073 0.0 0.8822072268559167 0.5518867924528302
0.987673084404092 0.0 0.9045952032175578 0.7618926157377885
0.9917948812824776 0.0 0.9360460871215993 0.7906496190107194
0.9907107430833746 0.0 0.931012600852144 0.7621720561317876
0.9889414769061402 0.0 0.9253572861328745 0.40364025695931477
0.988182092319879 0.0 0.9273854728049212 0.44462398168720124
0.9944797557342464 0.0 0.9363712312844972 0.800122699386503
0.993962417138627 0.0 0.9361550225236457 0.8123974245676051
0.9894077112752492 0.0 0.9348758603071684 0.8041224539577997
0.9920295311791244 0.0 0.935440010511487 0.7943958382596359
0.9928150630064565 0.0 0.9406808436975685 0.7889688249400479
0.9934284960445762 0.0 0.9421720205080052 0.8218280420291493
0.9865701347347235 0.0 0.9363758402601049 0.8743682310469314
0.992092049927967 0.0 0.9406756853291955 0.8388998035363457
0.9956498743435456 0.0 0.9411155095328215 0.8913649025069638
0.9898709934650471 0.0 0.9373035319281409 0.8633298208640674
0.9918704120785067 0.0 0.9451155964863772 0.9017788933755321
0.9924969904941124 0.0 0.9439246325699385 0.780323712948518
0.9908886145858519 0.0 0.9410369737720197 0.8784585974444109
0.9930057551711529 0.0 0.9436861809102185 0.9149359038060221
0.9907441860465116 0.0 0.9442532273446834 0.8769001490312965
0.9865128954833585 0.0 0.9477794534722822 0.86329045116869
0.9945086439734024 0.0 0.9530951702897404 0.8600074266617156
0.9915739243112099 0.0 0.9456682142874653 0.8558959588024788
0.9927326192931843 0.0 0.9503697481759639 0.8442984352035965
0.9930766009097207 0.0 0.9552123243867205 0.8655426586461069
0.9939613539907741 0.0 0.9502421825756631 0.8832016489178977
0.9925162423407229 0.0 0.9494584775971756 0.8428920073215376
0.9931611048304931 0.0 0.9528887112115907 0.8735623003194888
0.9934872914549289 0.0 0.9482370326533756 0.8963186769499881
0.9949378901975928 0.0 0.9488421683821807 0.9084728033472803
0.9933409594485092 0.0 0.9516275731867977 0.8554616995162804
0.9935129420983684 0.0 0.9524971267906251 0.8985528538896643
0.9939323074765105 0.0 0.9526556645086535 0.8959525323161687
0.9921048395601711 0.0 0.95251262827894 0.8960925415293564
0.9916479703318983 0.0 0.952371283466382 0.9027473236166645
0.9948947888554376 0.0 0.9546587175454343 0.9105960264900662
0.9941602150450387 0.0 0.9561375712365306 0.9010305506433319
0.9956536748916052 0.0 0.9618812054158721 0.9209878026798053
0.9912820844074625 0.0 0.9578652434740924 0.9079330629961734
0.986829364362968 0.0 0.9577848978527566 0.9170857079003241
0.9953168505997407 0.0 0.9597859801990446 0.9189217984231834
0.9917867329176303 0.0 0.9600842728618608 0.9179630098809222
0.9947695260545385 0.0 0.9605114643345426 0.9256716417910448
0.9933124318021291 0.0 0.9631805077438507 0.9306184731295599
0.9925021051912879 0.0 0.9638052429487233 0.898028487878502
0.9942078690220508 0.0 0.9664317852384983 0.8977866087519061
0.9952749126633447 0.0 0.9686064669828394 0.909086922199807
0.9937920542159167 0.0 0.9629006277070028 0.9004880803517405
0.9930344435197609 0.0 0.9640388892307422 0.9212037675166552
0.993271288550348 0.0 0.9642239147855811 0.9172100731347047
0.9944723681605036 0.0 0.962900390625 0.9035287712253718
0.9946654826279316 0.0 0.966263587944529 0.9312363790131086
0.9933034452376914 0.0 0.964529939365762 0.9320750069279798
0.9936951825448261 0.0 0.9605350651073254 0.9090669940371799
0.9961250959458516 0.0 0.9645175256333797 0.9192400365580081
0.9924843721701142 0.0 0.9617191666962024 0.912024276141105
0.9929639812269155 0.0 0.963513829158709 0.9325810115264722
0.9915943924005377 0.0 0.9611460439296851 0.8815335753176043
0.9945151816354159 0.0 0.9661554547729958 0.9085948158253752
0.9842642663005091 0.0 0.960980601794582 0.9298203735752223
0.9894673156468083 0.0 0.9642001766925804 0.9227692757222689
0.9936827003528684 0.0 0.9680119451228211 0.9253562262147093
0.9899300356689881 0.0 0.9662109046587077 0.9278854228696196
0.9904776750147217 0.0 0.9707477256990862 0.9228480584321888
0.9929467603536377 0.0 0.9693733116909314 0.9292152385530585
0.9860517337663252 0.0 0.9650563850273585 0.9248717415797937
0.9883318631890857 0.0 0.9619091467683107 0.8844721804799143
0.9898434324220866 0.0 0.9643006994818205 0.9070871244296936
0.9920422722152735 0.0 0.966175385223095 0.9148494120129528
0.9903909014744707 0.0 0.9671739860022514 0.9079589629672932
0.9913730266817563 0.0 0.9663369170308223 0.9168300121595492
0.9936199217524012 0.0 0.9616629549009232 0.8861143162209172
0.9952395213541986 0.0 0.9620505639999052 0.8844729279050825
0.988760793713182 0.0 0.9447468002635618 0.8432240921169176
0.9941005612953006 0.0 0.9414294744146037 0.8452705933157513
0.9922861452273217 0.0 0.9280288642268307 0.842848830128422
0.9923820654357702 0.0 0.9010455800850468 0.792778073592467
0.9925173666208258 0.0 0.8627938359742295 0.766075978423046
0.9913188026815989 0.0 0.8272407641129761 0.8136268272874932
0.9873007128551609 0.0 0.1695178721683732 0.33247392756404565
