0.9855013947090216 0.05957032230848809 0.17132280249215923 0.34339080459770116
0.9958713126293458 0.05796077894191914 0.15855442913830267 0.2615983238551332
0.9939198215919969 0.05910801603939701 0.16821340147295355 0.3202380952380952
0.9955750257989648 0.062307570060652 0.15854470595407247 0.4242132305716121
0.9923904675180936 0.05758970493855874 0.16456255518416352 0.3292474344355758
0.9953216021662599 0.058309839546134834 0.16590784962747934 0.2974390620178957
0.9936023920412269 0.05695292647778775 0.1622677574094578 0.354064039408867
0.9887642787868529 0.055822392351127584 0.1665280305525661 0.5215036635871296
0.9937724461499755 0.05393382215584106 0.16827095180137433 0.4240576496674058
0.9903207127985336 0.05586881634922255 0.17526091974785157 0.4333014963387456
0.996532080968843 0.05607112049316567 0.16758689686669898 0.2525597269624573
0.989209373988546 0.05767301096963551 0.179189214539473 0.45560165975103734
0.9868211239679825 0.058063159025403245 0.1697813514049597 0.4274034395263603
0.984830959469693 0.05547838524092552 0.1828198503137443 0.3484679665738162
0.9942380115009903 0.058690513374498904 0.18408917692060647 0.4500295683027794
0.9905882293681496 0.05820675982777054 0.18935510314190815 0.528782636049072
0.9938413046151094 0.05554689824193571 0.1877111465968756 0.48440610484406105
0.9932519647930738 0.05775441623258746 0.1864397236733235 0.38517179023508136
0.9931070887867083 0.060638253113429824 0.19018082465371164 0.39732540861812776
0.9920916569171827 0.06197306712860715 0.1919156553752975 0.46696781479390176
0.9888967928256573 0.0582613138064626 0.19681093543488884 0.536185174333431
0.9968579523468313 0.059585060962994964 0.19347057658438044 0.4610333999429061
0.9919349337595073 0.055751367607238804 0.19301520685695767 0.5173203549957057
0.9932938846382092 0.05631675956563256 0.19683611380497007 0.42051416579223505
0.9847502957362547 0.05454118161020866 0.20487075722775164 0.4194842406876791
0.9918170737367149 0.053315605490935024 0.20737268615649604 0.367986798679868
0.9928449165015949 0.05102816413548837 0.2043002985845033 0.268014810595272
0.9952904085744022 0.0546599728480511 0.2077938562047615 0.4590069284064665
0.9912808847638208 0.056051566812027796 0.2101841075278322 0.35362453531598514
0.9948938303695402 0.05495922639581753 0.20942094480103537 0.46614931763446615
0.9881381659414181 0.053725096349361054 0.2156930657163324 0.41161679658033695
0.9878030297474558 0.05336459084164184 0.21131344207280178 0.3936781609195402
0.9937666044760078 0.05404841423073522 0.22261569952780014 0.5133491937615648
0.9929719961645318 0.052594608396895746 0.22265356683791598 0.5251834978486459
0.9931621403437417 0.05111907126495699 0.23049977231974234 0.5442501324854266
0.9927250828212779 0.05448234138393713 0.23205240146376785 0.4581895407486063
0.9950329600270952 0.05236887349562704 0.23219562772643224 0.5223226513284032
0.993185562284785 0.05150691972397399 0.23921647903300075 0.603914499098635
0.9943119777298616 0.051273931694879475 0.25723174666076504 0.5056265984654732
0.9901519122579419 0.04950230564527597 0.2512413140012541 0.4832523651240092
0.9938697318007663 0.050734531380049776 0.2599987709781657 0.5062467464862052
0.9909724166282058 0.0488486666497191 0.25611642943781376 0.5015748031496063
0.9947583104605062 0.05050922329797032 0.26633839474236726 0.4106596767147226
0.9837943563190743 0.05209489969649863 0.2647752378072576 0.4782817374610031
0.9861251600309288 0.05071509936770271 0.2750980813672274 0.5587846763540291
0.9912390850662673 0.05558859856978526 0.28612517192959486 0.5744937319189971
0.9908629797373654 0.05758053789385416 0.28959496854136263 0.5963259538389072
0.9948818336688865 0.05242526457630604 0.3007265189478557 0.5438157235853781
0.9935665396253549 0.05513833446518587 0.3039233656563166 0.4805735430157262
0.9907198354968735 0.056569111448097106 0.3079141967924232 0.5716279069767441
0.9942694804799614 0.057470527574135115 0.3140345992394928 0.6395379364662641
0.9930317244408118 0.05817941846886877 0.32537588446995286 0.6372292311354439
0.995123345988277 0.05812031617747063 0.3339236913978609 0.6479382686279238
0.9947042761469475 0.05895392045387943 0.34572496447766726 0.5854423292273236
0.9965808426734356 0.05852033797690183 0.3526891437878007 0.6226823982663136
0.9947292892931848 0.0589241598077729 0.35118139030693457 0.6020263901979265
0.9906266176418888 0.05980091562014364 0.3551199411667827 0.6103985341273477
0.9964274048174988 0.06060132448405458 0.3614653113233444 0.550256629597947
0.995505474117522 0.062076010533961154 0.37338456594381353 0.5467905770477631
0.9931186656195071 0.06456713960776575 0.37913742128768263 0.4994854202401372
0.9933092599410678 0.06630992850520565 0.4035599818265624 0.5045996592844975
0.9909190353619072 0.06634349956048588 0.39775724071546775 0.5152154793315743
0.9942457945392409 0.06443112935898729 0.40360846897628805 0.4517082785808147
0.9925075173082768 0.06839728939037952 0.42482193073109537 0.574107683000605
0.9970919989123954 0.07113330381950575 0.43676620558010615 0.49472337703869523
0.9938627021385047 0.07142525780932343 0.44082831522450583 0.571777428920286
0.9940216867793072 0.07074052100749689 0.43176699643898125 0.4594517418617933
0.9926786472095322 0.06680922651722461 0.43164994912999244 0.22826601718422299
0.9961775543654302 0.0715965442157758 0.4549119371857818 0.37672264041690795
0.9935408053497559 0.06982945640893487 0.4543742266211615 0.690018222312209
0.9924923905266605 0.06587689494574771 0.44775147866247833 0.7010504201680672
0.9953800012607711 0.06740662983579453 0.45155751517432063 0.7226554267650158
0.9925768258613809 0.06565128549736325 0.4689584850454075 0.6624950337703616
0.9888400015548926 0.06971579909422458 0.47548041993163676 0.7131767902192897
0.9948470567802239 0.06981876880181966 0.482755510997622 0.7136767976278725
0.9948240394340196 0.06501593869776336 0.4733977611692087 0.23162084836422442
0.9888528121231047 0.0688672022554356 0.4713811426878616 0.4013430227210008
0.993203783685365 0.06566008571629312 0.4633771604898506 0.8706467661691543
0.9895380691479312 0.06804439145502951 0.47003380604084616 0.7538489404093461
0.9808347996869563 0.06582814679880583 0.476357888663818 0.821301995896288
0.9872661968266475 0.06598092776496972 0.4852173843655616 0.8594074353651633
0.9889889554759487 0.06589150168390219 0.4929977374840566 0.8413112311417397
0.9860499917411809 0.07311708880337545 0.511349740847249 0.8486102897693673
0.9900024841574079 0.07653535369445713 0.5195543462154113 0.7670668953687821
0.9912217674040528 0.07541414057215039 0.5269951295529114 0.8805154236626318
0.9926980417748305 0.07876172324329771 0.5464910289560428 0.8346317280453258
0.9934843053834043 0.07922032335106785 0.5560416099107901 0.7834141274238227
0.9897487607083844 0.07885368776944957 0.5718796415527445 0.8106549032914828
0.9921411795033369 0.07929623582587625 0.5736311317447752 0.8096227068189685
0.9884729453948999 0.08304057753157217 0.590126336024859 0.8193684953254542
0.9898378869693654 0.0846554407246319 0.6204398714923193 0.8214712408260796
0.9886920037769307 0.0818148479911506 0.6195518208653791 0.7185140440954394
0.990497970246414 0.07650436336267827 0.643734800662303 0.7745609871855719
0.9920017288279621 0.0688086012375975 0.6499021871592585 0.8582381729200652
0.9934234954201758 0.07073495193332777 0.675769258085599 0.7967015022860875
0.9911159816180821 0.06069897018528516 0.7028607223236757 0.7959723651330295
0.9911562950282639 0.02854475765575643 0.7096391322617264 0.778590231061714
0.9938685244361134 0.018023944964014497 0.7242683928146114 0.7176050044682752
0.9872405918588287 0.008663272763930543 0.7452588340058308 0.665771484375
0.9911704902892318 0.002627250860195741 0.7682173306354314 0.535369304322373
0.9914844930854276 0.0016108640019497928 0.7822763416575693 0.47958253955106434
0.9941776547121967 0.0010766937220473745 0.8179704315106099 0.23069121547823374
0.9854045190149733 0.0 0.8344729127075833 0.3444661573991828
0.9894873913334736 0.0 0.8824056897218471 0.5719577699573996
0.9881602265386157 0.0 0.9048715845523877 0.8051041137633317
0.9923603129415628 0.0 0.9348586862659801 0.6679452622848849
0.9909046624753863 0.0 0.928737106558549 0.5817108624790768
0.9891117989162557 0.0 0.9082358951540471 0.17978530676256657
0.9885880817355297 0.0 0.9234684445266101 0.34378721714966254
0.9948290659740633 0.0 0.9366232485720498 0.8085029507406961
0.9943406200789827 0.0 0.9363493278989891 0.8115055079559363
0.9896681932641207 0.0 0.9350330973675273 0.8108909716455095
0.9923570735892818 0.0 0.9357433461183263 0.810933147632312
0.9933758260665546 0.0 0.9412323190597705 0.8191716242002469
0.9937817786662015 0.0 0.9424000399756814 0.8257525818501428
0.9866605099216021 0.0 0.936265917367202 0.8619540229885058
0.9922257359505943 0.0 0.9406816631337359 0.8364667576935196
0.9959150437827577 0.0 0.9412296773510774 0.8883521202361782
0.9903876409280663 0.0 0.9375748889301628 0.8641482391482391
0.9925919648756758 0.0 0.9453475572578434 0.8916789241437276
0.9931752343346373 0.0 0.9443279133475668 0.7884159635984453
0.9911766713365023 0.0 0.9410185381446263 0.8722394420767144
0.9932470121609678 0.0 0.9436113243855268 0.8978581627796287
0.9909442281663806 0.0 0.9440682957930866 0.851799376593936
0.9868321435040897 0.0 0.9479652654590124 0.8724359538691786
0.9948271171148126 0.0 0.9532688433523319 0.8482118969053777
0.9917580745024117 0.0 0.9456547237127643 0.8716055668703326
0.9930498303963029 0.0 0.9505923838713398 0.852438305398804
0.993562600426465 0.0 0.9554152635384708 0.8576898012381884
0.9944261262903252 0.0 0.9503558714361223 0.8732128184059161
0.9930816721375623 0.0 0.9497643336666678 0.8455266473945593
0.9933542689964302 0.0 0.9525782843493344 0.8630283574103799
0.9935499038256037 0.0 0.9480915039468217 0.8728485859428311
0.9953506384558198 0.0 0.9490710163319928 0.9125698932539394
0.9937387066953222 0.0 0.9516923559026702 0.8488582567529936
0.9933208012433685 0.0 0.9519495999220194 0.875750088245676
0.9939708866807222 0.0 0.9523513363563526 0.8807883789129101
0.9924538649933498 0.0 0.952403372422676 0.8821319862703193
0.991670482814956 0.0 0.9520754886587229 0.8907260069617106
0.9951846569412024 0.0 0.9546120637462407 0.9119117288466227
0.9941613268173262 0.0 0.955686695717162 0.8806362945201474
0.9957616210219853 0.0 0.9614537847702221 0.9000288433804442
0.9916455642679621 0.0 0.9578712408865382 0.8948788546255506
0.9871822225139912 0.0 0.9577330569215077 0.9070585687993937
0.9955224515050325 0.0 0.9596439577149235 0.9165497531826449
0.9919350036950946 0.0 0.9601313465873488 0.9258892301595165
0.9949055891766482 0.0 0.9604585969358783 0.9185732213534125
0.9933951643661513 0.0 0.963179711061067 0.9363822652757079
0.9924638611247656 0.0 0.9547501026634423 0.5992804206771426
0.9942991495950372 0.0 0.9594565262027819 0.6508272667107876
0.9952717080387603 0.0 0.9678961377125413 0.8790123456790123
0.9940385497097122 0.0 0.9565891175912367 0.6971796443899448
0.9934348469068723 0.0 0.9493205832192103 0.5609521188772703
0.9935912956151746 0.0 0.9505123617075826 0.5917319704713231
0.9945129015271196 0.0 0.9592456075357514 0.7973831337997248
0.994739190283572 0.0 0.9647498176668814 0.8830038091783058
0.9934518730267088 0.0 0.9628721726334711 0.8803021664766248
0.9939886968056377 0.0 0.9581900338678716 0.8387829486028208
0.9965736880616692 0.0 0.9609151075230457 0.818249813014211
0.9924119205501523 0.0 0.9411941292753297 0.5772740055619786
0.9933098219988337 0.0 0.951482002566335 0.6993904281220565
0.9920476849283635 0.0 0.9459700602189687 0.6296023209963614
0.9949028815080184 0.0 0.9523391065516525 0.6735821864656415
0.9844439772966155 0.0 0.9535379546413243 0.7946421166127561
0.9900369188013424 0.0 0.9564064334140622 0.7900030385900942
0.9938600230774914 0.0 0.9529542810296321 0.7084794580827544
0.9905462497567008 0.0 0.9479980074489964 0.6990485047121131
0.9909321458432457 0.0 0.9499570378521844 0.7084787243195702
0.9934358426228747 0.0 0.9445154015013864 0.6910809266341378
0.9867666783623398 0.0 0.8826546389550926 0.45200078120463866
0.9884250227597867 0.0 0.8777852935301375 0.46136662479164325
0.9898210659266965 0.0 0.8588503494857246 0.44549232870513905
0.9922635579025646 0.0 0.8746390067130867 0.4973249966372626
0.9901193941392676 0.0 0.8829831052717372 0.5404936669677348
0.9916932011086921 0.0 0.8908550386331869 0.592941333322223
0.9939985337735208 0.0 0.8816201572026209 0.5965073529411765
0.9952645502645503 0.0 0.8899011854802554 0.6422973999332771
0.989185291997116 0.0 0.8935837682973626 0.6929332709942291
0.994186774249456 0.0 0.9307284659636129 0.8229058699937108
0.9922139034361267 0.0 0.9342044565675204 0.8744486345525578
0.9928464493615144 0.0 0.925707526014818 0.8667952434018736
0.9925828960077837 0.0 0.894309463500279 0.8467437761522696
0.9917945803836727 0.0 0.9077435643051226 0.9267272827908241
0.9868844375055775 0.0 0.1940855810436098 0.44087104121302306
