0.9858218812533197 0.059544191054751734 0.17199200085341212 0.13132183908045977
0.9962867337009407 0.05850049583480956 0.15881614534453195 0.021902190219021903
0.9943014174139427 0.058750161936628055 0.1689505641554003 0.18601190476190477
0.9959928583474087 0.061937252784410965 0.15858734683647488 0.19910083493898523
0.9926358272483863 0.058425406273579256 0.16434832265537644 0.18415051311288483
0.9955794170202037 0.05822601440437233 0.16617206125684802 0.11909904350509103
0.9941397745749166 0.05699990070756652 0.1621240763280641 0.16933497536945813
0.9892819533067776 0.05610725656391434 0.16603951117535692 0.3252473667411427
0.9940372691411401 0.05347292219092353 0.16861968911443959 0.27161862527716185
0.9908173993035022 0.05646882085868634 0.17493533346040815 0.27411652340019105
0.9966699274476237 0.055839098942857116 0.16722036629596881 0.07167235494880546
0.9893960042100364 0.05592900860081217 0.1783312271371958 0.35450762829403604
0.9871258760973755 0.05616734271111879 0.16938761139495034 0.27093318297152524
0.9852315121588134 0.0550331683544849 0.1828645444332168 0.20668523676880224
0.9945318765292102 0.05801001615777527 0.18328502384615875 0.3246599645180367
0.9907648176574068 0.057726740388729984 0.18877830551546942 0.3522331327209376
0.9941181949714044 0.05504600158929184 0.18803351709358823 0.34251576501825426
0.9936923578596346 0.05567208273187302 0.1855622012782908 0.20403857745629897
0.9933197210583361 0.059125850919155266 0.1897062620648953 0.23476968796433878
0.992477569058083 0.06029486498403863 0.19176989520357346 0.31846414455110106
0.9891592226256691 0.05639940130492276 0.19713844223345803 0.3462219598583235
0.9968168919537425 0.05677085088863957 0.19347725076887903 0.2980302597773337
0.9923392042956003 0.05505739157229798 0.1928070580037979 0.29630689951331235
0.9938837360372373 0.0551480848770812 0.19653812266141832 0.26084669997370497
0.9850189421303835 0.05389130506825842 0.20414274230824964 0.2617545871559633
0.9921836929852308 0.05252050481519494 0.20717971178252947 0.23775256019928037
0.9928121269058384 0.0508595191378452 0.20438866794770197 0.0976929649672458
0.9955866977764308 0.0550877640525505 0.20799241999267878 0.23933855526544823
0.9912990674790783 0.054839744788580454 0.21031702261342458 0.1538104089219331
0.9951444968530498 0.05295985673721363 0.21032271900192598 0.2907288317256163
0.9883342713670684 0.05202060437521339 0.21551346140548544 0.24264520995725422
0.9884707380658756 0.05356440901222733 0.21223459918215185 0.25287356321839083
0.9942188793444379 0.054418294406945025 0.22385996787165563 0.41011984021304926
0.9938828371538966 0.05279753086174079 0.22379671422591563 0.45039530731956134
0.9937326677759291 0.05101959954298829 0.23175795638661523 0.4468884120171674
0.9930622542108778 0.05435898974443595 0.23254489334417489 0.3182904167772764
0.9953466995320543 0.05280584352878269 0.23257628907783706 0.3648315529991783
0.9927317140791194 0.051145978623941345 0.23960404131700974 0.46226415094339623
0.9943264619088443 0.05193884980370692 0.2586999028729169 0.3383631713554987
0.9902131758700928 0.05014482645733847 0.2518442224758042 0.2960879570442342
0.994056697320669 0.05083792691586253 0.2606652574482511 0.34044768349817806
0.9913333434225726 0.04760652904679952 0.257314733423726 0.38875629806417394
0.9951789040838266 0.051018890837107575 0.2677961080531315 0.2747924858016601
0.9842361788051803 0.05113757471850239 0.2652649336974034 0.35144230769230766
0.9866623906542933 0.050447778007247056 0.27544322235527935 0.397510593220339
0.9914645957679408 0.05444390866844356 0.285590349071882 0.4375763498656242
0.9912200237519881 0.05727978336643251 0.2895215360830523 0.49254437869822487
0.9949392273680637 0.05191809394848551 0.30041361802351396 0.41950113378684806
0.9936130580751561 0.055377058928202355 0.3044924625641633 0.3429694727104533
0.9905074688822011 0.056926528635293204 0.30783427822960613 0.4323255813953488
0.9945167097337226 0.05716219908935417 0.31378701914287954 0.5146322172422885
0.9932781925535549 0.05847481264374649 0.32506358786112816 0.5318387789172431
0.9951374821931666 0.057607769578144834 0.33363625925573054 0.5026724975704567
0.9948921659053912 0.05923199549887472 0.34547948924051713 0.46786114221724523
0.9965655900044461 0.05932799066910528 0.3526842097563592 0.5009756097560976
0.9949506803569061 0.05942723908725801 0.3509560570410506 0.45193213949104616
0.9909463533856008 0.05991259921955877 0.3546990469623504 0.4585432890517636
0.9965390054449271 0.06090640236591799 0.36109595371176034 0.42377260981912146
0.9955252272109665 0.06184741038119011 0.3726365322480224 0.3951965065502183
0.9929440712106044 0.06364269697711235 0.37890584347207573 0.4516320474777448
0.9935349867425854 0.0642263759086189 0.40317547595509984 0.47957549058870647
0.9910585243866603 0.06419661473044175 0.39652698827412264 0.43887439433469994
0.9944173880911524 0.062250143513945415 0.4034064204663624 0.4525739764896636
0.9924727628084732 0.06495725812149011 0.4238418061558494 0.5160026126714565
0.996925076476835 0.06792671632995033 0.4366174568412199 0.4660848869496232
0.9937886612046786 0.06720685457235352 0.44009187459574445 0.512720916682851
0.9939862165839954 0.06743972817000161 0.4313039203157546 0.41043478260869565
0.9925669949283389 0.0634995662597933 0.4331027897829952 0.24284295879530035
0.9961372658856767 0.06742685835822196 0.45503206844092214 0.39438657407407407
0.9933783669063876 0.06588190487925431 0.453226889125057 0.6063025210084033
0.9924812577158061 0.06143487623038217 0.4461068056696294 0.571608832807571
0.9953724863581092 0.0638618732630323 0.45029883932031906 0.616828342471531
0.9923508753259193 0.06254208523603058 0.46776907290377223 0.5579591836734694
0.9886588759448406 0.06803967752157133 0.47486911589531866 0.6073570571771292
0.995147489648508 0.06752800827592279 0.482095480496812 0.6295081967213115
0.9950629225730742 0.06151632314892875 0.47519055115309017 0.2775877587758776
0.9888458058361281 0.06579158667444045 0.47262845165229805 0.48951490651844365
0.9932815327618177 0.06380599897465429 0.46252063514016617 0.7529691211401425
0.9893604327420253 0.06612620208741625 0.4692274088167662 0.6277119416590702
0.9807934359710581 0.06377497918401333 0.4756088175907524 0.7150170648464164
0.9871936806199695 0.06385178058918736 0.4844975722064441 0.773082048353322
0.9892512724350389 0.0639018385938206 0.49236093998521474 0.7686778891620957
0.9861765014084855 0.07051949277189119 0.5106570831176233 0.7858856457417033
0.990123074937257 0.0741030108089206 0.518653134836876 0.6607761607761607
0.9913235541373692 0.07288377019052518 0.5261984883886105 0.8119692680954307
0.9926201917886438 0.07571096056507384 0.5454164908819006 0.748440007131396
0.9931574200123932 0.07553389906331083 0.5545195406979513 0.662915512465374
0.9897010678698556 0.07597748576763552 0.5708393913716001 0.7337095946639303
0.9919576292728451 0.07574899452995619 0.5724138610544569 0.7189292543021033
0.9884087270698659 0.07892092864319368 0.5887676311283101 0.7686527106816962
0.989927961180609 0.08114147190849694 0.6192335166476152 0.7546716955254587
0.9885679318971258 0.0775217895289932 0.6185163335137093 0.7223841917719469
0.9903903286117952 0.07088208436809272 0.6420631133693564 0.6842448979591836
0.9914570508328063 0.06479436227702619 0.6486719348743294 0.8141880898145135
0.993119161708307 0.0634898921161056 0.6738496957527901 0.7460815047021944
0.9908342847561111 0.05400956976809364 0.7011164757965295 0.7404399822825927
0.9906597419359606 0.022804608040779502 0.707874849974002 0.7145173176123802
0.9934029652828434 0.010242075091523115 0.7227133987951873 0.709277238403452
0.9868517896921059 0.005926865196148011 0.7452921311027388 0.7020346852382903
0.9906641713091922 0.002068357998590557 0.76868088961448 0.5750633329661857
0.9908540062646095 0.0016940957906478298 0.7823318450135229 0.49834061135371177
0.9933324686050068 0.0010861041978170766 0.8248140305498771 0.3506075334143378
0.984787341556945 1.0816599153060286e-05 0.8342201240101658 0.3431860423286768
0.9887414782509569 0.0 0.8821916185778295 0.5767069802875917
0.987499021627008 0.0 0.9043092283023004 0.7658322903629536
0.9911751034312104 0.0 0.9354801041218972 0.7921291624621595
0.9906625537983985 0.0 0.9303890088424464 0.7143970604609732
0.9882826952056958 0.0 0.9281237880445925 0.5414832655095092
0.9881340464533233 0.0 0.9233828662676759 0.3379232966136271
0.9941629127020681 0.0 0.9361983638351492 0.811011181332037
0.9937918042407924 0.0 0.9360226183837529 0.8164431197218083
0.9891794168462675 0.0 0.9347492734341915 0.8136313935123314
0.9919186163437689 0.0 0.9354750717285542 0.8127644569816643
0.9927330745664313 0.0 0.9406805051357465 0.8015431748553273
0.9932921021210374 0.0 0.9421631602432186 0.8362291222957068
0.9863044484546802 0.0 0.9361823163657953 0.8788638262322472
0.9916975399578996 0.0 0.940393787168242 0.8406783322531864
0.995643683681144 0.0 0.9411912495144588 0.9028685347214531
0.9898044614994882 0.0 0.9371841961745438 0.8698063840920984
0.9925489216840697 0.0 0.9453959765370269 0.895442930153322
0.9927160757223668 0.0 0.9440485534599389 0.7873712580614111
0.9905253622978831 0.0 0.9406801948051948 0.8759376233714963
0.9929287834968452 0.0 0.9434937051524493 0.9146627565982405
0.9904289193168365 0.0 0.9439327613660901 0.8703181243311606
0.9861377056033257 0.0 0.9475089104496779 0.8707920350031253
0.9949760083752581 0.0 0.9534732376582931 0.8575065927071019
0.9914728931509745 0.0 0.9454520496233635 0.8599434979881859
0.9925847421489351 0.0 0.9502339538614327 0.8459441036128152
0.9937411175211635 0.0 0.955729621552021 0.8626602297319793
0.9941980442150568 0.0 0.9503005410834984 0.8816752165503322
0.9927979736487368 0.0 0.9495619813638484 0.8484619454311844
0.9929763308146039 0.0 0.9524931349207717 0.8726059654631083
0.9934053321592381 0.0 0.9481236766575148 0.8883003583112634
0.9955343683041007 0.0 0.9492272013373683 0.910807435162736
0.9936405130208585 0.0 0.9517986837597715 0.8570819415819771
0.9929712980197859 0.0 0.9517994743252772 0.8828796561604585
0.993445802672745 0.0 0.9520097208400273 0.8862848426015809
0.9923903208078206 0.0 0.952422016636787 0.8932212365947305
0.9913509098028273 0.0 0.9519873996565358 0.8990947648287649
0.9949500277496205 0.0 0.9543233132228575 0.909130060292851
0.9937703082271577 0.0 0.9555971206340679 0.8924602700442108
0.9957407760706289 0.0 0.9615853613954248 0.9145137451965711
0.9915112670132958 0.0 0.9578706888676727 0.9020621453053885
0.9866757480091579 0.0 0.9575405294579175 0.9158806332395609
0.9959501686445233 0.0 0.9600425354698108 0.9238075137188687
0.9914026198426227 0.0 0.9598064293121328 0.9264321608040201
0.9946603298853788 0.0 0.9605135275083021 0.9295746882854468
0.9928846085151936 0.0 0.9628550768868813 0.9367428706104172
0.9919397145728094 0.0 0.9633360914935355 0.8991307581462371
0.9937679920834833 0.0 0.9659741319303383 0.8939345534206563
0.9945666246898771 0.0 0.9678528328454316 0.8996857105954278
0.9938175583491431 0.0 0.9627314115987899 0.8962223015023586
0.9933567235564467 0.0 0.9640620164308021 0.9125965938930153
0.99295661951427 0.0 0.9638738007275409 0.9167701863354037
0.9943799803394138 0.0 0.9629522097178753 0.9109363446931505
0.9939533118278888 0.0 0.9656582812829655 0.9313158571061424
0.9929974140358963 0.0 0.9641495444947529 0.9288092499545977
0.9944375926212169 0.0 0.960857313949814 0.9077781613163042
0.996532672308075 0.0 0.9647145371446062 0.9173875197214515
0.9913868518597793 0.0 0.9607471725244034 0.9129894344313239
0.9938323150222657 0.0 0.9638675196789522 0.9292157235093049
0.9915131675706512 0.0 0.9606535083512598 0.8841086495510535
0.9948517458049492 0.0 0.9654267362244349 0.8893755238893546
0.984776092390874 0.0 0.9615909543945068 0.9365978367748279
0.9901722637423566 0.0 0.9652613807883502 0.9354610828336987
0.9930909066095287 0.0 0.9671730908327006 0.9201056913395682
0.9903280910410535 0.0 0.964785449752163 0.9011325958745342
0.9904802295468806 0.0 0.9711538049317108 0.9311581392999646
0.9927733923209883 0.0 0.9688385633938974 0.925436108353425
0.98645053270306 0.0 0.9613196707737431 0.8814635403246586
0.9890793489980625 0.0 0.9541078486972523 0.816455915769024
0.9898208179390743 0.0 0.9541828465669783 0.8266561723151734
0.9932402096181544 0.0 0.9528521819373953 0.8138156913174142
0.9901553424998325 0.0 0.9657410901183023 0.9006819696303753
0.9921016462905946 0.0 0.9661763064016204 0.9160417083126446
0.9946136848393823 0.0 0.9607663904249022 0.8827379012884307
0.9959439425889641 0.0 0.963139838495559 0.8920694112967382
0.9893104542936221 0.0 0.9519118011626514 0.8788961309354221
0.994327082038009 0.0 0.9487273767602253 0.8776621486192456
0.9930299932037939 0.0 0.9421010361014251 0.89388344299718
0.9930146103453064 0.0 0.9194649837517073 0.8480402658794528
0.9938455093399985 0.0 0.8970821576688133 0.8459778175997377
0.9920472028151737 0.0 0.8986837084245293 0.9148523001201085
0.9866318180266035 0.0 0.21056104162588676 0.4942078926418742
