0.9858326667651659 0.07454147829098821 0.17441857649217438 0.29942528735632185
0.9960296556180372 0.07305647675030957 0.16057575421811343 0.25723664577737987
0.9943414934354485 0.08025840778608924 0.1697375638074267 0.29530600118835415
0.9958380840733781 0.0681882306490203 0.15936070010330294 0.36416184971098264
0.9925581546388405 0.07932796268443731 0.1685597248235862 0.24390243902439024
0.9956037329898179 0.07122325525098767 0.16831563172259165 0.2570194384449244
0.9939261994653733 0.08217840249102393 0.16585487629848633 0.29802955665024633
0.9890823878062384 0.07294608058341624 0.16884071595676148 0.5039897861474625
0.9941360891778913 0.07554761656409721 0.171840999409217 0.35920177383592017
0.9905628092000974 0.10120417032646904 0.1828941297777381 0.4250238777459408
0.9966638899722375 0.09658532220983485 0.17417444751579725 0.20819112627986347
0.9891611201825158 0.09369788199589141 0.1835101361621786 0.42163661581137307
0.987176713257461 0.07795350220556353 0.17323030609046072 0.3490273470538483
0.9851820633850303 0.0847415048999878 0.18835687602994264 0.34596100278551534
0.9944005169146529 0.08024468767740874 0.18796970446878622 0.3913673232908459
0.9909389677273128 0.05683370259902258 0.19002405580947798 0.5009386733416771
0.9941917071934906 0.061182673387626736 0.18953807996328464 0.4576833720544308
0.9936003760286648 0.06536340252891688 0.1881852901318221 0.342159458664313
0.9935608499678042 0.0769926224910957 0.19475667906352376 0.38395245170876674
0.9926956648771046 0.06355403730416853 0.19430916101362913 0.42715979672501414
0.9891518294054357 0.07277244917561361 0.20128142130024668 0.5255581668625147
0.9968100905597473 0.07301097459833741 0.1973688804358488 0.40850699400513846
0.9922141356314139 0.06627580515158177 0.19534549598087667 0.472659604924134
0.993649262479242 0.07353643193014532 0.2003201947740825 0.3534052064159874
0.9848922695636415 0.06855045628110897 0.20751766306575087 0.36754587155963303
0.9920850481784986 0.06573108736860245 0.2101343023940289 0.31263736263736264
0.9929334847120542 0.050862151444208616 0.20469021565385034 0.20364568499003133
0.9956471779690725 0.05510290016813849 0.20841340915756137 0.3733681462140992
0.9914652237990402 0.05544151686776656 0.21095906318925536 0.31064126394052044
0.9951870714150983 0.05562243189922915 0.2111475356027752 0.45739549839228294
0.9881369477187563 0.056626096537947423 0.21731415001273952 0.3364344983656022
0.9879128158372666 0.058330191214734844 0.21259300857525004 0.3053814002089864
0.9936732493041925 0.05876317182791333 0.22488426567837114 0.445646437994723
0.9929891893619585 0.05730978214922624 0.224813170027082 0.48928571428571427
0.993012991718873 0.054546456574563494 0.23190336785253785 0.5174510840824961
0.9928013603339001 0.06225544431551394 0.23390790457739766 0.4497480774330416
0.9955485086756751 0.057159447241846156 0.23430712748776628 0.5023281292796494
0.9930295790145491 0.05566182768651763 0.24003758808702222 0.5472533194480604
0.9943044758435977 0.05418878375259635 0.25823305965836785 0.40690537084398976
0.9904471547258186 0.05239898605521494 0.25153997026706715 0.37074916901048327
0.9940228641176804 0.05689108718248056 0.26072989165257293 0.41983342009370117
0.991154237112856 0.055844411028385436 0.25884922464241356 0.4536766657817892
0.9945563294106884 0.05853293135148855 0.26914225057816044 0.34316295325469637
0.9839982377806163 0.06287177936883495 0.2670489690207393 0.4239365537130497
0.9863208168976951 0.05666512376567921 0.27652143397598605 0.545021186440678
0.9915892829479576 0.06663856209081097 0.2877855024488889 0.5090735434574976
0.9910105385918679 0.06652736810234058 0.29051689504789474 0.553146358708461
0.9951567039815635 0.05612712051449587 0.30077650418928004 0.49361493123772104
0.9938807488382994 0.05940905871289765 0.30534247411355453 0.49375578168362627
0.9905994843145681 0.05886290456413049 0.3083482081783418 0.4916279069767442
0.9945683129274883 0.05972536545201769 0.31438617435780025 0.553124176113894
0.9934785631857207 0.06423773838535785 0.3261486831092745 0.5542140151515151
0.9952720004691349 0.06887332967655993 0.3360636622373752 0.5775024295432458
0.9948288194716626 0.06220668832660563 0.3463609817462464 0.5434393193013882
0.996457149015276 0.06472012486563553 0.353993581023462 0.5661388550548112
0.9950491798493958 0.05978664842824201 0.3512926476556293 0.5080113100848256
0.9908164465127104 0.0599817629908695 0.35485420072318724 0.4858272907053395
0.9963508726095313 0.06220500295602788 0.3614870433561066 0.4569280343716434
0.9951750668318445 0.06619639676583425 0.37390385301316115 0.4223804679552391
0.9925925211353713 0.06678336794388343 0.3803116449717358 0.568851737791465
0.9936393115490147 0.0715185395398742 0.40414004177264923 0.5571071279699875
0.9912431889137164 0.07248844219555882 0.39920693776340227 0.41365013554457025
0.9943104018701294 0.06834520740051722 0.4051842329705505 0.39687867091793927
0.992763319621261 0.06773857138861474 0.42396759145592927 0.5392647378725256
0.9964620040193974 0.07038784251917239 0.4359226978060817 0.45393883225208526
0.9937181727849109 0.0705028638985711 0.4375315755139145 0.47693340043616844
0.9940026822726165 0.07006527018413883 0.43024989032745203 0.4677524429967427
0.9927290678008348 0.06620049710921655 0.4296435333209993 0.30886125912768897
0.9961147766331392 0.07138190633461772 0.4473058041404917 0.28317701057673117
0.9936434640574392 0.07006775607811877 0.45310965061162395 0.563599706744868
0.9923025256542065 0.06559030861456483 0.4474588984415447 0.5943667763157895
0.9952695266860265 0.06736766965303977 0.4508190620759823 0.5393298691990682
0.9926707370014717 0.06766392449608288 0.469177385983953 0.26687340386720176
0.9889721065596471 0.08001927682691747 0.47675104158478104 0.315314459433783
0.9948788808862911 0.07901038329171316 0.4822214909827559 0.44068003913894327
0.9951645880940868 0.07126914258318595 0.47396472196017686 0.23623445825932504
0.9892068643359394 0.06975586964477637 0.471727899198478 0.4079991960606974
0.9932396117389765 0.06632594972738429 0.46351685912686585 0.8201176232001622
0.989731773338404 0.06909309524928875 0.47015166493090216 0.6739526411657559
0.9810241879613432 0.06633295777825667 0.47638225776715387 0.7632127296836522
0.9871288498473834 0.06662328451622809 0.4850016117861463 0.7997713850257192
0.989136512699072 0.06681015248963273 0.4932258661714864 0.7990196078431373
0.9863893589982213 0.07404759362343871 0.5115632221988134 0.7943701337592334
0.9904316590563166 0.07784898309145243 0.5199227153247333 0.7059843885516045
0.991499021583221 0.07631211591226353 0.5271235430473052 0.8312
0.9930493752233915 0.07820241872163854 0.5460323956173633 0.77400426742532
0.9929740400584939 0.07802768524074573 0.5554016836779561 0.6975415512465374
0.9902786871584862 0.07774413472518765 0.571652163900449 0.7674061433447099
0.9922964575159655 0.07861840273474058 0.5733946462451047 0.7648794030886691
0.9887152312197633 0.08023903760024997 0.5888912792855524 0.7733428367783322
0.9900970917905477 0.07969714245706684 0.6186705032207436 0.7579759862778731
0.9886991621234203 0.07712457396114766 0.6183047863430048 0.7193038994521431
0.9906664053502124 0.06775985471637645 0.6414856453686699 0.672
0.991625307902067 0.05694754888131768 0.6470943484133259 0.8083360682638661
0.9932834912567359 0.05269047624575423 0.6716456829899461 0.7448504983388704
0.9913474719184229 0.040295161162790104 0.6984217630567958 0.7526595744680851
0.9909860313659999 0.011039462258386132 0.7062406899438533 0.7022844509948416
0.9938894090060786 0.005046072838964458 0.7221903320906581 0.6887408394403731
0.9861560993470434 0.0014747017296824158 0.7448468513688988 0.6362210897687182
0.9897755999898445 0.01543990182599431 0.7719537379292501 0.6143600920208258
0.9894758452279333 0.0006216218265068644 0.7830601161949472 0.5396778337780413
0.9917666140304322 0.00037259446721410634 0.8155057412599162 0.20227889698528362
0.9838846419976999 8.092884735740337e-05 0.8341965408592408 0.3252567208953502
0.9875211105717983 0.0 0.8817039975548362 0.5316837107377648
0.9855527895020286 0.0 0.9035958992075825 0.7016541711293586
0.9897516957168263 0.0 0.9295839968346528 0.4084733284251389
0.9890887630271477 0.0 0.916931825322536 0.2543909348441926
0.9869540108013481 0.0 0.896910915992586 0.12891880419622825
0.9864439088173669 0.0 0.9238997552492806 0.361639505096201
0.9927651992603427 0.0 0.9354931218799394 0.7928623988226637
0.9923850846667929 0.0 0.9352564996745181 0.8103209565764632
0.9876197971922176 0.0 0.9338605009172649 0.8004375303840544
0.990668356218265 0.0 0.934579346084223 0.7927160931772497
0.9913348179417875 0.0 0.9397773868394186 0.7922760511882998
0.9917783531663514 0.0 0.9411515731580659 0.8225533355909245
0.9851569069472027 0.0 0.9356123668210147 0.870190578928443
0.9905479754384039 0.0 0.9397855815678818 0.8395290526545296
0.9943916256129735 0.0 0.9403371537040752 0.8960390546987684
0.9882038605547275 0.0 0.936205249891694 0.8601376720901126
0.9907545081939044 0.0 0.9448123403740438 0.8976471863818714
0.9910807999021921 0.0 0.9431787866168682 0.7719128329297821
0.9885656509099239 0.0 0.9401399910609486 0.8730474579643817
0.9915270033808107 0.0 0.9430011786109217 0.9097174362508614
0.9889001959678311 0.0 0.9433365495417307 0.8683357879234168
0.9842786393167554 0.0 0.9468616461074727 0.8653932786737544
0.9935138141216192 0.0 0.9525226136846441 0.8515639290287178
0.9894578797667569 0.0 0.9446076158507914 0.8515773142561627
0.9903991685268302 0.0 0.9492135511689388 0.8466615239564584
0.9926553805659234 0.0 0.9550314096825115 0.8597428619135081
0.9922259844563879 0.0 0.9492624003030367 0.8757501479164905
0.9910856484375424 0.0 0.9487688431932693 0.8354591836734694
0.9910910414398629 0.0 0.9518540834595786 0.8684418457648546
0.9916882822628136 0.0 0.9471466539899306 0.8893596986817326
0.9939147419936464 0.0 0.9483868850986967 0.9068134791605085
0.9914317971700499 0.0 0.950634444567657 0.8484913331906698
0.9909174287032263 0.0 0.9510851511696917 0.8927584702631962
0.9919269115368347 0.0 0.9513651167566448 0.8879944482997918
0.9903434262682789 0.0 0.9516270304814707 0.8862825426192679
0.9892491145005873 0.0 0.951083030840549 0.8947635671215487
0.9933230652428962 0.0 0.953991097068286 0.9181061265067727
0.9919392610042478 0.0 0.9549294349739491 0.8898918046506067
0.9938570883441529 0.0 0.960959402942903 0.9113088573280689
0.9897866041692365 0.0 0.9571843579390584 0.8989848000448707
0.9846992126870395 0.0 0.9566815363012919 0.9119054165521033
0.9950145261908758 0.0 0.9597130733481511 0.9152355443516622
0.9897471101724499 0.0 0.9591810028821443 0.9229415904292751
0.9933615585541293 0.0 0.959871767248415 0.9283707172787774
0.9913416720920452 0.0 0.9622400168355566 0.9389338252684357
0.9904943441746137 0.0 0.9626606106602064 0.8949006130410552
0.9924667531807417 0.0 0.9652525489276925 0.8868763902129012
0.9933161219785607 0.0 0.9670789854869546 0.9005133957461495
0.9930332716336522 0.00020076865714449606 0.9624116972307522 0.8971705997055195
0.992289700765188 0.0 0.9626831457595202 0.8885349152294115
0.9914302258251303 0.0 0.962764360819037 0.9125911246372709
0.9934269381733885 0.0 0.9623404459175091 0.9086429752623941
0.9929456619309982 0.0 0.9649742344286137 0.9330041630361119
0.9918455878901166 0.0 0.9633984145470411 0.9310985263670686
0.994663946537785 0.0 0.9611772979594828 0.9064929060594678
0.9964687762317531 0.0 0.9647885304161079 0.9200471116710948
0.9916067172621336 0.0 0.9608371624522601 0.9052991792099586
0.9936053728660477 0.0 0.964058403162517 0.92756553594367
0.9902959998573925 0.0 0.9567850471128561 0.8139326684849368
0.9944379730452154 0.0 0.963216280380536 0.8438005148775669
0.9837604798004074 0.0 0.9609483476223495 0.9316232575563398
0.9897060093542478 0.0 0.963672107708805 0.9085959324567179
0.9924180134444646 0.0 0.966349047013001 0.9073623548492848
0.9896472410206597 0.0 0.9624694413038377 0.8723170609963062
0.9896523599597046 0.0 0.9701214674793056 0.9174154467440686
0.9921257005930129 0.0 0.9685125832995902 0.9245559661461438
0.9854755123078331 0.0 0.9594057894507927 0.8655661099264368
0.9891049348723797 0.0009617797106297566 0.9478320241143842 0.7619016280160251
0.9887291109100547 0.0 0.947599266888487 0.7808343659644775
0.992550650905282 0.0009075194468452896 0.9532753028580934 0.8146581846213699
0.9900112899213532 0.0 0.960779362176398 0.8636388834991823
0.9913472534039216 0.0 0.9549241858562151 0.8433585559303491
0.9932583650096677 0.0 0.9583469001905056 0.8695681214759236
0.99530047356396 0.0 0.9540729747981171 0.8486517803258902
0.9886923637557136 0.0 0.9465044874822862 0.8537062407217335
0.9933046412323313 0.0 0.9449189391979549 0.8627467553923113
0.9920657637406002 0.0 0.9354820185482761 0.8713714355086735
0.9915690266672517 0.0 0.9100639185881214 0.8211795946890287
0.9929451332599015 0.0004841572973263758 0.874743476015835 0.7946622781583851
0.990474320393448 0.0 0.8727021435354768 0.8801471432721475
0.9866397231191119 0.0 0.18113551776983142 0.38649685528866723
