0.9881726520638251 0.007079563639820639 0.18069002014380597 0.1805668016194332
0.9837645959831854 0.006781791650069159 0.1908048870836093 0.1855216074869254
0.9884641723142461 0.006264853766187573 0.19663264310420048 0.20940649496080627
0.9839585242963318 0.008700955233253227 0.19568121014785503 0.22416812609457093
0.9840666085877802 0.009217174279163201 0.2042044496584706 0.23085022374309028
0.9859496266527689 0.007527057277630683 0.1812361538504588 0.1694915254237288
0.9901969806891755 0.006314216509747236 0.18443973597317864 0.28121090818113587
0.9758178504121376 0.006925891791204389 0.17632091959674662 0.18171215302076044
0.9869055519773915 0.006496401687884506 0.18914613465324012 0.19454201567144014
0.9824564206624379 0.007021694784457474 0.20075420526454205 0.438121546961326
0.9903768976605164 0.007220502901353966 0.19233924210378714 0.38189677091278923
0.9821258836534713 0.007640321673075119 0.19878411296783305 0.30306872939386253
0.9895127051909021 0.0094282185368956 0.19611685530314993 0.2268886679920477
0.9818364034332653 0.00899160666071006 0.19906685471357904 0.26007975188303056
0.9884535782566839 0.008873177267914705 0.20580445783357504 0.23006724303554274
0.9810364639377547 0.009062982423011857 0.1902532216026824 0.3327626792210571
0.9876103836323332 0.012176053236487173 0.198974958853316 0.19574368568755846
0.9885714217021573 0.013380501961840131 0.19891506082994106 0.27941176470588236
0.9870808257853001 0.01353936836357139 0.20670744619029346 0.30580046403712297
0.9822446544573019 0.014144691811208063 0.2092097442190436 0.3453770197486535
0.9827108974449348 0.014460853948349551 0.21356417061321617 0.26075455937630515
0.988117667835018 0.01632027657231686 0.20206909681574586 0.35926480017097673
0.9868576395344514 0.015137411209056208 0.22060505807491568 0.49044056525353286
0.9910218081747451 0.01681157724623586 0.22561885801630102 0.4153390987710514
0.9906944669803667 0.016159759288549097 0.22167476023368898 0.40009176416609316
0.9939018304952573 0.0169483580789847 0.22157868175174242 0.4067305549364832
0.985413992353438 0.017136916637409627 0.22513733159389498 0.5240592930444697
0.9880788388609575 0.017870951384927426 0.23413595730465303 0.4777199728568197
0.9881804007080974 0.017249308828329746 0.22783099677123714 0.4821469707440682
0.9916267744446837 0.017229240961448136 0.2348012392209229 0.37448015122873346
0.9904296884351852 0.019143771151136118 0.22894845274875383 0.4307778191291403
0.9885004549788462 0.017356853708279163 0.23185100269233 0.36191860465116277
0.988853341861365 0.017695130393231926 0.23200291439901188 0.34937979917306555
0.9921608913534153 0.017091024105912386 0.23850321150807494 0.2845067289511734
0.9917796842347096 0.017553116969308377 0.2369826035265977 0.20176023469795973
0.9920629857894324 0.01594551683968189 0.23662243765851615 0.35597826086956524
0.9912530948281032 0.016240567608199797 0.244269286481792 0.20565989632021756
0.9909670830021713 0.015038411251427289 0.2437950760278731 0.4878457669740151
0.9904407159574118 0.013767643865363735 0.24328052854090682 0.16739778908580452
0.9848752291678087 0.013270814185252245 0.25996624836235355 0.6045949214026602
0.9857096786455708 0.013683308443133771 0.2548553194233222 0.2637123138394479
0.9821735861460775 0.012294841563134247 0.265419054511315 0.24266040354435786
0.9940309243076246 0.01463260840647019 0.26247847326621887 0.35249121356212526
0.9928533348156421 0.013599721074707603 0.2728704124032638 0.31689258457683106
0.9907406228109279 0.01552964898538023 0.26973011748479103 0.3532872857508314
0.9898464573705343 0.01282098780460696 0.2827729426732801 0.20647956544231763
0.9866554291333053 0.016400236452870358 0.2779796758486398 0.4458174904942966
0.9873693255789274 0.016194267868963573 0.2794805016267738 0.21485674272042948
0.9900549938230175 0.015410017678755992 0.2832316797997831 0.3124505059392873
0.9956576266074451 0.01697949999734662 0.28568422010186845 0.22912835601324016
0.9837664194248928 0.017371311789500576 0.2859459255917822 0.44343945972021226
0.9894161933377669 0.019319868136139937 0.2969561017777568 0.5451157011958379
0.9862285085330146 0.020052803830108837 0.30263932862983645 0.688915998605786
0.9887067846332831 0.02221090545250191 0.30393722175634424 0.6780262690805822
0.9921413415531277 0.01853423296630516 0.3154723317006131 0.36692965885098344
0.9844320304230495 0.022503503176251643 0.315206043332529 0.7406412323123769
0.9890193185507744 0.02097277739812587 0.32057984733681766 0.6808548850574713
0.9938978787864353 0.02408331988647689 0.3303953729142338 0.7140794223826715
0.9912404737639834 0.022254210790242177 0.32249161050738423 0.7693142753754297
0.9890865871580045 0.024249611564335815 0.327179891623601 0.7111995451961342
0.9896972346067546 0.022243689959981515 0.34286033625292067 0.6750700280112045
0.9833547387992229 0.023473928151707367 0.3601420137265795 0.7286541244573083
0.9975464084314964 0.023083882934612863 0.35964069803396015 0.6155621496867788
0.988487168711699 0.022436499088876374 0.36108521457107123 0.5213349225268177
0.9922356963772363 0.021731205000405793 0.36459047683186335 0.34261954261954264
0.990060609141513 0.0197609580781125 0.3867244316320514 0.7391685669180845
0.9915978428405163 0.019601437026646552 0.35927582545034575 0.7935994246673859
0.9934285921860243 0.018624621538469464 0.37343993633056133 0.4776280323450135
0.9866204810828075 0.018414885278655556 0.38012029413825854 0.4328254847645429
0.9911693738961718 0.020787183364002308 0.3800594084979982 0.2731257654870109
0.991045575190041 0.0207907351909293 0.387527220423152 0.2386655260906758
0.9893342429654648 0.020927829132456794 0.38572498958457446 0.26799754642279594
0.9879417361552713 0.021667251986836798 0.38249504792012645 0.2639330741133498
0.9868436672258388 0.025238748497062983 0.39548415791528274 0.3450918028046841
0.9859246785940773 0.024324443677210338 0.4046753566315574 0.4141914191419142
0.9864066329356485 0.02734299189088318 0.41940607195194485 0.807418446762709
0.9934254770898064 0.028954977282114828 0.42931406274066847 0.8252662149080349
0.9868968693667421 0.03144330967630258 0.4287043301082027 0.5803250217094653
0.9846406146153496 0.03189293570908165 0.4383994797243885 0.5269748512991757
0.9919092170953147 0.03367936165181992 0.4427928819984723 0.53921876636297
0.9918008958500193 0.03617452419949407 0.4549632255911231 0.35438117967950905
0.992794834566852 0.03723347495900771 0.4638736166208703 0.34249894010053905
0.9930568889820814 0.03674220268015748 0.47441436173514223 0.3015096089443042
0.9922213723981306 0.03878828526715851 0.48094956471594313 0.41133536903254636
0.9904869372432836 0.037198862301166064 0.4991769681995566 0.36486055268364287
0.9922451386735087 0.03796386218959167 0.5127208330404964 0.7181360201511335
0.9857458374613257 0.038916654782790376 0.5154646322852289 0.7230001217581883
0.9944897867797305 0.039037013137268324 0.5047475661418475 0.33414099457713164
0.9915745618889938 0.04917050458019131 0.6030240033327752 0.40290164552191937
0.991391615843022 0.03854525064781237 0.5174436333564002 0.4709661874548229
0.9926814176286086 0.041551400518442895 0.5697273607402065 0.48995238479541603
0.985924093739773 0.033321388591092974 0.45556860972550933 0.40126516238424415
0.9889826867391157 0.03643373677641462 0.49146576359340355 0.3245640868767207
0.9901935237093439 0.03756699793086953 0.4997342243146784 0.315794708573702
0.9898172242204939 0.03400784299589827 0.46369398081351654 0.2865573475087846
0.991775669860667 0.0335239695704812 0.4667801782421141 0.26769724615644536
0.9871505605735181 0.036368720749069654 0.4725524018608541 0.1984879395175807
0.9912789995604481 0.03564508986234639 0.4811041367728153 0.28236984448951996
0.9917276537375284 0.035967925636037824 0.4788430796743679 0.2969252149743768
0.9912853294601465 0.03532311717734151 0.4992209559229516 0.2514769452449568
0.9956199849910523 0.037264105904783025 0.4768072159828771 0.22688137755102042
0.9907381286520471 0.03704830213196935 0.4927018163717462 0.2544674514253297
0.9889387329433079 0.03753715594559469 0.4886497300502755 0.19912241283603394
0.9902793260427294 0.037375614730505435 0.5049804088954469 0.2404035518087275
0.9851567147431901 0.03862310486212845 0.5308894563578747 0.2881886642885454
0.9844959030993944 0.04221107787797693 0.5273702301524892 0.25663807890222984
0.9955000252604838 0.04594675293240495 0.5521322855527173 0.2549615998783363
0.9905796279628687 0.04846312563954886 0.575416463456415 0.3764148591373722
0.9836940169101769 0.04483227296909275 0.5626784832692814 0.41613599568267673
0.9815641993458856 0.04698855151816824 0.5803244104712341 0.43730047605712685
0.984066579731559 0.04879015015059488 0.5765845375745327 0.4162100099159752
0.98904198140344 0.055463483200452274 0.6056590207051188 0.6775902316394325
0.9857028718819791 0.05325314165566476 0.6031472183687888 0.41524712388288154
0.982338125734704 0.048743320641218446 0.6181569208109324 0.8980520855388524
0.9901849850613439 0.05049624435613075 0.6372591199675728 0.782260996001454
0.9853444574812188 0.05388249597406337 0.6455384429321661 0.7974210427957391
0.9764277165603753 0.053576014236478724 0.6608683616622901 0.7754030400736988
0.9796237141691175 0.058306871630952134 0.6721501433017967 0.5626909284101475
0.9867066448775131 0.054767204035016295 0.6889835141565731 0.5952810548230395
0.9866636116043763 0.056466169437430366 0.6921636295895642 0.6766866055879458
0.9930496253874739 0.05991568583670909 0.7187031222945962 0.5190417328859851
0.9830124824475692 0.0667855502571401 0.7332081404489476 0.5922605002359603
0.9899607436005581 0.07414914509125632 0.7469570172194108 0.4134277211651186
0.989017344025115 0.08521944564602535 0.7730552102935152 0.4633560272326792
0.9828876895820746 0.08601898914954902 0.7765869298801747 0.4748694020388497
0.9916482329337929 0.10160995156735608 0.8061454817740833 0.33627960078076086
0.9882752882686526 0.09220431726475725 0.8228547716171868 0.508633796698523
0.9821453074625137 0.12916499397832196 0.841232677191489 0.33492771344314176
0.9905113794278657 0.15533810938319065 0.8475793939155881 0.17511241784849532
0.9929450580162319 0.2602857493756908 0.9078360852615894 0.2043948232244036
0.9927147215856439 0.23795253052089638 0.9150695588284727 0.3212561961909731
0.9891931913005311 0.2438031816500185 0.9287008640074224 0.8423329727930776
0.9896497482468258 0.23097315470325944 0.9297131546682379 0.777306468716861
0.9954797211934304 0.25363489499192243 0.9377079208041268 0.9199732127908924
0.9877836871358414 0.2615162840363054 0.9345734175506222 0.7959018801410106
0.990774444960509 0.25524454626954873 0.9283709445647554 0.639995237244746
0.9883891185588058 0.2967256320914857 0.9387793401516482 0.7325901458849435
0.9889329138392137 0.2853492979398296 0.9367022144531559 0.7167641718781521
0.9898401595514061 0.3051849423591761 0.9401043225586208 0.836967182195398
0.9891731797415968 0.2895336679213718 0.9362880796817518 0.8468924069187922
0.9912190169832386 0.3025456771093077 0.9381705057159058 0.6125571936959837
0.984130841166465 0.30222547649160175 0.9330355089415909 0.6349877700774562
0.9904597628749594 0.33084452102328477 0.9284988773871155 0.33134931322380823
0.9929382610574041 0.3549229088260289 0.9230010454322373 0.2624420590387899
0.9879727475813055 0.3676988508268441 0.9185138556344146 0.2435361511069825
0.9873505054210384 0.3308241447554425 0.9045210808114533 0.1931287780243324
0.9939335454146287 0.35600033598521663 0.8603061718529093 0.104795225034285
0.9907994626321039 0.3744108606557377 0.8728320717147533 0.10973379917761887
0.9965705482843572 0.3519645821804095 0.8623184781609121 0.10641102177840148
0.9912737864691415 0.3604551633855294 0.8357564871612386 0.08664173860670549
0.991718476664906 0.38894712825129807 0.8583854065687314 0.1066125736175732
0.9878222362802467 0.4035585770672245 0.8547439174461589 0.10194048775423949
0.9913118974695676 0.36651831826470627 0.859021183939429 0.10718109513612725
0.9898243607626586 0.37878041827558506 0.8606378805069048 0.11201427131001318
0.9885710889205896 0.3990987487091453 0.850684837255933 0.10403908202045087
0.9936467282073173 0.35619293894136894 0.8452166680638359 0.10272242492281786
0.9920993839120291 0.3622271726735089 0.8630319774810891 0.1248297954396984
0.9850689525690082 0.38265215792555873 0.8521310749839806 0.11191304221294181
0.9876049243562477 0.42000249407656814 0.8647749663311949 0.1251816532210553
0.9910024473904641 0.39749744778302015 0.8596267949813166 0.12215242507944994
0.986231366441444 0.4547232718381863 0.8656001484312424 0.12876192806459505
0.9876400591244178 0.4720915022253418 0.8881671513186162 0.15681736119469314
0.9915389533035461 0.45119016928761707 0.8751908754038873 0.14066170388751034
0.9955381104177654 0.48657113175262773 0.8888312023265921 0.15802488761712988
0.9911891716869742 0.4792147445892846 0.9055837053291012 0.2035369739223109
0.9879654066344553 0.42220487147690566 0.9041085833938151 0.21097128922425692
0.992152745669931 0.4845996564979145 0.8936961541784484 0.17571754578007012
0.9908618925595457 0.48526840428139556 0.91429538154909 0.2326383388372348
0.991712169945396 0.4466106628961158 0.8969115701081913 0.18934639372788237
0.9880801530653163 0.43992090853782195 0.9119144611418755 0.24488015823290213
0.9881690186249305 0.4375783156367474 0.9284867843517056 0.3352513088156637
0.9907816888782645 0.4319967440543601 0.9292316021501218 0.3214941824862217
0.9914362074305181 0.44500518094945696 0.9346974823805366 0.34640999619434226
0.9933663410622801 0.4566003616636528 0.9505680729415956 0.4780796411493377
0.992277775421616 0.4720720720720721 0.939711975114542 0.36485828872518583
0.9914991063192545 0.42212180898312285 0.9564783279064427 0.6248009042799157
0.991312633564375 0.5108386836983513 0.9643109989805547 0.6501349262490502
0.9916065933914419 0.472910159612405 0.9620930574519483 0.5798289123715046
0.9880307662777466 0.4607075967878492 0.9626937384670711 0.6537444716230574
0.9888574571206604 0.5019898297590095 0.9651633472601056 0.6617088291170883
0.9809880287021047 0.40941223419417366 0.961018042049636 0.7311212505737196
0.9959308527787739 0.43986254295532645 0.9701818448565431 0.702845587877016
0.9854345477361643 0.40825883354618986 0.9599173669837502 0.6452866861030127
0.9902358083465576 0.40760072932680275 0.9689732072099704 0.7098067181429204
0.9895315176411257 0.36032782330879287 0.9600902055990334 0.616334527319863
0.9858650042357617 0.35358511220580185 0.965065874892019 0.7377090841881526
0.9927334265715593 0.19412724306688417 0.9634948576985892 0.8399840681088347
0.9938023257617213 0.2676931870958522 0.9728747341231699 0.8629817926820106
0.9930484638133983 0.25137325701993624 0.9743810288694871 0.8954020929816032
0.9901652815883998 0.2847566488947089 0.9703323079589272 0.9170401921695847
0.9846799408873737 0.3362556453755361 0.9694920056563793 0.8721390386707089
0.9889678535757479 0.37927372041270485 0.9745747691307419 0.8167639733801494
0.9888198162347861 0.3528664606934432 0.966135590787691 0.7746939075206051
0.9914536938121457 0.36995817421349336 0.9633807253115504 0.6993720565149136
0.9873652963622198 0.33672217353198947 0.965671413834677 0.7890881836918936
0.9905617393185306 0.33401667350006836 0.9738213490152634 0.9021672173377387
0.9819618949237724 0.34062443602237863 0.9719688840074655 0.9450491307634165
0.9886775106747174 0.27312880506147785 0.9756449889736186 0.9503222877893781
0.987209366056386 0.29866159947124915 0.9754221265513477 0.9386891444230536
0.9931414858870337 0.20593123961158255 0.979594805710082 0.934196224017124
0.9912411384575752 0.11640160950373635 0.9749566845402813 0.8950630158209933
0.9909832625199738 0.08995943204868154 0.9735934965193767 0.8694775486365091
0.9910909009430674 0.039482260918148805 0.966851891846249 0.8181840223057341
0.9885733595324214 0.001688821093920244 0.9697837993378511 0.8547976364130838
0.9913447568933864 0.0 0.9767627608575322 0.9241634668129457
0.9938828871959698 0.002145815659464045 0.9724227574013224 0.8764538610353588
0.9905652557060564 0.0 0.9739330123457787 0.871763162422574
0.9899455356595953 0.0 0.9807594924401585 0.9370289697233718
0.993104380918846 0.0 0.9801358827858171 0.8880463175952279
0.9878285548342753 0.0 0.9731505908047952 0.8582709967216677
0.9886094668942075 0.0 0.9702841769902162 0.8505028878709421
0.9931335287258517 0.0029135642602784073 0.9775767541577337 0.8960094804256106
0.9915739817249474 0.0 0.9806405861993326 0.9288016071501783
0.9905001519875194 0.0 0.9798205006445758 0.9283688101672958
0.9892833355618064 0.0 0.9791092282326864 0.9364898813677599
0.9878900995594582 0.0 0.9784035998877617 0.9386088703060695
0.98695023858894 0.0 0.9732647729903112 0.928283016710695
0.9939227604884319 0.0009167103195390257 0.9767569743199563 0.9422152413541638
0.9909916528044784 0.009688215606834596 0.9758428714809908 0.9340526542943461
0.9890686369436872 0.0 0.9655945070812852 0.9010818680703326
0.9896098757813433 0.0 0.9666793877573705 0.932209647235554
0.9853431740730855 0.0017630088684688534 0.9623864926085899 0.942123787250793
0.9853035420455529 0.0009940877936483023 0.949713774875019 0.9143764153718793
0.9955333434372186 0.0007706443772600628 0.9573054825172257 0.9249892403215564
0.9910788059211855 0.004597040655078293 0.9382769213714535 0.8950100119318518
0.9938515323020063 0.0 0.9483088185609067 0.9247021879373315
0.995778086909151 0.0 0.946661075165748 0.9323658797343007
0.9846136114121925 0.0025948292130590677 0.5409094479638845 0.5107727710371663
