0.9853082977701321 0.005354023031692059 0.17802058410426816 0.0
0.9807145676601728 0.006026672421579324 0.18578742727634784 0.0
0.9852220815355083 0.005021013384996493 0.1933520713874158 0.0
0.9813610127315423 0.005007212758792278 0.18978839659969166 0.00022319616914211508
0.9813614120014494 0.006714793913243364 0.19820006979656354 0.006447819696227339
0.9834908407283183 0.00512301823056037 0.1775185384674216 0.0
0.9878859826245803 0.004965316876520281 0.17980148047907565 0.0012809465030160468
0.9732262048386291 0.006664777051268113 0.1744363376948942 0.007949908540875194
0.9844079224610198 0.0058740497150834865 0.185847438505028 0.004013605442176871
0.9794807879751075 0.006209893217983475 0.19975993334991687 0.019810056516925946
0.9873639476091343 0.005646968880857644 0.1904980578088865 0.014218173033785416
0.9792517956241 0.006702249518656626 0.19820337447377434 0.012999043748505856
0.9867838906041703 0.006729531090220799 0.19345710909049338 0.004159576479485725
0.9786524218310959 0.006874669487043892 0.1951642588850579 0.01037344398340249
0.9867805657789575 0.00723950448566531 0.20136995887260686 0.007633587786259542
0.9777317634914374 0.007697061086799375 0.18500949965333768 0.01631493247342039
0.984866691701089 0.00846797128860775 0.19252862334414442 2.8115950178536283e-05
0.9859914816475547 0.010029345745064647 0.1926702628442128 0.005417974129173533
0.9858947997609085 0.00991925327059823 0.20116791761995131 0.0
0.9792286096240854 0.010560857014457666 0.20672520450045795 0.0002887099225041787
0.9779541757177382 0.010904458702915353 0.20993249936723396 0.0011891057671629707
0.9838802297444438 0.012098210906154584 0.196013092482322 0.0005336802254798953
0.9839756439083626 0.01102425481415648 0.21313282076367027 0.006211280330407847
0.988187251181741 0.014703014947005124 0.2162271494613757 0.0002407808708858884
0.9895322283438618 0.012988582255986217 0.2173215214689445 0.0
0.9906973181677338 0.013558395279769892 0.21731426391107644 0.0
0.982128166019597 0.013692062862639824 0.22493065076682714 0.00392268875559364
0.9844783358985122 0.014851088925397027 0.22883862247914066 0.0019536955886649138
0.9840318354651586 0.013720002121810654 0.22376564319339676 0.0024230236698094547
0.9865471170365322 0.013784823238197364 0.22841816542526508 0.0090823787688331
0.9873493636974142 0.013898584886289905 0.22332177682714582 0.007828248233751492
0.9868933265772329 0.013567580537002213 0.22910013770875096 0.0
0.9861784130209656 0.014071136733722091 0.22550016651182558 0.0017312714574958185
0.9874152916912198 0.014095508318820286 0.23287213104566531 0.015682106845693253
0.988124721154638 0.014631038710843263 0.23174666111027944 0.002875510237808002
0.9865476849233216 0.012780237697311127 0.23370363721115212 0.0030808729139922978
0.9868845957042582 0.013786841521484546 0.2414510635139259 0.004177049101392751
0.9868673479638264 0.012263481514916455 0.24632638041658228 0.001774860820266612
0.9881714961908208 0.011002258249629474 0.23976299666503156 0.009074700276667692
0.9835080574814591 0.010245208851979147 0.25446614906087334 0.017531926098213895
0.9817232760248923 0.011281983532078684 0.24873033228093783 0.011607543455921729
0.9783839543515431 0.009925967715324311 0.2597619401994425 0.00870314129005938
0.9909010167027054 0.01108549817281203 0.2572836570603748 0.025840483893655928
0.9903373459556282 0.011814855944814087 0.26925951114133695 0.007724059013445584
0.9871972529879869 0.011718235956393958 0.2665619041033064 0.009048694603049901
0.9873391035175156 0.011113119569893836 0.2814886103840692 0.01309935739001483
0.9849249535795337 0.011911963636058108 0.27924354133426704 0.031610007991639516
0.9849563319342636 0.011680479112629425 0.27576640911144235 0.03380668686764932
0.9886113739310676 0.012721352055603064 0.28003057464926157 0.012848042373487939
0.9933538755092569 0.013897398822484317 0.28374069968532756 0.021175979266210555
0.9830458246050491 0.01402545443630173 0.2857364963579696 0.029625678820791312
0.9852478338671371 0.01444412467514346 0.2958008925848837 0.025626562399846165
0.9826431481677909 0.017679878109458237 0.3002895496301437 0.04474545935281795
0.985202838799211 0.01769494492505756 0.3000561730646926 0.045574774980495135
0.9871674986167942 0.01728295128693437 0.3091411671341344 0.019123452882677285
0.9811028743142415 0.017175262366223482 0.31215414561613425 0.05471797988511381
0.9843505066266793 0.018343863184236243 0.3157790836545692 0.04679851963866449
0.9878392846722109 0.018523924273384475 0.324239197758686 0.04290464830477843
0.9857437420489853 0.018045875077332744 0.31356186702770145 0.04591268958061747
0.9856060011686635 0.018055047271418167 0.318898867956055 0.03441193992412128
0.9865311545723676 0.018726697409733123 0.33397551799605013 0.04037016013898206
0.9795778558023672 0.017671633477231583 0.34827281754220096 0.036654849328944035
0.9939948270657061 0.017722021098720116 0.3545066764792414 0.0241029407764085
0.9857140218249661 0.01758159650943661 0.3549138297098446 0.042232636217388264
0.9898051342065732 0.01811574634868954 0.35358791212504137 0.03630810994231422
0.9871505248987469 0.015984390481690872 0.37277556819133717 0.04271147406857472
0.9886467748214839 0.015840965966596007 0.3522410726271983 0.04938029613099726
0.989664252334805 0.014466425388396818 0.3683315076400622 0.0185431881437781
0.983140106528213 0.014940205359535275 0.3773304578638569 0.04312828907317469
0.9885214189847912 0.01696759632435918 0.3767597873562451 0.02478403698746806
0.9887307009219575 0.01701436634843306 0.3867812150308631 0.027924779833562254
0.9875000150225759 0.016643319281465216 0.38362564668529253 0.030137017505894145
0.984887135561879 0.01806103896103896 0.3872115018269523 0.024705014749262538
0.9842437352659739 0.019534798839972545 0.3893787776949092 0.053859196461481754
0.9825006727276222 0.017976484281254295 0.4010889665091432 0.048248196169169894
0.9872236312026887 0.021204131406571413 0.41842009331864105 0.040390688969470116
0.991218851388159 0.022551408191212624 0.42726373455317823 0.04168440868649291
0.9828130788512704 0.02452721572546968 0.4268782034980289 0.03325586266745135
0.980973908411289 0.026972282050992908 0.4385242771252714 0.03992364049117738
0.9899956778080516 0.02862338725959966 0.43292553916555093 0.05046036249927616
0.9892494558263961 0.02970416304895553 0.4515692309782978 0.03426404424618147
0.9905767616781226 0.03023123564248878 0.4400897657753245 0.040770865117323876
0.9912142419529667 0.029205596673314693 0.43706009363647075 0.04937306431728659
0.9898302142001603 0.03131055441707443 0.43421065625576066 0.05406455258139699
0.9882943731051517 0.029274677201991228 0.4466882576138326 0.05633002769165227
0.99147028531925 0.029346974620468144 0.47940437386731044 0.07322681797819919
0.9835845927536097 0.03158595363022397 0.4743899016851858 0.06691253255079245
0.9925125988223814 0.031842718095848745 0.45638059796978536 0.05012458885677265
0.9887518723328089 0.040994489205754506 0.5630255404681518 0.07203439668579045
0.9878335081766347 0.032279734534798876 0.4972066993046429 0.07258651299513956
0.9895174817299771 0.03534990207808972 0.5504746950489727 0.10142954390742001
0.9831148981380143 0.027991145446968735 0.4573778922011492 0.0810330200991908
0.9866416415642038 0.029109746470657238 0.48196739463661686 0.06724582141146312
0.9884599427779591 0.02960532113825698 0.4950068639471489 0.05877304442809692
0.9868068806082773 0.027155924813269304 0.4555217005110939 0.053684103399145124
0.9883711264695714 0.028794911337320615 0.4582101957502007 0.04719814804186038
0.9841783366400602 0.02894474088229926 0.46247355193753786 0.051288875370694244
0.9892179382205251 0.028355851742254135 0.47030677152989864 0.0523879189204797
0.9894584696306117 0.029776196782886104 0.47289564881584895 0.04999486705677035
0.9897829772599748 0.030096634582478438 0.49801603094415925 0.04778525451106764
0.9945076821480424 0.030534222089704556 0.4783812496879138 0.04308667214646518
0.9891073658299102 0.029932009557132162 0.5015972482963692 0.049372307263909405
0.9879238806891281 0.03132200102437137 0.5019079406673489 0.04503837067893037
0.9881687583343579 0.032383472854523095 0.5072107773544823 0.057695551931620084
0.9847438652202436 0.03284562245881748 0.5295013119407941 0.06705627378885738
0.9824485152488914 0.0361764690647333 0.5224801534731003 0.06360513681252196
0.9938623885437669 0.03871511373732531 0.5445179802295822 0.0548897588359124
0.9888788328566774 0.03743991669688264 0.5687667894244299 0.05752551672431714
0.9803611650860861 0.03588597590886793 0.5513564511683409 0.059619633496512586
0.9782063607386696 0.039360170521474114 0.5791161909214624 0.05459765440733933
0.980725439469649 0.04321428110486073 0.5790407395060467 0.05123775794152723
0.9855799169612873 0.047652385222900454 0.5959804252724891 0.055525472095441925
0.9834762322991089 0.04440059200789344 0.5954998813605086 0.059649993595491224
0.9791033003807647 0.041243820191188614 0.6007449651954312 0.07855689020596268
0.9871421723269337 0.0426091716184892 0.6217450673811913 0.07165074011617013
0.9834539945619628 0.04514299571991389 0.622587200803366 0.07870485678704857
0.9742964182570409 0.04638716233039413 0.6385196264151567 0.08477619173495463
0.9771647731125118 0.052503006964970025 0.6504373279547386 0.07485536767304724
0.9854069692683554 0.04424688553475605 0.6700225602722528 0.06750092839685295
0.9849947009486213 0.05043742794307139 0.6720408781730801 0.06512106477255755
0.9925838724049759 0.05310186569830687 0.6864716810668431 0.056701861569828135
0.9816279488145205 0.05881240864790433 0.713184223383906 0.0606786874230037
0.9883203191407908 0.06569068171492791 0.7191020250327129 0.05433297724256256
0.9873621976092738 0.07603767465565285 0.7416202477485029 0.062148921803841566
0.9812208135343273 0.07980288823489153 0.7396194834619311 0.05463199591106568
0.9895314083470943 0.09584990313041705 0.7478221295522253 0.04275455907423671
0.9864716370212586 0.08667747025459507 0.7401650958223116 0.04020940851848583
0.979980661780073 0.11034020029323327 0.7377754336708475 0.041900876035041404
0.9893535633664936 0.14798160875728086 0.7287059603454957 0.03798126744513839
0.991836911410882 0.25259780876092086 0.772462847183383 0.041417115013704195
0.9882187753669291 0.21550139078779879 0.8319233181559204 0.07034433695996783
0.9845883730003901 0.22520704626742918 0.8700839916385797 0.11669537862332409
0.9864904014212313 0.2173212785929549 0.9167146792677554 0.3491128643923399
0.9936510224304117 0.22069856913491734 0.8808839761135616 0.13179136914001863
0.9859797515926926 0.23565432202147926 0.8560637286177856 0.09332789831576217
0.9895103971886904 0.22888049282917924 0.8204314464616512 0.06785214512440697
0.9879557842705758 0.2544734192836034 0.8338178131081105 0.0697536820900043
0.9869116942579482 0.2468380381643274 0.8199324868679707 0.06504790200142455
0.9880190404151119 0.2729587759581473 0.8600261729837363 0.09440144312628275
0.9881823670697066 0.25672202752806134 0.827109364032009 0.07368789795792206
0.9885139656721187 0.2731997193228664 0.8192378537579881 0.06934471069838663
0.9808037078659797 0.28348753231768553 0.8173253694982107 0.07301426995081262
0.9880975614486573 0.30732026449216104 0.8377101127571619 0.07927176440727961
0.9917224254969703 0.3368992777784323 0.8446144135447221 0.08546211351328777
0.9852036687837689 0.33743548558538344 0.8349686901452957 0.07793894639678249
0.984392593861257 0.3166994642430585 0.8177064540885002 0.06981844980464637
0.9905908717266215 0.34809355231849576 0.7793879736779472 0.05627098172258832
0.9875327244663886 0.362513232455321 0.7777219871236243 0.05207615140650855
0.9934128213940212 0.3399549068470393 0.770655875971388 0.054831141906268754
0.9880627317488299 0.3457058887558507 0.7352575784675326 0.047076216091053204
0.9892704746627639 0.349375201019691 0.7673798327199949 0.05583408730586936
0.9857164417881614 0.3918111822695546 0.7648305239250094 0.05427990447396751
0.9884514031629348 0.35296652956678076 0.7701112944688816 0.055828875201827936
0.9865510446539775 0.337992530686228 0.7517865910206754 0.05300186710683485
0.9869767209630212 0.3657750439818679 0.7607328639430907 0.056225108363589835
0.990317787641157 0.3434561626429479 0.7721835191735961 0.0624035506128123
0.9876188469447933 0.3363375768272685 0.7751030016687835 0.0667500404479446
0.9801979966380578 0.34831063598843887 0.7722785250330043 0.06553240164682357
0.9836785138432721 0.39309803921568626 0.7646102148534217 0.0632341945158351
0.9876934200335539 0.37336689904466824 0.7746219125693029 0.06848421097825387
0.9828947121870784 0.4200146092037984 0.7692177263204213 0.06858106853982174
0.9839469647161955 0.4240943482746761 0.7754268246108681 0.06789139390684913
0.988346921022937 0.4185715603219984 0.7577097914351226 0.06345682672950577
0.9923454534210339 0.43711539006891076 0.7882665526253584 0.07552680075474022
0.9890232592690608 0.4450877192982456 0.8052710107788759 0.08581723054780266
0.9855684119916751 0.40545852441421226 0.8074339274174291 0.08966330473179789
0.990287167055628 0.4185658538000667 0.8065611571114139 0.08746286450937535
0.9875595980172786 0.42386387784220275 0.8465852366282355 0.11380192702574633
0.9887235479798706 0.4092031083346031 0.7989622273619665 0.0853816360352308
0.9850771234880921 0.41802513355068804 0.8066109550467183 0.09411879831686075
0.9854664818362685 0.39996038034865294 0.8056361535606351 0.09793636721828211
0.9891529080049768 0.3923761771606724 0.8236062494592331 0.10767641406923278
0.9892532444442406 0.4083060333060333 0.8439924249626254 0.1272217365967366
0.9908199849981764 0.4202283571915474 0.8720646659533317 0.16097055010187072
0.9906040791710952 0.42028605399356556 0.867314989354116 0.15169060421165523
0.9905668297900482 0.3829016060918432 0.8585785348637296 0.15645723962743438
0.9906036715198251 0.4764643943530146 0.8692678066568549 0.16321408706741009
0.9898094953580292 0.436877495272116 0.8652083988953605 0.1531538556510777
0.9854943307237753 0.423931924624552 0.8786483797288974 0.18881278035959445
0.9871666099807419 0.42967670627245097 0.8760756574200425 0.18570916774509588
0.9778036178346259 0.3901535703333255 0.8829093834392508 0.2139669204515621
0.9946326117215702 0.4029564352213773 0.8844357365968997 0.20878819747892935
0.9838566797978645 0.3837465564738292 0.8721782755407286 0.19573662436014305
0.9878790714045441 0.33362407326646315 0.8839568801521877 0.21399823154556818
0.9875229667612367 0.3344205008736168 0.8886554910161356 0.23543451123864556
0.9837509790723626 0.2949815325086475 0.8916675202250296 0.25502172563625075
0.9909632518935093 0.19808031873953005 0.9117459554769984 0.3506219349810009
0.9913813256516079 0.2817269076305221 0.8991500477661246 0.28209639491803556
0.9905383335251263 0.2494409791691185 0.9010022801463231 0.2966902768834514
0.9882924393549906 0.28562538892345984 0.9100140701777172 0.3509353609209708
0.9818013456121918 0.29510387559227313 0.9128405688913102 0.3655130479854867
0.9861916646616825 0.29709128824650344 0.9000617626863663 0.3116100679184978
0.9865735223126141 0.3041853512705531 0.9081077301083827 0.3647751163343039
0.9900995785760782 0.3011168157518658 0.9054663125596266 0.36321776814734563
0.985930253198549 0.2822768851095791 0.9144876487551692 0.42516339869281045
0.9886677337653894 0.24039551428915953 0.9079883156536673 0.4083094063236078
0.9795252941954865 0.28480345805754426 0.9269486633411314 0.5234123082453191
0.9859772428534141 0.2508637236084453 0.9344526886007474 0.5569751973910059
0.9857643443770471 0.22287125295382737 0.9188327751796906 0.481606931160809
0.9913145407128647 0.20132394024049557 0.9203247111395568 0.4554592408876229
0.9896439743997978 0.19045082866004573 0.9199386720170916 0.4816234659710016
0.9887446705628524 0.2064169910434224 0.9299503806333117 0.5163164656637241
0.99013167727857 0.15092366678285116 0.9066746518160248 0.4475766633750567
0.9869438103248027 0.110333624890666 0.9121426275602937 0.4934661036293084
0.9892914402105412 0.10508397639582388 0.9176545021074453 0.508856549999313
0.9914569858539268 0.09356962025316455 0.9184412296739589 0.5171466157904524
0.9888237582839539 0.02382153249272551 0.9265001081129925 0.580653002280575
0.9889759777706267 0.010249188279935845 0.9396754069557965 0.6676894467689447
0.9917710448027988 0.019225561873815328 0.9342565147660973 0.6316883617514851
0.9851135033548196 0.023110427875992826 0.9301255407929941 0.6245102421835967
0.9857794421847028 0.04053624176323563 0.9174480851572384 0.5979879088873159
0.9921613516058639 0.029856451201902657 0.9264673207971726 0.636536376740806
0.9918711169561472 0.023667454246926435 0.949947823057351 0.7858185926048382
0.988953454777499 0.02067341652931481 0.9644552487084471 0.8869106072897542
0.9871785418356469 0.03467954345917471 0.9635388217433561 0.8931330046000596
0.9877375589949376 0.015803121483438525 0.9636398888386221 0.9022268680118717
0.9849561340069927 0.060415296438973976 0.9478707821082919 0.8367468343672984
0.9928471606533728 0.03940592238366746 0.9614852567723208 0.8966676118760305
0.9888723148872165 0.03789523083240453 0.9650224795768931 0.9204640289700879
0.9872437894945933 0.01804635761589404 0.9459795162943564 0.8604301758759746
0.9892899968994411 0.01836256294495572 0.9435094388044492 0.8748675718992421
0.9846194547812219 0.018418285892293915 0.9359839431297055 0.8850427075974568
0.9835711395518907 0.021613890102904366 0.9096523577523958 0.8274741551296778
0.9946530986630897 0.02905990342367425 0.9149676552198992 0.8469671719386657
0.9893133620921818 0.03743942871716399 0.8776863565126287 0.8058499251289446
0.9928803141540038 0.009931801628815467 0.860530499909344 0.8084575351439566
0.994618078149154 0.014783653846153846 0.8730349209678342 0.8353888347217233
0.9856733290695818 0.0 0.7158498981927284 0.7986211236527876
