0.9890138004900587 0.005367571664214703 0.18076245388383766 0.32060247444862827
0.9847007640860858 0.004982297624196985 0.1909871777714917 0.253234241673548
0.9894482538929619 0.004170874438079295 0.19681570450563143 0.34833659491193736
0.9848297669117974 0.007013341251188936 0.1957519557128013 0.41890315052508753
0.9846482281276817 0.007476906717750576 0.20394664138287802 0.28761514841351077
0.9871954899513301 0.005753074274471225 0.18115917701788883 0.2276110444177671
0.9907858994384299 0.004918630129760008 0.18435243956002137 0.3945945945945946
0.9767397866247229 0.004420996328803092 0.1763731903113751 0.35511882998171845
0.9879210342974059 0.005028824576336764 0.18881658565000492 0.24276759884281582
0.9834254890562263 0.005061344434921023 0.20067075279053936 0.5082140964493905
0.9911990860542015 0.005588099871929302 0.19241289900606173 0.49249936435291125
0.9829127302373108 0.005769790724169805 0.19882767178220084 0.4192239411615521
0.9899792768382235 0.006954850210313662 0.19604547954912033 0.32032803180914515
0.9828605789627072 0.007358282663256397 0.19913079306403592 0.35223748338502436
0.9888028666238677 0.006737738613900335 0.20576452951312213 0.42452603791696664
0.9818264591174451 0.007507523588189305 0.19032687250535626 0.44134312696747113
0.9885673446149746 0.010774887240125073 0.19900936397793262 0.3707052441229656
0.9893701293783755 0.012604659448546149 0.19837896499727498 0.42410387710314557
0.9877655018688608 0.01307954766815342 0.2069151723775405 0.38714915332869404
0.9829801336260718 0.01259475987404226 0.20881240435884083 0.42224510813594235
0.9831096241544827 0.014171409107743952 0.2128456209609995 0.2697793490186517
0.9890274909186172 0.015249854515092478 0.20163847673043744 0.4437558685446009
0.9877628045499917 0.014147887866663057 0.22017855082262425 0.48826458036984355
0.9911516278116322 0.01643328620793065 0.22515203402761325 0.45087509944311854
0.99078300968624 0.015736002471011527 0.2213038315997145 0.4850261780104712
0.9944923429992888 0.016497465895062534 0.2216817063569358 0.49779151943462896
0.9863104550317859 0.016589322023562957 0.22537538076783692 0.5879545454545455
0.9881556565303506 0.017492994771965562 0.23410701928292219 0.5897323387450636
0.9883418687229729 0.01697625681569485 0.22788233301484573 0.5078669587731528
0.9925661421673547 0.016873407589161928 0.23528936601600206 0.39474889329873303
0.9913804247902861 0.017640982800376133 0.22871326526027996 0.3887955182072829
0.9892030301602205 0.017110072850559294 0.23149419851254527 0.307945463093559
0.9893772562956599 0.017165488462724705 0.2307428672742326 0.2656368460955269
0.9933864333506406 0.016325562093222012 0.23683640474665782 0.21582680656125314
0.991938346280205 0.01684128482688714 0.2364312009610781 0.25787699104755263
0.9925085640065201 0.015534624745432634 0.23683079662178305 0.3879952338397379
0.9922749586027368 0.015519630962723926 0.24479340037926847 0.20482336956521738
0.9917359824556463 0.014059597451089624 0.24398572949007802 0.5230337078651686
0.9905779070774916 0.013107866581714976 0.2428369532521975 0.1824742268041237
0.9849086238174668 0.012132157383607414 0.2597104444790502 0.6255609405851732
0.9866420145730165 0.012549602184439753 0.2545481573768635 0.28217696273134457
0.9835729985379686 0.011878653411272774 0.2651541092536074 0.2522107922757625
0.9947156394850214 0.013031243976231783 0.2621946649511901 0.40943312666076176
0.9935669995793855 0.012572495012005004 0.2725483320910223 0.3069692366122294
0.9916971067875101 0.01384523173189874 0.2695364034276555 0.3091837699801381
0.9901944543963798 0.011580689462387907 0.2817698565923441 0.21684184944407314
0.9874435196807976 0.015098210434398376 0.2774149577832203 0.4200062781207492
0.9877611700833777 0.014516656987487461 0.2800846177553866 0.253859683408247
0.9903531014695068 0.013901433339878264 0.28260156058135827 0.29772449602932194
0.9955946171607636 0.015688480994516783 0.2842742075250935 0.23317073170731709
0.9841571327840631 0.015788631798628654 0.2852327800536582 0.4201363398007341
0.9900748832079391 0.01762005306442117 0.29672899186177326 0.5725025299985543
0.9868711999022788 0.018457808265714283 0.3024673186580752 0.6670926517571885
0.9894022475326054 0.020075216145441815 0.30349857860877194 0.7357448325017819
0.9928483626738516 0.01722172700347931 0.3164004929613254 0.4160346695557963
0.9850566561152604 0.020539833550744145 0.3149180196103554 0.7963623395149786
0.9893518115168 0.01963705736740773 0.32031665358236017 0.7413608835055219
0.9942843942529584 0.0222470427089095 0.3302271643315926 0.7530077848549186
0.991996018107679 0.020689874919014223 0.32180899269165786 0.6920938851142681
0.9896201793548705 0.022279407109005306 0.32682081790681244 0.7608251254413678
0.9904153131195865 0.021122077321824344 0.3429174312974639 0.7189663908123628
0.9840521033396813 0.021847615106210385 0.3595463011589561 0.7079588168001307
0.9979268174725353 0.02166423085686376 0.35958817056351033 0.6672109732201176
0.9892422220272373 0.020348618110512834 0.3606594093570562 0.4944119212346993
0.9926982835534558 0.020396068432668238 0.36177432072806126 0.2814847828855215
0.9908562014939685 0.018227704996994557 0.3837138554488185 0.48484848484848486
0.9922860880494939 0.01823337304151187 0.3580718218391695 0.6477430074771532
0.9939638911344651 0.017278829182824237 0.3720302200390502 0.4410475681453768
0.986809734992907 0.016938451524199746 0.37666427794701235 0.30395751675306615
0.9921594501783343 0.01937626459701617 0.3774379333980185 0.2028898254063817
0.9918892890342901 0.019877854383007196 0.38538200091998914 0.184413852610111
0.9893991745042343 0.01974107624243326 0.38277512344769726 0.2159507650803018
0.9886571839830625 0.020085170386311326 0.3803870202803113 0.22684222684222685
0.9878005057741954 0.02360084043632741 0.3918516960370216 0.2749865229110512
0.9867402293108066 0.022554116089370368 0.40146933169364435 0.33369010892148837
0.9861088499854685 0.025570176093677656 0.4172653560030655 0.6376775166520046
0.9937101234478645 0.027231446630993646 0.4281638222410354 0.7289222373806276
0.9871418317870269 0.029348858986399814 0.4259195547604341 0.4408076136262563
0.9854606661771833 0.029914989624940908 0.4353893978139773 0.348307249034117
0.9921216055599842 0.03139413565641765 0.4409233407659862 0.3999087313659872
0.9920836062306005 0.03411517942100968 0.4516585525551531 0.2588944146901301
0.9934310472433416 0.03493470794511979 0.4573523925064108 0.22513507343428962
0.993385049930152 0.03450767060102069 0.46327267146508494 0.18213533834586465
0.9928677674704505 0.036875968438605265 0.472695294172556 0.24618287870989877
0.9910757240731874 0.03530811332956238 0.48662028332170615 0.19386928485791127
0.9925293891013653 0.03573435475177467 0.5042599274440271 0.32962757087270705
0.9862253501334957 0.03693601319356648 0.5067307276817126 0.32476647844213413
0.9950695611390916 0.03769390843738176 0.4894466036478959 0.16132626715586357
0.9920472221208271 0.047429467974264276 0.5925132414886642 0.22470665605205772
0.9918277174022312 0.03719683532952032 0.5100082511269088 0.2711465314254664
0.9932788130881779 0.04004778724288385 0.5678324506312091 0.40597112860892387
0.9865833327404625 0.03239633616921659 0.4529189247760489 0.3323878558672129
0.9895218293238819 0.0347188139790121 0.48724938857520644 0.2636053038314488
0.9907412609145186 0.03547672908314723 0.4959636350986986 0.22895754265243146
0.9905249827584964 0.031823640547523534 0.45782405032554985 0.20461543345078245
0.9923659432162063 0.03186764663774175 0.4640764271654337 0.19973206673973937
0.9876191291204784 0.03532820461584574 0.4644414720683596 0.13689408445026705
0.9918281533220543 0.034019275692849966 0.4779032830237358 0.20828101552690412
0.992194801525298 0.03382386991810078 0.47438583832484815 0.21385198656104554
0.9916193164682181 0.032953439001420615 0.4966828275611812 0.18862765073322432
0.9960109725313909 0.03499780483859787 0.4740855376279145 0.19278566817301485
0.9912559069645641 0.03615019811925999 0.49170755490257995 0.18164921005701656
0.9895186901862435 0.03638215011316639 0.4870581853105937 0.15079192883488826
0.9909272310736721 0.036426611503279166 0.5006881153810949 0.18797353537509337
0.9854520974720155 0.03710597042911808 0.5301952666177797 0.23803831615675378
0.9850041562759767 0.04073621757394656 0.5245086219983747 0.20630184237181418
0.9954779973300941 0.0444670721984454 0.5502964903278647 0.18347732181425486
0.9908450806183069 0.0459082803354843 0.5713263395345948 0.27484915272609023
0.9839381112175835 0.04252864975773667 0.5593559306293222 0.3158425019143191
0.9819310412309348 0.04448237359629765 0.578531470863311 0.35411685089104444
0.9846011775643012 0.04641423673687116 0.5747967114283935 0.3518817321529807
0.9891167481777011 0.053082603069818615 0.6022589496522238 0.5011474657399515
0.9862940100306758 0.050499460254384454 0.6004972634870993 0.36743741307371347
0.9826341028270769 0.04624674269382723 0.6157029518587289 0.6972276264591439
0.9905435608998238 0.04753449580173433 0.634783879526333 0.6184515856831446
0.9857324493456725 0.050790813932657115 0.6422239866762205 0.6081809904041465
0.9766043105188 0.04937422792891085 0.6565979573828882 0.5433544506303193
0.9797004706451254 0.05494258839703438 0.6666848827525481 0.39881421094075686
0.9871893616282613 0.04958794592445716 0.6844364026723427 0.4462468357700057
0.9863231933026859 0.05161500783889846 0.6888504568808657 0.5555146607778186
0.9933636205746045 0.054270952835989344 0.7140769776863853 0.39911925945897364
0.9832891576244512 0.060822430967448986 0.730794653854687 0.5242580415852142
0.9900269279434188 0.06779284151823274 0.7425304635776844 0.34676420934158697
0.9893244727748238 0.0794188990892847 0.7701906003773166 0.41222355183264636
0.9831116845944206 0.08097071198859607 0.7715333354934172 0.36915759267266796
0.9920070271285228 0.09350765245684141 0.7967240922178584 0.22050814519805187
0.9886370742252754 0.08591523179950238 0.811660282265084 0.282338794528784
0.9824217077997613 0.12204896202709413 0.8182305650952232 0.16460204941044357
0.9907900346741423 0.14767047617896448 0.8154530412691119 0.09893148599562573
0.9932736451773644 0.2474290162658254 0.8878193044296829 0.13557115754780996
0.9930565984291576 0.2260291731085013 0.8961589064980665 0.18607128838713294
0.9892402582916815 0.23304488807282103 0.9261635663443233 0.7017361831638652
0.9902650417793952 0.22618028375733856 0.9252463101956906 0.5490101915586147
0.9963454997886323 0.24243555057996705 0.9373122562981321 0.9042718288001307
0.9888202211508617 0.24987187152985393 0.9315951669153919 0.6316941149372337
0.9916505346082161 0.2443549432254334 0.9237601854339796 0.48508704845022266
0.9888085395289052 0.286439919445066 0.9315684307641775 0.4626619858709314
0.9891867559425299 0.27245810964698225 0.929734075268661 0.4726177918424754
0.9905204993749382 0.2932288079071954 0.9391595380200327 0.7922309337134711
0.989630584295918 0.2789735965995938 0.93176942811279 0.6195745135770794
0.9915614103621395 0.29554319766185616 0.9248868317249611 0.33578363384188625
0.9842729313485122 0.29707472000891516 0.9185580440508024 0.33495132684357914
0.9906509556841244 0.32312165116893726 0.9170165128472225 0.24098267814947175
0.9931194943210644 0.3415408958130477 0.9074469357153014 0.19289070901403887
0.9881370815382122 0.34842608241030065 0.9038179735166387 0.1840566462078672
0.9870213319016512 0.31965488712918094 0.8858118919057925 0.14489837909512815
0.9938602585051319 0.34958869792482145 0.8283166216970262 0.08085636462250938
0.9907195147203918 0.36876014675240004 0.8439702198865481 0.08474172973330249
0.9966239184555864 0.35028276492233223 0.8384352904837216 0.08682861066663307
0.991052324450496 0.35048741781908865 0.8136414365246786 0.07529780766297518
0.991858552033787 0.3691087203276909 0.8282191536603944 0.0840187944563455
0.9879039657703601 0.38569030894511097 0.8256219395291888 0.08125962145296474
0.9911862645708039 0.36305168297003776 0.8290717480626203 0.08394996896930348
0.9900658211130012 0.37060740202250986 0.8315022555888297 0.0880710505505201
0.9891428911079411 0.382198881832492 0.8232401512299711 0.08444537705513053
0.9935012271902679 0.3564954682779456 0.8225680000131488 0.08725040307577825
0.9919627565343802 0.36216675743527754 0.8332495229413401 0.0984195050232786
0.9848829578540655 0.3807205320349794 0.8279525319094998 0.09344432383157111
0.9875383361609236 0.41106566438204734 0.84288208694614 0.10501313071414142
0.9908622006759468 0.3872041369256371 0.8379196441168903 0.10372691703840307
0.9862201727864806 0.4400501919102451 0.8432272319739588 0.10774871576159951
0.987782402976706 0.4460460174745889 0.8648492009389289 0.12583360502682356
0.9918941547318644 0.42540140975965457 0.8530874333353358 0.1168625678119349
0.9957072380703458 0.4669926650366748 0.8705726071102627 0.13394345238095237
0.9913898154015417 0.46274085571390494 0.8855079765465595 0.1630045494143839
0.9882345980773045 0.41577345912142016 0.8836790404853638 0.1664035308048369
0.9924042976263865 0.4627758030434569 0.8755726265645088 0.147828317373461
0.99079967369663 0.46757891973485594 0.8970872431070528 0.18887471794368685
0.9917835175520866 0.4261299528771487 0.8819046018071023 0.16271340081583321
0.9884353460918023 0.42766731533970725 0.8909087544828793 0.18910969493570648
0.988534940913152 0.4237145404709224 0.9097875068063768 0.25026877224836946
0.9912929148048032 0.41477161948988817 0.9088373648572566 0.23532838211737295
0.9915098808607572 0.4269120184013801 0.9114052070633513 0.24372484937415237
0.9936737968343753 0.4377846532275112 0.9290913171732718 0.31450775048830154
0.9926022718155039 0.4595172014456003 0.9118626066800126 0.23445022456299072
0.9914286897351313 0.41255743314685583 0.9267543830142221 0.33059854054127236
0.9913530706725939 0.4721003980838 0.937100557391107 0.3623332899851171
0.9915755705333403 0.4549745824255628 0.9300673566727803 0.3069512917827737
0.9880730402036461 0.4597479652120997 0.9347797511615327 0.3610742436143991
0.9888814449230573 0.4633362465112345 0.9318366192665004 0.33928389916649726
0.981231095955767 0.4172083912907713 0.9261029581866438 0.3457610838683585
0.9962228293146455 0.4089051221845378 0.934494503845944 0.3511169259097737
0.9856805245963246 0.3819594302977989 0.9317845054227701 0.3758684665088606
0.9906655188811095 0.39530072410226097 0.9447292471331797 0.41702262756869085
0.9901325107278259 0.35518361927390896 0.9405123263056814 0.4247917687408133
0.9863353996212602 0.3535296972411991 0.9451031874233917 0.48090178490804564
0.9928614178378895 0.19720671926978803 0.9482968735765741 0.5800574771630914
0.9938015590789938 0.28670869929662157 0.9461573093517844 0.4823334585786053
0.9931455855070508 0.26691271742117867 0.9484379225523393 0.5022200014276537
0.9906914585185636 0.30519334892512734 0.959608589526258 0.6886614348115792
0.985164452518412 0.3581441656710474 0.9526945290277091 0.5910087032746854
0.9894235437834914 0.3803735392320534 0.9515647397114841 0.5290546515157514
0.9891199061910977 0.3597999712188804 0.9362228647244659 0.47579833061069216
0.9917775896539923 0.36847374095179425 0.9267280198252303 0.4137686503659159
0.9876870653907133 0.3501654124404697 0.9413134566696466 0.5340958630658743
0.9905546510490677 0.33693599160545645 0.9473496015335628 0.573676816094261
0.9822984711524623 0.32083145051965656 0.9576891624813403 0.7265798666243252
0.9887660791076816 0.3079356181934657 0.9640577532393536 0.7522291079274663
0.9877400752990516 0.2883814699566113 0.9603466950192632 0.7144708253710635
0.9933003183161138 0.22651199858319312 0.9668995078583902 0.7494512803458596
0.9913651915282408 0.1112918330129627 0.959770860816181 0.7068011714936544
0.991614078235876 0.09963914471912533 0.955929821120672 0.6660744876594125
0.9916693949854538 0.02154778509932182 0.9416365946426469 0.5966555831178199
0.9890662308343052 0.0016485702916264 0.9422773378874916 0.6041434000813789
0.9914850020351815 0.0 0.9549846802689149 0.6959004501320636
0.9937823597316356 0.001983218916857361 0.9513448540030789 0.6746148071354521
0.9907932896485406 0.0 0.9541543228024153 0.6922218275914557
0.99029022144012 0.0 0.9623819115435899 0.7529946876844554
0.9929962876497378 0.0 0.956210419560808 0.6892161270983214
0.9882141389752616 0.0 0.9463179842362984 0.6630131651238969
0.9892285408879022 0.0 0.9383503804966474 0.6435088155726235
0.9946273902251781 0.0 0.9617925809186973 0.7682899726860183
0.992826734861162 0.0 0.9754429090153537 0.8791601518874246
0.9918512834103032 0.0 0.9788421179224589 0.9177585766889059
0.9902672659501754 0.0 0.9796211504501289 0.93925295206662
0.9887678229250909 0.0 0.9784630411694937 0.9404280610545428
0.9874283391642832 0.0 0.9708292557211367 0.9114550647796787
0.9946538452393318 0.0 0.9777874326002144 0.9407985007195208
0.9918273534644725 0.006134969325153374 0.9767220749213366 0.9334322297772805
0.989991174159528 0.0 0.9584368405831742 0.8678794852748593
0.9902653909456317 0.0 0.9603763015227064 0.9048376856287672
0.9863867378075274 0.0016194817658349329 0.9562079691169058 0.9170740710051148
0.985955410624553 0.0009679370840895341 0.9464286752015063 0.8989718342652175
0.9958433379450025 0.0 0.9539592330510244 0.9139883612148094
0.9918988097934062 0.00271692986924775 0.9296525027505677 0.8730326666346826
0.9944131422783996 0.0 0.9435236867488606 0.912734721131895
0.996302452345894 0.0 0.9420209725332909 0.9211117038069214
0.9858801365995196 0.0004111208181304281 0.548482878247664 0.5285586094586061
