0.9879142517850642 0.003245633849702186 0.18039611109636944 0.22213225371120107
0.9836498229051956 0.0028595257953056116 0.1905745026244548 0.23644371043214973
0.9880953765088607 0.002285789385889977 0.1964187239242104 0.30067189249720044
0.9831327833534759 0.005579849324941917 0.19537917263706417 0.3321657910099241
0.9834754934954983 0.005223707188279738 0.2036722200616961 0.27244011581995264
0.9853955174803208 0.004004408884689951 0.18109086387357348 0.2373894955798232
0.9898571998938502 0.0034088744070620075 0.18435483717854192 0.37256353318529484
0.9751442906586745 0.0030363063265458953 0.17604554136925707 0.2827200745225897
0.9868078435215011 0.00349994679461755 0.1888831991495955 0.23690322580645162
0.9817775996971537 0.0038463234105504474 0.20050781253022004 0.5032912781130006
0.9894777662874871 0.004140051588583946 0.19216687912635952 0.4670734808034579
0.9811848352305076 0.004291270865095188 0.19852065607032066 0.39538422520923155
0.9890722737207024 0.0056656179810150396 0.19586931757819862 0.29249502982107356
0.9811648131114642 0.004814040331525216 0.1987802472764399 0.3212228622064688
0.9883297025467287 0.005115109640407792 0.20583924160936862 0.37686029764762363
0.9803207210014558 0.005674493599155642 0.1899253963804006 0.3939006184687567
0.9869174954271801 0.008933578132098696 0.19861176618557996 0.29085351516576535
0.988078393846975 0.010142220717764772 0.1980287270690801 0.44090560245587107
0.9869390701048101 0.009669466718215733 0.20650550273906715 0.39164733178654293
0.9820078807282095 0.01074475897577383 0.20898618025586924 0.412855910267472
0.9824069013745159 0.012026891970374504 0.2135166062675941 0.3195050946142649
0.9875643681078028 0.013365749873731366 0.20160858168874404 0.4562864279766861
0.9864938511755567 0.009694306951319101 0.21963928634145197 0.4825861761028755
0.9905295725081426 0.014501038251765864 0.22533731574183463 0.44136840023729484
0.9910694302224583 0.013670509312310451 0.2218835845002074 0.5262674925441615
0.9934509371554575 0.014100003438262865 0.22133960288658414 0.49453978159126366
0.9847584824342983 0.014177050656060607 0.22493597427740655 0.5919671382930168
0.9880385424742496 0.015382957116453752 0.23426856049355063 0.5563365282215122
0.987697152746186 0.01543346424979027 0.22803693251692578 0.4427645788336933
0.9910173406027564 0.01481541179622869 0.23527284585605568 0.2807811120917917
0.9898740450430823 0.015499902739654124 0.22887458766495405 0.3306470727660583
0.9885387061950947 0.015892076457826573 0.23223541840883993 0.18602253479637676
0.9887250173977804 0.01548171345806955 0.23100422700624304 0.17690936695491452
0.9920038986211206 0.014543141914557628 0.23680171229574407 0.17660718650696652
0.991360338164548 0.014830432616517156 0.23688491368624842 0.2655089971058261
0.9914656694406921 0.01362130498676375 0.23690635285673134 0.3409309350542359
0.9910862050393177 0.013955124292674852 0.2440722686431963 0.27598767161669935
0.9908176425702762 0.01215888577379294 0.2438384506443735 0.5216817496229261
0.9908386075562862 0.01150051988226348 0.2436340318143268 0.1625855060969565
0.9852053625837903 0.010119385169562622 0.2598695284709029 0.6568793525315264
0.9854240526431322 0.010467848301312631 0.2540725690589951 0.258499186865949
0.9818323428942898 0.010064997775072056 0.2648852368101418 0.27765968215406417
0.9937544256656763 0.011151298487664734 0.26223995262657585 0.4033972602739726
0.9928330496125853 0.010131832195889135 0.27279854618972843 0.3406761177753544
0.9902247729090566 0.011485583129510176 0.26915012778907627 0.3603582645108759
0.9899721584463206 0.009365164088943112 0.28140331481560876 0.23447728625272762
0.9864385675229408 0.013081649277088906 0.27787332269125625 0.38470463115150344
0.9870240467993684 0.012501584083132683 0.28048654990017907 0.2325637470613057
0.9901150198356712 0.011439629074512035 0.2824677828606422 0.29184389224684726
0.9953438847882189 0.013198352196717134 0.2844136017081658 0.2467817704838021
0.9838932725941593 0.014159770918355843 0.2854080100883575 0.4331952920662598
0.9888293113217428 0.015486300202361023 0.2967208025871575 0.6537078266826511
0.9858633716943257 0.016570334826236308 0.3023196012442472 0.7699115044247787
0.9879416895610289 0.017867924147171903 0.30306980828056745 0.7610471593018938
0.9916934189406099 0.015077255835893187 0.31616770935289945 0.29913702717961127
0.984139792392544 0.01841577636665145 0.3144531451586652 0.782094897045658
0.9886318323022152 0.017234920322736234 0.3200411657328885 0.6814436387607119
0.9930344004630236 0.019984873616333644 0.32989464018172154 0.6716768435885392
0.9905889363251688 0.01849261464039974 0.32027056929057934 0.5295020061364173
0.9883242329251714 0.020135936695139193 0.32579287673724744 0.6646981627296588
0.9890223376429614 0.0188842795350427 0.34130016161194887 0.5057498802108289
0.9827437716108557 0.01980094902303464 0.35914259648436864 0.5419540950708641
0.9972067950888089 0.01967038876092922 0.35836077390606313 0.44767699115044246
0.9877425060381175 0.017946319496623883 0.35811736361223484 0.2500941822291588
0.9922329939917578 0.017690322065155337 0.3602183001799999 0.20826561411655445
0.9897002035925653 0.015576923587457756 0.3818583206760501 0.39568534596158905
0.9916006051014058 0.015767900941580124 0.3580570906517864 0.5628177196804648
0.9928956830316753 0.014625633781759973 0.3719105623822357 0.39249903586579254
0.9861035801345674 0.014353274018473038 0.37729525131549213 0.22966069018700597
0.9905696473183138 0.016727316330573685 0.3778706566614459 0.16785688523407633
0.9906792695912814 0.01781657394173488 0.38502795818568103 0.15240920649409923
0.9889720854411106 0.016667384919562205 0.38395331278878264 0.19373628867539147
0.9873327824285321 0.017644539837533824 0.38029050698454325 0.18791200367928867
0.9862368324809794 0.021166853968321284 0.39088278020248046 0.21582397003745318
0.9858203737828273 0.020414667920151917 0.40187105390675704 0.29532229185317815
0.987124919553387 0.022913972769453107 0.41691191910964615 0.5567793809890957
0.9931533186515413 0.02447559194024091 0.42726186305235725 0.6798928298035213
0.9865249566126214 0.02689442852630004 0.4255876115843598 0.310502573225745
0.9840076590476099 0.02703881254619024 0.43213714926598706 0.2388490506471835
0.9913771906161298 0.0280529746932909 0.4359981985646628 0.2577747400283162
0.9911269213335959 0.03061619850587294 0.44745373590640364 0.16817388050392915
0.9921349441962309 0.030987097861277936 0.45386852707565334 0.18130818075334443
0.9924568000716268 0.030842323542536156 0.4600528471697622 0.16836720431610433
0.9917565755592496 0.03311869096623226 0.4712558930971359 0.24115072451451153
0.9900736981093204 0.031030295956594546 0.48984735974270194 0.2336285985447643
0.992122560919724 0.03158607106046678 0.5060911737442554 0.4036343612334802
0.9853222935307069 0.033446114685194005 0.5040368328978092 0.29180029677851704
0.9939953070289674 0.0337279187684758 0.4922341696535245 0.17198473059999417
0.9909033315591396 0.0419279219357089 0.5962703746015593 0.251437004815908
0.9905124820822867 0.03282106315857672 0.5094945942003145 0.28353745371688976
0.9918906968832348 0.03540583532713507 0.5677819680970787 0.4581422866439876
0.9853513297515987 0.02894785206967286 0.4539682590918004 0.35982502982446174
0.9884566359168935 0.03109077476704559 0.48807615908988305 0.29253233584208393
0.9899715967503622 0.03164517315541021 0.5004592723148379 0.2152706249792338
0.9894035645068073 0.028278029198177745 0.46218546205434174 0.20952131833638504
0.9911383636812654 0.0278511049836201 0.469885732904606 0.1832637646591135
0.9864216742141988 0.032093701184487275 0.4718089192658372 0.14542116630669547
0.9906626927963134 0.030636155648656592 0.47956568170862335 0.22095331055799577
0.9912323599695227 0.03023702106052773 0.47640400679853906 0.2346423609934605
0.991113272294646 0.029191637085403222 0.4969003798755322 0.21311872201379645
0.9953223872303216 0.03125024075983032 0.47182345661726083 0.1778052703204256
0.9900322458157216 0.032083917910269495 0.4916296997411365 0.20222432824172148
0.9887308833843427 0.03297440633839757 0.4890375610853252 0.15827859851231793
0.9895779519777184 0.033156363180980815 0.5018407551012415 0.19233603537214444
0.9847687160710532 0.03337537393552153 0.5289505013873319 0.25116454308809427
0.9838545915731798 0.0366222031204779 0.5248015856950614 0.2180202461750834
0.9947180070129854 0.040154350025111946 0.5501804127271206 0.2045351747429364
0.990005683113912 0.04094302055913081 0.5708853163806544 0.32419897025658484
0.9828058519797619 0.03817678983896873 0.5591921517114727 0.39140656262505
0.980899962083685 0.03991288451556117 0.5778730396715441 0.4211968199398367
0.9833139751810721 0.04089193164178994 0.5746161717936982 0.3153978696741855
0.9878713078246849 0.04735881660106004 0.6017009825995862 0.508725189822832
0.9850745705258628 0.045204581690843466 0.5978370454696083 0.34069222060488435
0.981702999438062 0.04140603099595531 0.6149656971118217 0.7378966377160547
0.9895384615384616 0.04230196750428398 0.634208520612246 0.6678377759107921
0.984764511172437 0.04515952839165852 0.6416913625646239 0.66610156430608
0.975534426028489 0.04392862219354315 0.6563627241076866 0.5981670778991893
0.9784646913813991 0.0488084990924571 0.6659149887593707 0.4210966314236538
0.9859543590607436 0.043751572150408695 0.6822092589837236 0.4206751878232023
0.9860093418635025 0.0451275980582004 0.6868879052788062 0.5251555865759321
0.992820678952676 0.048210903724697864 0.71422628761245 0.4336443120207102
0.9821242296153836 0.0544818460105522 0.7292802667171443 0.5194163332548835
0.9888161147613529 0.05966882060564875 0.7370847698476318 0.29526426791078164
0.9880490430714657 0.06934970289642677 0.7592563853962918 0.273179490198387
0.9819339725290902 0.07148814734650831 0.7487008140563948 0.16969073281698532
0.9907055165016629 0.08487255483106106 0.7761837664405012 0.13178005591798694
0.9878233854817485 0.07483633193652657 0.7868929557147072 0.14475211664370735
0.9813239428462794 0.10778837169581948 0.7852687720915099 0.09650351090336265
0.990196559423845 0.1287846249705094 0.7785683239420625 0.0705822882981449
0.9924420445438265 0.22440739108601412 0.8691535434629423 0.10491550141545852
0.9920112816380352 0.19703310340846777 0.8857401631554441 0.15690492384100724
0.9883082756183831 0.2047748883481388 0.9249610112056683 0.8038144982589427
0.9889386357650777 0.1977892996386944 0.92500992837873 0.6613256113256113
0.9953230506105016 0.21697740641433352 0.9346246288017495 0.8733285861223198
0.987528252277559 0.22380213073505006 0.9281112074718628 0.59511106271777
0.9904982849626388 0.22182718811169255 0.9187971405693031 0.4219813756944988
0.988457127249567 0.2617054888911297 0.9299044140147801 0.46555642975784595
0.988031188239174 0.24920224889834372 0.9232492794228943 0.3837217615098656
0.9895962196104695 0.2713305538229211 0.9362432106045657 0.7322184029613961
0.9890927316604758 0.25951175444862284 0.9291746887227166 0.5763311251681028
0.9906268688388603 0.2700390170442878 0.9225931500418625 0.3330670266398523
0.9835144145108763 0.27323554634858055 0.9161463812360807 0.3294705032190251
0.9896442623566635 0.2972534016674487 0.9151671075203008 0.2423992133726647
0.9923167037943028 0.30592988623602363 0.898720587856296 0.17224544877222692
0.9871488926276372 0.31491140412878693 0.8939470781912882 0.16221855279495154
0.9862621678809242 0.2831299659477866 0.8725382414923196 0.1252772716469936
0.9931993923485826 0.32200857789986026 0.8220559813770268 0.07791577889795423
0.9898712806038983 0.3436537316523855 0.8395089908239184 0.08243561527472103
0.9958178029524843 0.3232675902883532 0.8366182973218251 0.08675551748463166
0.9903070900602996 0.3168771526980482 0.8127571900631048 0.07560185836970294
0.9910321507451602 0.33486493496868863 0.8254736498433828 0.08352031471764339
0.9869187766387751 0.35473435361453276 0.8246730893240695 0.08195472614315298
0.9901446612204746 0.33266819434073996 0.8310129254970363 0.08623643632210165
0.9888430829746355 0.338894763639212 0.8249845749640489 0.08514935435815604
0.9879694957768412 0.34677792600255913 0.8157549055603149 0.08148176524670549
0.9928070776648259 0.33227105445623767 0.8146507470519738 0.08343804433994316
0.990917405598579 0.3349125218528552 0.8241309130324128 0.09322993813714385
0.984062943419004 0.35097064232681696 0.8195784055597478 0.0886448143698873
0.9866157346671999 0.38074682826270423 0.8399600996186138 0.10378857356911272
0.9899413891131155 0.3531736741354854 0.8274432060392601 0.09714088268365817
0.9849725752132389 0.40928145043030023 0.8316307782758874 0.10031665236305524
0.9865348792207459 0.41534723563107423 0.8572946383838551 0.11927365671432183
0.9905852515082811 0.3953361084304377 0.838811336875795 0.10603270202334436
0.9945146881738497 0.43962623184145794 0.8555565104998911 0.11972989351571292
0.9903823835255232 0.43076971638705197 0.8673836651224908 0.13865786347024409
0.9872681734498203 0.3788351334326845 0.8668179821350125 0.1431997524369488
0.9916139132329135 0.42819744467860904 0.861333750233043 0.1323681128708454
0.9897258222107514 0.429349350670781 0.8795737983415801 0.1597994386280536
0.9908318114393492 0.38941200040068114 0.8624621392170226 0.13854888238234664
0.9873812769955204 0.39433878512650666 0.8714680106604568 0.1579075828077883
0.9875721618267103 0.3856702491043906 0.8880649271443618 0.195168847654427
0.9906280138815288 0.38815259966732846 0.8889592376173193 0.18865435356200527
0.9905368854997557 0.38675843350135714 0.8942133087186372 0.20275355752605154
0.9928169686070677 0.39322401829670117 0.9142988169165783 0.260362293069625
0.9915608622088945 0.4233331320815472 0.8881706452673416 0.18321465245863003
0.9911846382860259 0.36468916656934874 0.9219810268325211 0.31445121007275917
0.990622572347637 0.4256683769916284 0.9206738612069348 0.28922221578734003
0.9908011269366351 0.41488714115269426 0.9241109874711853 0.28710439300897495
0.9870938846767301 0.40985580001536764 0.9232852372431334 0.3129381921527639
0.9882282685351593 0.4129183726057205 0.9125020425146261 0.26684509131733525
0.9805421454636114 0.3505776858078979 0.901363640558679 0.2569019921819809
0.9958917252943452 0.35151909209126375 0.9025201894096596 0.2443709279951389
0.9847686496800611 0.31757588187038555 0.9158265363201994 0.3088879989883236
0.9900466095324011 0.3067409725933277 0.9201216023500679 0.30142646951404034
0.9892804695709744 0.23892978588244088 0.9180845939904235 0.32108655806577835
0.9853020720531162 0.28206220707285895 0.9161753746898178 0.32662787249056563
0.9923897295288286 0.16457184446994932 0.9256768466043139 0.4037261150297779
0.9931559044861556 0.21624934987740546 0.9135142357190267 0.32111736618174386
0.9923065434208997 0.23014132553606237 0.9083437267657191 0.304257510581026
0.9898244800123714 0.2419157720891825 0.9213931544257912 0.38678813594575484
0.984374154998052 0.3046474493654929 0.9048002062120518 0.31969094960140293
0.988822839455532 0.34864698302425906 0.8968497724557515 0.28860535150790334
0.9884980207633132 0.298263992816522 0.9021003139391212 0.33359516141701356
0.9912859795362956 0.26778664088308757 0.8948764364440245 0.3104566812884176
0.9872934864470682 0.2515854659404611 0.9001927188668879 0.34976823853776173
0.9895027891306749 0.2477441126843225 0.90024804862769 0.3520147210107655
0.9813026834154756 0.21454125793421813 0.9150873998147142 0.42986568298451894
0.9881152523084086 0.1790259067357513 0.9306342282634709 0.49177000916521707
0.987062057559426 0.18045639087218254 0.9349022893900029 0.5185452405137796
0.9926901622870622 0.12706492064226552 0.9385537348582647 0.5239245339105071
0.9907208026092578 0.02502601714653848 0.9224140546026791 0.4697293419824601
0.9905880591446412 0.017658455577082757 0.9274406569220403 0.4923519955048463
0.9913272344261234 0.0 0.900466369925144 0.41437647618873247
0.9885568602517666 0.0 0.909354867392552 0.4473991106098858
0.9908604440725216 0.0 0.91117154615351 0.46388148515465194
0.9930698425760831 0.0 0.9030591166711853 0.44095531659018994
0.9900870492547746 0.0 0.9198153578833819 0.5101210798306002
0.9901214835392103 0.0 0.9338744645758955 0.5768125369211266
0.9928659123336762 0.0 0.9090478492576773 0.4817905244976022
0.9873580811776298 0.0 0.9125465269426788 0.5175677869784056
0.9885934781921119 0.0 0.899349038827395 0.498064905978889
0.9941670637652 0.0 0.9315320282296818 0.6085546642478529
0.9926965287415964 0.0 0.9515661877380993 0.7201859096111999
0.9913090227141121 0.0 0.9675596031957728 0.833685168815062
0.9895641981140327 0.0 0.9726660584659993 0.8915488063156101
0.9881852995120342 0.0 0.9667822142779652 0.8654088503222555
0.9866933995670866 0.0 0.9495808340492797 0.7964576430645887
0.994360890491122 0.0 0.9641540258356357 0.8643974449380022
0.9911882809241286 0.0019358741681790683 0.9704094310029622 0.9018976767954715
0.9892320679295876 0.0 0.9527700607652098 0.8462937145160748
0.9900346943956356 0.0 0.949557420648278 0.8631832054739352
0.9859113833837015 0.0 0.9453118214602647 0.8793523853756948
0.9854481069918622 0.0 0.9407133397887512 0.8825258924215926
0.9955264163267318 0.0 0.9450803872919079 0.8908335494247114
0.9910001554652144 0.0 0.9267137319573607 0.8673887639319955
0.9939269823855671 0.0 0.9443438129501327 0.9146356388162398
0.9959404222301409 0.0 0.9373935957428994 0.9112284257750558
0.9850727672031729 0.0 0.5291026576954284 0.4861343173981525
