0.9889276575947895 0.002560504564183678 0.18123739775384323 0.3925586411431653
0.9845880593075954 0.000623263979350122 0.1909947100509033 0.2762795817281233
0.9893105701416809 0.0005129221997179433 0.19690226728833474 0.375979843225084
0.9843565725281936 0.004162064545256658 0.1962703066423147 0.48256827425915166
0.9845848629850281 0.004140265452134653 0.20407485177964269 0.3498168498168498
0.9864849125836899 0.003514855433109938 0.18158554926293394 0.2758897511372759
0.9906814774789422 0.001853405045250063 0.1847541787244809 0.45147573786893447
0.9760889765625093 0.001994532063319096 0.17641850727273442 0.4205738278516445
0.987905808861806 0.0021127796553739903 0.18930700606267745 0.2732804232804233
0.9830241413130849 0.002460570605441477 0.20063023991349285 0.5444078947368421
0.9906300782981238 0.0029122154323222038 0.1923958194172163 0.5080091533180778
0.9822942143557167 0.002813731557495251 0.1987676500008503 0.4590413390819173
0.9899815420197033 0.004549013975991531 0.19629262347131582 0.3513916500994036
0.9820723255436467 0.004325505808270806 0.1991238054266187 0.37461231723526806
0.9889303668063825 0.004114270187145637 0.2062907976869283 0.44865642994241844
0.9814931579216442 0.00430486215675542 0.19013702299497678 0.46152206352590064
0.9882996661546736 0.007253559955298975 0.1992940751047489 0.4314601457794498
0.9888263791217378 0.008948900352865559 0.19836904462209048 0.47365245374094933
0.988253812311984 0.008059070373169124 0.20706140709282428 0.41892832289492
0.98289622772194 0.009389685657156198 0.20935799938358765 0.47044223826714804
0.9832086942929306 0.010246812564741971 0.21419714022509712 0.46479454883336774
0.9885678264134085 0.012138810872566288 0.20212139259419679 0.517500536826283
0.9874536790107963 0.008891751368623123 0.2202560770982028 0.5863219349457881
0.9916060090907713 0.013750120239056154 0.22589374744518786 0.5417771883289124
0.9915197836930333 0.012169603869213565 0.22202258831424912 0.5799128640220133
0.9945179853944462 0.01314725003440324 0.22179541595925298 0.5388901270336528
0.9858099239252008 0.013229545775070357 0.22554838562661192 0.6034992047261986
0.9882976999851973 0.013819270839942641 0.23438899793342366 0.6125560538116592
0.9886840056650316 0.014469649753045048 0.22806009425186471 0.6206322795341098
0.9919839655647725 0.014277980853097838 0.23509706706158848 0.5516528925619835
0.9909442192636148 0.014546083711043345 0.22871262695275843 0.6382932166301969
0.9895717981575957 0.014538965537799872 0.23198830817223254 0.6023313158484644
0.9896806670580869 0.014413064848062488 0.23207348006238873 0.5988459072451379
0.9930965149921256 0.014235998339082137 0.23941894973307964 0.5653524956302195
0.9920980082852973 0.014305873492280661 0.23647548128800003 0.4704667492771582
0.9924679304350813 0.012836458862678885 0.23670809502859658 0.5845954132410212
0.9923742143176268 0.012941312843611313 0.243342500895116 0.6037082314588427
0.9919491131043063 0.01077964064410503 0.2439928094262456 0.6100508905852418
0.991664753605916 0.010321498636050707 0.24189141145600646 0.6669954626159006
0.9857341069472987 0.008754565092885096 0.25943230226005304 0.769809650287738
0.9863140353179065 0.009331773131516391 0.25398732956484327 0.6327467482785004
0.9829719330652115 0.008610225296446908 0.2650675649905858 0.6006376195536663
0.9948115875792778 0.01022894297078613 0.26235051866816894 0.7811789038262668
0.9934883133291219 0.009135553896489807 0.27333810172378087 0.6690734055354994
0.9910819134275664 0.010790956489699447 0.2693670602942709 0.6444223107569721
0.9903482417075674 0.008104124435609403 0.2810876090654876 0.6745673438675696
0.9873900187416056 0.012281608535965311 0.2783049886233449 0.7631728045325779
0.9878801918462745 0.011431747081576397 0.2817717296539176 0.6264696536383858
0.9910746148286618 0.010344871530735133 0.283906330734115 0.6359424920127795
0.9954131336414437 0.013077352027403807 0.2852508584334584 0.508327024981075
0.9844203147200639 0.01296809695620837 0.2862205878638172 0.7167149059334298
0.9897126689894767 0.015079821486750355 0.29724650214658555 0.7847753580537571
0.9872643232722236 0.01555585177286057 0.30276434613448355 0.804882737408689
0.9887790041228242 0.01695151209643467 0.30333749661798665 0.8047044870527772
0.992644528509292 0.01354954274610206 0.31681746475845435 0.7206554878048781
0.9852031318110991 0.017225911470376058 0.3145242921006314 0.7957431586478269
0.9896282697389939 0.016276198753282532 0.3200405783048477 0.7598144182726624
0.9940802048289619 0.019505599929666738 0.3302503982180447 0.7468421988969934
0.9915560332036353 0.01725862429338835 0.3219828504301915 0.8069660861594867
0.9892731100603965 0.01976968449094916 0.3264056515199262 0.7908434650455927
0.9899432706283591 0.017797752587869486 0.34232244603684286 0.7914725904693658
0.9836226142151396 0.018934774434179905 0.35956280240598615 0.8052968036529681
0.9975037612560905 0.01871649671516666 0.36000330548489584 0.8087688393031904
0.9888762405271981 0.017912149432368664 0.3618157445053326 0.721308956829006
0.9926196275825234 0.01653301640540307 0.3676990183065481 0.6040049039640376
0.990334898929502 0.01405332908400393 0.38625620661897847 0.8295931399379676
0.9923215151402148 0.014170569613459895 0.35905007107470815 0.842566118656183
0.9935360334495035 0.013377525447851242 0.3737299941683406 0.6444610778443114
0.9865377000961593 0.013722928410795091 0.3815172921360231 0.6429327686606671
0.9917447102889647 0.016138200782268578 0.37958467482292335 0.32548194406733644
0.991626193867893 0.01680299350095188 0.3876269053816526 0.31517015444273583
0.9894097105472991 0.015392935238378883 0.3853580272471753 0.33376877857609405
0.9879999137718355 0.01694915254237288 0.3827738569428543 0.3500896378630333
0.9872920478772516 0.02118904702314039 0.395660315909461 0.382529434105583
0.986519178009792 0.0194631978488256 0.4041546742674513 0.4549437333562409
0.9866016537980281 0.021617096911396808 0.4176972669458022 0.7296365464732079
0.9937391761261951 0.024039031709126614 0.42873545468438573 0.8348165495706479
0.9870133461917239 0.026020037591275275 0.42730923374155744 0.5626271761248022
0.9851244071778125 0.026148892436667664 0.4385950341946138 0.627663331371395
0.9922561209229157 0.027528509735240257 0.44278056940625876 0.5859444941808415
0.9920832398913582 0.029609932475557214 0.45572225554063645 0.4153073057595671
0.9928927574826125 0.030249967628574785 0.4636323944429222 0.38061420345489444
0.9931159996466119 0.029483213158732466 0.47572865307105594 0.37058360099387916
0.9924017221355419 0.031843540692163046 0.48049257174765986 0.4570571518787496
0.9906098120557746 0.029083692491432132 0.4992538414329505 0.4274319897450506
0.9925668466791688 0.0296679453348837 0.509520084206893 0.567479674796748
0.9859015061112211 0.03184445699478423 0.5145154903719267 0.7377555872563005
0.9946682569183609 0.03174201469788675 0.5058647312225568 0.39535037753344815
0.991476864597783 0.04107895943856117 0.6050836778188248 0.5480107436629176
0.9912847666141159 0.031536135917521385 0.5174923097368941 0.5270198908642845
0.9928591664997232 0.033243327564050185 0.5704749864021342 0.603471815876731
0.986369883073873 0.027683914166960866 0.4570799185945629 0.4843798329724714
0.9891005126020116 0.0296210301999014 0.49348915315477926 0.4112512742099898
0.990339486765061 0.03043651546173057 0.5015116887008823 0.36021685669572995
0.9903539527406164 0.027453339549713494 0.4678253916365408 0.39855609033691225
0.9920431177486059 0.026712889591246798 0.4689748104236374 0.35612520237452777
0.9871291556325915 0.029430541859796103 0.4743923097821744 0.27299619093929817
0.9911057062359083 0.02999123972515215 0.4810832184702965 0.35396218617625785
0.99173105647587 0.029536136888103304 0.4788021720178584 0.3528453629237504
0.9915203725823771 0.028861958089542512 0.49892683332973076 0.34759622510993626
0.9959371985673152 0.031051381303193005 0.480411935722294 0.32553394096041355
0.9908130968719535 0.031405024548874574 0.4914669533378058 0.3239114853968823
0.9895103442956564 0.03178321909150778 0.4923442295986427 0.29977313619651097
0.9905686251329945 0.03167426035698037 0.5055247901634397 0.32358468943387575
0.9856915361677923 0.03254881453516957 0.5310809852572408 0.3610811341116453
0.9846383492638021 0.03546141096678895 0.5279263920049937 0.31986973439350364
0.995009886414479 0.0386527884935269 0.5493701334266887 0.3244400057069482
0.9903771900188233 0.04053758924821504 0.5743692468812173 0.46346517155219696
0.983361710303559 0.03776889813345011 0.5644089935026382 0.5904683154175749
0.9817451289766265 0.03915861562920386 0.5825117315258094 0.7338815174733695
0.9845982402947221 0.039873282881147123 0.5801992670816625 0.6760456912481102
0.9886686966505266 0.0455789891787683 0.6040155383465541 0.7368675164156044
0.9854494575003114 0.0439923508583754 0.6058966710807004 0.5996457669146298
0.982292611631892 0.04175564414351249 0.616888022117171 0.89
0.9903738080101716 0.04184212062337922 0.6363448110584496 0.8389069367475636
0.9854628940689627 0.04407685852829456 0.6438223132833939 0.8188090737240076
0.9763891869245782 0.04368350118182496 0.6589864435095141 0.7451411485357489
0.9793011780930219 0.04818381040809597 0.6688817178047883 0.5141557431016939
0.9865265399388178 0.042676643109368056 0.6878194838253464 0.6549103070842202
0.9857306099500494 0.04438490810737018 0.6911031941705853 0.7854472746240111
0.9939537727517389 0.047454780533969586 0.7193047292096808 0.6107106076210093
0.9831500447166415 0.05461326147452679 0.7338557866850762 0.7532975916943239
0.9898335394570015 0.0600437568275999 0.7476264974211718 0.49948517856175145
0.9888274142079663 0.07009749187567703 0.773035437123456 0.5506808762581409
0.9827032673312954 0.07160606154599061 0.7738233772950608 0.46084736609553734
0.9914552888084089 0.08492735981788577 0.8085826845294178 0.4113124409873657
0.9886057304483677 0.07547088264022751 0.8220905105883806 0.5472503068201742
0.9819710933172181 0.10890849873900721 0.8419343719679151 0.40513663092355584
0.9909348456181313 0.12945007367521055 0.8646992620273244 0.2843442486240062
0.9932359909582388 0.22373072970195274 0.9275841391378189 0.4836679058240397
0.9927597456509636 0.2021292025643257 0.9205726049695984 0.4721944721944722
0.9886569194479685 0.20269196432951056 0.9256701360086896 0.8367195242814668
0.9901261525274799 0.1978051200229102 0.9288217957151518 0.8634947368421053
0.996061715405791 0.2192638997650744 0.935972792462418 0.9111313566340897
0.9884018719028815 0.2279483784860129 0.9332351141012335 0.8624901497241922
0.9914283519680466 0.22609166909204043 0.9284981393778106 0.7172193792782614
0.9889578127794075 0.26428442682047587 0.9383202532082934 0.8218903940886699
0.9893804223277132 0.25239274917877136 0.9353782960863922 0.7809792027729636
0.9906101137602303 0.27697117131000476 0.9386638803251234 0.8175596114218429
0.9898003430399507 0.2646505433174073 0.9358629931302824 0.891118800461361
0.9917854201758183 0.2751309381604337 0.940524903274146 0.7635903919089759
0.9843464451355595 0.26881430863657274 0.9338379159728253 0.7556533799674365
0.9903855940212571 0.29575226820629763 0.934942664849619 0.4534195729668149
0.9929351269856299 0.3132604078425595 0.9292229989787438 0.33346126292088835
0.9875249313895417 0.3258866995073892 0.9293672572394635 0.35882769361461136
0.9869921642031259 0.29351426052562607 0.9132997895158865 0.24903043835938418
0.9933321023870169 0.3188671235369034 0.9062178966637028 0.19681346848421297
0.9906712031565393 0.3385828817942021 0.909776671428824 0.18969090478446235
0.9966955773078372 0.3189553770303076 0.8928438102410123 0.15309156097941187
0.9907994553588796 0.32112985404349326 0.8761530107397129 0.1302680562423609
0.9915651892622751 0.3451648089870736 0.8878469465790788 0.1512924183104151
0.987394607934877 0.35856797968552595 0.8865562319613883 0.14916002771042605
0.9908658390800175 0.33773850484829526 0.8851607713521855 0.14477616538805188
0.9900810053225917 0.34505599111545937 0.8765404675307769 0.13328535577206968
0.9889823013057661 0.35393635529253825 0.8694466585217658 0.1254455763350396
0.9932248165696751 0.334016006898596 0.8649663443124062 0.12343554943823822
0.9913528249871104 0.3387216673199346 0.8809827049594934 0.1535414568647197
0.9843518786051099 0.35663077476679494 0.8743850113238625 0.14305605503149005
0.9870389229853622 0.386119243328454 0.8912123720171088 0.17325188738089606
0.990439443962179 0.36047490737622095 0.8752981624420435 0.14653646681752944
0.9861009946764784 0.4247019927810974 0.8939350620805452 0.1766524162789723
0.9875058868512223 0.43377867900770223 0.9080323442092229 0.2048837153021466
0.9920896744225043 0.40198964572124657 0.9072159022751809 0.21150139881877525
0.9954534105837415 0.4446871586831019 0.9218451332643567 0.24876423215773397
0.9914209911819116 0.4408974215872307 0.9269815805854609 0.2907492463342646
0.9878551433798408 0.3995207120849024 0.9238622720089523 0.29927090084251456
0.9919710964105737 0.44287375415282393 0.9220606147812527 0.2630239479320224
0.9900564924882158 0.4414874103718526 0.9324025200068108 0.33026887584618847
0.9911402281284811 0.40944191535997304 0.9176021574375816 0.2572380254480048
0.9876871784883654 0.4077638259914917 0.9368444026593244 0.3994682020832084
0.9877288181647571 0.4072341700512684 0.9363746996337395 0.41186591515870663
0.9910624364805268 0.4046165141557581 0.940434585557458 0.40947516731243394
0.9908569003389519 0.4150212252210149 0.9370514326428484 0.3713614543968951
0.9928352450433361 0.42094904024164476 0.9534109046193238 0.5341065741312925
0.9917482612080004 0.4426024775908954 0.9352120427241034 0.3399965535068068
0.9914231082517637 0.395207347948109 0.9537248106046294 0.5889205029060577
0.9914405378063055 0.44326667725900537 0.9586795799625093 0.5872682177867014
0.9914319265009353 0.4336184455187802 0.952138032495108 0.46890609874152955
0.9877554144901307 0.4335187977744267 0.9574383282082071 0.5819327731092437
0.9882485559521615 0.43342623137299513 0.952264804838416 0.4978268640990423
0.9804964840407749 0.4008756012557965 0.9544998299098312 0.6165731294449115
0.9960704846213726 0.38266690257136116 0.9620644278255481 0.5833839918946302
0.9851118207289179 0.35939758631122465 0.9553751000929951 0.586794848539815
0.9899988194597581 0.3793953888120773 0.9671695804868867 0.6792608480448771
0.9893704469766481 0.3154945765390417 0.9614591942060197 0.6480018393110943
0.9855334140459842 0.3260902714242147 0.9645250295624753 0.7434985136115727
0.99265850648404 0.1832931860342775 0.9620865000163091 0.8056309606745622
0.9933382736890611 0.2518311310684972 0.9702774427436791 0.8076201201201201
0.9925304436148625 0.24806570646351625 0.9717769216961463 0.8323953361354516
0.989836664225522 0.2894685677252106 0.9687526522270047 0.8665372198568287
0.984121413190915 0.33630795440717154 0.9685697890644888 0.8445655098197471
0.9885294225245469 0.3838432635534085 0.9728954662810756 0.7866086545654999
0.9886719503398638 0.3439302138842251 0.9581629269371063 0.6620874387130125
0.9911253130123043 0.32402126256159547 0.9558683720327069 0.6148414883852291
0.987093089922918 0.3055667533990545 0.9611562274613389 0.7402406246000256
0.9899872856247015 0.31313271390930525 0.9687568934213429 0.829046170764816
0.9813304980081531 0.27583600982429624 0.968979584310169 0.9201102434542949
0.9877562153608119 0.27567328207399056 0.973083400441746 0.9051627093399838
0.9868158895699674 0.2521487378992129 0.9731225185259952 0.9035549046366874
0.9923447682430033 0.21239454316998743 0.9770379386830549 0.9079088167580013
0.990443634578391 0.06714160242022055 0.9729997671191989 0.884282359847373
0.9904125829326303 0.09336870026525199 0.9712210418010632 0.8330253765270448
0.9909961280362545 0.014523988005997001 0.9637476650529634 0.7851499319284608
0.9879078987877863 0.003944882764751639 0.9654994085058793 0.8091951347261829
0.9903930252077542 0.0 0.9719658216433271 0.8699560480665826
0.9926138903564027 0.004659318637274549 0.9677034728003769 0.8281384137885491
0.9898629514921756 0.0 0.9695756766811414 0.8283200244138141
0.989945136724185 0.0 0.9771535662459072 0.8930497860995722
0.9925151611058929 0.0 0.977262228233195 0.8541224832998552
0.9867443096147822 0.0 0.965614183137531 0.7968814115716044
0.9879554804398318 0.0 0.9599425394464062 0.7681299988062552
0.9930300191992779 0.0 0.975061007480699 0.865468890490964
0.9923152885577027 0.0 0.9798200008372054 0.914079242060487
0.990929782118821 0.0 0.9798525678041835 0.9264493562551165
0.9888368338246559 0.0 0.9781729715790076 0.9311820002651946
0.9878155972857977 0.0 0.9767545751167941 0.9285606384026797
0.9861684326551173 0.0 0.9706260685076585 0.9098899387083825
0.9938970650829498 0.0009321112319403449 0.9727742886535085 0.9111103684146029
0.9905644872101362 0.01668706196462343 0.9699994833486844 0.8998495006156793
0.9888607638936304 0.0 0.9568534826921112 0.8589153207721445
0.9901127007735343 0.0 0.9579883691213594 0.8931085820989679
0.9853810681480121 0.005800264170447367 0.9482779426800988 0.8870657290416023
0.985266911929396 0.0034912417985914646 0.9352602327885281 0.8602375132873382
0.9953879734814638 0.001833118337972707 0.9434651536096228 0.8810424370911982
0.9906317021339105 0.0044436991699505326 0.9155280692189561 0.8349207896911132
0.9936518038167204 0.003316062176165803 0.9214307527356297 0.8651279664119239
0.9953588837969585 0.0047843010055141095 0.9154188035742087 0.8669383427612791
0.9841212529220132 0.0010387297818667458 0.4999866450280508 0.41817456571310807
