0.9890344781869965 0.008347782688302904 0.18102440278750379 0.38696701528559935
0.984707287654086 0.007509420554574161 0.19109784706421865 0.32610485863299477
0.9893373359500711 0.006662045438929061 0.1969421627777374 0.41881298992161253
0.9850176201474534 0.009135434476554096 0.19600120054104814 0.5005800464037123
0.9850088286813725 0.009939902041545098 0.20445841825042563 0.37168374047806674
0.9869013768024725 0.0078031324663623315 0.18152326205135186 0.3476645435244161
0.9908920551376649 0.007038243466964892 0.18477042427516516 0.5227613806903452
0.9768361588642829 0.007470958157189582 0.17673232542533454 0.41894098437135524
0.9880776878771256 0.006941334310949723 0.18949800370311706 0.34954248366013074
0.9833440866161569 0.008141379715595252 0.20099570935547056 0.5713153724247226
0.9913714251244304 0.00798507441033185 0.19271754416908735 0.5712136409227683
0.9831217298812767 0.008977016727008423 0.1992835865448598 0.5188942429622115
0.990365972035261 0.010599617203725573 0.19645915862136715 0.40588957055214725
0.9828610004758783 0.009793589685936452 0.19949428562984073 0.47252990695613645
0.9889579759862779 0.009775564137453693 0.2060850560498519 0.5020281555714626
0.9817171291754206 0.009969894675163253 0.19053007006358463 0.5100401606425703
0.9886607279131912 0.012198390364256942 0.19933867749711223 0.43492135855937997
0.9894887422313583 0.01371789770421445 0.19932632820970725 0.3484489846767161
0.9876486881284794 0.01356043472892682 0.2067519494711738 0.4917317409278824
0.983020035813321 0.01395678083330967 0.20961327674320107 0.4253133704735376
0.9834036204729404 0.014947447016254093 0.21373175421764135 0.2544049459041731
0.9893210798445469 0.016238429499020716 0.20248898338784155 0.547531619747042
0.9877431784536511 0.01531266170855862 0.22056475002460987 0.5933088377489847
0.9912805358871292 0.017257858797057987 0.22568549370307275 0.5131000191241155
0.9907337786093716 0.016125414324868255 0.22165743346002945 0.6476517754868271
0.9947879561408598 0.01708461467943429 0.22194538029941532 0.6422999777133942
0.9862874573216174 0.017053117802332266 0.22542195402449064 0.6809232858112695
0.9881142513655855 0.017956473828619 0.2341667385540384 0.6832599118942732
0.9882818130785701 0.017518592255234562 0.22813037134180683 0.47279486312943564
0.9927094437667637 0.017247655749846227 0.23550528279238164 0.4054352324458546
0.9912758304956941 0.018792120269569727 0.2296631271598798 0.34731728858467653
0.9889235631621487 0.017369130742426873 0.23334027388484024 0.22393958642106007
0.9896436361150881 0.018104726239142065 0.23317298683819196 0.1764671937215073
0.9933625847626646 0.017158267249152252 0.23751986447242585 0.16804505555837435
0.9920773134343023 0.017726598282662293 0.23802096108553752 0.17183819075183415
0.9926397268321879 0.016349830902644143 0.2380673376220778 0.23914108425865446
0.992300998997698 0.016649728139219187 0.24641955753946826 0.15845953730372572
0.9919659092996345 0.015296499723613357 0.24459547707544183 0.4361299052774019
0.9906791595379363 0.014212221641995542 0.24456584021060346 0.10093103732388564
0.9849886227639683 0.01350759012577862 0.260172874385676 0.4987980769230769
0.9867599364849704 0.014170901449540186 0.25530836312849603 0.21919879062736206
0.9836455045988586 0.012732801013590258 0.26603602619486777 0.24789309847391996
0.9948310734886509 0.014738462988859733 0.26407271542432414 0.22577732633598555
0.9933333838475682 0.013861287810835681 0.2739126115792529 0.331556117838424
0.9920359167038145 0.015765424209558614 0.2707588027761266 0.37410071942446044
0.9903815905878003 0.013242804146843562 0.28398910285416884 0.1989925689491796
0.9871193368442891 0.016459784427409627 0.2780936709073505 0.4852459016393443
0.987593068160501 0.016490361267709717 0.2807974552754551 0.21276708271631056
0.99023759645556 0.015632079505868396 0.2827779796873826 0.30613692798864844
0.996280659429031 0.017548551416746258 0.2852060761626575 0.26983150903947856
0.9840032214587772 0.0177428668952237 0.2859504144950532 0.4628393413440142
0.9903967129248129 0.019120124832248477 0.2973922585314783 0.7746191007060572
0.9871989631558943 0.020221379772627394 0.3027970533690822 0.8187015861305791
0.9892506993358454 0.021646711490098686 0.3036559601592871 0.8000380517503806
0.9931925313594633 0.01887612442743879 0.31742314675445726 0.42015407037268376
0.985106721118838 0.022133861342217682 0.3152651331902457 0.8450803744921392
0.9895417239029431 0.02128690223095347 0.32073498571521514 0.7844598190526876
0.9945299495383677 0.02333046167282531 0.3303950338509234 0.7332035053554041
0.9920942681966608 0.02247132681822955 0.32270383559911886 0.7936721642544597
0.9901499059721172 0.02393997511303031 0.32740402181856143 0.8050816023738873
0.990591570177422 0.022601099021303216 0.3429416124421971 0.7173879081393533
0.9842804255250097 0.023553867415584892 0.3604935447902925 0.853983096565366
0.997964358207703 0.02276765490511904 0.359414104021571 0.6721439749608764
0.9895562503174918 0.022453818681423918 0.36022146066334576 0.4160457459712355
0.9924292407864254 0.022326937891127194 0.3625192467132536 0.3044793790699204
0.9908775861471462 0.020233257579677325 0.3860234118594501 0.6575979701155906
0.9919577227289242 0.0202251613521792 0.35915552197970474 0.8141548709408826
0.9940607073029871 0.019004223017570793 0.37303235128529727 0.5357060051008579
0.9871097275604394 0.019085826224295627 0.37941291136522687 0.40494144071875504
0.9922270985471711 0.02111697549071314 0.3787187107199847 0.22039859320046892
0.991976139919869 0.021304165355156855 0.38693003373269746 0.1840042015230521
0.9897563792985443 0.02163736660981094 0.38450554748472043 0.22697269079770482
0.988791291695856 0.022442709566312263 0.3829031781369365 0.25163910363049224
0.9879660661290806 0.02568753889543583 0.394177273868309 0.29035460210665637
0.9864833873061272 0.02452031293074146 0.4034750254540336 0.39028202031682885
0.9859326464856939 0.02745653755524427 0.4181765679068677 0.7293729372937293
0.9937438785061928 0.028546680639346497 0.42869090013106326 0.7964820468091293
0.9873219611232451 0.03165898043126013 0.4270392096672456 0.4968366564417178
0.9857057336623674 0.0322458318417154 0.43619766479624555 0.37325471058695947
0.9922242731061506 0.033571457066490375 0.4414405958139603 0.4336640051617066
0.9922766045529007 0.03586236740196908 0.4513674104572995 0.28528960015854926
0.9937547730365779 0.037448847970606186 0.45844716989304607 0.24979528332787423
0.9932644268932979 0.03668171470463402 0.4685157084384389 0.23363683857004255
0.9928656891495601 0.0393392997135827 0.478350143501435 0.3438356963650155
0.9913659902422579 0.037608486017357765 0.49295180525522575 0.2555379746835443
0.9922580569402122 0.03812286454630925 0.5076545362501728 0.4290309047685638
0.9863070160442334 0.03908322040561094 0.5115473884182417 0.46607064341198884
0.9952267781164685 0.039745322186017173 0.4966949171969099 0.2094085091663784
0.992656842819226 0.04953250019744956 0.5957386781806585 0.2569979480428975
0.9924869559458654 0.039126357804940795 0.5097734933480973 0.26574494068388
0.9938407265951167 0.042078937171736275 0.5680666460667761 0.4001668163736687
0.9869000655708159 0.03412401596670394 0.45420042043073094 0.3533359001155052
0.9898910316527104 0.03684508957146419 0.49043833279102256 0.308300395256917
0.9905035496672597 0.0378123876303488 0.4984007614188548 0.2751236954804374
0.9910610243362141 0.03435725658665545 0.4573264709077959 0.21227191990957534
0.9931875841764024 0.03385421373871024 0.46653689801201853 0.21279146814754046
0.9880805317360362 0.037162494467122414 0.46598595713050517 0.13659492743580098
0.9923100238983397 0.03626507969460014 0.4790324960630747 0.2390985646585524
0.9928338305982756 0.037049695390627996 0.4775622732769045 0.26140712393288196
0.9918452306297093 0.03645606529711175 0.4962771376435466 0.24536752136752138
0.9962321903669586 0.03821199936552034 0.4692219969897559 0.183099655146374
0.9917132168359057 0.03858848555001648 0.4905391106299684 0.23298014085400673
0.989553878124229 0.038098884639949294 0.48797072535715535 0.21018458896758963
0.9915399491238522 0.03854825649904218 0.5011360501690201 0.22330977547063607
0.9855013809056414 0.039687894012996904 0.52907452973743 0.29818167412748087
0.985724973281083 0.043227570926589465 0.5260521293997714 0.25400305627533054
0.9963102737469002 0.04666679628192733 0.5504603554795789 0.25339149077736295
0.9909002855119856 0.048828219646844376 0.5727669884145006 0.37225500628809133
0.9845653203665752 0.04552666910777493 0.5620323847686408 0.42525165988434355
0.9827030121122946 0.04747058326368477 0.5805690475094849 0.5199479336153596
0.9851582099616251 0.049255292560331024 0.5771844441831413 0.4240049815785377
0.9899853742786974 0.0558272216530683 0.6052675602438635 0.6182153451455144
0.986503692706433 0.05427950040876358 0.6022378619293237 0.3885812058174614
0.9834481142416522 0.04928387616646305 0.6181173883191508 0.84214603912454
0.990964892990928 0.05218612781720184 0.6375416079687831 0.754268808114962
0.9862699762418868 0.055001194518864864 0.6448292804467141 0.6993329097839899
0.9774719197275887 0.055363727073493206 0.6600001694023869 0.6552539271008083
0.9808185566456397 0.05998924756317057 0.6699711828902751 0.4500414593698176
0.987907891691738 0.05550287289773849 0.6863508370827787 0.4632066925987105
0.9867279436640244 0.0579290615900693 0.6905263867265725 0.5801049105732162
0.9935117906335369 0.06132539408277732 0.7192664926794214 0.5295889440113395
0.9842208792204262 0.06813207996462144 0.734482237524921 0.6230450943263903
0.9909796038604337 0.07534349448185952 0.7478237509612136 0.4199042284062161
0.9902216427640157 0.08823891564140024 0.7739272677820259 0.4593322547433446
0.9841972065730404 0.08979574977798889 0.775891638076746 0.42191463794561396
0.9929280315647196 0.10593989830401415 0.8044428726327285 0.2749836901725876
0.9890114376479143 0.09688040699325982 0.8215684982224617 0.43831948291782086
0.983054453083795 0.13246828895963683 0.8374919275267818 0.2802277647617071
0.9909124507846795 0.16195700053704074 0.8303910058888515 0.1274701251489137
0.9931813968434453 0.2710758196721311 0.8922107537110492 0.1431544630252223
0.9933288167042035 0.24326350903165647 0.9000800468582609 0.199048108065408
0.9899129575155519 0.24988054491023803 0.9283942016083707 0.745412344962646
0.9911987933057198 0.2402021085164137 0.9240154681495708 0.4651652189486881
0.9963015264608971 0.25965064959283896 0.9375224378603256 0.8234126984126984
0.9885974477263195 0.26821733599854625 0.9314870244133021 0.5921608470135287
0.9921149938732182 0.261395840817467 0.9252914148854489 0.4843340295986845
0.9889308741179781 0.30067084078711986 0.9323161706614729 0.4628595963933018
0.9900561822094485 0.2901911490615925 0.9296674447156562 0.4375300528930918
0.9910194928909839 0.3137306350924377 0.9405700915801959 0.7778240933722385
0.990003672464344 0.29539987030102716 0.9348038560733966 0.7002635046113307
0.9922703811277214 0.3065978913955334 0.9365465092927893 0.5302700348432056
0.9851125609233893 0.3084456683470652 0.9287495333838598 0.47845693281291446
0.9909942315121965 0.3400191593821099 0.9248365168394117 0.28987126661545265
0.9932725578596422 0.37186612625294274 0.9126672039331144 0.2068142565551892
0.9889017094947472 0.37922419781371486 0.9063681808654329 0.1863772017087015
0.9881947244909363 0.33626495243477444 0.8850882879980672 0.1410473066260203
0.9946779304095377 0.3634789926068402 0.8271098972717652 0.08041630569669156
0.991535516490582 0.38502371373854477 0.8450488617748404 0.08470814481128038
0.9971567225298569 0.3624641657541494 0.8314574797088772 0.08216932725199544
0.9921046393601051 0.3661147999849377 0.7901152075780554 0.06528994191942472
0.9924703282965934 0.39300912601776006 0.8271048184954615 0.08314454933522797
0.9887759413746061 0.420672867947492 0.8287574315565327 0.08226091494585523
0.9921655855671715 0.37841084825479593 0.839418376286897 0.0904688489563009
0.9908673614043735 0.3865098993875199 0.8356434786443591 0.09041908349963632
0.9893164653869884 0.414899271780152 0.8263978772177633 0.0859492079168126
0.9941300401803551 0.3739835258822601 0.8270058798637308 0.08961134168797659
0.9927301748359992 0.3779723661027727 0.8368179344184731 0.10097776670610949
0.9859299092369187 0.39501387302105434 0.8274211518435468 0.09261669526119624
0.9883333450257116 0.43520440643250574 0.8494252930872298 0.1096268410009378
0.9919687218861395 0.4174404688209319 0.843477327636124 0.10749895803276587
0.9866228996945755 0.4770871176878886 0.8481954939030617 0.1102903504050119
0.9887113526443342 0.48929519501123103 0.8772055938766892 0.13918760387134618
0.9926883117790494 0.481387032895018 0.8609865132730907 0.12184109105906112
0.996074355097622 0.5133498108141096 0.8694218607336591 0.1305569804995412
0.9920258385577573 0.49353872085401257 0.8960249778960384 0.18055676591624303
0.9886208476650639 0.44088479765022937 0.894537548554706 0.18754888786377585
0.9929107188586698 0.5102099927588704 0.8822616288652165 0.15529161352170345
0.9912824459848094 0.5137185750800789 0.9051369527878168 0.20393661771372545
0.9921943776043195 0.4674461558758534 0.8817462109975459 0.16028321026390793
0.9887423796817483 0.461822230346134 0.8885395164663186 0.1818543213892051
0.9886726417646686 0.47983282799311644 0.9010193455951121 0.2171534910500396
0.9910034228356798 0.46957163180357236 0.9064276480888794 0.2230354513774878
0.9917627884945125 0.467692824986457 0.9091543336991816 0.23390140440777793
0.9941302223588294 0.4692520986059939 0.9302631723568836 0.3154933860422685
0.9927488471629836 0.5051970258794597 0.9048643503576579 0.2129315486375236
0.9918496855222952 0.4347394161699526 0.9303853490712628 0.34640421136048455
0.991527510563283 0.5515356869603235 0.9322478747815285 0.32288763597600917
0.9924223796600354 0.4940552273001326 0.9303655216651262 0.30166041380335057
0.9888796724113504 0.502660517914154 0.9316159226861302 0.33646131173558713
0.9894147515549145 0.5318791946308725 0.925399822207171 0.30204044801876895
0.9816102608149774 0.43327865143115735 0.9164077016790697 0.30041098142363964
0.9961888261358316 0.4438385107354957 0.927491882368607 0.3175109867284693
0.985981224794723 0.44696309212438246 0.9278489553965279 0.3486734476136283
0.9908394702349599 0.5059649365469069 0.9309977965769599 0.33191362347457726
0.9904179723558614 0.3911618600800331 0.9327882484561996 0.3748184774912089
0.9867529168369601 0.39026481888035125 0.9389034091498387 0.42615105707963424
0.9929351852469849 0.2235125331600888 0.9477312912732044 0.5696410050520259
0.9939744359270244 0.30542117245304495 0.9430633513513513 0.4593422861372528
0.9933715567660011 0.2688065662672676 0.940806936060355 0.452012344091552
0.9910859952922567 0.33854894844870154 0.9511288482872032 0.5859978903949999
0.9853111759336823 0.35259520658726656 0.9280092828770001 0.41490272715295773
0.9894933693383305 0.41404522272870875 0.9218936038481688 0.3688360197247369
0.9895691448214672 0.3730105657349204 0.9241702633676545 0.41474550971228985
0.9919935705433633 0.4298633507331183 0.9186562862428895 0.3840122511485452
0.9880320298459928 0.37212653778558874 0.9282608398630969 0.4541108428104066
0.9909928151910676 0.37366559696116314 0.9355283705295406 0.49311197098924253
0.9827574399528282 0.36965120460266093 0.9480512817493593 0.6178906681391496
0.9893952644248852 0.3231876687140566 0.9608761229365896 0.7112279942670164
0.9879036870400733 0.3601283561476908 0.9576825359924279 0.6835474710069683
0.9941344456304989 0.2309749254778187 0.9610380907390386 0.6841166838498393
0.9919688914542637 0.16949564709887652 0.9523787202968343 0.6342855952157697
0.9915404421600897 0.1331366965012205 0.9424168203433908 0.5684193455384172
0.9918114097593458 0.05499283325370282 0.9300726006638471 0.5273605942178747
0.9893163248958667 0.029152764863534433 0.9368567461550412 0.5709104276436712
0.9919002934694541 0.018330308529945553 0.9504942315355681 0.6583389779814738
0.9942985574969525 0.002544011397171059 0.9390104440919649 0.5922747117517498
0.990944699168167 0.00036656891495601173 0.9463911595103376 0.640269074393451
0.990951929974141 0.0 0.9531514174019446 0.6835451000125802
0.9932864335964003 0.0 0.9424615427286247 0.6143559606620292
0.9886896103945512 0.0 0.9323143657884977 0.5924120718165322
0.9892693194625931 0.0 0.9213210187979703 0.5745616947801833
0.994085942896325 0.00957838022748653 0.944702461297472 0.6746796382536121
0.9925969758394501 0.0003202049311559398 0.9677657010094644 0.8361368168106754
0.9917751299423958 0.0 0.9750067145254885 0.9027791691114386
0.9901528064501617 0.0 0.9783197646341588 0.9393018469146717
0.9887960259205184 0.0 0.9767510208865898 0.9332727483661395
0.9878381175390953 0.0014893141708243354 0.9612938371895388 0.868999272218179
0.994771624613159 0.0013858267716535433 0.9749110057608688 0.9423331799100533
0.9919938939433746 0.0247229326513214 0.9742410626022251 0.9355377874147355
0.9899545272284203 0.0007496251874062968 0.9557313474316265 0.8689879546728734
0.9903406645085359 0.00040075571076887847 0.952833532516312 0.8849947726710454
0.9865228273878992 0.0077241241839836544 0.947859967147829 0.8980020452371266
0.9861296348992292 0.0019132323284554527 0.9425621685372846 0.8982104919648625
0.9961098028777847 0.008045708955223881 0.9452551981008513 0.8976570635196113
0.9917741917714988 0.013954786491766676 0.9291707294100522 0.8806169951942964
0.9942991223793272 0.0023177955189286636 0.9477284814104527 0.9269744764722597
0.9959572502006176 0.0035971223021582736 0.9451185369344136 0.9325672098269152
0.985035037016509 0.0 0.5701119745456771 0.5738144628170468
