0.9885423778491399 0.0032745324821927477 0.18066899491543278 0.09500674763832659
0.9844254513139165 0.002907058253321637 0.19074596413129685 0.12909441233140656
0.9885014707421144 0.0026154297210680094 0.1964558509013138 0.16937290033594624
0.9837749535259555 0.004525547592265684 0.1955367626401965 0.21688500727802038
0.9838651236909468 0.005796939573327376 0.2043047093094792 0.2051484108221697
0.9860766835330754 0.0035041301489058454 0.18128568286361854 0.16411084207694376
0.9904209567568472 0.00214132553034701 0.1844081432658416 0.24108910891089108
0.9761044437120683 0.004126744162291364 0.17647849737143792 0.1603905160390516
0.9874491284321085 0.003101896076319225 0.18934443679557686 0.17076465820048636
0.9824753519309191 0.003695318446908208 0.2004881633916138 0.38515016685205783
0.9903420121854383 0.004139534928716609 0.19208618617475431 0.32290872107805746
0.9823642178809763 0.003997357248410831 0.19858024404955227 0.25133147349733703
0.9904955671097704 0.006288045049607737 0.19635875522872873 0.1918489065606362
0.9817075120199698 0.0056622240386881165 0.19866265623500345 0.23105892778023926
0.9888712594450054 0.005984971639775952 0.20621198535890478 0.19188280499519692
0.9807238888178836 0.004795418209152287 0.1897727476073884 0.26015391192817444
0.987480769929621 0.007752067858680966 0.19843371563739856 0.17239766081871344
0.9883380557335388 0.00806628980390059 0.1984813911090195 0.3382588570411252
0.9867179725495209 0.008085191882660237 0.20634477839637033 0.2932537861404314
0.982291727101259 0.007374784005328038 0.2091337423819919 0.23850518489532382
0.9829197948447937 0.010183054731609052 0.21338208608958079 0.10861423220973783
0.9880684781871385 0.01026133011313904 0.20182087352258635 0.25448430493273544
0.9866391035719307 0.00886948677805867 0.21946604407943487 0.3150249659555152
0.9904990863833834 0.01278075201806851 0.22522241779894225 0.2108191653786708
0.9902529955113699 0.010764028846093602 0.22134678515794415 0.31429226886900663
0.9934256565349439 0.010961363617406392 0.22121458675735928 0.34789391575663026
0.9848165004581279 0.010530292347938454 0.22466142092494523 0.4407474931631723
0.9873860977801817 0.011718464988944546 0.23369531397112722 0.37615505972503943
0.9868103913155611 0.011927262702607876 0.22730957838304355 0.3423343003793796
0.991575094175327 0.012422431805447186 0.23492112228437131 0.1900015103458692
0.9903158308035586 0.011547139577967649 0.22827285972524652 0.250565355042967
0.9879032258064516 0.011990535843130161 0.23156000478400304 0.19009135628952917
0.9883380642798278 0.012490611348133765 0.23210903225500681 0.13818072107406848
0.9919078337619611 0.01278530738301125 0.23888161952785827 0.17340308834697493
0.9912648089745181 0.013956881943136885 0.23587753477377127 0.12969874700079978
0.9915540581989679 0.01181550555833925 0.23644449253238684 0.2541856925418569
0.9909880795869352 0.011597856787271543 0.24308761920338173 0.28831521739130433
0.990955143243922 0.010587580678753239 0.2438706602298865 0.34797297297297297
0.9907562819902029 0.010014697054379101 0.24214499032906533 0.13340471092077089
0.9849310660868548 0.008846078656365011 0.25956267878835376 0.42995552731893266
0.9852547311416546 0.009076650070645226 0.252891518083189 0.22489119517910947
0.9827094533184677 0.007511146605623698 0.2646046076289228 0.21628437612585566
0.9937700266981017 0.009839367530611133 0.2620971104085607 0.2425049394381926
0.992731351824552 0.009259161368216062 0.2729141493823835 0.3953527815468114
0.9905240553986138 0.01121455820834929 0.26889251724425645 0.42332237478244056
0.9900142195253222 0.009713108936399211 0.28101493523950377 0.3486652977412731
0.986307705587327 0.011146248884849098 0.2776558908122382 0.4750810060175899
0.9868146114444153 0.01155982648639169 0.28121173126795357 0.33549140309912967
0.989998260903171 0.011190835770741333 0.2833578642073355 0.3259907017932256
0.9961029451576225 0.012774139405431532 0.2851511491188546 0.3194152292806058
0.983972412320938 0.012941458325947269 0.2856252617266957 0.44409979770735
0.9896016576774848 0.012790810714570493 0.2959275244318493 0.6038072575847709
0.9856154823916456 0.014603826229129457 0.30180639508058793 0.6767149758454106
0.9887665241438827 0.01571269624029254 0.3030461557796839 0.7081545064377682
0.9924659349852505 0.013684530470703638 0.31660478862529573 0.4172214824678207
0.9846438108499083 0.015616581532961658 0.3141060576295461 0.6578900232849723
0.9890129306691212 0.014112399998593799 0.31959925838229053 0.5784454839870456
0.9933700881329459 0.0183025243018236 0.3292499519720401 0.5880656210564269
0.991012208357866 0.016605510439875907 0.321676969544141 0.6489380688916652
0.9882103724833747 0.018832547099304646 0.32508329328393953 0.49976080369956943
0.9889180403533453 0.018122494777325842 0.3409640454590542 0.4689039818884006
0.982734658535709 0.017923118053553445 0.35800663987646286 0.5164866810655148
0.9968155464741385 0.017881542807272506 0.35894428631517045 0.5770166898470097
0.9876847802494678 0.017446342302170598 0.35897060507418255 0.3289646133682831
0.9914378751781608 0.016955096714966127 0.3638940176648138 0.29635222125089405
0.9892379821245367 0.014570427939110878 0.3858886175248611 0.7032583397982932
0.9909031172668341 0.015173660282672845 0.35815294572610545 0.6573781983876621
0.9926358932538455 0.013962624555813765 0.37239636028691636 0.3749849234109275
0.9860572842998585 0.014259397794375881 0.37938501689805404 0.32859186937126506
0.990492684128729 0.016876393652118352 0.3810978970396672 0.2640304291660686
0.9900172314487083 0.017297237716953576 0.3880780142014818 0.16902394622601877
0.9888747520547468 0.0162526596091843 0.38625583727533763 0.2432511054223877
0.9872804832482251 0.018461141906440635 0.38374590879641723 0.23279816513761467
0.9862920235452961 0.021524787303556493 0.396207210371695 0.30620769119976954
0.9854063870778662 0.019257910311859777 0.4051609155153753 0.45274879614767255
0.9861677229971865 0.02255278506516532 0.4183523779191351 0.7229639519359146
0.9925175101590255 0.023576818976114484 0.42783412096637624 0.7461763748779694
0.9861072039124884 0.026148953418279323 0.4280283603315884 0.5600382932166302
0.9847445833433308 0.02729393567248977 0.4388918653700742 0.5543773119605425
0.9907263928006079 0.02704849987305192 0.44279237521365045 0.634891616610081
0.9914319814165823 0.02762645914396887 0.4547033301466803 0.34912242050378206
0.9928754466124732 0.028672514188840568 0.46537296925966437 0.443075651095494
0.9920009608738299 0.02960462277706534 0.4787807929935192 0.4746192893401015
0.9919994087539608 0.032162938587291745 0.48321767096844725 0.5834941537064366
0.9901989589100746 0.029708529275266366 0.5035859871158628 0.6369789811186319
0.9911266469481044 0.029670855853492155 0.5110893876784219 0.7408174537420602
0.985621291589527 0.03137714972222038 0.5146899342249026 0.7962616822429907
0.9943043440864269 0.029995662256083442 0.5098496501761525 0.6567907086987438
0.9917064485512486 0.03918341201773288 0.60412708688467 0.5078520770010132
0.9915913614543751 0.03169573160604551 0.514753394297661 0.39020969212427237
0.9930879891513079 0.03393705887483969 0.5676527849172074 0.42809513225161144
0.9861991687960586 0.027764072063902707 0.45554441609433655 0.42133644246884794
0.9885364721564334 0.030392561983471074 0.4940558035156908 0.41285168461271277
0.9889224114754784 0.03154521405680967 0.49970972073687514 0.3609520400858984
0.9903395805647741 0.029291577712962685 0.465576830110082 0.31270903010033446
0.9924382331221532 0.02839822036210897 0.4691576885484995 0.2996943428370998
0.9871071240461718 0.028680291598334514 0.47610114786516927 0.24385110114987332
0.9910029913544182 0.029488668036131704 0.4831512412240626 0.3370882494260851
0.9917229937768505 0.030936361195289423 0.4815788398087158 0.3692490521192915
0.9908845309597897 0.03016201282368629 0.500054846641584 0.365103598691385
0.9949477460839622 0.03146003675065054 0.4775964878215421 0.27499900521268555
0.9906217564775227 0.03060456813146528 0.49217934759326304 0.30833258748769354
0.9889864653233231 0.030867516112209222 0.4936296866958208 0.29315694920790464
0.9907356619681015 0.0320284931795439 0.5064649279181836 0.33498721996692227
0.9848544910748196 0.03414997318746388 0.5345753747925654 0.45862320280924934
0.9847144044650279 0.0356393875844011 0.531527158733947 0.3826885459682678
0.9955615056238971 0.03746474639507024 0.5533884993258804 0.4193506993455665
0.9892312943795993 0.040752567564793334 0.5767973908583883 0.5819363118633192
0.9834765071312997 0.038613715092512026 0.5659978544022215 0.6608981185658502
0.9817599178077165 0.04067376559982099 0.5830544291823175 0.7422288855572214
0.9842224767117311 0.04152914985905685 0.5820612351195737 0.7807708246995442
0.9891179553736335 0.046248864598121 0.6053535948482349 0.831195602382043
0.9853377636252235 0.045313328935184735 0.6080982523469097 0.630730518203979
0.9826755720526108 0.0427560103735894 0.6171521490467534 0.8542527274653109
0.9902224786410593 0.0439563871359956 0.6365391003094995 0.8364414552124733
0.9853008429181247 0.04515068376159619 0.6445248847801648 0.8565339432373428
0.9769883856233611 0.04654919567718792 0.6609521471639639 0.8552449782123499
0.9799459374404333 0.05023791986718577 0.6743536375391551 0.8028336470821361
0.9867528466657752 0.04324021772870924 0.6901451663130702 0.7877632707519299
0.9862424248734876 0.04752912395437633 0.6923633579660226 0.8120408357981108
0.9929921030609941 0.051876653108843485 0.7220192411300744 0.7776049766718507
0.9833627530657777 0.05848014680400189 0.7355451816507759 0.8369436786136274
0.9899659345294098 0.06062996393152409 0.7524363066961758 0.720510095642933
0.9892004512935965 0.06851453965542552 0.7754216678614979 0.6533029277622481
0.9833241166018936 0.07115473457032731 0.7788768337337751 0.6471991326346224
0.9922630958933707 0.08876326372593173 0.8134181436194019 0.5903500473036897
0.9886245897706799 0.0769606107450364 0.8241486995274798 0.633962799943206
0.9820979721607923 0.10664127828487377 0.8486445625013124 0.6495448634590377
0.9901208223055017 0.13380051361566042 0.876151695731502 0.5472458575906852
0.9918806093987873 0.22840976771888027 0.925403193859474 0.4304226383991941
0.9833508714636476 0.1993898895990703 0.9153305670463135 0.49107608809101344
0.9893496886377797 0.20403979264089972 0.9256748132598548 0.8127056441407239
0.9910802680109513 0.20348938525724478 0.9297841273938787 0.8383700025682732
0.9953882081729932 0.22821936103169801 0.9337497339842324 0.7195307108350587
0.9875849543495788 0.23533280148343 0.9329886767994505 0.8431451612903226
0.9914139601758494 0.23558517418228167 0.9308166239249578 0.8193124207858048
0.9881876977721544 0.26723593376347965 0.9382226974706944 0.8262239457101309
0.9895647652553623 0.2619765384363327 0.9354116946309672 0.7257814700084483
0.9903569041410997 0.2873919371912491 0.9393100395839206 0.8090092832141227
0.9890159362214098 0.26713264495631456 0.9355348170577193 0.8777996070726916
0.9918783488548183 0.2822922636103152 0.9431722729798535 0.9212301898634866
0.9842446776784769 0.2771278741427995 0.9360559916708202 0.8699833682840408
0.9909700859876468 0.2883279156042681 0.944529668185142 0.8204227776630173
0.9923000026689766 0.3154849106358043 0.9446735431191285 0.6675198634885086
0.9877292228346524 0.34294503539527815 0.9447045546150745 0.6998631854976628
0.9876907753694043 0.29391092304382127 0.9378092099460361 0.5951354232278696
0.9944254168709702 0.32919375181915206 0.9011280332628698 0.17164198697752572
0.9910282180743237 0.3445276227241901 0.9084676693083573 0.17867818475664698
0.996741544331986 0.3316193132299111 0.9094151890415195 0.1924139518821227
0.9915959134308583 0.3417757068998532 0.8795884530979611 0.12778358273339915
0.9914403409813509 0.36265104173215473 0.8977970859727042 0.1660102115244347
0.9880818692265894 0.38441525953721073 0.8929692264456411 0.15465800455454473
0.9912861154926327 0.34294963097242004 0.9057129643152719 0.19026025510842803
0.9904648077229076 0.36358136721113127 0.9013098999634261 0.17740481661567367
0.9883705310707599 0.37793041660444976 0.9040334604092148 0.18954505514681774
0.9936836513641155 0.34428259480187473 0.8974539974489084 0.17527634185509489
0.9924110175028045 0.34479169482819216 0.9129294754386457 0.23299252850963428
0.985375434426335 0.370313018471408 0.8959854300453374 0.1814030618375832
0.9878106244584935 0.4028865690464513 0.9125526181813667 0.2284855152181885
0.9914293836666935 0.38021445769639955 0.9091360410820165 0.21584736372726535
0.9857788338854487 0.4493925903569003 0.903137638676449 0.19320204127332083
0.9875466868101893 0.46189778645833335 0.9179915824971704 0.2305382111776949
0.9914166638525217 0.4368917958609488 0.8993493576564532 0.1829072956664838
0.9953036692271351 0.4645029799586203 0.9198007263790964 0.23398731297342149
0.9916530394101419 0.45217514972425454 0.9440319874538023 0.4160906700179199
0.9878191103078169 0.4171462253175945 0.9443986789553253 0.48362842590346833
0.9917187023842767 0.46972095784682366 0.9239149184168702 0.26253204215323267
0.9900334369548636 0.4540671592558385 0.9441533594582575 0.4275209118485155
0.9912911091752906 0.43691624173272076 0.9139405117041576 0.2358408617095205
0.9878681571491258 0.4416687865683032 0.9277485519774505 0.31630056686421026
0.987644712072628 0.4329244097612592 0.9363230240549828 0.3933458808767596
0.9898616738407514 0.42628210809948414 0.9490936843793318 0.5122923257030413
0.9904877808186496 0.4472467748486548 0.9420751194240732 0.40134311047925475
0.9926723248078908 0.440419520879291 0.9507543837177163 0.48992237805415895
0.9919709426775983 0.4545164315501726 0.9282926595145413 0.2977753212657178
0.991019851339258 0.3993854103462449 0.942452732807028 0.4398070547919693
0.9905662765675884 0.49172106891955997 0.9348942669251887 0.339786156443444
0.9916720478167851 0.46081921187205455 0.9335966243706144 0.3207808818579603
0.9879485035030232 0.4591017916809177 0.9342136133949227 0.3541383989145183
0.9885077345005705 0.4725187597338242 0.9359163073891525 0.35475455513972737
0.9810429494437096 0.38063069707071007 0.9299377112230549 0.3687592207040137
0.9957758030668982 0.3802400520309821 0.9391942575756287 0.376500526266704
0.9848041721142522 0.3332015940453842 0.936403559037284 0.40989988077624717
0.9895903990198536 0.3965061655901351 0.9505986590038314 0.47205389429189437
0.9887672027202209 0.3119700112821633 0.9382225198409301 0.41570811147692016
0.9848801483232663 0.3273284496935267 0.9465246023472095 0.5057960804406302
0.9921844735846116 0.17855477855477855 0.9558661263067105 0.6943150439493265
0.9924271126206666 0.2387582581515948 0.959038235058467 0.6370106761565836
0.9917675303697475 0.22498010534692486 0.9589482730828146 0.6376691825978367
0.9897550288523047 0.2692953541886933 0.96242892818557 0.7743375941759079
0.9834138287258183 0.3069776959279722 0.9597822399115458 0.7163474455916785
0.987992988703653 0.3814158821339291 0.9528411340555676 0.5512365029606409
0.9883492764287466 0.30742023432318916 0.9481235138022539 0.573510371615107
0.9909324863863407 0.37945205479452054 0.945715787538929 0.5242815987605006
0.9871239995038062 0.30408532176428055 0.9449205749637585 0.5719186198809985
0.9893745310939377 0.2947922677437969 0.9458220531392378 0.575378213916348
0.9800639347002451 0.32497087378640777 0.9538228994830154 0.7054748730495143
0.9883388778520965 0.22681314833457347 0.9707536454745747 0.8742440532186534
0.9867224358531184 0.3003371544167229 0.9633961186978484 0.7496136227565754
0.9930223182318714 0.15032743148193065 0.9706727677467227 0.8111329690346084
0.9912761581547318 0.1225276651144159 0.9546556546130062 0.6613362782992822
0.9907009680713191 0.05199793613483919 0.951523488110604 0.638262254251475
0.9923342968912492 0.02127249047320438 0.9455077011185624 0.6224464270824648
0.9884809963356023 0.0019220984792809091 0.954241264234015 0.6973801605969665
0.9914938781890078 0.0 0.963678625568469 0.7716843813812242
0.9933848256103384 0.0003629011353621235 0.9530445920701548 0.6891367203634862
0.9904189417216059 0.0 0.9602448900575927 0.7368747604883301
0.9921003165240371 0.0 0.9650425289720019 0.7658582840580748
0.9932903462911234 0.0 0.9570471263366278 0.6939668025047212
0.9881050056621695 0.0 0.9456600812483141 0.6585316575632594
0.9882154413643573 0.0 0.9409073906545321 0.6535807116608408
0.9926633325434957 0.004642071829953579 0.9619742702044443 0.7609155483142535
0.992324066959731 0.0010768126346015793 0.9713440834137554 0.8428637530598841
0.9906454830257032 0.002269861286254729 0.9784637527651994 0.9189373196181455
0.9892356337640913 0.0016105054509415262 0.9776533453880173 0.9332328930310781
0.9891311010890166 0.0 0.975617496256169 0.9272950349276711
0.9863139584904954 0.02762228136184271 0.9696521634371622 0.9187714506695026
0.9942975278017433 0.013002552648372686 0.974018739544234 0.9284285609650285
0.9903673146150102 0.04963104022851702 0.9714266100726325 0.9164171643960685
0.9883783293895053 0.027154158648706437 0.9601547175174229 0.8831233825372636
0.9906111296533379 0.012159892509237488 0.9629115501634549 0.9208319456186645
0.9855346622829299 0.02389458272327965 0.9547596660041553 0.9218266704440934
0.985109150471589 0.0074114908734533875 0.9433699374642063 0.8941899449016887
0.9956088227897413 0.020970309363969826 0.9520779715221198 0.9103770618934837
0.9905190005594341 0.02565277141548328 0.9363691414887536 0.8915067373382276
0.9935320968929681 0.010308013253159897 0.9448687954976032 0.9185207580359229
0.9957726318042568 0.005467468562055768 0.9432947800553733 0.9229822200589801
0.9780860436997812 0.0 0.5452307013623251 0.5173944471216221
