0.9889845579110321 0.007477277609647104 0.18145221760971722 0.24738580077050082
0.9844935171692262 0.007054993126109378 0.19114521613684374 0.19297036526533426
0.9891211589215333 0.006240876834103594 0.19685364595878685 0.3364976772369218
0.9846708578154337 0.00881982191343959 0.19616651257202514 0.26367885620016496
0.9850061902662752 0.00978642092259508 0.20406193691240182 0.15381312263826863
0.9867931431636928 0.007874844154975831 0.1811957446125704 0.21974095578383207
0.9907652739882375 0.006768744647838777 0.18457213146359766 0.2816085013887212
0.9768303477946355 0.007565412535608659 0.17653747292715438 0.43820678513731826
0.9879487094724393 0.007476946404257953 0.18883649308898617 0.3679081853616284
0.9833688290588942 0.008318762201079667 0.2008089315505092 0.46226604950694306
0.9912989419129279 0.008247187448032083 0.1925003611602419 0.567318757192175
0.9831660389283813 0.009036976997407265 0.1991897918442159 0.4587729581867917
0.9901348492501719 0.011177120483795938 0.19618461864909226 0.4890776699029126
0.9825398445444853 0.010148072941045413 0.199577149871593 0.31837634548048244
0.989034701264004 0.010807341956013912 0.20672549016536473 0.26140027637033625
0.981725716553241 0.009918177227211205 0.19028519522012186 0.4362381363244176
0.9883724028994496 0.012534945161461914 0.19944202714295559 0.2782474104060007
0.9894444163955946 0.014112388629362078 0.19980604238969263 0.17917139953368805
0.9877019321952116 0.013927898041364252 0.20715266024063603 0.27729934550465035
0.9829458703890884 0.013498497463328778 0.2093984507871001 0.164967562557924
0.9833680102350706 0.014993299971600491 0.21054251817471406 0.08774882667098236
0.9890918277006995 0.0165785257058695 0.2033907231578722 0.12270936804247302
0.987717528724947 0.014944389218222224 0.2210483445929759 0.11716551547710412
0.9914062709295973 0.017231800666255914 0.2261800251538801 0.0843485880656924
0.9908885410426966 0.01647186673160577 0.22243393849281407 0.2540230853483866
0.9945690322296206 0.01739075200606453 0.22296331115014473 0.26376472554098085
0.9862286262942076 0.017400002521739497 0.2274511390431905 0.18425509548560415
0.9882757977886778 0.01830402162607378 0.23619339282836024 0.20023788284269997
0.988496141548444 0.017615574515642073 0.23262772059889417 0.10412761059036342
0.992701101283016 0.01750080513950872 0.23973844221935825 0.10078716318498335
0.9911857363094041 0.018510463486540042 0.2322994132601088 0.10506063055780113
0.9889449895430474 0.017775692625782404 0.23656324191567746 0.07741063522393625
0.9896511109890579 0.018039214085142478 0.2355922189635759 0.06294072536146494
0.9933258712695818 0.017387394139249043 0.23966890836486743 0.061255005757695546
0.9923764816855013 0.017823549619257164 0.24191832751841932 0.06342703474935922
0.9929454712280473 0.016354994346409073 0.24269998114244415 0.08454586414354244
0.9923680658138058 0.01666022363853992 0.2500104967213182 0.05846022437950689
0.9919525085348472 0.015245949987323499 0.24962842820893918 0.09846136344245045
0.9904514598589135 0.014076921725162006 0.24427107840421283 0.05353913102604202
0.9853693704226004 0.013476883055707916 0.2642375177349901 0.13600392184326635
0.9867243127652348 0.013804811368890512 0.25656757474686065 0.08335067204860389
0.9832382774650134 0.012564046251895002 0.2686909326088108 0.07954281466338335
0.9945291470862901 0.014693085108054022 0.2654759160359114 0.09703118775921457
0.9935888772830783 0.013734151277403872 0.27419906808139155 0.0878947728985408
0.9916487295421257 0.01546432174990459 0.2729389399926159 0.1074050885081678
0.9904825504864032 0.013191115625958965 0.2861001695341794 0.07981310193572995
0.9869472051170048 0.01616317328591603 0.28064739099770275 0.09563096838890535
0.9874304639188595 0.01600783609225563 0.277746040152854 0.06462246071291683
0.9905457355355936 0.015811928639469782 0.28443110251499204 0.09461785751322202
0.9959400241975073 0.01736623890275161 0.2863668993289228 0.08171737780537568
0.9846754151017234 0.0176669005516682 0.28375253416223023 0.1045546111138407
0.9899120936254628 0.018718588986997218 0.2941726053422671 0.17509287675658214
0.9866205564382964 0.020046033110562658 0.303032724845214 0.3481498541378781
0.9891022670716848 0.0213847848175654 0.30308310906470415 0.19604987712751434
0.9932566755386087 0.01888000257433685 0.31348122825500757 0.10640066500415628
0.9851001471441748 0.021455688234770988 0.31478066204566396 0.5087427144046628
0.9897777459476235 0.021041726834047935 0.3221568610029909 0.36394043163175915
0.9940512336903069 0.023329992230453067 0.3307700178159902 0.3447456368362421
0.9922692600526811 0.022119113442721945 0.3174824030119496 0.17107703281027103
0.9897694765770545 0.02360458910463746 0.32526134654750943 0.13912034917437352
0.9907803055203941 0.022363110267421073 0.3434942995995207 0.19497694734287793
0.9842629844577122 0.02322855025832056 0.3598214426132352 0.17245534448539834
0.9980807193282168 0.022693930754384153 0.35482031136330566 0.13219227967953387
0.9895966583695467 0.021556202881308766 0.35606623780284363 0.1097955764833722
0.9928693849295548 0.02209130126843088 0.3564114956502676 0.12360848561226633
0.9913134293527298 0.01947250094504168 0.3783529361114469 0.14348907934752558
0.9923693460138219 0.019587095797810625 0.3555509883632507 0.23432498587836564
0.9942197953849741 0.018044223994066383 0.36933994494339945 0.1600218087643972
0.9874191085324296 0.0177913902449201 0.37551021408967344 0.13192199127534002
0.9924095345154149 0.020417276958630343 0.37242256619010883 0.09727042308442191
0.9921317140317168 0.02089468480965855 0.37880507602981367 0.08254035962724766
0.9897377655749336 0.020555326510695814 0.37804526125168 0.10758827340459994
0.989007857005141 0.02174583008786496 0.3764033356881278 0.11265190329000296
0.9880535987289787 0.02493929355439218 0.38667517893520237 0.13719425758395834
0.9867360086265177 0.024181540153397255 0.39617205335778843 0.14341550645037682
0.9861542042043853 0.026452111854334288 0.41325999690782184 0.25719432987246954
0.9937381769986143 0.02807328686581057 0.4202973933189237 0.17564491654021244
0.9870129245682194 0.031201513639503003 0.41569900205031535 0.1274915381722452
0.9857255622681709 0.03204499110529129 0.4262866389709813 0.11736421792030773
0.9923725416270957 0.03346583132639938 0.42283124294218005 0.11551232386871568
0.9922816658125012 0.035622203908641396 0.4168910321808992 0.06001317387456001
0.9934867953569515 0.036781322498828 0.4130905349794239 0.06700606585788561
0.9932511298174036 0.03608543164635444 0.4188318865783385 0.06998251536778209
0.9929112124372268 0.03841398429125253 0.4342110872801926 0.0848298877230691
0.9912208414881961 0.03692915017778843 0.44309528658905156 0.07049094103559798
0.9921623338723637 0.037493474806616994 0.4756804089321455 0.11901421800947867
0.9862023822348792 0.039434882714790814 0.47946856644268737 0.11750885563507554
0.9949815475545207 0.03987302684002718 0.4550974312813589 0.054966613271899355
0.9925001413068053 0.04925284598767869 0.566222731507579 0.059485117650705376
0.9923780397666462 0.039211718398821656 0.49177059820358077 0.06434806357076081
0.9936818472239839 0.04218036265253366 0.5570367507979299 0.09415216174936107
0.9866378768583537 0.034510328816450296 0.4644202820540424 0.088837420902436
0.9897017763929915 0.03682663339714225 0.4747047457231856 0.07286806529848718
0.9906840834667878 0.037819512578439844 0.49298477277834307 0.06677317562069582
0.9911152008630124 0.03378309404142122 0.44064209397096576 0.06277302319464147
0.9930900141307766 0.03434614481126109 0.4621909584080688 0.05978727277455595
0.9878838498334979 0.03686708860759494 0.4601476737335559 0.05259399033220818
0.9923631397108282 0.03563148636087788 0.4669124631599476 0.06051836620719417
0.9927868013194817 0.036389702807726416 0.4645878376167548 0.06387894594050568
0.9918517125030449 0.035553224626302976 0.483093789534794 0.061218084655187036
0.9963054424091449 0.03750032699300312 0.45619547069040417 0.0613377136008984
0.9916621337081901 0.03750771501835697 0.47945417685370406 0.07036738454451226
0.9893449700857336 0.03724500458147797 0.47203998591759083 0.06362826388833147
0.9911406619385342 0.038687141416285355 0.48892682153201505 0.08205596801827528
0.9854258306647454 0.03925757037216843 0.5221659204565414 0.09966588101219923
0.985498159363496 0.04301278080214847 0.5071921102140164 0.08132445067299748
0.9959240862568703 0.045893045748217016 0.5405249980242371 0.0667769618514111
0.9906449507943228 0.048179249812955745 0.5527469134794128 0.10781776182126854
0.9844770896295213 0.04432718638269999 0.5428325263296109 0.12043993028427188
0.9827519569471624 0.046421775958027316 0.5648421885997196 0.12221369335199651
0.9849213156694365 0.04871896888329617 0.5524867083271937 0.09210204127061862
0.989444955404999 0.05566021114830526 0.5863116787635841 0.1454055369410179
0.9863692751333003 0.052512739979412894 0.5706004803086078 0.11788874417605436
0.9833725385447916 0.04770486038966228 0.598561333351058 0.20549357832567733
0.9905608334329026 0.05101310737565464 0.6192337299493973 0.2167091867146706
0.9859527051902506 0.05363835286046358 0.6290851209846338 0.24942082786725095
0.9775349926112873 0.055081247314440494 0.6410924803182437 0.20382551901096338
0.9805614224510134 0.057955129703201685 0.6519022186051504 0.19422409792960205
0.9874611414950979 0.054053856641994545 0.6614953298403813 0.17047934528448946
0.9868846912150335 0.05779422980699632 0.6655778293937036 0.19203988298792798
0.9933734035541111 0.061147785094879004 0.6767692906859465 0.12166002656042496
0.9840720974412862 0.06838881687318506 0.7031901672737104 0.15706797134370085
0.9907330025019985 0.07334184820737916 0.6854894901646172 0.09107482179545301
0.9898885716203587 0.08514631772323045 0.7122714896175734 0.09423778408248401
0.9838605411480675 0.08752857855018652 0.6890189581668309 0.06687694530902623
0.9926527704186879 0.10435444615815487 0.7055365055444781 0.054143633670157884
0.989107595978307 0.09805042175689786 0.6800085248507957 0.04605078346323603
0.9828731903623618 0.12986149307465372 0.6664702014212902 0.03737478572178233
0.9908984282188953 0.16321725568595807 0.6700577935956568 0.035704837298276317
0.9928945390905406 0.26541979661709847 0.7860223995217365 0.048971552742029904
0.9934949683354247 0.23921943753587144 0.8336134170940047 0.07690404055553889
0.989620090489664 0.2488480160547107 0.8853264121034443 0.1565592489215935
0.9911521057294036 0.23909316833189634 0.8491178314185802 0.09087750084700853
0.9963952194028937 0.2573389760528489 0.9045113954652092 0.20941363443165228
0.9887570171286838 0.2645313596631149 0.8894404083655338 0.15777840349148248
0.9921906128934698 0.2579825258141382 0.8649544983138063 0.11475240145743623
0.9889518375963604 0.29565989565989564 0.8338621386418668 0.07508253094910591
0.9899778542714778 0.28531524341580206 0.8487157314704638 0.0887639192880993
0.9909845028831286 0.3081423165586534 0.8686624893257435 0.11032025014080131
0.9899783840415219 0.2895318319034825 0.802980530600843 0.06612392228734906
0.9922595859963613 0.3038748690922604 0.8299366002544412 0.07966284260797342
0.9850647351176587 0.30721148536720044 0.7704980440334939 0.057194260783519996
0.9910731589147287 0.33581375317031154 0.7747499783959366 0.05532597810924388
0.9931691751445332 0.35827592898030464 0.7710633070575583 0.0559059524460695
0.9889510046300553 0.36833385735361696 0.7528617452336617 0.04984450252441039
0.9881594993659477 0.3327875179826665 0.7491089211016507 0.04942825241597043
0.9946650946511519 0.36464800840576944 0.7345776732086896 0.04850563277659455
0.9913062221583561 0.38407188387988633 0.7345229371717439 0.04456662488834108
0.9968975532476677 0.3623345999242489 0.7324301925077707 0.04784944201459743
0.9921042650341115 0.36691570165608267 0.708192382896963 0.045049744521189344
0.9924652547700873 0.39025221955645406 0.7376905319659803 0.050936106773184886
0.9887045483630288 0.4130297201712477 0.742435997527071 0.05087858668163167
0.9918382462569918 0.37676492761400954 0.7476239866223567 0.052952543758593776
0.9906448139729632 0.3814819587628866 0.7394306337496275 0.052588258128517924
0.9892153296385852 0.40968840637556214 0.740681557362593 0.053961220430668304
0.9939736324188462 0.3689885985560801 0.7405817725107016 0.05621482750183509
0.9927207579640251 0.3680548220133094 0.754470136930116 0.06305657689568214
0.985480714453661 0.38630445396842616 0.7570490648642929 0.06192485116114024
0.9881836549524353 0.4239652916465808 0.765698147686685 0.06584577484915208
0.991608337613202 0.40303744722846646 0.7592088645220403 0.06570238280641645
0.9863699739059278 0.46078431372549017 0.7638747658993529 0.06757878095492782
0.9883708866499504 0.4735011671079222 0.7804041539197936 0.07211330893787542
0.9921654296088072 0.4677759116399556 0.7697183558232515 0.06920229882279974
0.9955376048662856 0.5041226409332438 0.7938811411628968 0.07975971967295177
0.9915592863517618 0.4799214928813982 0.8129617538916188 0.09314820884108492
0.9881973663909162 0.4296682204551686 0.8190128245606122 0.09928405980206359
0.9925908930789625 0.4900621816604271 0.8086458018344925 0.09152160635211483
0.9910957893960622 0.4992294589991078 0.8337797812208678 0.10893282755379502
0.9921068833178939 0.45474347761514217 0.8130344993708551 0.09654577282477379
0.9885441609477218 0.45478473712446355 0.8087649402390438 0.09850984903508216
0.9883087996573805 0.46580479621040166 0.8317278780655813 0.11919996870511838
0.9906595420303376 0.4546719751955465 0.8282359200937538 0.1135124401605736
0.9916018915815902 0.45148489026344224 0.8332268365220558 0.1203138812795355
0.9936955080638317 0.4536393666704636 0.8529879613133328 0.14032451001441584
0.9926453899571057 0.4844449590859966 0.8366330321170682 0.11968292281529432
0.9913350866318843 0.42560006174268733 0.8581155740622767 0.1571432228665054
0.9910595832177906 0.5082391304347826 0.8604283712303475 0.15634053933585915
0.9919616142953659 0.46360134809821857 0.8591168514022723 0.1483670692294608
0.9882078597511094 0.46355699675729606 0.8658346281216207 0.17145100943673303
0.9890791497183624 0.49475571979783706 0.854913387691579 0.157598092347713
0.9812140496879207 0.40602796887335063 0.8526780906741331 0.16474812799865493
0.9961495303422438 0.4243713949711598 0.8608202205003925 0.1719559815406461
0.985816633972528 0.4231108497500735 0.8741316987501918 0.2011154209321441
0.9904332274689199 0.47070584454996606 0.8912000260925617 0.21714315713685725
0.9901791327955425 0.34230027408384933 0.8844579960118527 0.22614202372604442
0.9865480139289913 0.3642175872550047 0.903387567346276 0.2756109528195505
0.9931697743321922 0.20052253429131286 0.9098045691129069 0.3301575986436498
0.9939638473218865 0.28393881453154873 0.9104911935804301 0.30826555267420147
0.9934230759869811 0.24879364717504465 0.9062724403039308 0.2975103944833181
0.9906816655473473 0.29716555334898 0.9287042379388581 0.4203024293505206
0.9851158252792577 0.3340485888856561 0.9062141500487149 0.32542127820713634
0.9894636609925996 0.3872526029453147 0.8852784830178292 0.26442374164664056
0.9894908384812768 0.3404027921579106 0.8904035264431315 0.2995245864746259
0.9916497816200639 0.4058057286924855 0.89518520817599 0.3065481398523081
0.9874443960423517 0.342847604740444 0.9121153675319972 0.38295702241414764
0.990332155964886 0.3220869102282558 0.9188342564020631 0.4107644411356638
0.9821107109405195 0.31853125987292447 0.9417446917972316 0.5674619266468415
0.9892433932098185 0.2858527883347553 0.9562682118124295 0.6632313662248652
0.9874783163994739 0.2998904620877115 0.9375788632737934 0.5278955891425047
0.9933317849178718 0.17638641980661665 0.9453492266282978 0.5549071044694
0.9914644044402108 0.1299550280495155 0.9327718581325068 0.510441241444851
0.9914447152615676 0.07034532226662568 0.9231737077687167 0.46758108428030304
0.9915164896986836 0.03077414060362907 0.9123164915872513 0.45223252681899095
0.9891354681097642 0.0032667283715359066 0.9214044778741147 0.492787871563107
0.9915471095247155 0.0006823221697844999 0.9509635261141872 0.6614934217487919
0.9940103108492483 0.012848379461913733 0.9372604891798891 0.5806689451249952
0.9908191946295031 0.004130304443408167 0.9415484872495593 0.6117814105280374
0.9900895866663605 0.0 0.9516480591545227 0.6758196309438221
0.9929839511070687 0.0 0.9339525671369567 0.5773441572950027
0.9879439998985505 0.0 0.9214628405456927 0.5495106718512488
0.9889470541501997 0.0 0.9188509889165309 0.566157595450853
0.9932436776074551 0.006309904153354633 0.9373545241731638 0.6372092197111884
0.9919166279495809 0.0 0.9649942479402088 0.8090877931743622
0.9904588566454515 0.0 0.9791044091878456 0.9242595490639309
0.9893454033775796 0.0 0.9810770095752306 0.9492218248104622
0.9879249698124245 0.0 0.9798780308672804 0.9486905640348493
0.9869791439376275 0.001002219199656382 0.966405975380063 0.8850363741854861
0.9939505961178194 0.00023405500292568755 0.9660194045708584 0.8894102431453699
0.9912593507515465 0.012007139380171995 0.9683634449274239 0.8984456402278015
0.989054805420832 0.0 0.9529824077901796 0.8527294565599287
0.9890558935592976 0.0 0.9468793292253472 0.8568168241763291
0.9855369720386425 0.0034608919212894295 0.940762835637513 0.8683070962851709
0.9853867585128441 0.002969561989606533 0.9253109156387441 0.8481812867848317
0.9954064684022199 0.0040694059797660095 0.9001394671428792 0.7986061924516847
0.9910998878764584 0.007606354334948842 0.8821559001958849 0.7967536141837991
0.9938104991100383 0.00048449612403100775 0.9241750827699413 0.8871477891438813
0.9956349187049205 0.0025120510557403762 0.9263242746643748 0.9025989312611327
0.983709595709619 0.002238966630785791 0.6030082394224675 0.6274621711007697
