0.9887585691920825 0.0050074577050076554 0.18066981326002926 0.3568753344034243
0.9840848527594896 0.004926823360069508 0.1907411160031686 0.27400275103163685
0.9887863310665717 0.003830259861403209 0.19647507702615427 0.31075027995520715
0.9841137504510153 0.006475706289737288 0.19542612537884319 0.39772395681353956
0.9844500595053144 0.006982742968314941 0.20375255514061477 0.29703476482617586
0.9863025624313981 0.005504848830576155 0.18099568468494368 0.24084469393210373
0.9902017738889287 0.005159230070606158 0.18429031751893654 0.40634291377601583
0.9759200276980955 0.004752348951527596 0.17613591652370986 0.2873804525309074
0.9876417112757904 0.0053455044771500955 0.18893688734795405 0.28645294725956566
0.9828417064150953 0.0055551366653708275 0.20052038107524747 0.5376373626373626
0.9905625419336571 0.006039242991286857 0.1921879720088072 0.47563451776649746
0.9823138888171591 0.0063227153781761315 0.1985817306947024 0.4212528531574943
0.9897889342439488 0.008224101930783384 0.19601394512760228 0.3312624254473161
0.981806779265016 0.007732792533046644 0.19877431016158936 0.37856829161176986
0.9888406366988106 0.007571013888711404 0.20570092396538125 0.410127189824814
0.981266820605767 0.008046227606921294 0.19009647768241214 0.3889720025646506
0.9879630010974662 0.01068586167690983 0.19883636730387533 0.3331056466302368
0.9886758566137446 0.012522619767277346 0.19854605215534762 0.32446524064171123
0.9879896709497253 0.01269699156578497 0.20679047492393046 0.44792391556483413
0.9826236840204898 0.012320288977656356 0.20925213482212013 0.3380637023021129
0.9829017443746152 0.01386560008204497 0.21091600105356198 0.13164893617021275
0.9882567309480342 0.015095164507539992 0.20190535673728952 0.316668987606183
0.987208492965717 0.012574490528001567 0.21943156333485225 0.37809699525566687
0.9913371340419755 0.01626063820341154 0.22579618562051396 0.3260502015866823
0.9911349326310518 0.015520430486686564 0.2217808845626184 0.5961494384597754
0.9943539608154436 0.016672586318417545 0.22175892843256906 0.5857935627081021
0.9855974543370554 0.01656773884315937 0.22512861309997348 0.6254791431792559
0.9884429308522231 0.017666340255572493 0.23429377395983897 0.5934871684278629
0.9885615340697937 0.016640870102129363 0.22821619833209533 0.4291325695581015
0.9920254051188854 0.016715341294215112 0.23581845549123207 0.2680936840084469
0.9909214968038498 0.017331673388756276 0.22916825487516482 0.3776595744680851
0.9891113856060954 0.017344382149384923 0.2325571942308428 0.30591348366313853
0.9893707270212768 0.01698229377366948 0.2321754332623898 0.29240625984665475
0.9929886150919078 0.016078511115082128 0.23691732333935273 0.19622790300322007
0.992155273017628 0.016513307385992937 0.23686035879812087 0.33751425313568983
0.9925391168875777 0.014830404376238596 0.23683681537368836 0.3844825104361595
0.9920838320714952 0.015436490046777869 0.24495611208958 0.17806490384615384
0.9914851516669095 0.013794110096149864 0.24398510661592981 0.46786224408823995
0.9907831682660736 0.012745881761651494 0.2428256371597671 0.10885519381849924
0.9849643379474197 0.011878478841426393 0.25991445871181457 0.5895522388059702
0.9862990183456316 0.01184454312854748 0.25436701520852634 0.21957534955981356
0.9828725832545281 0.011075419500843588 0.26578123077574123 0.26370253442076647
0.9945097549555174 0.012673700395817469 0.26230611565286316 0.336269294497253
0.9936296075423829 0.011526689410131442 0.27187692755941145 0.23604007566734395
0.9906845588347675 0.013194071870878813 0.26920761343567423 0.2513439813011297
0.9901272183572596 0.011071505324549247 0.2822490465834109 0.17145539906103285
0.9871337341555989 0.014964164680490314 0.27791878755757615 0.2686806576660874
0.9877365790788135 0.01418136435051442 0.27817380955302257 0.1473035210221364
0.9908097210323927 0.013845456773800592 0.2824020180738398 0.19883584425748385
0.9954322131410525 0.015899800058581562 0.2850813538379697 0.18501906257008296
0.98424829615999 0.015961117246012405 0.2842728671947099 0.2567941952506596
0.9895587123673859 0.017727518442276085 0.29575307395298195 0.4568905414826865
0.9867217527136818 0.018439602975905113 0.302199826893248 0.6021264689423615
0.9887927229931839 0.020058961973117108 0.30316007974446385 0.4643182854537164
0.9923051293463008 0.017206348549292327 0.31329046310056063 0.18666732702689318
0.9850136978053406 0.020455624603589958 0.3147017749077931 0.7574024226110363
0.9894109853119348 0.01886099218249961 0.3203997318441488 0.7058241214321069
0.9938503164157491 0.021750845107869947 0.3296901388448451 0.6379933497180859
0.991279385962838 0.02003791914279613 0.3191254999651987 0.40705967319671393
0.9891313638955664 0.02191919276393052 0.3257564178743389 0.3031000503488456
0.9900317743022126 0.020457101418993245 0.3424773478132871 0.4063808017858804
0.9837269927450137 0.02154347977839687 0.35914298720414123 0.4292250500428939
0.9978216021539215 0.021303081489164065 0.35546203149818634 0.2640266097652818
0.9889443569578048 0.019650468175437745 0.35791469194312797 0.22578802018855348
0.9926690132297609 0.01961423323251632 0.36085476149128953 0.2163700727133563
0.9906318422618532 0.017157018828673928 0.38032673247856524 0.29483966326071587
0.9922632454054281 0.017436653050720452 0.3572947348667194 0.5065260519995823
0.9936790963709294 0.01611280509405792 0.3700803671883199 0.2730678859465295
0.9867923905690574 0.01551307668630039 0.3773926589269047 0.2233858482833986
0.9918561180394981 0.017945888768317483 0.37644037048886925 0.15291916405035993
0.9915763233621093 0.01899199080766133 0.3858112780282658 0.14924179508474056
0.9894601462154036 0.018595060197722602 0.3835918092456607 0.1696008424100826
0.9881535771598285 0.019026444481160244 0.3801830360657529 0.1810595978851203
0.9873555996287618 0.02280799134152109 0.3913533572556475 0.22096858184342996
0.9865680479769195 0.022060831249765767 0.40028898842045013 0.24542041702474104
0.9865135329139045 0.02416792923122037 0.4165496109290244 0.5712565674255692
0.9935241464743111 0.026283560479465926 0.42675746237231854 0.5068888475144293
0.9869935298311936 0.029028072609646297 0.4212767256736007 0.209561656056121
0.9851680071406634 0.02892936175992846 0.4309930260106177 0.20641313020022037
0.9923249605268339 0.030803708811561827 0.4343769680101346 0.2014265659976477
0.9920891821018784 0.033108145914379696 0.43946513180750857 0.0972030355765263
0.9928904218412662 0.03401351341194862 0.4343509638987988 0.09981768459434823
0.9930127259791842 0.03363597220228808 0.44619672858620496 0.1138311579183239
0.9925030587191973 0.03596597435658626 0.4603193566389162 0.15328601957628685
0.9907690074634553 0.03391461877246256 0.4751935780146364 0.13563655286318696
0.9924399868889283 0.03431601321156683 0.49900734313124695 0.25019997474003286
0.9859421291146059 0.03663518231347801 0.4962604049787334 0.1919270267754646
0.9947226504127128 0.03683421992608376 0.4794793636411388 0.10373908631217958
0.9916876369644037 0.04675976204755807 0.5873631001150993 0.17827572072687525
0.991488209212414 0.035984276280623236 0.504074935202917 0.18839294199638865
0.992867464281015 0.038875712322695856 0.566194980934761 0.34880401895301705
0.9863817405048657 0.031646235324617605 0.4592190825879028 0.28740556476874884
0.9891445485305687 0.03396914985016413 0.48593467898011405 0.18566570456948533
0.990477613546031 0.034689158374293726 0.5053461740764342 0.17314130839134825
0.9904826673042795 0.030819469228597008 0.46303520580280466 0.15348596437563236
0.9920166052682936 0.03136795934290715 0.46908332580112194 0.14593914233979596
0.9872425518271332 0.03470969486691723 0.47527438618174267 0.11101408682758053
0.9913799662106269 0.03311171745897544 0.47731682123095875 0.15202347582340575
0.9920136591303171 0.03339917042203668 0.4754928323419549 0.1498517902458789
0.9916009472760986 0.032425380156879506 0.49472380290671975 0.12597275398450716
0.9958871491449599 0.03449236761683358 0.46776496502426496 0.11689090614362133
0.9908596282193356 0.03435961825829152 0.49391991561390064 0.13938878472155103
0.9892050611286103 0.035071779029620206 0.48775198081674415 0.11335146641438032
0.9904532462036404 0.03555450945278218 0.5026586934632061 0.15239125730361394
0.9854481382141912 0.03649555255994545 0.5298300950903778 0.18916647566659026
0.9847107874746021 0.039949098401101134 0.5235964905836865 0.15758067198935463
0.9951708601401713 0.04293262179498507 0.5513697505753806 0.14029653491925825
0.9904415215862103 0.04428664303371142 0.572032310177706 0.25133000693916663
0.9837158072432998 0.04108394155267107 0.5609234537169012 0.2672767003550942
0.9819763623220844 0.04353280312491197 0.5787487757822841 0.26968834641889805
0.9846565385111214 0.045998248637880886 0.5704740958664781 0.1987138579353002
0.9884715651491346 0.0524570926195239 0.5957244973997659 0.2923936333027242
0.9857213678698062 0.04847805986108912 0.5893337148808211 0.22297051328722242
0.9824892085243209 0.045143283289647576 0.6111407518942016 0.47962766846887017
0.9902495152728775 0.04797266913160787 0.6303503458055528 0.44981412639405205
0.9854132797888117 0.04957754644431372 0.6402846728213641 0.5372730070791013
0.9765451068900904 0.050083776991054776 0.6519639380376223 0.37464431116753494
0.9793165295060555 0.05448484947651628 0.6617110840445987 0.31014440433213
0.9866496943046154 0.04996320501386513 0.6771553652899577 0.30440460224465304
0.986330525066128 0.05183274458272453 0.6785037104716738 0.3096215849312744
0.9933497369672084 0.05471291866028708 0.6996703458155038 0.2184587682799231
0.9830146751446612 0.06019128586609989 0.7203961889839203 0.2922197397818373
0.9896972772209771 0.06738866305668471 0.7182207292958819 0.1613670288471552
0.9888209597967635 0.07849550286181521 0.7460541390992534 0.17534563501688527
0.9828287172870039 0.08001706003343216 0.7312008618710919 0.11604337567392448
0.991691916723683 0.0940959700774105 0.75342743990842 0.08708986420813242
0.9884154807358556 0.08629395735668255 0.7568815297279297 0.08932317753123287
0.9820730548194402 0.11951902041960563 0.7538332210932239 0.06623081095932874
0.9907958252942494 0.14759967453213996 0.7442320841132599 0.05287224774071153
0.9930422632737345 0.24056676105869004 0.8785390771866647 0.11761801541425819
0.9928525817514959 0.21800906972953799 0.9095775586684111 0.27829028290282903
0.9888824713229256 0.22902348433889977 0.9269898105677659 0.8051569153130421
0.9902530589377486 0.21709504128035095 0.9261882606855418 0.6054926921263555
0.9962396081794227 0.2339689835807607 0.9341700182415354 0.7251381215469613
0.9885222209706142 0.2415826801045166 0.9252665158221176 0.4513161151910224
0.9917415975766072 0.2404781098538003 0.912172906101383 0.29940152789652225
0.9888900431980053 0.2780619652869301 0.9071271238887132 0.20194849331621478
0.9895717985999442 0.2645014615134784 0.8999075931029752 0.18183192261185005
0.9907347634853573 0.28900749860833685 0.9201288210913408 0.2985773118682142
0.9900005901843905 0.27461156160083705 0.9118988094805087 0.26837776648338957
0.9918458045621535 0.29195042222827566 0.9055722710119486 0.20232036429384584
0.9844535151320483 0.295123439667129 0.8949109572848326 0.1867289245595453
0.9907144640126408 0.3161452205440968 0.8866718566657641 0.14000067895576604
0.993087652690657 0.3325926195767003 0.8740123914296648 0.11970173771006173
0.9880002612582973 0.3416250666408181 0.8731622794876617 0.11916167101139669
0.9872691075742798 0.31811672457507745 0.8591960539287822 0.10472867065947301
0.9937970768480051 0.3464526338504328 0.8132480019065117 0.07297295844020368
0.9907789081837495 0.36563514779684514 0.8249124127047295 0.07274156970449806
0.9965907993157143 0.3483271695192225 0.8148379017177104 0.07313964526072164
0.991125267457693 0.34901601715855357 0.7980512129119239 0.06760918935251518
0.9918535085402467 0.3626068586027317 0.8127257465739995 0.07584263678200102
0.9877286836586487 0.3838684377606533 0.8135842704184094 0.07486988000195384
0.9911909160004233 0.36048509089044434 0.8202213860195217 0.07899125801721532
0.990184091648642 0.3663965508285284 0.8202515465900837 0.08122859228479982
0.9889799237272823 0.3767089153186159 0.8108251610258861 0.0777542439525642
0.9933515778589875 0.3545511147614821 0.8132048250579634 0.08184541959432587
0.9915211940720163 0.3584938238809935 0.8211167822674814 0.08965089741061114
0.9843308225996447 0.37592214509323535 0.8206817105313104 0.08820690324828503
0.987132462557863 0.40572259941804073 0.8357923307119494 0.0996618483148155
0.9908150730605894 0.38061482022921295 0.8228408143629132 0.09319675993448066
0.9859407276253109 0.4429130937898703 0.8422900174481934 0.10751995554208346
0.9874417726299887 0.44603788048165066 0.863510775770845 0.12426226147064423
0.9916961182176522 0.4295175703243973 0.8457310963211779 0.10947386054662835
0.9953944850504541 0.46963250709088666 0.8775534269969734 0.14224931733028515
0.9910832726930884 0.458966947341963 0.8883291653772488 0.16720731885114448
0.9877936592456477 0.40821463654223966 0.8921813629058609 0.18416001113951244
0.9917633766910977 0.46062889389046546 0.878912294076007 0.15286285382681025
0.9903042048526216 0.4698518433444355 0.9001398902399655 0.19505872988335662
0.9912035103103283 0.4285523838090953 0.8745749042274347 0.1517631748122364
0.9876630764172052 0.43083881021749443 0.8933658413552482 0.19508091496148758
0.9877045971612 0.42568752688883743 0.904874537486155 0.23403681780912694
0.9907619441762082 0.4131523785838633 0.9056333001641664 0.22736401131529507
0.9908981835366665 0.42903201043985567 0.909803849003853 0.23862198368023738
0.992949895745164 0.4333769281070893 0.9283474783104263 0.3110975845945273
0.9919144326174059 0.4542625275764261 0.9186302466145778 0.2598964622613312
0.9911979810110129 0.4023478361938708 0.9375947828176447 0.401906590314786
0.9909162889938982 0.4710652580361769 0.9436632263192877 0.4084590163934426
0.9910286284188418 0.4435300725257014 0.9413743610404653 0.3725688847954563
0.9874023700819429 0.4440215586605022 0.947398898420351 0.45873790593794733
0.9883101268630486 0.4612817467051304 0.9403690391819378 0.3878303626306085
0.9803894682208528 0.3839943141435679 0.9490936030601291 0.5358988063424194
0.9959808683904124 0.3885225037602684 0.955521810707299 0.5036199647598611
0.985180595415715 0.36895876870003647 0.959146302048426 0.6384005969232119
0.9897737802487615 0.39160736556378845 0.9685787730595956 0.7021436904530429
0.9893437870045966 0.3288081741704878 0.9628496383524794 0.6577784356431456
0.985606121529457 0.3300829952733634 0.9634614771672997 0.7061906030730971
0.9929092380241137 0.20487059080484876 0.9604333020853114 0.7569893442068981
0.9933048868565757 0.27528772607048396 0.9683892215258625 0.7634237107921319
0.9926919672493915 0.2564999417045587 0.9709948448712081 0.8095567707251794
0.9898861250139458 0.28070455343182615 0.9681527448781185 0.8564592195302386
0.9842405754137966 0.3422808194844669 0.961719331513076 0.7121887633657007
0.9885759326329233 0.36337522441651704 0.9616122774347696 0.6282583820555826
0.9885823343897814 0.3529034556465978 0.952529848714658 0.5958660918082678
0.9910768170640533 0.3292764877174644 0.9554958951481708 0.6095910561929979
0.9868145020000091 0.336591196737449 0.9644520255863539 0.7645675680151016
0.9892659072603843 0.29739776951672864 0.9717124915139171 0.8751680290644869
0.9810482597875344 0.31204947125763843 0.9719918501597983 0.9515488784638468
0.9878645941716663 0.2678156848856884 0.9735368152917344 0.9096300676557038
0.9864162004682836 0.23326483319487562 0.9740055886122716 0.9187227129657833
0.9921233309464639 0.20078588818177937 0.976339758000529 0.8778661895569472
0.9903344423894367 0.0547816265060241 0.9723150095649349 0.8687350491396951
0.9903376958724424 0.07532985578398281 0.9734844462885249 0.8604900585760251
0.9907393460153294 0.008222468588322247 0.9635275646772931 0.7843712184678395
0.9881902673585298 0.0 0.9676202396141078 0.8237646556225376
0.9904519117598877 0.0 0.9770590420147259 0.9315197233221393
0.9928755843354292 0.005924055550160241 0.9717568670440813 0.8708263459203146
0.9896779262989651 0.0006519754857217369 0.9743036242618478 0.8799991331765827
0.9894661872652293 0.0 0.9815034363495361 0.9452246883284766
0.9924133081677214 0.0 0.9767491889962622 0.8508936883261963
0.9867115237807801 0.0 0.9659462758264125 0.7979486491921968
0.9879229834001115 0.0 0.9677451286903455 0.8255288099170903
0.9930817221570202 0.0 0.9788751744373874 0.8986792294102801
0.9919471134167337 0.0 0.9816467439905416 0.9324027114415612
0.9904610093442917 0.0 0.981297630784985 0.9309109328327635
0.9882281783918342 0.0 0.9794298250863966 0.9369189536279628
0.9871712644324838 0.0 0.9783235004577967 0.9379152333184527
0.9856721234209848 0.0 0.9734790462993068 0.9245552970597606
0.9933218254261327 0.0012380493844143339 0.9758927100013307 0.9300608215379799
0.9902321376988436 0.010388611004232396 0.9745558933034668 0.9212350346565847
0.9883407982680027 0.0 0.9635433002859259 0.8866042554714162
0.9891128510418015 0.0 0.9642266858969506 0.9179812332098342
0.9848663373159197 0.0007466666666666666 0.9571559629571023 0.9188017919286304
0.9846688015680141 0.001554519209415945 0.9452265910559462 0.8932870599224761
0.9947189260871494 0.0012770615422038434 0.9544591606548589 0.9139758985239128
0.9901041609285735 0.0009266409266409266 0.9290814373803955 0.872455141258925
0.9933280172066925 0.0 0.9439424854063352 0.9136906640219988
0.9949442923529533 0.0 0.9411869868920116 0.9200593172402195
0.9835401874732115 0.0 0.5320297201110247 0.4905402364508144
