0.9877921833219544 0.003918490637839895 0.18067528706738795 0.19946018893387316
0.9835038303437967 0.0034981387658470295 0.1908334872519412 0.2213047068538398
0.9880547801226146 0.0028970383470803616 0.19668283800564926 0.3124300111982083
0.983244881158811 0.005711160883331587 0.19575907807577803 0.36629930394431554
0.9834164737667893 0.005444830355411479 0.204140830402295 0.2740194788102132
0.9853531651868854 0.004749445815959713 0.181403940592022 0.26186708860759494
0.9900013986565724 0.003009507463167988 0.18468054144044035 0.3756508802380362
0.9756355251604429 0.0036390236405216617 0.17635818107928164 0.28971308607417773
0.9870041751735777 0.003347349168485177 0.18927017049273573 0.23642685209949185
0.9820110814491428 0.004197003400327293 0.20075576967137487 0.5328091106290672
0.989778155315901 0.004262336968514454 0.1924604130501339 0.4694135490394338
0.9815438985670668 0.005182436224065822 0.19900029257464136 0.41973116916053765
0.9895020321436954 0.006185004808079514 0.19640866998010076 0.32077342588001984
0.9814070166377689 0.005182132843393343 0.19906942768951724 0.31945059813912274
0.988410524589881 0.00593545086503318 0.2060701969898271 0.36485837734037446
0.9803365452500474 0.0054296218743152104 0.19009876939223266 0.3840904243975261
0.9867430620328759 0.008710837448618476 0.19856524008022583 0.3101340230425582
0.9881661499475266 0.009428347038439332 0.1983787784634018 0.4780076320546294
0.9871324803587178 0.00880116183772839 0.20656777980487032 0.39396751740139213
0.9818166534259826 0.009880951777100336 0.20890521106667007 0.45553047404063207
0.9825285227623923 0.011911187917024984 0.2143215605038352 0.44171364148816233
0.9875585641006449 0.012726794103353313 0.20170077559825578 0.43206984667802384
0.9858837911107857 0.009763252584053354 0.2196392312376227 0.5395754810553461
0.9904446055136957 0.014084521762760049 0.22548293525890267 0.5056204540445228
0.9904258735607797 0.01259186351021158 0.22154347615492886 0.538357094365241
0.993309418226932 0.01317841091961211 0.22149376442664534 0.5758858925785603
0.9846534785025067 0.013510400747200365 0.22493293705599776 0.6093892433910666
0.9878393157370681 0.01397950954392722 0.23416229814852638 0.6388327721661055
0.9873816812778247 0.015134976060377106 0.22775574492144907 0.5513796384395814
0.9911676350914058 0.014462472521720926 0.2347401790404148 0.5022727272727273
0.9896274625050426 0.014804735786311177 0.2281189376655359 0.6374097472924187
0.9880631907483987 0.014809061329075755 0.2314560885690702 0.5638070849338455
0.9884437314110736 0.015461063899329957 0.2318124760799273 0.5501274426508072
0.9917441496510965 0.014501167244809049 0.23877743013229652 0.4990761271249076
0.9914952339640123 0.01492036470183824 0.23635124589190912 0.40646084645266817
0.9911815474985554 0.013697914586220352 0.23643978547739447 0.5447858070099524
0.9907203623232756 0.014057942975735874 0.24294873812071244 0.5600158196559225
0.9906279930530549 0.012174494878612394 0.24374373470719055 0.5710347752332485
0.9906529726771685 0.01173773042952809 0.2419636801931014 0.6351752822341058
0.9849733835114266 0.010351320438521312 0.2597044775417049 0.7705895341134908
0.9851055219689259 0.010767254933284008 0.2538895680601177 0.623724971666037
0.9819588103044152 0.009557613542015722 0.26487873758807834 0.5569910397999583
0.9939236566472573 0.01054273995971942 0.26198702879185726 0.7590534979423869
0.9929065824841999 0.009873452780264934 0.27320224909392676 0.6243237828090563
0.9902451512326339 0.011219577021318452 0.26903880200197255 0.6043495610534717
0.9900871900640593 0.01028960225894634 0.2814168603734855 0.6629918266489261
0.9861462743055734 0.012980698905664468 0.27825492786250783 0.7319004524886877
0.9871189968583867 0.012232054108354028 0.2824215948360175 0.6821345707656613
0.9900315444405501 0.011691485769979679 0.2843900734754025 0.6770326615705351
0.9956799863863492 0.014475886265748049 0.28585197934595524 0.6431269502381344
0.9839903184266426 0.013915514558289542 0.2865582235043893 0.7136952846139395
0.9888129061079135 0.015159095129384265 0.2964255566066708 0.7357001972386588
0.9862912416058012 0.01673192714221305 0.3025965063886864 0.8087139308236193
0.9878868639714806 0.018147005446683 0.3031336462810125 0.7802778321267854
0.9919829761361909 0.014752925039813682 0.31664525513975467 0.7018824433346139
0.9840125837370134 0.018557854324657286 0.31450044377124586 0.7631578947368421
0.9884749963290463 0.01704001217812855 0.31988388040961746 0.729483282674772
0.9933668997580168 0.020305611264086938 0.32989041451131895 0.7491555555555556
0.9903785106672263 0.01903767987278306 0.32196530345552915 0.8061374494671076
0.9882313953583687 0.020469964280037813 0.3262777444852075 0.7545367717287488
0.9889885351149985 0.018887671360913415 0.34226107417662216 0.7486496218941303
0.982691589911696 0.02000119364624643 0.35942867371264453 0.7805591083500822
0.9972941432949897 0.019429089489655868 0.3603080266266961 0.8363335402441547
0.9876593809024619 0.01845263652906418 0.36214845682925134 0.8058098591549295
0.9919608645683748 0.01826440464743383 0.36923486589567434 0.7650581793292266
0.9897656156114516 0.01608865551349371 0.38654166026711456 0.8346666666666667
0.9911141298965781 0.0164664574966744 0.3588717388668399 0.8326961587474968
0.9927330299667296 0.01525677753249749 0.37388820922488597 0.6164340599027756
0.9864384679229623 0.014930749983358067 0.3819158434261165 0.612344699973566
0.9905153032094215 0.016872565328716477 0.37898068418329955 0.28783267499838117
0.990678968818348 0.01782803291813779 0.3887777235963747 0.3262236033618193
0.9891701348506838 0.016950945012246775 0.38653578537932926 0.3547747237177671
0.9871112074530323 0.018937850577390957 0.3838408744341481 0.36840912524550534
0.9861661524589044 0.021763019304108303 0.39581577939486784 0.39219841456714544
0.9854565462360735 0.0206240792821749 0.403561254015194 0.42063046442608487
0.9867275976142758 0.023333288045324238 0.4185817546465918 0.7682287767629885
0.9929002185382647 0.025227587271654563 0.4286962470445626 0.8367507886435331
0.9863213531926665 0.02718000518215841 0.4275269397584205 0.5832450876573715
0.9840243402062103 0.027744495712986803 0.4379902121343331 0.5556019630364415
0.991258833078686 0.0285129246423764 0.44330940073989095 0.6544639521852821
0.9911130622560245 0.03106107032161503 0.4542771953884153 0.3734806629834254
0.9920818445477693 0.03167965970913434 0.4602058341356788 0.3043726630660573
0.9922288581828462 0.03163671298212664 0.47166894220459327 0.28313758389261745
0.9915653096082737 0.03387755926242915 0.4793470981231317 0.40775591673795264
0.9899297199097269 0.03184911732075545 0.498609591817923 0.39138787678039083
0.9918447290936734 0.03181172937655108 0.509388625480468 0.5535024040727822
0.9850954269767268 0.03361767097598619 0.5134563210389002 0.6552019714989821
0.993868110758207 0.03299369396562273 0.4969815799398678 0.2296083083744992
0.9908868456875315 0.04199968370984027 0.6010462151627934 0.3940020682523268
0.9909489793504742 0.03341190463138766 0.5122391472695353 0.33024656922905277
0.9921420011166443 0.03577685398262935 0.5695448014914664 0.5297541482060638
0.9854485606857389 0.02872558029229538 0.45607805693143166 0.4451654306902453
0.9881210107316748 0.03154684912873937 0.4932065491204184 0.40926616522343723
0.9894934275645408 0.03275770670350677 0.5016580048862427 0.4106002150401619
0.9895442961624371 0.029587462542043877 0.4681460874584614 0.4031148361270953
0.9915744583451291 0.028685305809268116 0.4703697176046465 0.38547917533123405
0.9865922272523467 0.03129770640297757 0.47624138312382497 0.25283403869407495
0.9907483331662776 0.031428100908521446 0.4829799762069753 0.38222197170396255
0.9913205177743432 0.03138895111375695 0.4802029114426186 0.3653227931488801
0.9911644832254282 0.030431477269823422 0.4990007121177774 0.3423044986079226
0.9954701276206743 0.03302376761920026 0.48076584996862987 0.33087183274103477
0.9900155813114727 0.03339950672674319 0.49169040490067145 0.32297218614233886
0.98881203193104 0.032112513722952506 0.49234123100070376 0.30835594799303334
0.9900507981468193 0.033017531607624044 0.5067842390479753 0.3565248371335505
0.9851212387489016 0.03468024456889698 0.5343700715025205 0.4514877102199224
0.9840576560657501 0.037001808769413086 0.5285324530536316 0.3303390576838397
0.99469672457489 0.0395720033603042 0.5498203520374216 0.3407860792149325
0.9897514107797205 0.042097506832193855 0.5751944712259588 0.49832093237637454
0.982904939767917 0.03979648591722666 0.5653694468941519 0.6401869158878505
0.9815360228573665 0.04163391046931951 0.5835563690704451 0.7929416564667483
0.9838445767212164 0.04252899325204171 0.5824024344048299 0.8376569037656904
0.9880272998528683 0.0474200884054097 0.6043372820285676 0.7537987883603139
0.9849034287511796 0.04659545199271286 0.6061525670663035 0.5941599661447313
0.9819826176358675 0.04266662394129534 0.6169989091318475 0.8951969665051611
0.990135238393108 0.044507820377144666 0.6369093961789333 0.8593610918801305
0.9850521683402071 0.04614911750831905 0.6439473924220478 0.8073092822247275
0.9761080902949415 0.046793917242001715 0.6598562025130045 0.7867599067599068
0.979046600493548 0.05106971937839146 0.6711307191350341 0.5957625929563631
0.9863736953298692 0.0453666445286557 0.6892676917881552 0.7208811613774476
0.9860753495807114 0.04928157420486094 0.6926809688095461 0.8454870925193141
0.993145327160776 0.05232822811870223 0.7216382860969353 0.7510433523549953
0.9828777095733405 0.059385896169091505 0.7354110204315667 0.8467780890735195
0.9894740667010135 0.0637743590977733 0.7510994200827402 0.6330110497237569
0.9885059845300672 0.07276489955877845 0.7751508822226597 0.6373329640656373
0.9824024434579128 0.07419557142167978 0.7757387474784805 0.5138637237138308
0.9913087204733777 0.08963577689211555 0.8095630890829478 0.45111517729093514
0.9882124565592778 0.07938761332303483 0.8235954978098267 0.6078392880513022
0.9817287040510836 0.1142611338069268 0.8461469589860172 0.5107260726072608
0.9903723407600254 0.13951421263627622 0.8698538531130494 0.3614251578158993
0.9924253196611549 0.23061770951955926 0.9168624723323822 0.2899642644431209
0.9922164783563155 0.20924280471315435 0.9126122077928297 0.31726572528883185
0.9886761598795982 0.2104207828791643 0.9261523097573037 0.8438540972684877
0.9891720736466588 0.21193798132902988 0.9284541330872816 0.7996560619088564
0.9951164907914744 0.22993050064505388 0.9357773143078665 0.8940549405494055
0.9872082948347828 0.23758442590385379 0.9305907331206149 0.6872782564622403
0.9902270239649743 0.2332182700485267 0.9196815629778191 0.4211209950405416
0.9882791540785498 0.26910590112001076 0.9317049578337887 0.5073687222778652
0.9881755943497058 0.26110627177700346 0.9267627941749887 0.44018253576714356
0.9893073829286713 0.28272251308900526 0.9359062309328805 0.6796128475433081
0.988997459284094 0.26829756524121073 0.9166382206426945 0.3184525450835493
0.9904230704771826 0.2848815236437349 0.9101447029174679 0.22689758069085347
0.983584982153405 0.2805467316898573 0.9191352418495151 0.3553056962206391
0.9899287305014552 0.29911747685185186 0.9226581071786271 0.2924033741600343
0.9921851481398759 0.3158558073515736 0.909156619515835 0.20482916436518583
0.9869710307424167 0.33391317130537046 0.9073960392689517 0.20200612091204795
0.9865609748394824 0.30294616689804105 0.8920019608582526 0.16183374051855356
0.9934883140677612 0.32747337663905723 0.8618163493462978 0.10857634173583935
0.9902110882536713 0.34939540194094143 0.8580298482500879 0.09624080549861329
0.9960822579106843 0.332517578076474 0.8449648727027972 0.09181910705198597
0.9905575965940727 0.338088589922579 0.8186480723330102 0.07758846804212312
0.9910386644617687 0.35476285273478325 0.8368698645482259 0.0907100546392279
0.9870019946776398 0.3693068318018378 0.8355178390742495 0.08837871827118035
0.990328085109965 0.3510986743694228 0.8413030881920921 0.09295843488484223
0.989157793994497 0.36372083284257917 0.8329019119607267 0.08873935053710334
0.9879765856070909 0.367878026712042 0.822496805336314 0.0845086487627108
0.9932588346618034 0.3496579663943681 0.8305689772402535 0.09192335532809687
0.9914307070255254 0.3481478507574541 0.8318088048323183 0.09699487673085475
0.9843109363722609 0.37138660883410657 0.8263833520361006 0.09188934372426633
0.9867759202486267 0.40253758217830077 0.8438072944559453 0.10675366831174854
0.9901880956224891 0.37853994911648986 0.8373271908492453 0.10357611753673023
0.9854629001830312 0.43825593549350456 0.8571100168277083 0.12121754315650854
0.9867587419231123 0.44107085604360374 0.8668390770764081 0.1292367085144542
0.9906993263503561 0.42684926777339816 0.8554835429109687 0.11974196262665218
0.9948728659792371 0.46199001602366574 0.8713873822676483 0.13564871042447743
0.9907503797914947 0.45377081138868364 0.894082614173202 0.17982597486303578
0.9873621688717714 0.4123776395985963 0.8973954761823425 0.1962061758935426
0.991397221478672 0.454959886276368 0.891153951120197 0.1744948542733903
0.9896912561757982 0.46546640018348023 0.9066493155610518 0.21422334661711367
0.9907950079690674 0.430315852602119 0.8759123167911648 0.15505060148940233
0.987285038323614 0.4233338406642653 0.8962253926299083 0.20297175313149754
0.9872579711079359 0.4315220792910909 0.8915727911120428 0.1986354384657283
0.9902205884888464 0.42696649092388805 0.9023198141057198 0.2173638826278459
0.990323535281932 0.4350467110068817 0.8988346807354848 0.20972173030717833
0.9925577095774903 0.4362670567177967 0.9159208899251231 0.261121165661852
0.9915521311122091 0.4543747432662402 0.8885375454118931 0.18306732370204679
0.9909309808875283 0.40229551349049664 0.9158737598231415 0.2840401266176334
0.9908619042686646 0.4918973439426202 0.9242286243868143 0.2942819101931166
0.9912021270239589 0.4658652309659021 0.9285936821632843 0.30006062330656835
0.987617167327054 0.46183294963656585 0.9284107198320597 0.3293865038289211
0.988228014118648 0.4697094026767777 0.9008530709711171 0.230897514961478
0.9808102901178604 0.41261071398057697 0.9053847854652576 0.2636693958626036
0.9957391924151742 0.3906750538761722 0.8885252294417705 0.21353817106359754
0.9845598062845671 0.36727525762947744 0.8991537999955803 0.2541006418395923
0.9898921390109309 0.4249356381022435 0.9033204688748323 0.2466162590247316
0.9892893324328167 0.32610120131052056 0.9083605972688052 0.2837427496045239
0.9854563000483615 0.34834789783595244 0.9178591637606054 0.3281996486217135
0.9924829851729525 0.18176781806598155 0.9223993400218219 0.3844299666859956
0.9931484621697866 0.252628869769836 0.9082611948089598 0.3023902119292113
0.9922637301366044 0.23466054903180653 0.9002380379255931 0.28268383271162817
0.9898519267200194 0.267380683953401 0.9165410885094472 0.3680610547988597
0.9843410447176411 0.33098620047752014 0.8862144910932805 0.271071792735994
0.9885605644888615 0.4263174670633234 0.890030272050938 0.27378115804493725
0.9884046176400091 0.34485027969726884 0.9003188127117723 0.32659558885882345
0.991019272083628 0.383332731800628 0.8954132813010816 0.31117015608238197
0.9869362845209421 0.3156217578182896 0.8926718621884028 0.3256446660745134
0.9893075262680701 0.3230936523039282 0.8887307966744639 0.320367037791445
0.9813129132308149 0.29061668492721865 0.9025923266594669 0.3771598778538898
0.9883143235357048 0.29568052815909185 0.9266070538822436 0.46188198888810744
0.9870158500530877 0.29235523310493083 0.9122144041174494 0.40673615722674467
0.992987417788395 0.2083258568096178 0.9289085275236899 0.4690452780508941
0.9909482025230305 0.08821736922295581 0.9082734963654886 0.4120890299479167
0.9903843321682441 0.11294512393116138 0.9137687070164222 0.4341910269577265
0.9913112980514848 0.018060882652813515 0.8902270426045642 0.3839968699143196
0.9884186508160013 0.00313980704458526 0.9028365109162154 0.42563212843554704
0.9910506900710677 0.0 0.8970801342812965 0.4181697100613902
0.9933022958114585 0.0 0.8843262626523446 0.3882343264861308
0.9903317559725003 0.0 0.9024178560298656 0.4485371108418808
0.9907934606755633 0.0 0.9195162760548544 0.5143664681467582
0.9931409480932474 0.0 0.8905839370838686 0.4291367426840821
0.9875457633910625 0.0 0.8817609095868273 0.42922968236040554
0.9884422021551953 0.0 0.871752251780348 0.4284696654062628
0.9939604802874161 0.0009381840925674972 0.8971201845213561 0.4934851022323647
0.9925296057354893 0.0 0.9250227083411818 0.6010566149266651
0.9911693845199185 0.0 0.9481408009091785 0.7239387379461236
0.9893489660136665 0.0 0.9636701405163222 0.8351186017478153
0.9885995745941951 0.0 0.9660090976685721 0.8608365019011407
0.9867968074932388 0.0 0.9513020254886717 0.8043560705820384
0.9943108919194638 0.0 0.9592597440589506 0.842708536974349
0.9911445693872545 0.005574016507664273 0.9660031918789759 0.8852023328133849
0.9890530340649518 0.0 0.9506401166282006 0.8370955134544543
0.9903032249151485 0.0 0.9480217936044507 0.8574253199423338
0.985981302608918 0.0 0.9378354082614849 0.8528432498884068
0.9855770063626487 0.0 0.930344869276687 0.8538851435127477
0.9956950524530683 0.0016259105098855359 0.9359943036919953 0.868354349431141
0.9911715992846204 0.004223864836325237 0.9195972454835639 0.8520196703637594
0.9941226884220253 0.0 0.933738101607447 0.8954298782147848
0.9961388317990003 0.0005657937277723893 0.9255877918819698 0.8899956417520157
0.9828689750266689 0.0 0.5433606785317019 0.5149953500730703
