0.9877152134573248 0.00323934606815703 0.1790282014885945 0.061589904001725815
0.9833911368015414 0.0034426905642849135 0.18741587022475786 0.08353104802421664
0.9879559536003665 0.0029865589686214225 0.19431351802621072 0.1436729100045683
0.9837761780486808 0.005689018443008657 0.19378246410536532 0.1803834615886266
0.983878438099839 0.004947456108576166 0.20226692247784664 0.14122533748701974
0.9861719761933053 0.004374541858737523 0.1796716587883623 0.17600929422015685
0.9904566329031009 0.003850820277470064 0.18277918674075547 0.21381327906385145
0.9758617284420654 0.0036962806722738105 0.17495868418981664 0.19109984509224054
0.9873310293645798 0.003994749757461622 0.18711739269487052 0.2002708396027686
0.982767605408767 0.004266978037209694 0.19815434941010496 0.23684531803198633
0.9907187291097539 0.004502460680864155 0.19068471801954603 0.30876494023904383
0.9822816999435582 0.004701711942954125 0.19690146910298592 0.24668013856812934
0.9897042075019085 0.005177674032495505 0.19462081409212661 0.2638014745549362
0.981962882987462 0.005049092473791269 0.19675332534712092 0.17271518145544365
0.9885363932534825 0.0046141772858960765 0.2038086087057245 0.18199398366996133
0.9807286170056079 0.005885765908896209 0.1886969646413972 0.12968782736224596
0.9874250481508848 0.008100756859035005 0.19740956770878554 0.11308403567629491
0.9881088189720355 0.008896055623362367 0.1978202609396093 0.12304371289800324
0.9870702995699261 0.007338749359817636 0.20768284749766158 0.11219654869844983
0.9823739674142763 0.009523007679877625 0.2104767288486904 0.10440573770491804
0.9826715072991457 0.010336654387999055 0.21614146237677595 0.07597722429873895
0.9878837211478186 0.012583665024072042 0.20460245359865253 0.08167371436366117
0.9866158631885109 0.0077990639456575975 0.2240144664860018 0.06650459731382083
0.9906874745834008 0.0135948283429546 0.2273337948341485 0.051204564666103125
0.9913315105851578 0.012411262396129255 0.22463165979451408 0.09766634366925064
0.9939562384314999 0.013505290839907811 0.22612710333753352 0.07586334143116331
0.9852232628754845 0.013712300375090303 0.2293298469849676 0.08821434627776836
0.9885142822504687 0.014635656686592998 0.23646048713834553 0.1360907944514502
0.9881853759880693 0.014593619960682997 0.2344719120664485 0.05497720767518287
0.991103743905195 0.013717658043540611 0.240347475865564 0.04596102931372736
0.9903409458187991 0.015183180884112867 0.23421872762025178 0.06629640865283644
0.9889232301524084 0.014805470175380923 0.2372748648983128 0.046421201630369904
0.9892786631844604 0.014554573265713659 0.23656638363407262 0.040918444388517966
0.9917652993716883 0.013783380822666643 0.24216289987092318 0.041448737416343286
0.9915910727495705 0.014385839636047055 0.24233560827645975 0.033410539382654376
0.99157478102651 0.012925631277958937 0.2465099013364479 0.04058819000692894
0.9911549379217653 0.012862331772225101 0.2519150067190322 0.04436309757266745
0.9910946914806699 0.010705522520852257 0.2515392867592081 0.05393062091697941
0.9906214280829613 0.010306803566458241 0.24825526463156009 0.049237243556023144
0.985961511499613 0.009116936794194046 0.2652329546828769 0.08330964563198787
0.9853436593636369 0.009782039884746576 0.2570738887826135 0.05700996677740864
0.9816398646386173 0.008927666159716107 0.2685185781493014 0.0491343174776745
0.9937015721715151 0.010719984410343235 0.26781211060642895 0.07223084833941643
0.9931259273489259 0.00927629861310034 0.2794620931654256 0.0635350797952424
0.9904145704642425 0.011600891668174748 0.2751055896899365 0.06759110548103242
0.9902115457252758 0.009099553970425655 0.2890030246681289 0.06517524813895782
0.9868604237458556 0.011995478408770372 0.2841181883339019 0.0789552622557422
0.9871972085462386 0.011925344869651366 0.2829870867906826 0.055190401669274906
0.990272947609985 0.01017637493047329 0.2896320856680984 0.09648433406685529
0.9952861136926989 0.012285961812869471 0.2891342685181245 0.07210243856510687
0.9842775130808854 0.012559301249272493 0.28956710199353547 0.12325681539633641
0.9891549327767359 0.014159464176238722 0.29887409239775864 0.14542620788874236
0.9861573661340498 0.014739095578715476 0.30450664285266654 0.22386826743033375
0.9883131912723456 0.01757255202171341 0.30400372586726043 0.29202652683528685
0.9919113409031769 0.012427034322778408 0.31760628836076343 0.12508813989564235
0.9841935456677068 0.017864243309722402 0.31475451290235623 0.49512967961506865
0.9885144751043488 0.015867235154767022 0.3209740979022774 0.37446156791423374
0.9934143460076408 0.020162922875810785 0.3318921126388519 0.295238801542569
0.990856188920075 0.018555690687322147 0.3218411380503654 0.22238570677877037
0.9890502487142737 0.020682649329540836 0.326699290165541 0.33245962627885345
0.9892368088548636 0.019302184883869634 0.3419629274658945 0.4428951569984034
0.9832004172945404 0.020178546484310514 0.3596408991205743 0.6245471014492754
0.9977572777735038 0.019775213554678057 0.3602918528906772 0.693089430894309
0.9883601719766696 0.01774532272763876 0.3624098380233648 0.7584905660377359
0.99277327151108 0.01841956022993839 0.3682921708780413 0.5336260978670012
0.9903958823978053 0.01658877543300314 0.386259835278249 0.7233648010788941
0.9919379180063653 0.017180803537625126 0.3584988793474153 0.6958333333333333
0.9932318184214998 0.014770490979316674 0.3738239890033651 0.619733093417304
0.9869181420154337 0.014873319001692909 0.3822843672919407 0.6179366149696561
0.9911647195251525 0.01696980914667369 0.3847016225673763 0.5356487709428885
0.991268473524568 0.01830227623735223 0.3932840492562903 0.49535336070888264
0.9894367381454593 0.017156539551692218 0.3913749668258759 0.5798561151079137
0.9878441949144423 0.018551083817003947 0.38636940600556585 0.4484516616314199
0.9868916305243228 0.021440425441666137 0.3981643803246861 0.46314378709553894
0.9861947676583721 0.020288791550778222 0.4049559578432013 0.4671903881700554
0.9876504594545962 0.02330139816539184 0.4174497829656691 0.5952550415183867
0.9934331697250802 0.02409781380089874 0.42743387885146894 0.6620254827269145
0.9871143816635234 0.026997819225728147 0.4259999153477013 0.4547260857223957
0.9843426454462784 0.027288096714723847 0.4367034678272675 0.4889437221220461
0.9916309650711267 0.027364776708498323 0.4421020595971624 0.5710811408357285
0.9915898784281806 0.02950225444257802 0.457904848188249 0.5393970893970894
0.9928573789378258 0.03131241127072355 0.46582421792078316 0.4631510522466889
0.9929573814370806 0.031442821407615576 0.47839637123207907 0.45070209874679146
0.9921532422863873 0.03390817629207655 0.4838373101048371 0.6542110134197131
0.9903862699125248 0.03134287942639125 0.49875845506782 0.39512460107285935
0.9924998619354187 0.03201409373975746 0.5071662610036269 0.42512220411790846
0.9857440153088172 0.033295002182054716 0.5107966571278435 0.4745026839280076
0.9945190272599143 0.03302873212602073 0.4999513897228887 0.2202061855670103
0.9915604311751808 0.04010477806634998 0.5931753053445733 0.17270672802025758
0.9911704112984675 0.0314960499098665 0.509075089553321 0.1845394424579945
0.992676650035621 0.03442195432060955 0.5634990543796471 0.3166923362897658
0.9858529494068934 0.028738808281020118 0.44564152396466283 0.22994854721549637
0.989054096352992 0.03214072985744351 0.4860574552444838 0.24936237002158132
0.9900176075488929 0.03161306279249792 0.48477000933427433 0.1158644625079916
0.9899310394540823 0.028346610551630843 0.4429137416283386 0.10707415032569442
0.991835874207169 0.027619438055591562 0.46466736967283934 0.09216357049033617
0.9873122815475474 0.031307355314733686 0.457622528888925 0.08526198852064433
0.9915432612363044 0.031262788343492214 0.46844626509643594 0.09573103040613601
0.9918748468005927 0.030249819804622203 0.4634983289108876 0.14408488063660477
0.9914551567640342 0.02916217027335943 0.4838147224663033 0.11239887356957987
0.9959901232429728 0.0316643504894786 0.4561706031024197 0.11586344723651017
0.9908916581062696 0.032344700040938625 0.4798321271765795 0.1267868572647749
0.9891939675118953 0.032255676606427315 0.48508775799281467 0.14629600565016088
0.9904765282358643 0.0323751911012705 0.5094005366134545 0.2406311637080868
0.9854342761193853 0.032084093952620726 0.5333557871991812 0.20188522317715554
0.9847512171951075 0.03568575463769246 0.5236184350233671 0.19501747562610044
0.9955321868952969 0.039558302168704526 0.5457423815413313 0.19312943904913757
0.9904419713524575 0.04150575370667005 0.561068232153395 0.18892936652499495
0.9833653354665404 0.03776487356422398 0.555181236401687 0.29279815632802
0.981396566253787 0.03935191712299025 0.5714329760959829 0.2940048329561582
0.9840280145030834 0.0406737963753712 0.5777822657644242 0.48532842234499696
0.9889570536835196 0.04730100126489839 0.6021372238259656 0.5257688820698794
0.9857278925773214 0.04562937746996909 0.6043202084616508 0.45473002633889376
0.9824212376446575 0.039667972385742906 0.6135142706159787 0.6101818181818182
0.990280016884418 0.04061621729811774 0.6324307092806982 0.5190738165769905
0.985495281666724 0.04544940451421121 0.6400441484383032 0.5455013184127596
0.9764300302847224 0.042310900687633865 0.6566147628943049 0.6223708658491267
0.9795047416313054 0.04740232100174473 0.6665021416399282 0.43087193599347706
0.9869351385754788 0.043661607282387875 0.6828397235938933 0.4246472904930455
0.9862834501977823 0.04360095641121787 0.6859666391885159 0.5028635597978663
0.9930847445233553 0.047502322152402396 0.7146283669275422 0.4523638232271326
0.9830809430565604 0.05405374730085947 0.7299437763023681 0.5458752892613672
0.9897725724296791 0.059151356290881106 0.7473143644927813 0.5023660173874767
0.9889862780280636 0.06943944664347687 0.7741848945682186 0.6069219634162389
0.9828927880633546 0.07070257974461046 0.7789183361409077 0.6853833748717197
0.9918192597851221 0.08404639439980406 0.8132541747407916 0.6812701265633191
0.9884083753731258 0.0747991253380258 0.82346468383128 0.6359724024865087
0.9823023109722399 0.10932957050532036 0.844730622273292 0.4677094859672065
0.9905390348130318 0.1315291342868374 0.8667090143358087 0.32471884767827797
0.9932653187411117 0.225558745130203 0.9080137854539693 0.21691659796341273
0.9927878539989133 0.19690448283150472 0.8892695666601788 0.16661886525062
0.9892811147930022 0.20830608559855546 0.8610954299402314 0.10864754538618542
0.9896953496195012 0.2042822185970636 0.8571758019881177 0.10113207547169811
0.9954998601210523 0.2216689489190423 0.8931289494318968 0.16954354260788285
0.9882371832511678 0.23001294491457427 0.899046163923635 0.19600919839933367
0.9909845037156518 0.22601428172497706 0.8751825536837071 0.13413463336782913
0.9888866867437847 0.26485663764353023 0.8712890223205102 0.11001931985790556
0.9887497773305666 0.25403256383312933 0.875713490213207 0.12193069250628362
0.989931899702016 0.2768032894449062 0.8951979200215683 0.16542155816435433
0.9894405478145006 0.2622565972877235 0.8379315269779253 0.08581778907814504
0.9909176292998991 0.2756082856525349 0.854007016728287 0.09868183162946649
0.9838735866235442 0.2799826477720184 0.8029736962086904 0.06923424756184021
0.9902201229297242 0.30110268034294924 0.8188716122447008 0.07157806124238562
0.9930978067604355 0.3126991296280472 0.8032272653617977 0.06592149540380828
0.9880769951802421 0.32252368542828613 0.7913460190269288 0.06091355799145175
0.9870152585894854 0.2904917103585093 0.7874949870867354 0.06042349818734313
0.993729291802581 0.32467391697076997 0.7683449190340338 0.055569420181349305
0.9905800331781609 0.34490101437679066 0.7649369197810045 0.05119254678390827
0.9961509069456077 0.327563183144567 0.7656315776340922 0.05493060864570566
0.9909442137306581 0.32768432715551976 0.7474602319704445 0.05198924670708525
0.9917874302494906 0.3406613776228961 0.7407556864911113 0.05132605644557242
0.9876829509732437 0.3606945049474143 0.7548345038269195 0.05344337071782935
0.9907715498795505 0.33381830354843695 0.7578803428785545 0.05526330339723387
0.9896977142850307 0.343571901491646 0.753274037886487 0.055537714495753614
0.9887268322315357 0.3532324845073472 0.7535601495193379 0.05702721455554699
0.9938483356238046 0.3357032745056347 0.7593956759658326 0.060507995643045445
0.9920829605913649 0.3360201109293324 0.7713668185876051 0.06686829944156733
0.9849122023061005 0.35461620091970286 0.7714619244730201 0.06600172866764226
0.9874763522756769 0.38527702226947025 0.786316232970202 0.07247008803248753
0.9910013196192758 0.3571487478351706 0.7675055896443089 0.06743454809657902
0.9859508690250502 0.4118168782982749 0.7642745122017726 0.06708270196985405
0.9872053565912347 0.4092167658572292 0.772962999156926 0.0689455411984634
0.9910721979370687 0.40245349651849416 0.7660580516938336 0.06774018236347899
0.9953455429694246 0.43961211149481993 0.7907526553182751 0.0777033249427717
0.991086950971267 0.43297198499984246 0.7860497509778837 0.07892227817600306
0.9880988425982318 0.3860391408702074 0.768575650979331 0.07430780280348943
0.9921632836571498 0.4351955761567862 0.7650973182359454 0.07269565217391305
0.9902350951257282 0.440172062783214 0.78483343586834 0.08184593253501046
0.9914993170224249 0.40306029106029106 0.7630256656872396 0.0743484965304549
0.9880721331759907 0.4055102109933281 0.7642156508650595 0.0782415502020285
0.9880792841583657 0.4063788383521884 0.7840118113238218 0.0894493339932431
0.9906843968819277 0.4032106928802532 0.7831400659560607 0.08818719547313858
0.9910800103686134 0.393520916048104 0.7876910905325255 0.09288409886784756
0.9934121565438595 0.40029277500626 0.8065448874802755 0.10446466267972553
0.9921121943503964 0.428984989986715 0.7813739080520717 0.08851029563081328
0.9914529029764739 0.3687581268073049 0.8110130447222448 0.11564963211276472
0.990791422203454 0.4426928949968562 0.7994225208475849 0.10698353966387716
0.9916927679972792 0.40707705804942246 0.8147303906768915 0.11250906656251744
0.9881792962876638 0.40112749349522986 0.807922813017275 0.11817000400210448
0.9889836523543248 0.43745741539859184 0.7996921870322191 0.11278233954927992
0.9815046482007769 0.3365731980044727 0.7895442179268352 0.11324813996332146
0.9959569937223139 0.3520286746775568 0.7924182719628681 0.11626451287228673
0.9855036157082561 0.3183873270557841 0.7980015287922542 0.12469074081195759
0.990713446515176 0.33750560454341655 0.8013833645622296 0.12264715494081548
0.9902057710081047 0.2855045332746026 0.812521695009098 0.14051662713194377
0.9864565787603815 0.29509568922877905 0.8137874394804443 0.14614880622385537
0.9924860280828584 0.1674808482291551 0.8260372163757546 0.16817862870890135
0.9937561176538326 0.23231058234189106 0.8206846798335201 0.15962265199510947
0.9931557455016834 0.23038685107235918 0.8301915297343309 0.1698178084712765
0.9910189330302458 0.2690249314710873 0.8336258014000357 0.18642695091830114
0.9853807075225454 0.3128678158520806 0.8229882081882548 0.17639626570579564
0.9898342325843332 0.3752493903790734 0.8128248937654102 0.1688269481574649
0.9893102664241387 0.3030426113285577 0.8233433803815923 0.19265233793399528
0.992223528246145 0.3065848572345204 0.8277361442948006 0.1977255819861013
0.9883315133315134 0.26517273576097106 0.8392861854620635 0.2248741149084959
0.9907585108684146 0.25948045286337157 0.839491404229939 0.22914982452469493
0.982495156888941 0.2286333049733158 0.8381672229038513 0.23865143031563285
0.9892394633718621 0.16712431352970544 0.8701614410229714 0.2907618369526522
0.9879779597915116 0.22213390686366186 0.8497825957472155 0.25922527301837645
0.9940743664602403 0.10058675607711651 0.8665893041830175 0.28702752142725013
0.9921602226394687 0.04122253094215711 0.8392034103471692 0.26038242751197516
0.9917392595647126 0.028280226241809935 0.8564388873430333 0.2909702258488489
0.9921982549383254 0.0 0.8322557037020208 0.27143197445080125
0.9897745392284721 0.0 0.8317705487313961 0.2739852142270406
0.9922312601992276 0.0 0.8356042095448832 0.29068334680615615
0.9945574810508658 0.0 0.8447129831293855 0.3085847817279242
0.9914998954225693 0.0 0.8222483890063972 0.28862736744945594
0.9910607509020295 0.0 0.8581179110018172 0.35394856576024136
0.993457824717152 0.0 0.8708913680818938 0.38435269854204385
0.9890117136527398 0.0 0.903725818516318 0.48445816641575873
0.9894912351056253 0.0 0.8988957648567532 0.49347818797572346
0.994746606973602 0.0 0.9363633335276531 0.628964177435022
0.9933176021436054 0.0 0.9447531810195676 0.6837922994897252
0.9922651406292392 0.0 0.9656780776743252 0.8172560334754254
0.9907815731432249 0.0 0.9776923024287772 0.9216800960054861
0.9893825265436836 0.0 0.9768709051368166 0.9275804625375795
0.9885952039260328 0.0 0.9726148517522561 0.9153717909925304
0.9953950439160146 0.0 0.9760152793644773 0.929898465591117
0.9924810719483848 0.0024246622791825423 0.973992808749802 0.9190828514431454
0.9905332818576914 0.0 0.9616278307487235 0.8808065148358739
0.9906878849208669 0.0 0.9599769188302951 0.9036125604545435
0.9870728022336132 0.0 0.9514081196944213 0.9006484474921601
0.9866115162729945 0.0 0.9372797043362788 0.8726763499849901
0.9964052440565798 0.0018010806483890335 0.9473744929929808 0.8951610253285179
0.9924265051510047 0.007725613379743612 0.9299178560071534 0.8695896306858989
0.994532103026049 0.0 0.9244849666705189 0.8751218260515304
0.9970102580126666 0.0009329940627650551 0.9316478713174229 0.9027927758989712
0.9870144386215954 0.0 0.5672757010822148 0.5664849553383404
