0.9890392094832239 0.0045542383239452104 0.18169228487865036 0.028565002249212774
0.9843149755611136 0.005023123586057779 0.18881234073459052 0.019404213298222516
0.9895245713329024 0.0039048091605367696 0.1962814328691125 0.025481780695110662
0.9852898076045086 0.00729517057292453 0.1958783331680689 0.030329888500877457
0.9853206513264874 0.0077842209489181425 0.20692754616974157 0.01985761435858269
0.987803715943168 0.006662765136053585 0.18399637884955253 0.026194253481403137
0.9917013638254035 0.005526696414532507 0.18601782604241368 0.04340714387944959
0.9776090192107952 0.005251579022070825 0.1782126793442283 0.046198886085590515
0.9886843645392814 0.005646494077418569 0.18813678919877797 0.07846247142790502
0.9847365956709446 0.00600982607052169 0.201460655271495 0.0522545909047207
0.9927247569994978 0.005872803620756503 0.1937820593417122 0.06559970790482565
0.9841907488152591 0.006325064349592901 0.20251961284978426 0.037751457040797146
0.9911016206042252 0.007026185777937234 0.1956800784631024 0.05204979609358231
0.9835186861184618 0.0073437642020326805 0.20323502934115764 0.021807180622626023
0.9890933551145918 0.006394450277840045 0.2090248271573867 0.024372546687284405
0.9820240474619678 0.006461415963143258 0.19545896594224457 0.024713549879112794
0.9893971145809359 0.009229489831007815 0.20319510559727258 0.02696726956395665
0.9893614591510084 0.00990587096333531 0.20269642578641514 0.027497924588248557
0.9879336692327085 0.008827173758060532 0.21963775323521936 0.018091379201614428
0.9833363718370952 0.01066237371969856 0.22126253697642262 0.01960674292401786
0.9832591239889491 0.012275899428937266 0.2208261719378111 0.01749776052553001
0.9890954510581763 0.01350211910085746 0.2132197012327671 0.022039001650644083
0.9877156614858332 0.009721228258231324 0.23151473204580444 0.024674556692345702
0.9916785106829143 0.015014064256725974 0.232582594955984 0.02058090669046822
0.9917002061621507 0.013729373075029005 0.23812262418680372 0.022133631998997486
0.9948428250876545 0.01556685737620895 0.2384605322338159 0.025535656761768777
0.986457961450076 0.016122487595660585 0.24517930576256577 0.024727058129241666
0.9889076609379551 0.016358751520030596 0.25089876067973166 0.026248554214787577
0.9891667887811025 0.015969481797669827 0.24496601445407704 0.018089449333212375
0.9923344222184625 0.01571930470857016 0.2510957916179397 0.019733476738237957
0.9918530435573687 0.01754905773349876 0.2444319785586765 0.022027434686094825
0.9898631991105525 0.01547767246373239 0.24803966469281283 0.018223276399603867
0.9898007260086369 0.015149936781644413 0.23986997439157862 0.018863059940880555
0.99238921285661 0.015507133075754322 0.24782381723427035 0.019558771201518207
0.9925478217276766 0.015606667382709608 0.24972029161968123 0.01812993854258121
0.9928964115222905 0.014239678383562009 0.2548698712343026 0.019436511388925666
0.9919905806094698 0.014441908115001567 0.2592174405517202 0.019030654235109752
0.9917308205739928 0.012816663111659663 0.2641269752271451 0.022536975813467898
0.9909708750901874 0.01169718886801665 0.25210955587421413 0.02404332129963899
0.9864097452070953 0.011071991302095057 0.26927009236782673 0.03983396210098477
0.9860769659924836 0.011729453494040715 0.2597202262336353 0.02791425871012893
0.982660668159752 0.010584443993896258 0.2711242631662894 0.024740721262789925
0.99467321297908 0.012916302235816001 0.27070091192842044 0.02926195873626216
0.9939953524634597 0.011942835038798361 0.2814596998530589 0.025024729350991922
0.9916143839297769 0.013971114300178653 0.27709457331793846 0.025506288871511157
0.9906437976624908 0.010698204755486999 0.29251766503703175 0.028403970841422762
0.9874021592616552 0.013887646927012267 0.2855781322061229 0.029964664310954063
0.9881003062915943 0.013853001272419127 0.28043221817740466 0.02691568071444868
0.9915245282240813 0.01159925374243077 0.28623602810561044 0.03780794900241252
0.9956244499961991 0.014173225003131442 0.290448405706128 0.036110318911573756
0.9847798240218778 0.01379507285086721 0.28233584870821815 0.03990899517157788
0.9906781585987583 0.01692244009047728 0.2961750830701071 0.04072064634074424
0.9872930318596624 0.01749049091946647 0.30232113054352183 0.060443012044902086
0.9895836525742978 0.020035099294647807 0.3018279267505914 0.04791839639425928
0.9929756939800348 0.015972993023964665 0.30984131645074026 0.03459252787557417
0.9860167649499111 0.020242311492174276 0.30994121287383 0.0749905493951613
0.9902343400240441 0.019126146872230503 0.3261549212582049 0.07597437174708419
0.9946580038844386 0.022522447681415005 0.3382960770624441 0.049432837134589784
0.9920763376648251 0.021266424051267947 0.32257344859545817 0.04478816408876934
0.9902765515480938 0.024172597939154043 0.3344558748093963 0.04006036856598178
0.9906962106465562 0.023009517534046512 0.34781588145014636 0.058183682687729665
0.98437483700849 0.022897381905229715 0.36469207155014344 0.0500068272290903
0.9979532139899047 0.0224762791634158 0.3704817259348579 0.040510001952961526
0.9898610424815624 0.021618576416168135 0.3751867571785132 0.05167825564426131
0.9934685101266993 0.022349730437382097 0.36387400081079896 0.053618319210173265
0.9913149486650604 0.01970177298706055 0.3845466528583476 0.06591809961772298
0.9926535433896453 0.01964057260085239 0.35501396209580144 0.16197850305465714
0.9941987082988227 0.018890917030680188 0.3700144891859787 0.12316777391120953
0.9877692347580953 0.018197900372724937 0.3839547862828436 0.0873951601814932
0.992393563784741 0.020377457787411648 0.38406686728849454 0.08154993244482994
0.9921925417441477 0.020936345012289265 0.38814560376529816 0.10053632766205331
0.9902576655872546 0.02045235049985644 0.3838222933436783 0.13700144793997632
0.989105323983976 0.021394563266984423 0.38496422312725703 0.10294292626819498
0.9879804982865256 0.024263775851450595 0.3938997311198495 0.1654498127103041
0.9872620799423406 0.023375879539548165 0.39987144469262315 0.1726663941899582
0.9873155437988443 0.02634612329795626 0.4161699663784589 0.13596865739112965
0.9943067394754824 0.027361289922822187 0.4266702460356596 0.1889804682088932
0.9877091654062841 0.029878549575290538 0.42381130814500484 0.14775371642894297
0.9856550420283996 0.03033112432802738 0.43221453471225024 0.19797170313109463
0.9925501726717947 0.031099595381736452 0.43958869518179544 0.3564909055092258
0.9923716475414018 0.03327322110748802 0.4563712748717208 0.4361087576061003
0.9938773342146887 0.03497895070662801 0.46233519352522684 0.33532305311446414
0.9938511799469089 0.03474296227355723 0.47446235022175753 0.32825176993437033
0.9932055847208343 0.03685720762826346 0.48043402032463045 0.4253313487844638
0.9916857657218975 0.0340450432634483 0.4878167940430567 0.20248447204968945
0.9927663042967613 0.034205017150832316 0.5061645116532423 0.3893990247609398
0.9863082344951937 0.0358719033553307 0.506212879502676 0.32714957286559165
0.9953531828458927 0.03550612196998344 0.48428400581283887 0.08644971917247608
0.9924824779561384 0.04392621982958539 0.5852890669719519 0.07783112312676253
0.99176587313319 0.033908966432928095 0.49649884114552373 0.10949521823542101
0.9932162927508092 0.03632618477722795 0.5597278033184643 0.20938456307378442
0.9867517866057041 0.030663754488579574 0.4345163555408864 0.1470731537551333
0.9900444992436676 0.03434804772423738 0.4699675106731466 0.11534922481293078
0.9913630816562898 0.03469090593850387 0.47594180651946905 0.0599373321396598
0.9911772725580144 0.03152686860249012 0.4396091824034103 0.06104327510996733
0.9931153204899626 0.029250974932041058 0.4622060667899581 0.05285024228787332
0.9882598216437696 0.03291010103493203 0.4644400967369666 0.04464919882968533
0.9923668730500632 0.033354659317404466 0.47589612321315844 0.04497544842907815
0.9928653360862583 0.033604208919119034 0.46670424130077587 0.05092660969863207
0.9918788704707577 0.03256015787903492 0.4934374589277446 0.0477363782051282
0.996536360401258 0.034781014984036435 0.4636962061638735 0.0516262591770531
0.9922956802011003 0.03435152792882882 0.4815464344799948 0.054953212164837145
0.9906583629893239 0.03446345766899189 0.4758815508167964 0.05529593919346893
0.9920673477565524 0.034108389393692616 0.5055772861056678 0.06320944870752149
0.9864243779570926 0.03511425751265047 0.5228939196252127 0.06362894767509614
0.9864127982368225 0.03732408870550403 0.50647886291792 0.07279657160194175
0.9966153457697834 0.04157765750866238 0.5310336794880497 0.06221996480853302
0.9916698535559049 0.045157393789250586 0.5497032751842384 0.07055389304007784
0.9846716025274637 0.041460397167100614 0.5386472433146253 0.07322891432586867
0.9830188610014763 0.04351419324907354 0.5630272554961208 0.07423476202319433
0.985828085279379 0.04382789691302221 0.5546626333948748 0.08100509056469753
0.9906461237441959 0.0507732253186517 0.5942452224884008 0.10932312343708057
0.9869022772248579 0.04903905207856576 0.5810880965158554 0.10357851229853796
0.9833084286891421 0.04382184770387442 0.6027675594124953 0.1479412267213395
0.9915845139802579 0.045878551142278894 0.6113527076206106 0.1412540106529264
0.9869678628925435 0.04827302315859521 0.6275872503530361 0.24348760922898807
0.9773993982027822 0.04619960790499583 0.6411602139905175 0.23426611204148884
0.9812400379676559 0.052893971428237686 0.6516436270610314 0.21229063800948786
0.9886898158206311 0.046966259240283977 0.667305664127857 0.20869337522911757
0.9863153528373797 0.04907659033016974 0.6716653464000263 0.24822188731128209
0.9942397005114175 0.052669652450505845 0.6927892152059962 0.18384941590654505
0.9849714453579457 0.059688625471457334 0.7161404932731993 0.24642241497250117
0.991833657322457 0.06352191809632546 0.7298276248660038 0.21749976901044074
0.9911517446745894 0.07633519211062165 0.76097157712011 0.27029024646786254
0.9849705388767779 0.08014868201167724 0.7708120909883021 0.3506488772236804
0.9931737366332941 0.09433977147680257 0.8106696821014069 0.4737719830200121
0.9894369386898436 0.08181395188529675 0.8180642356477753 0.40420658059142023
0.9837571208127859 0.12032770097286226 0.835569893279231 0.27497708524289644
0.9908246618008046 0.1390852516464262 0.8261206322201234 0.1247375600498191
0.9938623616683104 0.2415284566146547 0.8861731549688773 0.13370113705173922
0.9937904272239779 0.21868201682613633 0.8631176060681944 0.10736122326981364
0.9900753272055632 0.22176180958416614 0.7693215951785352 0.050428913086026074
0.9910539635263161 0.21253467123511177 0.7834532757695812 0.05403066271018793
0.9963633525831123 0.24235191565314848 0.8601766910033316 0.10521047656119668
0.9890939416378498 0.2524583498293333 0.8595452225559129 0.10514698317386384
0.9924384158715263 0.2448093431822719 0.7955278631575707 0.06148904691977274
0.9891987851048542 0.2827658764802006 0.7904568308792321 0.05511826894973947
0.9906503022884372 0.2739754253923153 0.7713858513363884 0.05039272069812975
0.991317676012416 0.2938322710646779 0.8152958935487395 0.06813881252454568
0.9901761313701648 0.2788458506333106 0.7694925509807046 0.05387217618344874
0.9927051737690056 0.2924630323175521 0.7867978444205079 0.05922044396068025
0.9851264498313842 0.29030816331091197 0.7547194477642895 0.052879589838888984
0.9908015275494069 0.3082555306265229 0.7731008171224104 0.055329262974269516
0.9936062590975254 0.3398981860595089 0.7651182272622153 0.054550292708887706
0.9894551356476644 0.34885597935748963 0.7591425477933453 0.051571271392661246
0.9886623821629901 0.30672626649638146 0.7544592503266003 0.05119239413648388
0.9946512230666158 0.3355987445678416 0.7518291671431171 0.05286990669568791
0.9918195677692432 0.35077278149473573 0.7586829404195768 0.049991840921276544
0.9972000332427305 0.3351407017718001 0.7550092161514061 0.053058779083301214
0.9926747585502683 0.33390317719611495 0.7451406013175651 0.05310538669256635
0.9932316383359617 0.3616136281801363 0.7483001303476586 0.05365081616579383
0.9889135870404696 0.3884119905089631 0.7478298477282574 0.05255352778413933
0.9922567582028465 0.33573764558369207 0.7615158370673288 0.05695659290427923
0.9913719166833136 0.36306281594106354 0.7581551067157111 0.05737470578329201
0.990425935325731 0.38517691976769197 0.7703897679260051 0.0622761376138441
0.9945680393965332 0.3293352524121755 0.7715790312130735 0.06515847323646766
0.9927966101694915 0.3494752100501973 0.7825522908551595 0.07290133853381793
0.9861872765726478 0.3712485446202315 0.7715124806744453 0.06651047104863286
0.9890329595809608 0.4038141809290954 0.7877246422977887 0.07406720888282073
0.9925464007608005 0.370731910521127 0.7821788751751108 0.07380188749610611
0.9867859763526206 0.44217564959834854 0.7821629542741595 0.07421235966210996
0.9892959302854185 0.4485940879596251 0.802306394913396 0.08121233287240018
0.9937145658357892 0.43801712250057456 0.8026405559698871 0.08229230533415083
0.9964037459813261 0.4723139036858507 0.8255790771622622 0.09587365790643994
0.9927079888368638 0.4505121608611247 0.8279473649837819 0.10257180135277516
0.9893878157090025 0.4088969013390037 0.8174365889498678 0.09832523243220619
0.9932489891441614 0.4711997523260172 0.814079463294123 0.0947243621909344
0.9918735345458316 0.4687064456359552 0.8289846532027916 0.10649329452408803
0.9930187092149126 0.44828044525668714 0.8066063526055826 0.09345727938109143
0.9895296175830017 0.43381036069964013 0.8099535580372901 0.09920244674783156
0.9891619911085735 0.4459746985765888 0.8285927822787769 0.1165071442283959
0.9913431947700766 0.431122358687573 0.8181049432421994 0.10689644722354105
0.9921753438480017 0.43331753105148385 0.8338140025124549 0.120742119089317
0.9943282873514845 0.44048900507458094 0.8521156256016538 0.13903110981080555
0.9925835043113966 0.45181591458187204 0.8302970343793383 0.1156504442381647
0.9915931991372452 0.406946149798281 0.8563354627993747 0.15580077580305757
0.9923963690332378 0.4959697172122022 0.861329005499955 0.15618740504170414
0.9931715242334481 0.4315273089345994 0.8835323543650153 0.18046041632761758
0.9896668814639118 0.436777806057521 0.8720349342033163 0.1797816922209393
0.9902081883157947 0.47843452694643995 0.8815412853348671 0.19232254465881948
0.981713086508727 0.38200383262305865 0.8728066378127025 0.19310485919069925
0.9955580321064987 0.3800174013921114 0.8820263197350308 0.2036029602246074
0.9863367291133804 0.3520483053109154 0.8799880174393915 0.2120478117430586
0.9912018268846429 0.40554830977475415 0.8874931721927959 0.21333431451909632
0.9910089543882723 0.3340926077517173 0.9041157198300521 0.26890922200096135
0.987571426840298 0.3499318586853968 0.9070099265233316 0.28369504532846523
0.9924890008381373 0.2015876444540447 0.9248197123137457 0.3994205006686531
0.9941393060601834 0.2875279017857143 0.9295038577115727 0.38217559093101783
0.9939623851841202 0.24002065963255367 0.9312037506204053 0.39401954631040975
0.9915261630956838 0.3060378661810418 0.9406605347251996 0.4890030481395838
0.9859657642345514 0.33244639827240474 0.9202558480543375 0.37292060864080734
0.9900589326071222 0.38849065116045917 0.9285146722016698 0.39073813110452404
0.9899582615867284 0.3327904259462522 0.9319681176767695 0.44921112342356606
0.9921357937300174 0.32695522942597066 0.9248551830448464 0.409
0.9884085195221044 0.31909153877000473 0.9416019984256172 0.5358641497219878
0.9919306321944195 0.27146719600260105 0.9456456589030141 0.5674791984061878
0.9834609068065623 0.305796716836638 0.9564146304793534 0.7020707989366167
0.9898112111940325 0.15351778656126483 0.964219483656236 0.7874779939511578
0.9881359424256174 0.23206769947165756 0.9627669572893179 0.7479952132707941
0.994921732098504 0.10328408686365255 0.9698276395861765 0.8019077354950517
0.9926649713196369 0.06359627142427583 0.963301132846303 0.7448702010068807
0.9926763570766786 0.07995689655172414 0.9635748814383357 0.7348030721678452
0.992471088357067 0.006073258682862023 0.9518818666818245 0.6705944250317663
0.990198924785007 0.00011386279533162539 0.9606691852798653 0.7429605749354697
0.9925534648875272 0.0 0.9717714010784069 0.853854451150942
0.9951594413743987 0.027476356396217025 0.9687697074166184 0.8232204666804974
0.9906390611543969 0.005797314155720261 0.9676993023488772 0.8054182556584617
0.9908310113305235 0.0 0.9766247160182722 0.8846910947528143
0.9928241861887889 0.0 0.9774675311967959 0.8566800558036759
0.9897957889717929 0.0 0.9754222748174749 0.8716022200816477
0.9897408200513781 0.00010814318157240186 0.9765223413765977 0.8983039017240176
0.9939038684032092 0.0 0.982053544424976 0.9267002999254521
0.9924385728435522 0.0 0.9814062502618661 0.9312381871885713
0.9923703333442179 0.0 0.9817667410846721 0.9330759808470361
0.9911565679787298 0.0 0.9787866672260087 0.9366378383626818
0.9898590718438642 0.0 0.977873687115189 0.9398244120533132
0.9893025592816507 0.0027002700270027003 0.9735806603526764 0.9235204532121292
0.9957133794860309 0.0016917984553144539 0.9758805326688393 0.9324144429409605
0.9929924023150344 0.02307535225648356 0.9745998032512108 0.9258799027770184
0.9910826665607444 0.005155150193318132 0.9641023386510305 0.8959061375297563
0.9912011861109591 6.319914049168932e-05 0.9580964877994305 0.9003471177190554
0.9873701640451223 0.005323918403945304 0.9444887145976129 0.8830322782203667
0.986694168682327 0.004073992512662409 0.9255339247976783 0.8480023712578587
0.9960992667655805 0.017893628877468887 0.9352196605223283 0.870357673084987
0.9929904483077692 0.027543348166334202 0.9279066992781722 0.8725377002233528
0.9945033927418471 0.007609384908053266 0.9076946646315515 0.8541149938796554
0.9964582193862048 0.007501312729727702 0.9102658307358641 0.8773444972198357
0.9868302220567012 0.12543289529863846 0.6017188188629352 0.6305540208880058
