0.9846865719905595 0.005253082847348974 0.1760366395940414 0.005667353618620439
0.9801844222091426 0.005837355677877921 0.18449323808502827 0.0044132456608020855
0.9848466351112056 0.00482651889974348 0.19126332726563516 0.0097783318399626
0.9807236231367901 0.005043475462461055 0.18978780816877222 0.006948131391242123
0.9811644016337788 0.006481398912065373 0.19801799456610272 0.013424230947270967
0.9831767278853383 0.005098847281220736 0.17599419006643857 0.005054479418886199
0.9872117350293496 0.004864495328114501 0.17949534679825938 0.023514743831366522
0.9726481306759978 0.006472642788597892 0.17267553234033353 0.027364378300528083
0.9839893662636138 0.006028902415231237 0.18553565102346012 0.02419434804164601
0.9790814213178004 0.006026599963036593 0.19873189556288892 0.05103744335797758
0.9866794701334515 0.005551686802960513 0.18948490726262585 0.048628739236474046
0.9787478926807315 0.006237685569926455 0.19688473959140482 0.040813704496788006
0.9860572586524323 0.006592289634810387 0.1924567555717768 0.02221583836062434
0.9781211917752799 0.006579981278142573 0.19469552001385967 0.02316792638843247
0.9864774521413064 0.007230331239549912 0.2007916672914041 0.01869442756944828
0.977352018171947 0.00737653369984341 0.18409518289744325 0.02822525127357841
0.9842743449662641 0.007906667651185114 0.19213633759573723 0.00939070351758794
0.9856645000126224 0.008882111771023075 0.1921466737221143 0.030743509961454512
0.9856250141968527 0.0096204557258506 0.20096851123395265 0.013900113140455795
0.9799116129918481 0.009595117277598382 0.20477690637273346 0.008781578200397388
0.9794559923255346 0.009855235222270496 0.2067373671271742 0.01382309669700742
0.9848603219973849 0.011542004989770666 0.19471390249264076 0.010701616081986599
0.9840849114595377 0.010506643050626886 0.21105360101933704 0.032404874953504144
0.9884053646750577 0.013474810141908225 0.21455947243929904 0.020545871361218045
0.9896617915692769 0.011923676791939815 0.21467024342438562 0.008373076674075832
0.9909199682941633 0.0126262442308793 0.2152071616836923 0.01627149166059255
0.9822173024838003 0.013040615262466406 0.22096490180738534 0.02167231460319962
0.9858108478394454 0.013951515292215706 0.22670508486422306 0.020545699610214564
0.9848415902198058 0.012747881258780323 0.22277799633543952 0.0198312810395265
0.9874475700298755 0.012420361199903446 0.22689912172268187 0.02556307862373912
0.9876606166818694 0.013683002058668453 0.22295737478546687 0.0291000117338757
0.9868322383380584 0.012924024670153158 0.22644810771043705 0.01149709046023629
0.9858741434665318 0.013074402882204874 0.22432971828534184 0.015306861530042331
0.9879211752025004 0.013558257399565232 0.23173408159840314 0.03158499523730326
0.9882058977885444 0.013575890608058878 0.22959393915100013 0.014385058613153189
0.9879684524627496 0.012252083785144054 0.23133296349646124 0.020084126837385596
0.9873204195352208 0.013172984533366395 0.2389612351719903 0.023946617027653768
0.9877184342320622 0.011242593142494126 0.24132806194206946 0.01851145765813856
0.9888966996961935 0.009770939980135661 0.2374745609376193 0.029177923581628715
0.9836919852073641 0.009103032965074273 0.25448649474738244 0.053881674617955455
0.9818631815717759 0.00984469934309197 0.24674616967299895 0.037977741030452795
0.9785361557652728 0.00856888623660612 0.2581817602269513 0.018855893605392603
0.9905999657726329 0.010830657417137308 0.2543826859052567 0.05006085045319964
0.9906704293448438 0.010590968439251813 0.2664157249784203 0.03373114996761958
0.9869947423657316 0.01135222304787645 0.264169704484722 0.03374455059827474
0.9877821929061129 0.010608732633066704 0.2778614510800369 0.038221823080377186
0.9854033422735713 0.011734330222260536 0.27526754422318733 0.05288915600583841
0.9850514189240802 0.011493464345458287 0.2749096903302942 0.05634821606177327
0.9886699393083107 0.012100549832187188 0.2755655532579469 0.04343029669627823
0.9931671533458387 0.013616271226705242 0.2798636096119018 0.04719227987227211
0.9829061786061374 0.013849592545480675 0.2808770445153012 0.061126279193101686
0.985495212183315 0.013818390608864991 0.29008032349678625 0.06035932024872901
0.9839698790970718 0.01713469670833458 0.29754496017863435 0.07771144804268583
0.9860438886845654 0.017336354656384303 0.29826469067999356 0.06906356932864234
0.9878860839534996 0.016442614551478378 0.3087774497303709 0.04208211699586761
0.9818081740364197 0.016943653922751437 0.30996161591042315 0.08239789258846145
0.9850273521539075 0.017083720865017457 0.315216000247803 0.07242402445603309
0.9891838846789167 0.018068406648737663 0.322969675216869 0.0693924438393465
0.9867735627318794 0.017525142437463677 0.3145515445347517 0.06590507998557793
0.9856083431795374 0.01813741463956141 0.32075255961243526 0.06249485723689624
0.986526967046493 0.01844725759119875 0.33336261616097157 0.07225715412231007
0.9800032456618252 0.0175899119553322 0.34922413514461015 0.06071211199026172
0.994685445768582 0.017752320112673223 0.35422017700068337 0.04588134524944648
0.9850663384763163 0.017210032827796328 0.3547296419722155 0.062009556028319326
0.9890810858317779 0.017895741768138913 0.3540443149967382 0.0528424265547501
0.9862658633034499 0.015666024739595413 0.3720840007592837 0.05851165208351382
0.9888533212719477 0.015635496926468418 0.3493956752218976 0.07566227540002868
0.990083559319848 0.01445192297796577 0.36570364894474305 0.040693570661347246
0.9837931522354273 0.014910689621023772 0.37481258630893666 0.06879685257057791
0.9883200403704893 0.016877637130801686 0.3743385151026664 0.048678595492999924
0.9880339571722754 0.016926922966057058 0.38381742053779644 0.049086619480957196
0.986740448363229 0.01632683927933472 0.3809557260737665 0.05460791281686804
0.984130234830847 0.017941124107719517 0.38042874169427726 0.052772821996671715
0.9834020219267899 0.01990766653566906 0.38615386852727407 0.08188440795299042
0.9830699069157244 0.01809234061047775 0.39852065756115107 0.0797016699580114
0.9881948931659612 0.021148773723716596 0.41339221942199655 0.06842068262504833
0.9909505534770703 0.022363008515965715 0.42357769693176334 0.08617983561191193
0.9835788131566761 0.024064111930220716 0.42219060607820824 0.06137407978630372
0.9814682394947498 0.02604201254413691 0.43166029928338295 0.06771865831417016
0.9900219214457647 0.0280582368151048 0.43206985191119585 0.08751694769606813
0.9893859317010876 0.029372384690988917 0.4505690327810291 0.06603464674972323
0.9904835090378334 0.029407831570596375 0.44666774632269707 0.07388869026337742
0.990988751256308 0.028439207529060304 0.43885324943808435 0.06935773650264325
0.989597936245567 0.030970293957961685 0.43774843346773373 0.07789006277752258
0.9877746432710204 0.028715162882303302 0.4483437376518166 0.06929324115712464
0.9910175874227413 0.02860520365510026 0.48109593536616474 0.11910005221695008
0.9830024911252929 0.030639454429446225 0.4768047616767478 0.09951469747015297
0.9920564955238235 0.030295923519160925 0.45611675881436176 0.06132112967147772
0.9885128395954352 0.03777323510362694 0.5667393948123499 0.07944278661697768
0.9879435568281407 0.03033452688813739 0.49319691446229247 0.08534489812617625
0.9895850743897856 0.032607829658876784 0.5572084171180031 0.1260711324057864
0.9834492800709553 0.026604988527866184 0.45123971539763585 0.10824309663684932
0.9865797532321776 0.02780735932453558 0.4805527472140022 0.08160900513160073
0.9877724652704297 0.028832210458774463 0.49924309275531636 0.07226011522415735
0.986462000600781 0.026944656611689922 0.4620756407186026 0.06497279350733191
0.9878867826788823 0.026833873518499588 0.4612807963500622 0.05810147299509002
0.9837961567854121 0.02763184155983726 0.46810965071275273 0.06075270506656611
0.9889909630733521 0.02775310493624162 0.47169972335614807 0.06057305282376862
0.988853535871908 0.029522238106462505 0.4706416318698981 0.05975563378221568
0.9892878650917881 0.028933901783096905 0.49204748525662056 0.0605028862146561
0.9939166105283418 0.029609154241712468 0.47337374659700027 0.05357730922846986
0.9883277050954102 0.028908439106587934 0.48999971331387243 0.06357220779471535
0.9874187035056461 0.030215223805758588 0.4889465200597371 0.05970149253731343
0.9872939463007273 0.029321035842299798 0.4988799780266343 0.07074987584836948
0.9844328189839728 0.029081917330625512 0.5243184068361983 0.07270406735258227
0.9817965690291107 0.03241664217931654 0.5185367034967956 0.0699897575964493
0.9935807132674482 0.036486567617487 0.5421381752429745 0.06021955147087703
0.9881922354746999 0.035656543831676824 0.5615301416015018 0.06899144750694326
0.9800698937334903 0.0342010858585399 0.5455577947386315 0.07219471527770717
0.9783102467663517 0.03765410467968526 0.5739232047927056 0.06778842438760528
0.9811359111858171 0.04018622524386639 0.5679708515415868 0.06966176332802398
0.9861652926803092 0.04387341997301049 0.5915739038712519 0.07042499255929473
0.9833050428383944 0.04146647883691441 0.5888016623591174 0.07064768881264778
0.9790517733418507 0.03938077457034803 0.5993380884996062 0.08892667916059323
0.9868662144205889 0.03822393020357291 0.6176020689511869 0.0782791185729276
0.9828666806821729 0.04264159707824516 0.6218901647932298 0.08168034173574691
0.9736879753319181 0.04263317527446708 0.6364710266209702 0.0904550308291137
0.9765507165911675 0.04738566667600191 0.6459738914864908 0.08640796273305107
0.9845407820137104 0.042297115597365306 0.6633132314871066 0.09234467370551837
0.9843593139035699 0.046045144963228424 0.6675270965283876 0.08902286078901626
0.9924261335640564 0.04874356003256111 0.688314788191504 0.06701819483774371
0.9807880224113853 0.05520015604284394 0.7131243127186534 0.07001748325577074
0.9873444333415523 0.061798156566110284 0.7246769951796028 0.06438468420379963
0.9863759936591701 0.0710356588324287 0.7513973741846498 0.07218652044099282
0.9803990091975653 0.07090281731686068 0.7583960697105201 0.06843655953048602
0.9888201841139356 0.08542565364938676 0.7685065812855147 0.053207015424876075
0.9860946934398815 0.07941388051520964 0.7618253380492103 0.05172048453741745
0.9792925967287667 0.10408205066718623 0.7534238843558614 0.047491255416820664
0.9889745722926974 0.1372297819098305 0.7419453761532635 0.04232974028029331
0.9914624656537752 0.23189158368460708 0.7793673143269612 0.04431570271973627
0.9895459534830339 0.20528515264305228 0.8586576886061912 0.09671165772056907
0.9855389342878368 0.20958431236039798 0.8916799123223053 0.18068571647597692
0.9862521892466837 0.20694384654659764 0.919552236642242 0.4440224188244013
0.9929447034829672 0.21086517464450846 0.9117816513968753 0.27496861393808264
0.9851408259970231 0.22316042144617215 0.8690262182531572 0.11386877576027626
0.9884374609941335 0.2173238921972368 0.8389783731036478 0.08309143091430914
0.9871178405572756 0.2455665268650309 0.8437385766781461 0.07830534947286216
0.985705688356082 0.23932309205392172 0.8250945130968148 0.06977816973068313
0.9870939919725931 0.2638073236030745 0.8636327775944099 0.10212008257266689
0.9872020922090522 0.24564528084335366 0.8408650693061339 0.08556718205834053
0.9878290961048043 0.2676424464192368 0.8279858402290816 0.07564920591620702
0.9807722390552538 0.27567778936392073 0.8252714978704788 0.07941006982135917
0.9880757256883492 0.29418755273509456 0.8532646089494241 0.09265381888289609
0.9916748476395059 0.32417279631981216 0.8609657503568678 0.1013643626828369
0.9850815230538488 0.3237358113557302 0.8560363772084209 0.09673796229708219
0.9837281646326872 0.30627664367656743 0.8436074102942851 0.08810842766744761
0.989938887149176 0.3343528939381414 0.8125102296906541 0.06997213813790801
0.9868091010867751 0.3476121452548062 0.8253563746107169 0.07190200127529381
0.9926251973646394 0.3292362782932701 0.8081418980250528 0.06944044408368463
0.9872068878320155 0.33247409965466207 0.773453162806775 0.05787716236885758
0.9884151172905767 0.34114599096863235 0.8010352712439727 0.06896952192442084
0.9851052833679086 0.3644716878072465 0.7885834924323281 0.0631617880665949
0.9879402436486927 0.33730299050313195 0.7965378165685696 0.06593449811714042
0.9866539686945536 0.32822323121444963 0.778306052528312 0.06167289108091145
0.9865915823811087 0.3564132718455582 0.7906984526532125 0.06713571246927184
0.9903284141374015 0.3333203672008713 0.7912544585635133 0.07010266318142214
0.9877883550299759 0.32862350107549043 0.7977389124807163 0.07670142085749122
0.9805933816295711 0.3362645139307525 0.7992507306937399 0.07776774815620224
0.9839252244657429 0.3640004854958126 0.7929606984016965 0.07500096198245344
0.9874138195278837 0.3479027518033663 0.8039452712188052 0.0827989920924325
0.9824450250559499 0.3929040173476375 0.7962661876135657 0.08085387557454772
0.9834340509463259 0.4137050854113489 0.7983757316365737 0.0786027867913724
0.9875597528952134 0.3928298904453044 0.7939007073330517 0.07806170072636472
0.9918238707501805 0.42400794230151545 0.8242715445081368 0.09436350739346319
0.9884197355470128 0.42609073474769266 0.8309638970317117 0.10277268164353213
0.9852645182546192 0.3876910618483652 0.8371828518520985 0.11065659485993382
0.9898606329514364 0.4278109926476327 0.83024303543915 0.10215467163567583
0.9872922854989872 0.41844388646982167 0.8649871347340411 0.1355292859688725
0.9883058163661033 0.40417340051335676 0.825462508292399 0.1017559608521446
0.9846600849429609 0.4170285732600439 0.8259317585301837 0.10809700643342048
0.9849010636264619 0.39010113440936556 0.8313127090301003 0.11661965277575828
0.988853658845137 0.3799983290166263 0.8407350227054428 0.12245119436640098
0.9885615704555413 0.4029439489522152 0.8651133980122928 0.1509985143706074
0.9903142117867269 0.4148424603459413 0.8887402172869613 0.19013687216296207
0.9895653948548144 0.4256944051592465 0.8784883266700998 0.1665478961787575
0.9897961766147234 0.36841376924407543 0.8758119083528678 0.18356112675170255
0.98986782011381 0.4485720156153688 0.8828025103126129 0.18711767655339992
0.9890718356466587 0.41871532319906174 0.8826209664564215 0.17905718876592663
0.9847436829044244 0.40750145602795573 0.8924176634063412 0.21613225527484614
0.9862213390087509 0.4145866699519527 0.8861091139312974 0.20396505376344087
0.9774704171015843 0.3920066949002105 0.8938032462102244 0.23646522729738526
0.9940361272624806 0.39499026994660946 0.8992003788172351 0.23968251279097347
0.9827112770971679 0.3598203999645526 0.8921789431059263 0.23676091244752415
0.987062560844392 0.3326817701156792 0.8991024389911012 0.24694545581851282
0.9867009104522045 0.3438975691693341 0.9060070622956828 0.2799350649350649
0.9828729811280015 0.28266616314199394 0.90152694045104 0.28480330270833143
0.9902086505837407 0.17864519763402498 0.9162450006124758 0.3752495240293083
0.9909277153421109 0.27615955751946375 0.9063649970857346 0.3038457358162452
0.9896652377991161 0.2474034788647915 0.9110359894335355 0.3298923056468309
0.9873853869777512 0.2748816485658591 0.9200008295621381 0.39667702815113176
0.9811148121414397 0.311193729903537 0.9260260243885009 0.42748374685656676
0.9855119224227588 0.3255019917079912 0.91505326404369 0.3588213216649426
0.985898517939587 0.32339667458432303 0.9182824553204185 0.40681064909416215
0.9891945100812946 0.3111354375722192 0.915521124223043 0.39268696439513806
0.9854004713636886 0.29056003768918204 0.9239209102684148 0.46366489372541825
0.9876332529366277 0.25674024598843365 0.9210138530461551 0.45715994136254917
0.9785073046841447 0.30064328570544935 0.9329588915137593 0.5521878406335506
0.9850472520004797 0.2664207334229531 0.9402091764896375 0.5840786616715605
0.98508263064317 0.23418705766606365 0.9331459632675221 0.5433107213101593
0.9904083491890422 0.2141139016625398 0.9350237482315805 0.5175140717309392
0.9887134883901831 0.17083670615939361 0.9429923610962837 0.6055624016911625
0.9883678974588066 0.14212612944864467 0.9402471557825689 0.5706646923330043
0.9894140682412083 0.10485581000848176 0.9161255116848063 0.483148573113971
0.9860796123018079 0.0886349104859335 0.9221895330515004 0.5220751132105228
0.9886117847545389 0.0684400110834026 0.9287805611684258 0.5515446620981753
0.9906733263992867 0.06123600032229474 0.9361140677844372 0.596048916664023
0.9881118675938364 0.007866660111116574 0.9453396065909522 0.6716628329746976
0.9887781520096763 0.007955077211043519 0.9614171514039508 0.7984125368881653
0.9911871548504485 0.0070373788647900325 0.9489216669706365 0.7010141556052244
0.9845098767764819 0.004281472274014226 0.9418274472333492 0.675422417265577
0.9852303565893434 0.005070086489710707 0.928860680696473 0.6375353488056879
0.9915877612199953 0.02031327835279792 0.9412203983504489 0.693170643341442
0.9913155225742237 0.0067908947682946705 0.9588795218042847 0.8168772588861379
0.9884987300367046 0.010924045752473976 0.966851482270714 0.8854547375092426
0.9870099518715842 0.03902627511591963 0.96436795167006 0.8829464007478965
0.9876669243876625 0.012158250241235125 0.9608193569679897 0.8700196921832146
0.9844461319198441 0.045505651221965794 0.9502670796848703 0.8407025078936458
0.9928576169764037 0.022942327007453613 0.957743365961299 0.8715298721178361
0.9888136407838919 0.056581828133552274 0.9632163157458972 0.9042298027868728
0.9871879069732796 0.02176012360780274 0.9416022245374107 0.8394357311697438
0.9896141453870191 0.015278726935468124 0.9361897275851965 0.8433925343372034
0.984620582236785 0.019309689403429954 0.9236653970169875 0.8414557186294592
0.9834885522443838 0.013040119950929165 0.8997705539344398 0.8001720975258073
0.994392834466561 0.020187049624367556 0.9018347632306243 0.8151908715498857
0.9891542254452154 0.02730147148242734 0.8636734243683849 0.7807000962331592
0.9925384236429174 0.01637085663343869 0.8571731153501049 0.8009860735090178
0.9944027876598617 0.011528372221455198 0.8599764626284668 0.8159364930880366
0.9845492462194468 0.0 0.693266161539537 0.7704489242307385
