0.9847661829500356 0.007175716977845345 0.18513957525431723 0.009452995715548704
0.980513884120322 0.006847465627662681 0.18844171042499597 0.009401544711530742
0.9844654527528157 0.007063951227935883 0.19746660057245 0.011232472055578856
0.9806640253251174 0.007360784076958683 0.19647257278085062 0.012312572559151037
0.9803539640360156 0.008007812103893681 0.20666820572195005 0.01153868898021939
0.9825308554104467 0.007009773165785856 0.18279553137430585 0.011941366358053608
0.9867383328292314 0.006347653866914989 0.18597598256494136 0.01320636265307203
0.9717236710446632 0.008238503560429137 0.18049729825994412 0.011791781739057662
0.9827591276287644 0.007061643206780414 0.18767091595137872 0.012844855412307517
0.9773459163405377 0.008069370158500242 0.20325634216755098 0.01586381806577312
0.9853400485792478 0.006908356037418007 0.19515752064388 0.017477336523859924
0.9770830259210074 0.008130565420350915 0.20861971604088778 0.012258625196950534
0.9848465189501924 0.007888822150316792 0.19929419335002785 0.012892665187272712
0.9769825469221319 0.008822176449388952 0.20300607535065782 0.01402923864457787
0.98542235575915 0.008249370215183441 0.2099435212105901 0.009070921887747342
0.9768374972761812 0.009472990162327432 0.1955181177564439 0.011953974165459387
0.9840466124792557 0.01028687394097017 0.20258086764367797 0.009476188240449473
0.9851451762394948 0.010363288983786212 0.2062198263059197 0.015435439214699219
0.9857360426723283 0.010757186338182744 0.21432795284861167 0.010425146398466426
0.980504539625059 0.011746365331131672 0.21989298751700373 0.009159797844246502
0.9794647528023183 0.011536786444429643 0.22038210083736065 0.011027752707581228
0.9850720434131737 0.013550039552560397 0.2150170237070884 0.010292017530900675
0.9843847319444832 0.01200023293346422 0.23179781670897312 0.011382077549814016
0.9883764297818876 0.015542029046033055 0.23213477332988425 0.008766336381127702
0.9896414962102752 0.013474246760506972 0.23896100240656387 0.007858091790687543
0.9912789786831083 0.014407088491613132 0.2375046358504526 0.011476558640734316
0.9826589528586499 0.01441272782857269 0.24556952601301724 0.01082626902257175
0.9855801909505438 0.015435388781823286 0.25165148323736364 0.012267964194345499
0.9852632788823315 0.014607370266983843 0.24660669532144777 0.007615971634963168
0.9884995320540049 0.014679223269302745 0.24606826259017872 0.010033518204609165
0.9882604323780795 0.015256438334191881 0.24258443438848346 0.01363442937814121
0.9870252517862952 0.014423239803172928 0.24539679260387884 0.007190291685218693
0.9865847046583532 0.014851424511893389 0.23906634705530638 0.006121571919724954
0.9886173911335467 0.01461061959621635 0.25207633954873915 0.011452157256225486
0.9889545202031376 0.015631947972559245 0.25231733037656506 0.00447627165772476
0.9880433555656983 0.013752475895824125 0.2558102604256069 0.00496321983044669
0.988001096818736 0.014662274668042008 0.2649077513416056 0.008053462664536378
0.9877464221096047 0.013539309625573837 0.27286560970747853 0.007300728335598977
0.9885949312163492 0.01218503725388044 0.25579334029064393 0.011168560683574122
0.9840020590563715 0.011909183718950904 0.2745683697612856 0.015585828845733347
0.9828443667145392 0.01200166727737175 0.2666998836200933 0.013071553311666373
0.9793629435740561 0.01183178355234962 0.27318561453600165 0.010114353120095149
0.9913313064745398 0.012226680029616318 0.27264474534875366 0.016597939598546153
0.9910971276449166 0.01249577631356648 0.28056816209763513 0.0142129188916774
0.9880098733229233 0.013163893559531877 0.28347187955590447 0.012571851836819595
0.9885042400496697 0.01228236529189402 0.3008435783416165 0.01605922128102244
0.985894047419517 0.01370025820769154 0.29014518277044365 0.017949058231351844
0.9857942371700846 0.013049723290101812 0.29088999897874834 0.016907052381671218
0.9887345438328072 0.013877955470870191 0.2966476195795213 0.016762510113219612
0.9937205671729146 0.015033525717195722 0.30002473904646165 0.018766332293686253
0.9831242679106728 0.015407301833292909 0.3000366667223555 0.01783114112530658
0.9863054322710747 0.015503325574206346 0.3092943604328524 0.019891143557256907
0.9841155973306418 0.018095490369280116 0.3167461296667877 0.02760077737223806
0.9862928051018569 0.018717501222559704 0.31808486494728744 0.019726461256273104
0.9881685729085855 0.01808322419062062 0.32759163597341395 0.016153330181106432
0.9820925359473975 0.018238907282282717 0.3304845868611825 0.027729714667133257
0.9855758096670606 0.01941344813361893 0.33228857760525915 0.0235676379539089
0.98990087855211 0.02042987693259195 0.3370935510108505 0.024527852091224538
0.9875492573417528 0.019674111403269738 0.3254931012130753 0.02943293948248846
0.9870229177474071 0.020057436607777226 0.33511370066408447 0.024748847815814882
0.9873614379336347 0.020373910778440172 0.3493515732564881 0.024957014261151007
0.981065194384587 0.01961498208112651 0.3663076385863989 0.025399894533309895
0.9951584968729531 0.019832155588147247 0.3740701118478407 0.021293827627588573
0.9862982068061014 0.019038949863971026 0.3771583997762954 0.022962151999587302
0.9902040939047053 0.01956565129770206 0.367424349466948 0.02377876440688484
0.9876534650605194 0.017953726061146095 0.3905481067010848 0.026503817176982768
0.9891104053148402 0.018015280649553683 0.3708116063500569 0.0271404051232162
0.990609800273617 0.01592529313534761 0.38788335000550683 0.022507930458565455
0.9835654353120351 0.016674208115294187 0.397956443779678 0.025759979078189582
0.989075931868499 0.018432123963843878 0.39513643447995545 0.02368552800428135
0.9891181064907716 0.019107437236766583 0.40628841406854715 0.022375440415050286
0.9875753781223787 0.019374593292637604 0.4008277838822479 0.025071247896899428
0.9854107085542925 0.02013588634959852 0.40327474651217676 0.025185167959257234
0.9848206330991497 0.02176661287781812 0.40950020674379833 0.029078244481373243
0.9830365541176089 0.01984111056703031 0.4192349428854511 0.03122412229393131
0.9869079153372883 0.023354086490183414 0.42913716204288666 0.031023604038718965
0.9915375567617597 0.024807148774090924 0.4440637327210764 0.03232338486038275
0.9840459760713697 0.02675824153008641 0.43897528585435297 0.02996581667259894
0.9820710439681732 0.028540718581480946 0.4497430236519306 0.034445195184843014
0.9907276402525005 0.029845326619713095 0.44021833454823145 0.0360665401426271
0.9897562069837246 0.030991437544703435 0.45641442328066417 0.03452841856213368
0.9906476195872346 0.03170713384217801 0.4396401481436455 0.03588254316494303
0.9914567476494568 0.031792942862260434 0.4371207092431231 0.03819093548923541
0.9901094518024941 0.03312564804639236 0.43631188457330417 0.0385632934324134
0.9882382687031193 0.031612218269051535 0.43948428481966045 0.039353796870076674
0.9914585483882346 0.03175898434171632 0.472939306894545 0.04761640138133608
0.9835072941749665 0.03324266949714741 0.4704696128399447 0.046411191745008365
0.9924242334957778 0.03323441556219353 0.443366604592367 0.03563456583632082
0.9888602348064672 0.04223946493168931 0.5229798338791163 0.041172800998128506
0.9883481228911132 0.033704904339525076 0.47483477333622665 0.03880640587204938
0.9903781298934683 0.03680254071311176 0.5404201071805312 0.06274463796247907
0.9839248617421907 0.02948713203999911 0.44958505231280355 0.047379930347452824
0.9873252460865953 0.0311942746715828 0.45822211970430904 0.042085484175159435
0.9890877179138615 0.03175795634404667 0.46348088701878215 0.03975853588425053
0.9882236744875118 0.02875023830933227 0.4316468385543248 0.0336164323066732
0.9893661876813061 0.030652170644050465 0.45157212128700164 0.03387450971823138
0.9846580362093489 0.030314435650378526 0.4543154346011006 0.03069956855430093
0.9891893980745728 0.030458359477847908 0.47421078605943484 0.0269478446315069
0.9893414444775834 0.031320595780526095 0.48348885972066 0.02666033857884745
0.9896872627738548 0.03153570363899255 0.5064051805590764 0.02706544960186444
0.9943751699117301 0.03221471758056373 0.4853068032576431 0.028276085107742186
0.9889373078401802 0.032311638845940106 0.49965861310889054 0.031526934617263275
0.9880197372247524 0.032144379478683274 0.5002982136453782 0.03251449794748159
0.9881971306165297 0.03366232109029678 0.5113920817597201 0.037864293418463854
0.9850128191565862 0.034597260710801006 0.5324650687295636 0.041269062186101726
0.9825138909175546 0.037762247437407366 0.5268244952508233 0.03886029450461545
0.993972686442574 0.03907116957286947 0.5604052290999647 0.030809263596148842
0.9884517083507302 0.04027610015061364 0.5824419719948186 0.03442957586754366
0.9805712614662547 0.03803055841739871 0.5708001329496516 0.03693586754954259
0.9788337461394979 0.04069799040085159 0.6015855750733511 0.03648234209486538
0.9821219397007473 0.04345865717590796 0.5909384446094873 0.03692221099592624
0.9867069003816212 0.04758792453997695 0.613377432211014 0.03763099799538176
0.983743110954526 0.04678609391608829 0.6108166629800647 0.04072971280820903
0.979597545103247 0.04122211445198836 0.6161079828121553 0.04637255821394487
0.9871662989783138 0.04479773289647822 0.6386759771500873 0.044521506546823006
0.9827085592122279 0.046587053990010056 0.6461826768742069 0.04762329240300403
0.9736456209731398 0.04779567970757434 0.654288367658903 0.05224014392314207
0.9764895214751552 0.052611048693950106 0.6625771772063601 0.050295477903391575
0.9846637323694643 0.04575731459705809 0.6849645438434689 0.04588960342979636
0.9841466574144353 0.05180468224827516 0.6864446721647994 0.05136941046692674
0.9921451256649196 0.05496205077052455 0.6954707484809382 0.04415310427968656
0.9806211131891102 0.060636908094535216 0.720136309087409 0.04870376637282042
0.9866917216149541 0.06691534462870583 0.7212695642350352 0.047242885939690366
0.9861451039923994 0.07758411564343275 0.7334818296046083 0.04718194337559237
0.9801406564822567 0.08306127358328465 0.7259383861672413 0.043598862353167185
0.9882838322028711 0.09489128722230976 0.7127996640864732 0.033929980790135955
0.9853980216674517 0.08434887421877346 0.7149127410086751 0.03518300145448864
0.9791507978974536 0.11359535341720775 0.6935004181664663 0.03369138518614383
0.9891907812014242 0.1494590935774101 0.6591439182438228 0.030027208091298906
0.9915690808591673 0.25857218575447466 0.6858086873327808 0.029810092141942975
0.9901162364777417 0.22357684828611735 0.7483354780059026 0.04199722147344848
0.9827193272263103 0.22656114442152345 0.7449711261796012 0.0428570829330906
0.9870435679928364 0.22225886067727849 0.7927992036492402 0.05641025641025641
0.9937951014211451 0.2310620012277471 0.7498828899359906 0.04631332621725922
0.9862422372902481 0.24504253805057832 0.7053099533542587 0.03711311189221248
0.9894684792484034 0.2360487872378279 0.6648125260852263 0.03159578878527593
0.9879882239860719 0.2643323677457017 0.674883443743762 0.030876249488513474
0.9870417646117163 0.2580665909139635 0.6634359733865087 0.030850542546954175
0.9882793113583471 0.28501487222909744 0.7005085733942954 0.035539263350316985
0.9882571708506923 0.26203673964172114 0.6546311529004541 0.031805806116011644
0.9889276335303523 0.2835814228763498 0.6681515970341256 0.034005019963835884
0.9817892388659876 0.2860003700438611 0.6298893161613895 0.03157937214528377
0.988950778536751 0.3054660856384994 0.658165809411414 0.03277602024251303
0.9916653506480886 0.3395357185592916 0.6581058793092297 0.03483125598979853
0.9851723282915944 0.34595312877506645 0.650401982672631 0.03232993416806506
0.9840914308480724 0.31444130932060704 0.6412432563916278 0.03154878122421046
0.9900808552800577 0.34322980045603296 0.6063875948485005 0.030655315655382584
0.9872074594119159 0.36430834213305174 0.6070730434207352 0.028263404555309724
0.9928612399697181 0.3389692969175801 0.6017426943991738 0.030486465108103357
0.9873163342467486 0.34193396401869736 0.5664681177008611 0.028367798476700172
0.9887325445306802 0.35154458054755744 0.5899933020546312 0.030394642184234866
0.9848087144033478 0.3839978559855766 0.5997811574627253 0.030603759062578794
0.9888002213014692 0.3460590203527133 0.594628634390586 0.030374521435115237
0.9873576887553179 0.3390407075632158 0.5728828167577568 0.029777014867751115
0.9869946147719303 0.37190717892309527 0.5942840065175917 0.032505979945863454
0.9909999537547031 0.3383429422815314 0.6073103109685862 0.03483089233797836
0.9884734502075886 0.33398778077732855 0.6249765984592508 0.0388142640795306
0.9807021709911413 0.34908538581398696 0.6278681038987586 0.03811900747753916
0.9838959933493364 0.3854372720789095 0.614218047932758 0.037722647348989294
0.9880738173845697 0.3784091976227848 0.6242156943224851 0.03994212746354174
0.9833014406737978 0.42849086071263304 0.6144650650056277 0.03972794965866559
0.9845181641417321 0.4595690273489881 0.6211098523986771 0.039475866644551334
0.9886427683092129 0.41831850472446375 0.6063304129766213 0.038475
0.9923524545307097 0.4393763500903734 0.6396643565497577 0.04370704388358847
0.9886289775945477 0.4307226647793154 0.6406919100303058 0.04624127108378521
0.9856532986856301 0.40789454260956853 0.620906584511861 0.04407008022984513
0.9907842485158966 0.45131217674478 0.6226622745192634 0.044098488644441075
0.9882866959633692 0.4360257212039576 0.6578692751991099 0.049678565760684336
0.989508425366204 0.4301750131095962 0.617840276184931 0.044385320423477724
0.9861415359797623 0.44079677841671777 0.6283925159577287 0.04776134388693526
0.9862141061907574 0.418562874251497 0.6272436971972644 0.0499175557363788
0.9898670168120368 0.41149817379918685 0.6349522650684765 0.05018769657411478
0.9895538207069954 0.4435709852744814 0.6540040489201058 0.05484895453440311
0.9912914524797511 0.44567524295342 0.6844312948344473 0.06335033424663607
0.9906264868242294 0.4622446415801782 0.6683488580136159 0.056962008665844104
0.9908343512275689 0.3806753465225086 0.6621116863127705 0.06327775984338065
0.9906322295500846 0.5010326224395178 0.6534664565017659 0.06158648233486943
0.9898991639895027 0.4613146628190269 0.6687320560884418 0.06215941792354634
0.9862952502387905 0.45707382020809706 0.6529873900975673 0.06573202405181745
0.9871382161170994 0.44147516031639095 0.6534059397235072 0.065477929711958
0.9785154257814891 0.4189746454891319 0.6527695046559447 0.06756482128606621
0.9947406833264499 0.4176755131389724 0.6490331313707199 0.06974922006816292
0.9841603958447043 0.39813552335352126 0.666379002195782 0.07501330159799101
0.9883939162735783 0.3797607212642693 0.6751480645994345 0.07563364795965226
0.9881362333651774 0.3439013066259866 0.6813117453347969 0.08291284649904451
0.9841189230038766 0.3183417674855055 0.6884052855243854 0.08820384099648702
0.9912510838749462 0.1775617719076946 0.6887929902213691 0.09515783451494211
0.9920029869696771 0.28461218348858797 0.679025848365471 0.09159099985981914
0.9909401728315833 0.2541368743615935 0.6770201193672551 0.09263328109454695
0.9888374733916517 0.29549953423381464 0.7009944240172721 0.1060287426796704
0.9826755976129695 0.33552094920281794 0.698178958966657 0.10553185971183474
0.9871142850490449 0.3452464173365956 0.6443616575106274 0.09350790207623179
0.9873333756966253 0.33660099311228575 0.6836615643688335 0.11249338274219163
0.9906729402649236 0.34533515211115695 0.6777373669915212 0.1121023474226435
0.9867540550842877 0.3222811671087533 0.6888643587481894 0.12258280114830925
0.9894803582339613 0.28144465398022744 0.6644122429719352 0.1187203047032723
0.9800883106752841 0.3146254687650245 0.6997374099784208 0.13568343770244007
0.986810918086137 0.29152172430257145 0.7573248807169112 0.16820896858692316
0.9866553544809243 0.23947641020811752 0.7124465903193555 0.1488257619070955
0.9924049597021194 0.23703422374140187 0.7278662877281301 0.1555445462802411
0.9902184323239002 0.15687462144155057 0.6827685236949986 0.14672662622882243
0.9894663335035149 0.11355081555834379 0.703700191459688 0.1566303477323736
0.9912714228776405 0.05780249410178632 0.6657432125307875 0.15081916606028534
0.9878845831320355 0.05239228350471658 0.6594106258365581 0.15286618681959355
0.9903765679828984 0.03927461139896373 0.7001381691173789 0.17891424560604768
0.9925796767212914 0.033154895527542735 0.6906421985735384 0.17465257655552657
0.989899505307926 0.0 0.6929299932846694 0.18790329930732774
0.9902265115132818 0.006079752041485367 0.740201227153094 0.22682047958522358
0.9928075646955343 0.0 0.7263707132818277 0.22837105670071714
0.9865946710932616 0.00016260162601626016 0.7503249442601911 0.25577029905247833
0.9869636782062912 0.0 0.7118935657758917 0.2446951164054356
0.992746287735629 0.015866235430524196 0.7387408543643398 0.2691493420511248
0.9933293691687096 0.0 0.7338135410523914 0.2825760242792109
0.9903703871189796 0.004690770007938226 0.7633175616897583 0.33548869273886994
0.9891446303662906 0.0007212694342041994 0.8095916009814407 0.40994799298742257
0.9896158580521196 0.003455587842613681 0.7955206864869491 0.4085087481183525
0.9866494261759527 0.018459880078151317 0.7466735516394841 0.3807862734363668
0.9946701063849771 0.004912567986431955 0.7952409558906393 0.45455440822758564
0.9903925889955549 0.01903315163971048 0.8089513244536888 0.4994395603260364
0.9887596369911482 0.0009449562957713206 0.8305565798752148 0.5731113183017951
0.9910565187667411 0.0012055455093429777 0.8192732401044228 0.5751838110790858
0.9860674520129414 0.008591837754133573 0.8240750346192831 0.6193141713169849
0.9852904598974156 0.0031965623853691767 0.8205289307799466 0.6500476780556567
0.9957729029394905 0.006093807706512373 0.8352157624817946 0.6952169971498947
0.990438534749212 0.008646225282203187 0.8126314399486525 0.7040742309678693
0.9933970786705891 0.0 0.8220046579832657 0.7541788161960556
0.9955526584935467 0.0 0.8232343291005177 0.7673823604815629
0.9815886246914645 0.0 0.7892801111082534 0.8723841454231139
