0.9876870947636722 0.007576537073386944 0.17958321383416612 0.05397400032910976
0.9836252024517239 0.006848739915827777 0.18715033793140542 0.03270927480094685
0.9883114633457303 0.005784040933523409 0.19405131945055096 0.04579945799457995
0.9843621197366793 0.006896239466733744 0.19346841818698696 0.0972703339337675
0.9838779823622571 0.009396467050026305 0.20009143639505986 0.0622719945702893
0.9871872547831622 0.0070180855583001625 0.17879747469204685 0.04476960034942127
0.9900526400049701 0.005812410217975142 0.18049706825669307 0.061074918566775244
0.9763422591215083 0.007444537611821094 0.17490061344271246 0.09002790424438244
0.9867991808245371 0.006973504739162522 0.18589435189264425 0.08433242506811989
0.9826901593832609 0.006977242506875974 0.19799691355149618 0.19918642165801656
0.9906049422533859 0.006484703308638444 0.19011020418652863 0.1651304483674426
0.9824984444974558 0.007874069534601407 0.19701597762604373 0.1668467356073468
0.9880816755761984 0.00824777006169851 0.19282099089125831 0.0898876404494382
0.9823623158821547 0.008900381933220769 0.1959793688764454 0.10121966553501824
0.9879407771033715 0.00864128026535952 0.20213893588640075 0.07929957617666741
0.9807386831851772 0.009944249576742165 0.18790523086732103 0.13156072566126575
0.9876297651205892 0.01193711151448655 0.19636763957250772 0.008742607354075598
0.9887383678086581 0.012676139903289923 0.19421434427010847 0.13295320843515251
0.9872604845674477 0.012828071357525587 0.20217789571992614 0.03891775316145476
0.9823861759890908 0.013013208934411684 0.20456697977707222 0.030883977900552487
0.9811476141693061 0.014500936023534305 0.2077482883273891 0.055408836973082784
0.9874215528271391 0.014851114617469758 0.1974215062082209 0.026864857493522434
0.9868272588357648 0.014321476392850906 0.2147479708135622 0.08998828636394957
0.9896107436023777 0.016477346258051858 0.22064935763750176 0.06692106564907074
0.9898153127259915 0.014703858759559332 0.2167149354656497 0.03297126569601726
0.9934541868492038 0.015440873463509256 0.21721328574361928 0.05988536230644195
0.9852422230490316 0.015271536573660328 0.22337473491889928 0.09723121761658031
0.9871492822520507 0.016299490205637812 0.22905468574577967 0.07250771080558314
0.9867962234737712 0.015640661761181653 0.22467187796474353 0.049625897083524204
0.9907213933291528 0.016296624479628173 0.23017361237783696 0.06746031746031746
0.9899685244802949 0.016194240425980274 0.2253909532049535 0.06340505230460007
0.987819143279744 0.015486773339189274 0.2259381276979782 0.018990731204943358
0.9870693336521873 0.016301070924655752 0.22501956215686866 0.02731958762886598
0.9915022024052131 0.015914346209386653 0.2311122936384254 0.07853341681014243
0.9903807526600351 0.016197319113756277 0.22994007159232593 0.021482494806708212
0.9905942154670448 0.01463121181955555 0.23331359138579022 0.06114914237366356
0.9897703342139493 0.015348547906480797 0.23826587469544142 0.05788059565553987
0.9896418410369666 0.013650125512448806 0.2418145033216451 0.0417953159123428
0.9904728519029257 0.012299182259411458 0.23716107335528622 0.05908998715435062
0.9832678735621685 0.01201756805499565 0.25830382761357107 0.15283177071423126
0.9846169314297205 0.012327741775644128 0.2503435375543278 0.07987318920346968
0.981798801878137 0.011898163741243983 0.26098492730634987 0.05960805661404464
0.9932074142715486 0.012196309179735137 0.25741226158636193 0.11442948901526
0.9915735482689138 0.012693975323604523 0.2671286631158703 0.08257323276618136
0.9897254254644383 0.012858637561395238 0.2644337500645801 0.07862828582006665
0.9882243398746532 0.011981034349582097 0.2767368115398738 0.09615004935834157
0.986745587446905 0.013733466832699492 0.27458746127656963 0.14426017660995047
0.9869911734600787 0.013017240560336683 0.27687427652708585 0.1459873519194798
0.9895736074210777 0.01393820608436316 0.27991431366595826 0.11256253474152307
0.9950883605357309 0.014840604062442982 0.28157960678933297 0.14891315545482642
0.9823735780226703 0.015318091760518585 0.2827830767916026 0.1871311847480708
0.9883067798214342 0.015719259314267243 0.2923066459430988 0.22552499260573794
0.9852599455475661 0.018336348560229157 0.29922085367269 0.2927141031103536
0.9885275746449347 0.019010323799014496 0.30068602350612633 0.21489547623848895
0.9904030826830039 0.017957074009298562 0.31162388737330493 0.10505252626313157
0.9831513406964738 0.01878407492847296 0.31181889644000316 0.27854920707185676
0.9872274225067466 0.019565280919233895 0.3169505981043318 0.19436444745609577
0.992380376193618 0.02079977240802973 0.32651952472813284 0.17430615994584664
0.9893523077486875 0.01928071327439679 0.31621258584060447 0.1685132237312366
0.988307298161555 0.020329992348799262 0.3223854500294137 0.1652850531455017
0.9887157592508867 0.020083280224078078 0.3368178220024075 0.18319103521878335
0.9825601746996191 0.019337338855509537 0.35336035945229904 0.12548308226200805
0.9964721494373264 0.019862328098749535 0.35421362941285034 0.1277609354699004
0.988041525623323 0.019206817520558223 0.35744064311858326 0.13707410322725738
0.9912120910900336 0.019510587968813945 0.35793427152454693 0.11683413201422167
0.9889525037371798 0.01699062910531751 0.3762683190230402 0.1379999231626263
0.9908902083719218 0.016804243796422827 0.3510383955148776 0.16710515148943392
0.9931997111547713 0.015615911629511049 0.3662505354229269 0.09315875613747954
0.9856526641601736 0.016413440410375107 0.3753746294293943 0.12755349800899995
0.9910116192707661 0.018458275319132324 0.37661413898361573 0.09567358424199789
0.9906624130762062 0.018848640893099313 0.38537082473289974 0.09754858376730598
0.988275320408124 0.01761823293465958 0.38280353403415246 0.11062804607886575
0.9866048175719121 0.019393094914381827 0.3817757688271854 0.10745184806966783
0.9865628080205863 0.02163333964184422 0.3911151175288715 0.14698854452175136
0.9848472840626906 0.020003504224462964 0.40012432938635595 0.16752168992832894
0.986483843157521 0.022939773938659095 0.41044534982860087 0.14738342347609998
0.9920866385982665 0.024563257924530638 0.42198285171527006 0.2113143957631199
0.9858608625162517 0.02586728345077977 0.4195524425523456 0.1414145123384254
0.9845079259960433 0.028233108695559974 0.4306186078010635 0.15892482454236306
0.9916826615483045 0.030466927011778173 0.4359337620526627 0.17916588035478392
0.9911664257725817 0.031902552204176336 0.45028728840495846 0.1476645062418186
0.9926094157059064 0.03243770682326975 0.45889774725050086 0.1627952820580215
0.9922606963018092 0.03104630158558614 0.4612478959230835 0.1483937880400666
0.9917107112108907 0.03256125800063322 0.4657584557149223 0.17172291534267653
0.9902737946130705 0.030819275702449335 0.4899595512067373 0.20764466884935506
0.9923039046901643 0.0312871163855173 0.5050480544168949 0.3413517348123307
0.9848495315754777 0.033697858621238655 0.5011621495456312 0.22195995441966465
0.9938668017816322 0.034514408310455234 0.49301686268024764 0.1407736702542505
0.9908532780071262 0.04295657951778429 0.5926869413987669 0.1738158281847602
0.9904017748911094 0.033770207286984544 0.5092543769276572 0.23938189451118752
0.9918539109406765 0.0368249212496964 0.5650513728741177 0.3216720184778322
0.9857970344283775 0.029658914338277227 0.45531205788316387 0.2170605498918752
0.9885977940581429 0.03071614364160106 0.48545295154697093 0.1999788643088629
0.9901467938824525 0.030543405857001837 0.5016538297780538 0.1548550081969416
0.9892810969543464 0.02839815662668688 0.46970824163426544 0.11597793941331629
0.9905732999714488 0.029886101631696024 0.4706761076508191 0.10031364533408514
0.9865033618044055 0.03082983064179141 0.4794510921612143 0.10177081559679892
0.9910777041633355 0.029980703737017306 0.4843331803774472 0.11721378030390905
0.9908762847391163 0.03094002717611933 0.481424296642372 0.1190445038410497
0.9905354177044499 0.030657353363314516 0.4978210462401128 0.12150879820292025
0.9949152175637761 0.031218492504390846 0.4769598988513362 0.11585140950206375
0.9905796463231461 0.03168352135342631 0.4936105623084633 0.12078092801819086
0.9884612738620809 0.032385981726201774 0.49182103468441385 0.12003117692907249
0.9896889302870976 0.03309731165552348 0.5046898847656539 0.1348730933119249
0.9843446132219512 0.033739443420548465 0.5294496836381772 0.15174003226549895
0.9839126650207638 0.03680986902434382 0.5265693343643013 0.14541728529307207
0.9953765457119386 0.03907764459735748 0.5520852452917466 0.11403001265593925
0.9904619067499053 0.03971520167002162 0.5668176200216232 0.1996464479063087
0.9822016151348504 0.036544499566550835 0.5557000826505966 0.1880932728023112
0.9804399064070559 0.03959177778486367 0.5744947940046637 0.22461682827650922
0.9830838063604591 0.042572632988611414 0.5730451025794441 0.18412526997840173
0.9884202408050796 0.04702571724960131 0.5974083479025456 0.2747390724319234
0.9854404539478236 0.044194553000815234 0.5942374773484516 0.22453002685560824
0.9812993911781308 0.04098570224393674 0.6041390995078169 0.26422644232346093
0.9888403613500404 0.043349036491644045 0.6225287499319643 0.24188413128217337
0.9849689491642903 0.044998187362719384 0.6297290443882316 0.2647379012304952
0.9755539349850381 0.04534016376838343 0.6466979915876809 0.22776272717010948
0.9784605780092441 0.04979637041658197 0.6544182771662389 0.20799701046337818
0.986356565228012 0.04365973218264569 0.6700740120954097 0.2023719095341942
0.9856522282317298 0.04728247801280977 0.6746289162303825 0.21048133718738218
0.9923506256976676 0.04981734965859253 0.7006990674210489 0.13632768999854747
0.9829622295990009 0.056269104494509226 0.7169728429262899 0.1490796138437373
0.9894065294606972 0.06226920679071552 0.7283139415700185 0.12106768350810296
0.9885498154028864 0.07236199275482734 0.7585901912406989 0.12099111480004898
0.9824497398183529 0.07496784488510135 0.7621483035796714 0.12303049687799858
0.9907820708191072 0.08982116179792111 0.7809220890235097 0.0807750966063793
0.9869773625299666 0.08140004468044887 0.7741423120796129 0.07320555995773904
0.9811239287404707 0.1062322024652557 0.7673812809526022 0.0623572156010019
0.9892144759107789 0.14054476579880945 0.772488650439872 0.05799944784807599
0.9923266638233167 0.24340193952289374 0.8291476613102753 0.06473531154816213
0.9916254696098195 0.2061833058371399 0.8897917562641079 0.16039293801181537
0.9883032402159179 0.22026918343814497 0.8991577804091562 0.21166339655548289
0.9889361620621212 0.21083345051324803 0.9198887671259407 0.41774152216622534
0.9954321829913376 0.21338912133891214 0.9165651265175435 0.31188338814327615
0.9875820909831744 0.22612355072848808 0.9032259885046999 0.2125484309390024
0.9904213363801989 0.21949050376489654 0.8813334161929812 0.14502313675297823
0.98755491013826 0.24938073167240982 0.8893186692523053 0.14252819024226862
0.9879482979212529 0.23954421578936075 0.8874498032367356 0.14545327168277988
0.9885935725648446 0.2668227033352838 0.9025765907812154 0.19093212669683257
0.9884749658477351 0.2475499580879842 0.8811686721363247 0.14344884895542542
0.9898186799009359 0.2701134619907931 0.8836356334269629 0.1399409207713922
0.9823702217346114 0.2770635772322113 0.8819576444825518 0.15061075274183688
0.9892527452819443 0.30023973378815166 0.8908735231828334 0.1476776399530786
0.992572800034963 0.33080606544293695 0.8900305024883609 0.14399039835400354
0.9867228539392979 0.32926003819469624 0.8859316937051457 0.1376117749465854
0.9852902056577441 0.30790216149415905 0.8770782756642015 0.12633824108011846
0.9917150252475829 0.33865419181278195 0.8469938681852657 0.09206523963780851
0.9883256064374828 0.35931485758275594 0.8636836436127455 0.09989765567531263
0.9943805178239702 0.3334148488701947 0.849107416490976 0.09420687134502924
0.9889502292259081 0.3368679442769208 0.8171025735945019 0.07525456206412513
0.990128255143654 0.34397310007066106 0.8267974014719387 0.08186632828743172
0.9872931345734693 0.36820557809701354 0.8179942931778712 0.07606020393117606
0.9898182902761425 0.342626242090015 0.8294681446283337 0.08233798773961273
0.9885155935005845 0.32857883489498374 0.8112576213315991 0.07543471217194081
0.9879658292795428 0.3603173759336541 0.8126725071944386 0.0771071181977295
0.9913604606489497 0.3332418838591678 0.8069224251105906 0.07714979824193356
0.9889902144394992 0.3258520365752286 0.8170531449453973 0.08691192215203
0.9815502601001564 0.3385372453310696 0.8191440461731889 0.08812926633563196
0.9851587775780968 0.36794625458212393 0.8253828154543008 0.0922660629963037
0.9887826456249627 0.3489430496685143 0.8288906283708778 0.09751081014439586
0.9838819611002848 0.391465864905104 0.8345759414363912 0.10363193732158525
0.9852525634031363 0.4259256377134142 0.831078496473678 0.09611821328267937
0.989363547968256 0.3932044879155541 0.8262230682069653 0.09508310049831495
0.9931470804789225 0.41837189272667874 0.8463908487385013 0.11009546509121797
0.9891231047262438 0.41683659494171715 0.8468860828721636 0.11596354301716538
0.9860521556339523 0.38069457871644236 0.8457275506775302 0.11792883062002534
0.9909649653407866 0.425349672783267 0.8452988566661596 0.11399561126194815
0.9884732998578174 0.4118854430582727 0.8702762741934673 0.14256760938176868
0.9897626985232094 0.39598859438792045 0.8490018958403034 0.12069276565036983
0.9864221873671692 0.40806148311667073 0.8550380767043808 0.13339350674215694
0.9866660219012979 0.3832146195249299 0.8619420899347429 0.147169149099524
0.9899054229755379 0.37106530269538546 0.8713068693717289 0.15680441533683853
0.9902168489513137 0.39986102242421967 0.8843474530092785 0.17875377897211958
0.9919818418710489 0.40361879115406607 0.8963606895535583 0.20710524100386318
0.9915592463629203 0.4293591712946552 0.8944371897789658 0.1921980101214025
0.9904781287873039 0.360784588932945 0.8993663755979053 0.23599071907110356
0.9907103498119514 0.448285374755963 0.9063026229924 0.23973542381185695
0.9904736188987958 0.42637789678214305 0.9039209717012068 0.22132273756916335
0.9865454661785742 0.4185678230316227 0.9104004248878744 0.26227322316053175
0.9884008085422465 0.40429903181899896 0.9028514993987574 0.2393741003853833
0.9791671624977192 0.3851305550283344 0.9047019318547954 0.26270941795992314
0.9956603066867489 0.3774191000289634 0.9136384150962676 0.2759043293032847
0.9850482027422999 0.3512098173443957 0.9129479837544819 0.29139318885448917
0.9893628278170407 0.3206243956347562 0.9186399866799299 0.30074249571637085
0.9888527744205886 0.30382090557145264 0.9147539860301581 0.30640724656664686
0.9852767345967544 0.28047551883941163 0.9085852210581348 0.30202200185931205
0.9924969613862312 0.17788828438492404 0.9190723967146383 0.37692634772515715
0.9927569702669143 0.27419354838709675 0.9139973884728607 0.32084217740169996
0.9920373251077069 0.253981787797142 0.9191192342428686 0.34872680189900734
0.98996148976927 0.2614797416324134 0.9141498218466687 0.35887442897595534
0.9834469575313695 0.3136149884302456 0.9142902936439615 0.35786502735409537
0.9880399724587852 0.3548164504554237 0.9045927127462231 0.31396501550957756
0.9881990804536191 0.31345231492055203 0.9077028176327606 0.35515730988171934
0.9916410447004764 0.3101817939668376 0.9041796881040043 0.34135249299277565
0.9876987893396336 0.3070566631689402 0.9120298952185197 0.3915367825108284
0.9900384217509226 0.27320963042478147 0.9106171860168687 0.3939888952140518
0.9806025727040787 0.30541094280052394 0.9239715026145505 0.4819569137693665
0.9870459985797392 0.28795601834995993 0.9339703088133965 0.5155051024444268
0.9875257298210861 0.24905228524426007 0.9312618435524694 0.512801361444644
0.9925661787005435 0.22070303885679002 0.9334447390126561 0.493089387841559
0.9915676429872761 0.14156699044713816 0.9184214245336348 0.46077329607581097
0.9900836021069891 0.06334792122538294 0.924286995515695 0.478841325249556
0.9920749584629679 0.06808811893557656 0.9092289466354972 0.44789507255621114
0.988552360496757 0.06982531706149797 0.9151327688459933 0.47674896555503793
0.9906771072309143 0.04077859939103958 0.9173261435989281 0.4904024563372842
0.9925862336085663 0.03066252965869684 0.9113444110467358 0.47588806800931077
0.9897783480565596 0.0 0.9214761201617002 0.5277478535166203
0.9917067530360234 0.00593271252628417 0.9396734893656332 0.6117261085829189
0.9933577253624335 0.0 0.9300757973562247 0.5755489127394987
0.9867417733686548 0.0001864454181038501 0.9292163737718159 0.5942429976115885
0.9871382880740074 0.0 0.9213315319310642 0.5905536903203779
0.9934260369276461 0.015551489806586513 0.9256860117685246 0.6086419053019564
0.993725699685277 0.0 0.9375964356624842 0.6735097092486293
0.9906680936481737 0.002932551319648094 0.9552608556600374 0.795502552367541
0.9889821897897793 0.0015125900880861287 0.968365415294811 0.8896970801020143
0.9901233857459002 0.00016210082671421625 0.9616467495096187 0.8579265719510479
0.9867778570252922 0.015040175812100817 0.9212502278588767 0.7085732622608881
0.9948019324639417 0.0021790561573901135 0.949935226741799 0.8233124378870117
0.9906754885750144 0.004871118327582707 0.9555668626903576 0.8533042131738885
0.9890241676877753 0.0 0.9387848278016113 0.8180004253591384
0.9912255358574965 0.0 0.9366023152366849 0.835449809627815
0.986258273416143 0.0 0.9311024238873543 0.851151273716989
0.9850083513764306 0.0015778203538825651 0.918479513206766 0.8375730361557339
0.9955144347928986 0.001626227801990503 0.9289803688084697 0.8644624557177655
0.9903113466799685 0.0019359380499824005 0.9043863171277035 0.8377391146140695
0.9930518901906098 0.0 0.9044081830057192 0.85994349376334
0.9953693119634215 0.0 0.8963646695968761 0.8537265589977348
0.9871084990010427 0.0 0.6058371095222123 0.6356330313321764
