0.986226613040171 0.008710648072612136 0.17779755338388414 0.08194626823295596
0.9819288645371337 0.00929466268756925 0.1870388906820067 0.05404822100265154
0.9860652659458818 0.009264668638259187 0.19384584945983377 0.08008429926238145
0.9825314253352717 0.009287172319480336 0.1919681927411268 0.06819620730199885
0.9826903933617782 0.010990580804780416 0.2005986455153984 0.05855525694274778
0.9850755223743637 0.0078588800138299 0.17795176396102658 0.06785974883828104
0.9894031534761863 0.007874568605289565 0.17984641005023347 0.08999213105372345
0.9752442322404404 0.00905256371167735 0.1744069479539943 0.15894406498061658
0.9859146650599931 0.008816135497399182 0.18507149191606817 0.12591273374888692
0.9811563548140892 0.008774305314540515 0.1970815080048524 0.13483592596798002
0.9893407357711317 0.0078115799045852 0.18879397134415665 0.19541799423456227
0.9808692807966092 0.008960300835176495 0.1970786171943887 0.15715848252835185
0.9881512548999266 0.009400639096361874 0.1922668077753375 0.1883983131078406
0.9811981303883219 0.009717520519699008 0.19509886568147333 0.12301897193256466
0.9876669978477339 0.009788065983033887 0.2009974507663476 0.08422163588390501
0.9793003380356441 0.010367981713166113 0.18532099223679743 0.10539712842540667
0.9862476227393311 0.011519271965472703 0.19350395035435536 0.09128865614606185
0.9872501511685358 0.013093343088498462 0.19370618377936882 0.07636905501055508
0.9853037113505531 0.013447893547617473 0.20232245454677836 0.07176240012060908
0.9810169820636351 0.013655926179582674 0.2060654751591274 0.0639945073156873
0.9803875938926165 0.015301604784976011 0.20996635438502373 0.05912961210974456
0.9862720354414924 0.014802395548467816 0.1966065301348143 0.06718823980339549
0.9854632753065088 0.014398470259962276 0.21386191770712218 0.06649827984148413
0.9889305127503015 0.017184890647768677 0.21828082866819754 0.0572084747165439
0.9887159591724572 0.014952990598119624 0.2174123300816817 0.05384556340190359
0.9916760650320473 0.016198252548366966 0.2198863445024415 0.061754702290701964
0.9833704406781227 0.015804516295554842 0.22581826878864386 0.06280907067005537
0.985794348512294 0.016926839037450066 0.23037603749552535 0.07414623222483485
0.9856338923345189 0.016219259746490806 0.2268329120995728 0.058424167988673385
0.9889562509465395 0.01696925777379126 0.2316039036773917 0.059750541489282244
0.988358606623601 0.016779898209685583 0.22614833090475558 0.0558336607951342
0.9868922072256602 0.016202148318285942 0.2300668765827582 0.04493202089079937
0.9866675292937159 0.016885052113665824 0.22610215540513168 0.03819266022155567
0.9894058303533395 0.01663540815949636 0.2325995905688981 0.041208952939375744
0.989694839431219 0.017068817738167114 0.23458430876618339 0.036601886745978966
0.9888875528813592 0.015531089261095424 0.23733589638959765 0.046955212645841175
0.9887982784284539 0.016245282278305812 0.2455794871107305 0.03648339718362788
0.9883976709607409 0.014842730350860138 0.245859677989933 0.056393989437368175
0.9891211507654785 0.013663223140495867 0.24001083277812577 0.043235688603856945
0.9835736539505051 0.013239337746799388 0.25985188792176434 0.06779751903621349
0.9834851831457133 0.013960285521252534 0.2504537353322192 0.04918054401856466
0.9799616330956253 0.013084219676825527 0.2611645139903598 0.042838676318510856
0.992001978273956 0.013735001543670168 0.2582979811716755 0.05431651394084753
0.9916131722604125 0.014324286397098002 0.270829155784908 0.05281224538861211
0.9897178621100735 0.01421077929405864 0.26847314391913807 0.05899933248376722
0.9884172760752588 0.013801736688577038 0.28261483799136666 0.05085018041619297
0.9862368945051971 0.01506660416504632 0.2756705266025174 0.057554853723404256
0.9859853058604432 0.014142750719113976 0.2740450159157477 0.05899671450312193
0.9896819658651697 0.014880056314376704 0.27868974353555725 0.07468542088516054
0.9942762578764285 0.016029386501636236 0.281229430494361 0.07699574870099198
0.9829844612000218 0.01628796853908973 0.2793988939045546 0.08679575364796628
0.9871736466645046 0.01640331601423643 0.2912528290372859 0.10819916732847207
0.9835755525827924 0.01945118987111898 0.29910681833266434 0.13327446651949965
0.986844476482249 0.01957838748560495 0.2998739394989837 0.10559321603574784
0.9892971399457926 0.018891509840045454 0.3106622509034087 0.0821082755106041
0.9821295893779435 0.019327772772940194 0.31105434502320783 0.1499236174763214
0.9862644938479115 0.020677071355275092 0.3181781504879255 0.12878369340815912
0.9903855887442433 0.021403228058880477 0.3247883617748554 0.13139627741261747
0.9877525012206122 0.02075488582281283 0.3158250152822394 0.12637713555803928
0.98785438849797 0.021395120252122694 0.3231639783655637 0.1149577868634843
0.9882765790314046 0.021652847528018732 0.3365182460916007 0.1304857294311302
0.9818242933891242 0.020885862637822113 0.3528196337105543 0.11522430759365675
0.9954571411922382 0.02078907054421256 0.3563130665747679 0.082819932933011
0.9876489902605049 0.02029905264285605 0.3584223145217635 0.0970800883911523
0.9913653260260035 0.020633660870135666 0.35757374675755565 0.08488157575983453
0.9887485181736042 0.01937256418884011 0.3765493403882831 0.1037481788883493
0.990131264666199 0.019265822752919035 0.3520161470661801 0.12343164617434814
0.9915962250397571 0.017189034390922318 0.3678585569749854 0.10179008697120662
0.9856304294015724 0.017716345840979787 0.37713262262374314 0.10304804198627372
0.9908870901826254 0.020023740894014982 0.3742210741726717 0.0876112002333382
0.990515674353958 0.019986355380785706 0.38274872247548936 0.08239057239057239
0.9886744165089664 0.020620289364141516 0.37954152513068773 0.09275583124750608
0.986819003820405 0.021411104372478153 0.3816940818338229 0.08695726031120472
0.9860844978548183 0.02291960414478714 0.3880303049984412 0.10468624296057924
0.9842578791674824 0.02145039554299694 0.401215991138658 0.10392887646556409
0.986645879097987 0.024796478664298516 0.41381945078003834 0.09857206003882152
0.9926964992360304 0.026249212839853816 0.42396776460361757 0.1471721118408291
0.9847427113886694 0.02755955021398969 0.42033460588367394 0.10438240578130362
0.9824685996713013 0.029797411446831432 0.43161356860428496 0.10784714516537211
0.9917570250321422 0.03148466093606198 0.43027968697501606 0.1283144281482552
0.9908804923228816 0.032306104567399574 0.44941753273345975 0.12493763963299569
0.9927959809529655 0.03345967082204426 0.44892114496646723 0.12337597140504829
0.9927276496550522 0.03275105131398833 0.4491713325776342 0.12001885902876001
0.9918788645190958 0.034152471982544876 0.4545168995190263 0.13405562381324695
0.99024694017062 0.033225128890586215 0.4666081310543686 0.11579976818313532
0.9927277940936243 0.03324973456162996 0.4860612303533299 0.1579340944214567
0.9854483196357513 0.03523628600436251 0.48732900704401677 0.1478734606052282
0.9943248103360098 0.03587287738306073 0.46916371769032506 0.08636969484391442
0.9910505268413541 0.0443470278270927 0.571822351048604 0.09874302714763852
0.9898645372339293 0.03508266576609238 0.49329144056579854 0.09843894085100777
0.9919938549221078 0.0386324311820495 0.5553617146796302 0.1634837578687349
0.9855588347939712 0.031388688832725276 0.4409675231290498 0.12795000411150398
0.9889310574225941 0.03299910230260967 0.471447434313895 0.0921883482385211
0.9899499229537926 0.032737365530658126 0.48087418619482813 0.07857535162499701
0.9892042553447106 0.029937229115975468 0.4439946308724832 0.06948896655843484
0.9905793801665835 0.031279620853080566 0.4541434492716342 0.07086655094637716
0.9863423512466175 0.03271979873240712 0.4572751891584049 0.062307899703424104
0.9915637392946678 0.03157994951139065 0.4619106981810369 0.06277185193206634
0.9914866026582181 0.032521469370772285 0.46177858870795546 0.06138701849130123
0.9912768151690781 0.032212147025340136 0.484990382691021 0.0632187420867424
0.9957326516477808 0.03342117725201262 0.457627662710772 0.05606445289891421
0.9909802894686727 0.03325975847515576 0.4778938771386232 0.06799604120083574
0.9886438856345687 0.03403730220959677 0.4773684585978708 0.07472001206682001
0.9899851881973694 0.0348664700615281 0.49303861275075234 0.0841608278038142
0.9847772631368977 0.035588698186023886 0.5189439566853353 0.09287722244532876
0.9842536141874224 0.03889499440136026 0.51384591365757 0.08428243523882392
0.9960811295199925 0.04151833856048345 0.5358105848374126 0.07018634827850673
0.9906130023189986 0.042085424798419355 0.5568264302294759 0.08595043134159842
0.982780413415085 0.038753153100761106 0.5426213754354716 0.08925973182906902
0.980859459089219 0.04204149107254853 0.5692391899288451 0.08841682060197761
0.9832959432828051 0.04511440694403139 0.5643744349591537 0.07949914866752118
0.988250680437227 0.05032701452925747 0.5927824335737023 0.08818956614501175
0.9857363213624285 0.0477034284643727 0.5847819350372866 0.08694966072273946
0.9817561472208363 0.04237566716274288 0.5958593537984143 0.12141140062446465
0.9895449650418112 0.04648192415768257 0.6210269517287617 0.09323286206860412
0.9851459920041381 0.04723887970834256 0.6249497470103932 0.10165153340127861
0.9762531161878295 0.04796377447996568 0.6366706617182268 0.10911970237795988
0.9798084979820011 0.05334478124533373 0.6455178095021076 0.10430943129636171
0.9875304347378949 0.045999927061426436 0.6645696827291555 0.09986050151406893
0.9863932212035175 0.051743616598299055 0.6641195693963861 0.11987442584563128
0.9928587744659745 0.05460683029196597 0.6851863266562478 0.0907039397162768
0.9837160908265026 0.062113222255802195 0.7085850968489357 0.10178542961900207
0.9900244230983853 0.06653157615901968 0.7148760103521603 0.08449149475208106
0.989399521351987 0.07842987577206846 0.7452691433381782 0.0903048733838268
0.9834484135822856 0.083190388626633 0.7601310689272819 0.10433711621360077
0.9915871072611675 0.09837876078369721 0.7844370800561498 0.08813748803895748
0.9878374430179165 0.0897156578648872 0.7829918807801968 0.08478640887569286
0.9817988418932527 0.11413105839507097 0.7866160463952724 0.08302137423016544
0.9900296094196931 0.15096987649602256 0.7906517320635966 0.07239012213604351
0.9905850565069338 0.2618400778525667 0.83048188270452 0.06905640117418194
0.9806875343960298 0.22613369100131292 0.8802244176236194 0.16044357102751264
0.9840369014588418 0.2309298094417313 0.8902341032643701 0.189724684004068
0.9882143515558971 0.22700308471090722 0.8934734314602706 0.18198355901079477
0.9952681766867629 0.23028489999696808 0.8715852997137477 0.12614492498956664
0.9877116074617172 0.24064446334982303 0.8456771067356709 0.09227287211877079
0.9905762618291798 0.23386175169220852 0.8188604841012929 0.07434686769534034
0.9882442508247634 0.26494222917209626 0.8252301699716714 0.07089032627510183
0.9884084379735287 0.2566709155456298 0.8258957874314853 0.07434533360853846
0.9890667148362235 0.2802849088035539 0.8599015738644584 0.10247381890121059
0.9890372701489408 0.25960835296985457 0.8016403841569597 0.06607889934016566
0.9902082421497738 0.28062453924276265 0.816712908223508 0.07329432598655083
0.9825175329908936 0.2816546646430071 0.7909463878639845 0.06558145042137073
0.9897876113913562 0.3008008066690898 0.7987150844287949 0.06430417923308919
0.992893612992039 0.34095339990489776 0.8062079003760159 0.06937687368388294
0.9884260855156131 0.33673041687125016 0.7947877132378063 0.0627524304482036
0.9870686723221487 0.3118928398366292 0.7841381080878796 0.05930469396675998
0.9933481424216773 0.3373695932481538 0.7433988347662444 0.0512249524913604
0.9901070176592536 0.3545192585974758 0.7456253747606367 0.04715751661902728
0.9958825644274111 0.3332973634041941 0.7448410305361974 0.05146435996817167
0.9909209939250411 0.3333333333333333 0.7005190357512213 0.04457712844989477
0.9920500885611896 0.34150107978331945 0.7269568415731211 0.04923900866191218
0.9880563895840804 0.38155356195437223 0.7226437505273611 0.047488612269328705
0.9908818573976373 0.3416257013754407 0.7266335300565631 0.04831500726644548
0.9887229783970741 0.32517786512863844 0.7078165535160847 0.0465418383802186
0.9891285223825238 0.37136011312454176 0.7420671588239341 0.054996558618203274
0.9931270459101952 0.33549844316267674 0.7422670585692815 0.056679508938881296
0.9907513021982873 0.32388223843051994 0.7432270357661344 0.06063177009492552
0.9834312632550479 0.33873548387096775 0.7383599515692167 0.057838094571856714
0.9869524446481521 0.3725575623151669 0.732562109202155 0.057351749409816424
0.990338944186286 0.3591506203700087 0.7464610829082151 0.06279728961617854
0.9853513440718555 0.399559675225421 0.7343058124660458 0.060571340203286896
0.9865068707130901 0.42903050601973386 0.7412972015833388 0.06085796023255649
0.990424431847294 0.4072409284079765 0.7406212956297086 0.06159313425749412
0.9940233860400207 0.42855482089660685 0.7723747323286799 0.07308958026286567
0.9904677233840801 0.43282423373792567 0.7866647926632767 0.0828543579836267
0.9877660018746578 0.39016120226430273 0.7729932450544597 0.07881341564772967
0.9924656685010017 0.4369604654072313 0.7747013263667281 0.07711028150539805
0.9901797781549321 0.42805418367184894 0.8065272806275146 0.09289685702488068
0.9915591761019389 0.412405325679662 0.7810933551666657 0.08128281835108052
0.9882886433524131 0.426124370839422 0.7845673302906704 0.08629522412584255
0.9879931073460635 0.40818051347472495 0.7869158470605812 0.0921723019916628
0.9913156811949329 0.39738657356405604 0.7938935725399904 0.09262798665223183
0.9914360427108303 0.4164783496136463 0.8127214459425673 0.1058848765838367
0.9933479449163963 0.4274392009264621 0.8326365523236218 0.12347453094696581
0.9920833562535526 0.44876386321626616 0.818391052582344 0.1069196118508523
0.9918381659730047 0.3639524875193665 0.8173264627480546 0.12245535376942646
0.9920566700152239 0.463661377412748 0.8266994213176502 0.12542374583787422
0.9922661163747837 0.42509276437847865 0.8321812327994235 0.12421099974956429
0.9885506213124569 0.4173798393863119 0.836009798814094 0.1403591856494125
0.9894988881242571 0.4382829998277093 0.8328688122579445 0.13831891159569995
0.9806163996251333 0.4010343081065231 0.8511199234148369 0.1635770910271987
0.9958996047743708 0.3975425572763343 0.8492563275743459 0.16152240405438592
0.9859491534711652 0.38557446543232965 0.8506169558061317 0.16925537833827894
0.990122018845108 0.34703712320116986 0.8585277486839313 0.17305964975736202
0.990275775194229 0.3170621614650503 0.8549227290442988 0.18038706798351203
0.9866857174961746 0.291056271097565 0.8684071982181093 0.20858911904101812
0.9926784665492018 0.1622146792601338 0.8817600556512181 0.25769342485438673
0.9941429462265311 0.2802489354733049 0.8687585655303603 0.21624220031293004
0.9933253011248411 0.23232461233690826 0.8648087435471579 0.21492181044771552
0.9910043338237048 0.2611673789590773 0.8805518458270537 0.2599572429461445
0.9851203877837523 0.29996712088554417 0.8633145258476317 0.22784139359239858
0.9891531353369456 0.3486400725294651 0.8475470047190611 0.2054909904556189
0.9892138081976841 0.2998015380798809 0.8597354870229535 0.24341976881664887
0.9921200294401642 0.33876675968148096 0.8533401866761029 0.232602336852946
0.988447923548656 0.31158795436455294 0.8688290782708445 0.2734239002587626
0.9919900779132323 0.28996129196014975 0.8484036700677411 0.24500567680080737
0.9824694370001196 0.30870263326910724 0.88073894151167 0.31966692496284344
0.9895186946983289 0.29655641141821476 0.9173280677935457 0.4218569410556055
0.9879082686384415 0.24865932825289302 0.8968893297383461 0.36968345663997837
0.9938245830209725 0.18359541011474714 0.8992938766798968 0.360735860117758
0.991536925856666 0.08191536213316251 0.8781561515051372 0.33822770069103414
0.9919810707123764 0.021360636141572683 0.8829143602177593 0.34566473357737904
0.9919799342760406 0.015500829621867086 0.8583040755585926 0.31643543223052295
0.9893857712772613 0.014101000243961942 0.8745978130095651 0.3563199223842586
0.9920465413417303 0.01257968071303661 0.8922206643920545 0.4066065741890214
0.9947645175749926 0.01164917685568499 0.8824015696491401 0.3833951630886497
0.9918204946726094 0.0030333003626772173 0.887433846074254 0.410781663076777
0.9904606882897868 0.006689385333838192 0.908290971209979 0.48948337205517584
0.9934396362328048 0.0 0.8970740443260328 0.4588199426641031
0.9889372872006543 0.000932124396237607 0.9031346408335006 0.4951751168386114
0.9891253744636062 0.0 0.8866175518134715 0.4757569283775983
0.9944794972561337 0.01602255976414792 0.8948125792036283 0.4999489663363397
0.9935295287633847 0.0016400164001640015 0.918858769109363 0.5972526737279849
0.9917043248036292 0.005921005126723951 0.9529192845021592 0.774704153616839
0.9906613862375694 0.0018898720041233572 0.9587159978511861 0.818147333732419
0.9896026879819269 0.0036519530009526836 0.953471054652635 0.8088231272050981
0.9888248934101279 0.024445068839561674 0.9180336912377913 0.6861831208350988
0.9947023644263021 0.008790235881869349 0.9468599162454976 0.8054515237508854
0.9925864242940237 0.03574897998834273 0.9487674868955641 0.8176817439248519
0.9912202521338027 0.008076009501187649 0.9317430535292835 0.7843145149483177
0.9906418658083093 0.0036511896793038397 0.9223933505375219 0.7862387151822086
0.9872773821091598 0.012982832618025752 0.9131914155266814 0.7952883242979799
0.9863952391373966 0.01945568427470761 0.8910045813638836 0.7706835299524206
0.9962509141859497 0.02124776744472501 0.8960532188344588 0.7937525807045386
0.9929359585654562 0.023278688524590165 0.8752620931857942 0.7870068299652548
0.9941147525808857 0.010536297545042672 0.8758929217355995 0.8185598569609622
0.9963973793820746 0.009095299420476497 0.8728341595253948 0.8271613525407606
0.9874252417058743 0.005836008170411439 0.7103964829189813 0.7876746096959737
