0.9856168159729412 0.008478667312961846 0.18080404789164226 0.15690940821830873
0.9808956248773788 0.008383286204211535 0.18851455045141075 0.11513244164699711
0.9854324794433903 0.008630191741663537 0.19536068791747313 0.18398706025070763
0.9817452532754151 0.009148567669830849 0.19449264168047012 0.2544487625281244
0.9817945170141413 0.010554525634229381 0.20182937981088547 0.17423345176996974
0.9840978902675606 0.008538978683509424 0.17938514806494762 0.18174474959612277
0.9885514068966507 0.008489739532215547 0.18193499742053257 0.18099480326651818
0.9743208096268111 0.009025696815459857 0.17575258792718848 0.1860920666013712
0.9850696728188433 0.008442030105399808 0.18733049311448316 0.18181818181818182
0.9801604275445687 0.008977461465777463 0.19903810552119047 0.35201836617562654
0.9883034384271627 0.008811674720451721 0.19085278228911118 0.35916209070571486
0.9799404842418504 0.009517983779622968 0.19762048330683132 0.31099766007232504
0.9872472361188315 0.00993236426866082 0.1946352712141662 0.2696751689557445
0.9797210304387444 0.010927564131349437 0.19727337842226045 0.24271528569103043
0.9871806412392211 0.010174242997227082 0.20366794840965036 0.14877392344497609
0.9784909716617426 0.011357692958288696 0.18838331165457733 0.2198051948051948
0.9853548629365377 0.012399168137131333 0.19667639995053277 0.11131234327110616
0.9865649016470498 0.013288908404737605 0.19553387768138558 0.1911863110601281
0.9851517686424475 0.013736638389186371 0.20460366603250685 0.16829579260518487
0.9808768176258648 0.013557693184963065 0.20639194306054373 0.11116287737607156
0.980378213634638 0.015317822530898986 0.20959123945212724 0.116625
0.9860006549401198 0.01506339367792553 0.19815372099844591 0.14839839839839838
0.9848669539966092 0.015294579994261023 0.21530449759521644 0.15963550455619305
0.9881408784862461 0.017211560239938962 0.22115527183202088 0.10962121212121212
0.9885753654723187 0.015213846654267341 0.21815552450515116 0.14233154630505623
0.9911803581935053 0.015939613906204627 0.22061834075998998 0.21172303473491774
0.9828079666396675 0.01590780446464483 0.22510228015801761 0.18194150063586265
0.9861804343491932 0.016566759448963932 0.2328442263401613 0.1866024274993051
0.9857727867606704 0.01630716233493557 0.22695369886334535 0.11827079934747145
0.9889408304256722 0.017134705224543544 0.23327364941504358 0.10760357231456215
0.9881218151369947 0.017030582494838516 0.22651903466181214 0.10906745920484495
0.98638376883353 0.01593639398295945 0.2275048245094682 0.0535328541691214
0.9863213052629523 0.017031391873004214 0.22588652820728183 0.05249305981180373
0.9892974732805123 0.0167725341798629 0.23220797028084916 0.06942860401459854
0.989289440728146 0.017314535298433794 0.23050405647070776 0.03295831032578686
0.9891628806886288 0.01571194293857733 0.23605458311591795 0.08395957501943509
0.9882804705928436 0.016078522536484566 0.23949986975774942 0.053829574725332494
0.9881475112468201 0.014997496451582201 0.24352244208189877 0.1724137931034483
0.9888107307487376 0.013517898143536477 0.23822126205418215 0.07107267624992841
0.9834376558588286 0.013300763786284092 0.2594655043826869 0.169165885660731
0.9832702333778528 0.013764062928027827 0.2502195067977706 0.08006284270839752
0.9797884645341399 0.012952180825444455 0.2604475695747496 0.05793116233084101
0.9915900259431399 0.013493353824442977 0.25765314951092205 0.10774115104025939
0.9909961482469974 0.01415769474350855 0.26812099491634367 0.09340599848413758
0.98846074488057 0.014441142623007365 0.26658371454145074 0.09922722788556396
0.9878367006070728 0.013879060399986884 0.27815732412247196 0.11622622145658469
0.9857497341368309 0.015133482488308717 0.2749632008153379 0.15176741803278687
0.9858844270475348 0.014362052512013243 0.27676029294995463 0.13020345460676683
0.9889375227165516 0.014998281910854505 0.2808963011502952 0.11821546853691799
0.9937801806261328 0.016028384592130594 0.2819370756602212 0.13490205741037328
0.9826809449715755 0.016391209102436743 0.2819914475160099 0.17598564570098443
0.9867546660272831 0.016904818828594854 0.29348410875124065 0.29036391594054334
0.9837005998478556 0.01957540453361316 0.3016370825455116 0.33638404420652734
0.9867647419394385 0.01971089491633352 0.30244038659964595 0.35807860262008734
0.9892691076761447 0.01917818915911547 0.31407867164904507 0.16170120898100174
0.9820733802883046 0.02008398336953837 0.31307833737844776 0.43584237087941585
0.9858769741318595 0.021029554671002225 0.31843736462297345 0.24368875332597834
0.9904451126924108 0.021700463732692916 0.3265001984074068 0.2385676741130092
0.9873058847870423 0.021267118687207914 0.31586960205002323 0.21422671897584142
0.987192713535769 0.02193683909006278 0.3227193817641996 0.20573183213920163
0.9875779148426318 0.021557371513473356 0.33806467851559596 0.2444191488016189
0.9812112044233477 0.021416998197183956 0.35444043947697523 0.19365957859986407
0.995626636951421 0.021182004095120423 0.3554235502676448 0.1519298851567222
0.9866514886326377 0.020896676410283237 0.35809053391925566 0.15946722804744748
0.9904868067608774 0.020956557997312865 0.3597184027614185 0.1341679229206266
0.9876941351287956 0.01976824623572411 0.3796546436166237 0.19641225412398403
0.9893977902934661 0.019770985247376766 0.35284268483200365 0.20614205317290898
0.9915342352385407 0.018258567867698694 0.3676465066161645 0.16001642036124794
0.9848547539310094 0.01860111875066763 0.37824092986313074 0.16454948301329395
0.9896326165086841 0.020239143755553503 0.3787040189697779 0.13297854536934767
0.9893429868320095 0.02058825070609997 0.3868108265825914 0.11574947220267418
0.9877114091862804 0.02131425986685594 0.38418333483690537 0.12735571260306242
0.9856189205567518 0.022338143006220994 0.38235369984345857 0.13669511756434155
0.9850148688186484 0.023244920507849973 0.3920068784967498 0.1643624062362112
0.9834489071041533 0.02183268380564421 0.4016024248758149 0.1862725490980361
0.9865011980005534 0.025279851631524505 0.4150533092029782 0.21106537762036948
0.9916188997787216 0.02640363895953487 0.42575232317396117 0.32163579168123035
0.9838998727481352 0.027903825680589543 0.4212707634367145 0.2537931034482759
0.9820230111216423 0.030044408319468963 0.4325387084780862 0.3005729396209784
0.9908260057188226 0.03156909304836876 0.4399298644066703 0.42564280750521194
0.9899803594633565 0.03262458276353905 0.45234904443520213 0.2728488869863014
0.9911905765255955 0.03352109672642959 0.4599090536238583 0.28341483292583536
0.9919010932051644 0.033092768074413206 0.4736561272710832 0.3073695253081563
0.9909036412416753 0.03467415629269715 0.4774891216076001 0.3376036638197797
0.9893186779742361 0.033576765286571074 0.49908476048647304 0.3873424546741255
0.991873043635667 0.03374907089367749 0.5076938880161224 0.4485080336648814
0.9844026318070133 0.035091237881497664 0.505195102051441 0.3107294339425041
0.9932094247810034 0.035797236944546694 0.49168500965814654 0.16599375769550154
0.989544400089495 0.04454875851203466 0.5881562576944213 0.18343108504398828
0.9886437286227239 0.03550134200073185 0.503426592759605 0.2051001821493625
0.9908676881642678 0.038562990413395705 0.5633586561615821 0.3230962251800131
0.9843718503586886 0.03074251259611658 0.44828469870567245 0.2200375939849624
0.9878188260133225 0.03323056710772048 0.48361964448017614 0.20672844201645807
0.9891541504622517 0.033618216255486895 0.4935166707228036 0.1568985940155534
0.9880723373628896 0.03065308172705667 0.4581989422825803 0.10449795547478419
0.9899251524237821 0.03199370103349932 0.4671085791214835 0.09800211653785716
0.9855668512496113 0.03264457607497413 0.47200839203248635 0.08862167234308752
0.9904584439329422 0.032075741347171914 0.4835611084299046 0.11077110319047205
0.9904803073735357 0.033096101749391614 0.4772036648012557 0.11919281713930127
0.9906477103118918 0.033132880389330065 0.49866190608506916 0.11293617582127911
0.9950463137791611 0.03370803799960622 0.47325864668449613 0.11017778760223576
0.9900263891815069 0.033338955595795396 0.49031444549179887 0.12145287512759442
0.988200397472785 0.03379582679076256 0.49153762221462893 0.1209701271813073
0.9891193198274507 0.035441615475230136 0.5032876904479989 0.1317904577324289
0.9845478494074498 0.036401475866534846 0.5298063977541976 0.14606972960728187
0.9831396895365849 0.03976877134727316 0.5273478809703048 0.14333083330043817
0.994991164770711 0.04170668154278532 0.5517829766939888 0.11010004438829515
0.9898168996749227 0.04221937540498872 0.5693670896342526 0.17379908612251524
0.9816129733910143 0.03972931833102673 0.5585779346116511 0.19628264288108066
0.9796752840102938 0.042771596454238024 0.5785787434276217 0.21121751025991792
0.9824580105361016 0.046028474115447984 0.5756271820082068 0.20252191296324773
0.9875405269817975 0.049969749861313265 0.5992363484838062 0.2583575963798365
0.9849801635484914 0.04828585601737385 0.5944801697251375 0.21739244836205762
0.9806960314790385 0.04352264050510266 0.6070951651621955 0.3113065704405353
0.9886248620386241 0.04705899450248302 0.6278287895531763 0.29163633842847736
0.984333611512808 0.0474585078810002 0.6356512198540155 0.3472813727517056
0.9754287954898723 0.04987284670614559 0.6542133758158052 0.3373489088991644
0.978629717804816 0.05500857612919034 0.6618926375495613 0.2691568163908589
0.986445920598781 0.047248630817960165 0.6768918829525543 0.2857718526478391
0.9861775928078701 0.053437687964454104 0.6801662578817956 0.2998701564955922
0.9926802963396258 0.057912059955266756 0.7061859282666139 0.19627900743751814
0.9828078226736399 0.06350291744959806 0.7229604796378145 0.2600767754318618
0.9891548096738527 0.06835096669121565 0.7351488296415278 0.20388393259439488
0.9884324490393936 0.07885958943892199 0.7648126988048547 0.26992561105207225
0.9823794692975214 0.08542958415827995 0.7695702827440964 0.30843324801293276
0.9905025727289446 0.10005857816253277 0.8067906344002695 0.2899902818270165
0.9870267745833499 0.09112397656812031 0.8132014726903123 0.26421480786187673
0.9810442648767524 0.11689775561097257 0.83446469200254 0.23969505104018607
0.9895231136637159 0.15318317834041104 0.8466835150074257 0.15402125574734304
0.991067017134726 0.2624368629124872 0.8951763370535377 0.15447505679818246
0.9804205044217219 0.2299427748512525 0.9110902117341472 0.3900554675118859
0.9869721284038206 0.23064667831161104 0.9211723198154355 0.5336318089755889
0.9876732237087831 0.22876485244339445 0.9216689435521029 0.4517096845356276
0.994442482638013 0.23708283837430072 0.9194669202826933 0.3495114833143002
0.9868654112108989 0.2502082871937651 0.906899083724909 0.23477097094504165
0.9900361492633327 0.24163090550214567 0.881036743124868 0.14663333469939757
0.9880266873875387 0.2714234336344911 0.8933298252135649 0.15182312432040596
0.9879073607787818 0.2646987018225435 0.8849484549391198 0.13975828134380955
0.9885220964697919 0.2904556736255117 0.9117038576094341 0.23762203245462685
0.9886670466005357 0.26879631995911063 0.8868332351950529 0.15728316502974132
0.989751121046495 0.28796216490972176 0.8789148385501553 0.13213083532642395
0.982071535811214 0.2874343634329001 0.8783194369841293 0.14466824506362183
0.9894888763131331 0.30496595211026595 0.8847899259111368 0.1374650194525971
0.99225499861588 0.3418507547910496 0.8819387716351185 0.1328049585937103
0.9872031196326884 0.3504069503783087 0.8795338325101196 0.12696049438110582
0.9860033257740198 0.32515916600467426 0.8619048500302137 0.10556843562372084
0.9925101558763412 0.3498099751325482 0.805770490007595 0.0698595310854883
0.98932110382294 0.36801643414369795 0.8215003211324492 0.07072445365234245
0.9950421611970234 0.34267812002060644 0.8043521184763959 0.06924271766319696
0.9897562956353018 0.35125737652733907 0.7417330230426349 0.05097662434081951
0.9911520185707051 0.35747353699997586 0.7741003778672215 0.060011262510345297
0.9871160377620469 0.3884607021189205 0.7805387085265787 0.06113416197337216
0.9901033204207863 0.35198546974522293 0.7954055241922053 0.06646420656723913
0.9881556420419673 0.3483522713268098 0.7837631892710827 0.06455935390681068
0.9880728491779502 0.3791087044879443 0.7847143927391523 0.06609722746981882
0.9919061176043721 0.3417705287993025 0.784001070854606 0.06829586624361485
0.9895929098534815 0.3303582668244417 0.7792733509800526 0.07126550338437712
0.9821877891545195 0.3515698780061838 0.7821927408848799 0.07091305423005413
0.9855165664429122 0.3946080706546964 0.7897630261081356 0.07464070684288031
0.9892402042220236 0.3782716309442309 0.7994323478768616 0.08119422662560631
0.9842477175527106 0.43130163108490366 0.8011552247401117 0.08335902668682983
0.9853877861242837 0.4582069634841684 0.802955575040187 0.08093119953585069
0.989751335086277 0.4192247214056197 0.8016713003654146 0.08236646448835844
0.9931004064144167 0.43312979535005147 0.8164383447250743 0.09114328907720312
0.9896828123476622 0.43385594930276355 0.8350839186030087 0.10876827704649987
0.9866184847043538 0.39666148173752735 0.8255153447841418 0.10445409067456311
0.9915490117917531 0.4435253092307933 0.8242517428609734 0.0998869164461893
0.9887038067618156 0.44071218504093473 0.853623306462923 0.12540282106820222
0.9902023399767315 0.4267274595427691 0.8142513513081773 0.09614679083512165
0.9867957494343081 0.43285204412719014 0.8229743070113943 0.10685659569432042
0.9868536633943774 0.41753683536194747 0.8329362373753257 0.11975023473096663
0.9902486468589192 0.41113548628471336 0.840399807087031 0.12200732020269511
0.9904520151822593 0.431475780154118 0.8585455025951827 0.14327735835275526
0.992195223775149 0.4434480234260615 0.8795537715421726 0.17602662847853853
0.9914249783045073 0.45243430047090993 0.8535111263877445 0.13511899523516174
0.990899023318234 0.37031596925704524 0.8685488964030822 0.1761772083397322
0.9914720153204497 0.48758497761565245 0.872265467044076 0.17192151229046806
0.991243480868597 0.4666541775946047 0.8775898354764473 0.1713384401015695
0.9872732632271687 0.4633478018380659 0.8709618411214244 0.1792722179575236
0.9881722497181837 0.43335679782508435 0.8604189205966337 0.16749201530531574
0.9796320809458186 0.4140386308321682 0.863443997957582 0.1802421738523975
0.9953184166790174 0.41260701182225845 0.8670126585950384 0.18204641750458483
0.9846270336046671 0.4051128941966785 0.8738816662651208 0.20085106382978724
0.9889183286389369 0.36220550060789275 0.880452823218862 0.20646918086260535
0.9888215965466143 0.3409755001123848 0.8639240479178981 0.1935520418953623
0.9851764863998449 0.31100293368580545 0.8709094619835401 0.21488439012141242
0.9921759183001153 0.178963511112193 0.8849986776621066 0.26545695218134685
0.9929342323040075 0.28772386637876285 0.8787986403092657 0.23506057909507838
0.9918200386371231 0.2543756902379438 0.8819860380718617 0.24659467505476604
0.9896662605339522 0.2854362819448817 0.8849474651695244 0.2723793763251797
0.9834183715701889 0.3221324717285945 0.8608247111492882 0.225990408863033
0.9875714971523096 0.3391657754010695 0.8372382672882338 0.1967490704203037
0.9878493317132442 0.3204350103207123 0.8586893159865105 0.24411771483879888
0.9909531917193665 0.3408797912146653 0.8614358497074127 0.2484662053436894
0.9871131352273206 0.2836772757355153 0.8708013110596369 0.2840717170480969
0.9896199385550071 0.27181432715911624 0.8552564706281632 0.2627673930834142
0.9803401729303323 0.3099268285023396 0.8887407198666143 0.347957451231766
0.9875292751060488 0.2953278470931776 0.9229572967460802 0.4621411530640092
0.9870629054012191 0.23944316983939976 0.9036305091434247 0.40189668374860105
0.9929838073976905 0.23192830802172965 0.9148485938941212 0.41534479081636405
0.990976242908603 0.16578868151715834 0.8827673724067611 0.3493048249978676
0.9902910595766407 0.13255119892971082 0.8866825150754651 0.3535323577963683
0.9915292652552926 0.05215366705471478 0.8593086448239358 0.3220678107202997
0.9883680472987687 0.06438965238480195 0.8643620896788672 0.34128829620423995
0.991084504379608 0.04776496911328372 0.8818166870376535 0.38645057792768706
0.9935715492160008 0.03690671031096563 0.8715144711284128 0.3660679242357433
0.9905291796930307 0.00046336817175513564 0.8757955122650811 0.39253716366346997
0.9903082789408042 0.008223521252353117 0.8963254263444002 0.4634294224018721
0.9927482406634556 0.0 0.8876265839303658 0.4416372838944495
0.9870397822886324 0.0016567512613901649 0.8851454347742486 0.4515712319919122
0.9875507175417222 0.0 0.8705605012818365 0.44371094131173555
0.9933879525848757 0.015945330296127564 0.8911185476254329 0.4966454712709399
0.9926091156759045 0.00437506751647402 0.9156478684488157 0.5988570070326105
0.990511099275457 0.004287384695335845 0.9400093748596102 0.7241527217315236
0.9891962618691155 0.0024937655860349127 0.9565892841229254 0.8266147859922179
0.989050935159678 0.004254753357266321 0.9444353765466164 0.7796282606399831
0.9870160961504651 0.022185114503816793 0.9043592532490242 0.6569163823571472
0.9944291716115593 0.011004126547455296 0.9398735131319688 0.7924676057877053
0.9909967901708008 0.02564102564102564 0.942160419003918 0.8091794053100029
0.9892751975131469 0.007642287323188309 0.9235108971572994 0.7789272099871728
0.9906389906389906 0.0039044901636882414 0.922015001959211 0.7972243558410725
0.9864716854139088 0.008329183830519216 0.913384133256058 0.8075621275883814
0.9853253003105168 0.005345275931811615 0.8942706397865646 0.7862739981988199
0.9961263048917264 0.011037891268533773 0.9063870789368349 0.8198619895901307
0.9912342014260795 0.013091010375322053 0.8838761784741439 0.8082139378060877
0.9934590498986622 0.006714495952906549 0.8900000232915095 0.8425256622780452
0.9959086006928022 0.0029349789283564117 0.8967453305266374 0.8617453268372223
0.9854497816593887 0.0 0.6928750009328846 0.7686993572883082
