0.9886631812181236 8.608372483287884e-05 0.17498874912481766 0.04833115108078929
0.9837871923023027 0.0007184597182918446 0.18155969957411833 0.04508770485053117
0.9884665512546694 0.000611524512445432 0.1908041895094565 0.036704403110302285
0.9837928832510895 0.0010840195606201235 0.1884104819081883 0.046993886195066795
0.9841681602548848 0.0011195008950941547 0.1984963533849769 0.03729868676447445
0.9872429532727872 0.0005895925129612088 0.17659272588850053 0.023563398419825275
0.9913175252138351 0.00023407098202529917 0.17914861375723648 0.040279540357769934
0.97697837618561 0.001277004022319894 0.17207149885155232 0.04115027305886383
0.9878719748818607 0.001257105008820011 0.18450451657246011 0.0341924178313459
0.9833118263712225 0.0018316611524608671 0.1966270836330342 0.047376261513606514
0.9913769226508116 0.0006053362271043882 0.18801170982482865 0.05593731461340716
0.9832917923450636 0.0015671673085193634 0.19720583887392007 0.04560240963855422
0.9902596961588283 0.0013042817790480871 0.19045427588660893 0.04719910570115514
0.9825633799006678 0.0013074152887582774 0.19449814446194175 0.04213144267710982
0.988211181332995 0.0008003456707682336 0.19909293892273883 0.034123161257886114
0.9814308302993343 0.001256252113185109 0.18427628099306012 0.0367405875641757
0.9882560294598621 0.0029163558052508185 0.19219571640953695 0.04843830614755725
0.9888145005228554 0.004431974675560274 0.19238929813958805 0.051291793313069906
0.9878085934839775 0.0026609738863749115 0.20124443304823636 0.03308191280736159
0.9833643921509198 0.0035497019102080545 0.20656574026343907 0.03129086014613511
0.9823251495528107 0.0034946448562043772 0.2073986121357356 0.039466474212474775
0.9885022519493308 0.006021598883653205 0.19605507115969312 0.04371728130422736
0.9876941597807027 0.001958000677609576 0.21072554047268316 0.04995534201854076
0.9911068701845386 0.008191223123201129 0.21622504543301613 0.04514592547668003
0.9919598654295088 0.006415020005899109 0.21686808229448618 0.03860391327340032
0.99449549800427 0.0065654506035928446 0.21766098416624216 0.04150452058401849
0.9859939155221201 0.005866371492753151 0.2232572069235613 0.038683595633414516
0.9890265173066699 0.008840670671568188 0.23063601827460609 0.03842414202888113
0.9882453936790405 0.00821075379512919 0.22602180866012503 0.03788670816898731
0.9905829596412556 0.006241173570431774 0.22806147785623399 0.040991532510976376
0.9909372430114065 0.003967731855336085 0.22354873443787804 0.04362673357028364
0.9889064286629454 0.007356712333263582 0.22951519055161937 0.0334984078057183
0.9886933768341211 0.0089599373294001 0.22605437459135572 0.03183006246400567
0.9911611868070892 0.008073459246470297 0.23259721081234144 0.03682891468773531
0.9912810169770669 0.008335844027186984 0.23264451979622258 0.0337720073757862
0.991046911386876 0.0074598248296102385 0.23367481729585599 0.037608178349706874
0.9906390469381959 0.0075625261440102455 0.24272445304856471 0.03268883732920856
0.9907660231792663 0.006793511984048846 0.24381353643029852 0.03520349366167283
0.991472127373029 0.005478738629447342 0.23941637275785405 0.03607438482762865
0.9861577303995707 0.005689989436664531 0.25637498330619996 0.03953393648403461
0.9848438207111557 0.005947310334409004 0.2505473489844368 0.03379419459582433
0.9814849794672776 0.00445624822889967 0.2576817851059592 0.03347294898420912
0.9937030020020008 0.005787017661337574 0.2562475760010604 0.03848361243773956
0.9931650461877565 0.004682311642173926 0.2667150400321635 0.0452362392818527
0.9905673594465233 0.00657523481488603 0.26432353552313237 0.04502988073801508
0.9905571378629596 0.0015576043980911152 0.2810646901350391 0.0367641777568003
0.9881556138395015 0.003320918423110229 0.2760727716653577 0.041377583490698915
0.9878578240879133 0.004132706864938072 0.2739673670129177 0.04389738331921723
0.9916317829856994 0.005504126239832788 0.27778573645631877 0.03893498777800919
0.9947032902202797 0.005366908304718301 0.2797430490620766 0.04728954538935896
0.985821355693008 0.009134916933369788 0.28471410203537034 0.042285470155022986
0.9886778785787027 0.00504309164108379 0.2918563958762622 0.049649673834259486
0.9860717705258119 0.008046123427799224 0.2956537212509453 0.07080212762172451
0.9893085693269584 0.01132422835474659 0.30236305794423685 0.050755027751249154
0.9905771195097037 0.006605034976271225 0.3115909564578092 0.046475630037098634
0.9847377987306994 0.008934219213881052 0.31523967555286175 0.053288038709353926
0.9891052581307608 0.008843746458236695 0.31627577457595 0.06658715012722646
0.9933224005059113 0.011195608505676021 0.32446557900635964 0.06507051492292555
0.9909412279353519 0.010983807012955803 0.3146423122352524 0.07037335924504685
0.9885420203983654 0.009049789956081727 0.32291980987362734 0.05343993845477525
0.9899678533047689 0.012713299274156742 0.3362427198755283 0.06239782811770201
0.9828259471112888 0.010388570037924112 0.3503486147239633 0.06290103652517276
0.9967773993869369 0.008823340878839944 0.3535143194805085 0.0511411332633788
0.9886187835098204 0.0061028181372949145 0.35484445690372896 0.05654481290913499
0.9924964876068895 0.007340560355575664 0.3543792319331851 0.05259520695016907
0.9901296138162297 0.00565854588745678 0.3725267351190451 0.0636672325976231
0.9920714282384422 0.007518579129643837 0.3502618385887225 0.07362385321100917
0.9935514419594615 0.0049994663635440145 0.36552727418491443 0.05573765976200969
0.9869208248472505 0.007308964908374254 0.37542790928654196 0.06737981961997606
0.9916273879653771 0.009731009057393837 0.3753799316619651 0.06214473031398398
0.9913620230170775 0.010714557073127278 0.38461672583800227 0.05221378387024158
0.9895606613142685 0.008268286611344914 0.3799849060809155 0.058380588157721215
0.9878742224532274 0.010906545745421303 0.38026329666273373 0.05837397095065807
0.9872486971703476 0.012696892449463114 0.3891563386688746 0.06874673325977118
0.9868006424880674 0.010041873449131513 0.4009441477785096 0.06481394380014245
0.9881319148473646 0.012386610753941102 0.41229845855099506 0.056033545206274016
0.9936687887190203 0.014800032458021188 0.42343221111311785 0.05550760165268331
0.9872979492495172 0.017692397039790263 0.4208968120160882 0.05696147813306656
0.9845954568351364 0.020110452947411355 0.43305317577303093 0.06106640686079939
0.9925202685447937 0.020512353902081518 0.428777618872948 0.0729483282674772
0.9927699949450481 0.020229484138596304 0.45120850164522086 0.06632538112999725
0.9935656361769184 0.017987280658942957 0.4529260914040698 0.06473374807374008
0.9938524203959705 0.01964735594046125 0.44733408836491956 0.08824004108282592
0.9931459204560784 0.02100906100019681 0.4498424294219399 0.08796904988590168
0.9915790015837658 0.016809252371842803 0.46777106466361856 0.1023157756036499
0.9937557221584304 0.016742822459660335 0.4942826497290525 0.1096653600464576
0.9859501480287813 0.019131595110814584 0.49099696508628754 0.13848028156303582
0.9948970993604286 0.013363057946723511 0.4719836360773256 0.08650322805793055
0.99122125269368 0.0249643280125145 0.5678090533480542 0.10167040395177278
0.9911912508589358 0.020798664752547054 0.49378915946788005 0.09610219681840093
0.9931495726039803 0.020490733731512348 0.5479628091640164 0.13182624113475178
0.9871832268529718 0.018852935563613123 0.44191301900345153 0.11611013473930873
0.989738542880229 0.019903606279706727 0.4758395869162925 0.09048425025837664
0.9915355511631297 0.019530423746739054 0.4860090903569664 0.08238738919417593
0.9910154316389448 0.01980002306159092 0.4492131097822289 0.06980640357408786
0.9915353054975342 0.02163650255408 0.4521603217206902 0.0643752334315475
0.9871246756158327 0.02017883906478429 0.458223599573247 0.06787880068459864
0.9922617106836213 0.019793984115066734 0.4589022700523757 0.06722602880236327
0.9923406526140662 0.02188910681009721 0.4599192625413599 0.05961943903285207
0.9921400866435746 0.022742531317714514 0.4834581574952878 0.05876484435848743
0.9967109929291157 0.021048168692577227 0.4658278790959734 0.0518999354667274
0.9920436084050916 0.021308184218432336 0.4815201813630248 0.06203012397373452
0.9901455217108143 0.022601954468526506 0.4842956663990823 0.06538792271379183
0.9915115293550252 0.023642477684396063 0.4915612147331712 0.08413683793422269
0.9860997673203856 0.02290183249241793 0.5146799440108042 0.09591915328738562
0.9857003752434332 0.025972793201406937 0.5082401979384958 0.09039258778282803
0.9964669792432024 0.028144465750863087 0.5332294653286609 0.06720263223243109
0.9911574243857245 0.02470216097363899 0.5602101509212807 0.06899588960657663
0.9843356518292594 0.02553713600174501 0.5427461968656234 0.07742415408432016
0.9824752595136664 0.02985828350406521 0.566204560316105 0.07415256278115458
0.9850250759341669 0.03145599373686718 0.5609961768778026 0.0744152033250331
0.9897606449358558 0.0351855538781814 0.5843574307581826 0.07516376605724914
0.9873506596455467 0.03201073338970837 0.579453108104861 0.0792061471739028
0.9830899705293503 0.03140759795089066 0.5891386769124095 0.09278895385326859
0.9907570898116969 0.0324569292425266 0.607399521316641 0.08931531569339236
0.9869716591866555 0.03074729157354788 0.6126917818264395 0.08832765071041422
0.9775348476103402 0.032988728551941994 0.6297292329113231 0.09050869616468596
0.9811869877304773 0.04044157042158374 0.6366703526366719 0.08272297245746547
0.9888568501189777 0.032445887024564954 0.6555521530198812 0.08127054911001096
0.9851355074121048 0.035529135440754506 0.6523148252521302 0.08506063472950891
0.9946106705589601 0.03973304895249235 0.674668978734486 0.07545749957243031
0.9850201999549675 0.047245848750112805 0.7029907511453021 0.07715713590730175
0.9916129308543702 0.051128893457318386 0.7038505016138744 0.0688518098255287
0.9910916216579059 0.06276560534851393 0.7319784922326491 0.07335827098919369
0.984730948248053 0.05912466208123738 0.7484600829021142 0.0737197297319063
0.9927028323297317 0.07626120538875998 0.7614991753706448 0.059989248524990546
0.9890163721115355 0.06776851072512562 0.756668627309726 0.061214772873504054
0.9834290792282595 0.09013429237482316 0.7641707975709016 0.05698249039106827
0.9900004020949145 0.12004285331666815 0.7699336586817532 0.05785250764282711
0.9927575885969387 0.2047047148412184 0.8127104996888523 0.05942630499650036
0.9928218072543565 0.17332504567629164 0.8690500965188624 0.12036791474793258
0.9890651940629634 0.20013262726931985 0.8724937723370465 0.12817189544975158
0.9905522820811795 0.18687947843889446 0.8917871892487076 0.1728806605466947
0.9961553604094547 0.18237270245308487 0.8697661113589201 0.1221483523813759
0.9894326836790076 0.20311548076721078 0.8610424379782737 0.10735256822925811
0.9926212990978254 0.19145896329350517 0.8280095364118645 0.07889770549617096
0.9890125286402567 0.2173420232360442 0.8332763436717395 0.07415450564841866
0.9898756359321047 0.20205389088836587 0.8280157189588001 0.07438260380284493
0.9906893180033813 0.23554766463095073 0.8588663460134655 0.09940978843185326
0.9900686379244104 0.21935417839414564 0.848797458658862 0.09552150605715251
0.9920956241394526 0.23819148468737641 0.8394130253063649 0.08679385098221551
0.9843830617858272 0.2558700356346959 0.8453541506768916 0.09869436812643013
0.9897580462546878 0.2826821938392186 0.8544515672380094 0.09749536925183216
0.9934240709588622 0.2981535378596307 0.8577436122395988 0.10412273051613415
0.9891032595877164 0.2901734934565787 0.852445532869589 0.09619482027890806
0.9877864505518265 0.2669187145557656 0.8426841226512601 0.08945803111025526
0.9939817079135284 0.3175758001780777 0.828119128638685 0.08164596329554993
0.9909605428058855 0.32870907531655147 0.8285753624740428 0.07483076995272117
0.9963068279062489 0.31432069424939685 0.8272986693535721 0.08194619252746214
0.9913527957227156 0.3041701336204787 0.797352795904867 0.06880901837347193
0.992505324781375 0.31401053750966745 0.8219828782390526 0.08163942491976223
0.988141510265009 0.35746661467979335 0.8229081303788736 0.08101604591926567
0.9917971671905929 0.32130193767479026 0.8232204671149485 0.07998636169253708
0.9905509135632315 0.30596432069226287 0.805737878467076 0.07388645656185548
0.9906311074337723 0.3399957921312855 0.8156821635582048 0.07947339324234967
0.9936688904377842 0.3366792953950709 0.8267945531844976 0.08879048627400514
0.9914374874193218 0.31436077057793343 0.8323501439758431 0.09908154399900708
0.9840769807559808 0.3223011053624844 0.8222956628169462 0.09143962011330779
0.9865396555171394 0.3628177407446472 0.8230710515389071 0.09224597411157706
0.9902497692304992 0.34765053313819777 0.8312147642984734 0.09954131457925929
0.9854290365269531 0.3911339463771327 0.8309603754799229 0.10109502861737855
0.9866630762702776 0.4073819415998596 0.8291312919501421 0.09665639621134314
0.99078655479799 0.4045870946171849 0.8208551238637198 0.0934881289719112
0.9953106518193972 0.43253543630260477 0.8570600884204049 0.12065648221800702
0.9921525886823638 0.4124107303606793 0.8461222612477003 0.11631560609420037
0.9887539199495278 0.37238511659807955 0.8569593051214234 0.13183789548524708
0.9932578646661137 0.3998225884050998 0.8545457442936009 0.12501078766554918
0.9911729461919576 0.3963485712485429 0.886628736863671 0.16775006929604164
0.9920665607954153 0.3988753335874952 0.8596888498210403 0.13066450188157433
0.9892990659024016 0.40793507373584176 0.8543804258711095 0.13131534985257806
0.9883799883074855 0.3911574383985209 0.8436441285435106 0.12798282294614016
0.9914586289910197 0.38013076335229684 0.8569868555454008 0.1375191465348131
0.9916541291305065 0.39766230006513714 0.8708334560509607 0.15855224321133413
0.993610872183038 0.40898426843684643 0.8844015126644719 0.178832500870241
0.991400249307987 0.40252310400469415 0.8699600616196961 0.1552677639029843
0.9911104575621423 0.36698599852616065 0.8722005338643944 0.17747619404663717
0.9919037654737816 0.4521134824583917 0.8783568009415145 0.17880237593632958
0.9918343476727259 0.383444298375811 0.8808289022193845 0.17567597427946408
0.9878239668024003 0.3757770158168344 0.8900424454086614 0.2131179212248545
0.9896998451848624 0.3859913198364316 0.8896861863989366 0.20912646041988842
0.9805873433558397 0.34883834439672 0.8850171376041638 0.21774611505524066
0.9959035809463938 0.3711462951234959 0.898650452422115 0.238714295226047
0.9863007570928529 0.32221831192445305 0.8966923895938319 0.2448810826176468
0.9902591472243136 0.27979897638280815 0.9130907844590258 0.2867825893893369
0.9905946153700892 0.2793436170888085 0.9118216405731143 0.2957082873783402
0.9868113031494459 0.24847889466345544 0.9085901272308454 0.29970152127864436
0.9926557537530523 0.15344391074935523 0.9142186914139755 0.36049745095010044
0.9935038543871131 0.2521893021694688 0.9038434792674299 0.2928479828088174
0.9930548180402152 0.1999490251051357 0.9086226507489189 0.3168445315619442
0.9912907459204369 0.24133171844632847 0.9147277084051654 0.3615216960570636
0.9847471638223033 0.27032287213707296 0.9146873430848631 0.35952136221709363
0.9886324705778005 0.3125669021622779 0.9023354197994609 0.30788990825688073
0.9884864443817927 0.2638813691872707 0.913844333818342 0.3851019680612814
0.9920501531544411 0.3012782886584491 0.9135955689153217 0.37024277793488786
0.9887553654904396 0.28546918305397917 0.9232013789023508 0.43511211145616685
0.9912303612212142 0.21639133734166133 0.9093237040521812 0.39192851628586917
0.981727347226833 0.24187607965842053 0.9095220330884048 0.4127563319354093
0.9881876294017158 0.24137574168621498 0.9291858655850093 0.48752473019474735
0.9872886857153748 0.2018011394964161 0.9297196815514889 0.5081428664756554
0.993808247005815 0.10734354553152183 0.9308202424263438 0.4863581094675333
0.9922215591641579 0.1074127796014963 0.9243370049180206 0.48545095667122984
0.9915293655615078 0.06295081967213115 0.9247053192810052 0.4809147961344473
0.9928779149383276 0.030038759689922482 0.9129113220562629 0.4563689644412487
0.989808049938553 0.020458522140966395 0.9157933916730387 0.4796571950308497
0.9920257072648226 0.03269904857285929 0.9201424335229206 0.5021425106451787
0.9944716867576964 0.03766892650294078 0.9111214070631309 0.4693215375834429
0.9908125757809502 0.015342298288508558 0.9211273362975985 0.5223441724889574
0.9912994083444495 0.012054439403758912 0.9357645787951581 0.5980311052283256
0.9934281956052733 0.014772626145768443 0.9291908882310125 0.5667066131872432
0.9877879748962358 0.0 0.9232463944539753 0.566229457511832
0.9876772970011803 0.0035968470192086935 0.9169557477173798 0.5676210255649508
0.9941648514551945 0.02702702702702703 0.9274758749795974 0.6083899375362665
0.9935462918556394 0.021925712225027046 0.9378730508329688 0.6700404382376451
0.9916823256328064 0.0021166509877704608 0.9547263976179802 0.7770552108987748
0.9893732650037355 0.00043342579750346743 0.9494182219220477 0.7670388515438077
0.9894861448614486 0.007009523809523809 0.9503720971549164 0.7929308111476091
0.9875120927124578 0.037031802120141344 0.9285430442175832 0.7227946616974048
0.9945040506348122 0.01729701820059378 0.9538471482862799 0.8323809800757036
0.9910465336280895 0.04349890777851648 0.954432777330737 0.8436473542680624
0.9897509872247346 0.025806451612903226 0.9324303196293279 0.7910443849566634
0.9904296218879475 0.009712553334830452 0.9213470677319965 0.7891887395412355
0.9864689025631856 0.01882277875259212 0.9010758643265238 0.7672165263963274
0.9853464856674603 0.02680678880521524 0.8663459991129637 0.722421358383289
0.9958073009391991 0.03166193629769789 0.8770010834952379 0.7606073641356659
0.9913296672496662 0.043669519315364315 0.860781463562797 0.766850116578101
0.9934477010289681 0.019175027870680046 0.818995031012533 0.7484344748842257
0.9956798467403143 0.010672158771765586 0.8236162969667371 0.7663673116901658
0.9887446401662043 0.0 0.8365126517237192 0.9192083397161285
