0.9861930598928802 0.006841033536301805 0.17971490494008294 0.1084628670120898
0.9818099858226264 0.006317957537006394 0.18719244201938393 0.06382282347807114
0.9860522332007079 0.005749116782594736 0.19427210174339943 0.09691833590138675
0.9818314937900818 0.007450456876180167 0.19337034743633755 0.1388245512449334
0.9819521169999074 0.009290693796371105 0.2004861815751129 0.10215053763440861
0.984320239808097 0.008162169920196923 0.17851553749159918 0.08699831771208844
0.9884662559085334 0.006479007391474919 0.18097361752302346 0.1249240490946652
0.9739506306507821 0.007834400041197887 0.1751681051292253 0.1398100017924359
0.9851090699078764 0.007195009193032426 0.18663587653009903 0.10388394946186243
0.9801258650146883 0.007889376539670924 0.1986403902850467 0.30014914243102164
0.9879499383216092 0.00680015111446921 0.19037430327872037 0.2445557910965504
0.9796784907535042 0.00779372871265871 0.19705054276054637 0.2452
0.9870807545491606 0.008841793767653811 0.19408370752672144 0.15238847216739046
0.9796741768957774 0.009850158082929583 0.19634852312754572 0.13984397572955792
0.9872304584703187 0.009450907947488405 0.2027873442781528 0.09593863950710424
0.9786863414372873 0.010172517574115653 0.18763773825205865 0.1467360720315138
0.9851065376182574 0.012123969359208042 0.19582448022412138 0.0661774341501769
0.9866081786281438 0.012399955689717246 0.19335797280456044 0.13294560943643513
0.9860374287261111 0.012390262687608934 0.2024310555539211 0.0707542482361125
0.9809059660863625 0.012867941595831635 0.20497940396417635 0.046637616299611356
0.9803019760318572 0.014131516355769891 0.20753551226303313 0.06159944042900443
0.9859257058783627 0.014723005378742587 0.19675713055483635 0.07381703470031546
0.985066787517503 0.013699527509275127 0.21217152065145456 0.09683730029344637
0.9884761990218345 0.016470342631977244 0.21858460946749902 0.06978211009174312
0.9893125609020463 0.014872183053802187 0.21606132419633461 0.05863288155568651
0.9914342546258043 0.015614672233446689 0.21836571279946543 0.09814861780370276
0.9828411774765323 0.015551818562817015 0.222633903550554 0.11061552185548618
0.9859214534618699 0.016213186513922125 0.2294120568524976 0.09207592648388069
0.9859017662374218 0.015659064666330404 0.22423413597837236 0.07154600600941097
0.9888472801490815 0.016480025414978953 0.22926641521053037 0.05038052427789399
0.9880448900194524 0.016625532846580273 0.2252349497532403 0.0713230180806676
0.9867742333335752 0.015526302556108254 0.22578322275882595 0.0405984406827281
0.9866593399883994 0.01639899528863007 0.22467100085379987 0.03689899366380917
0.9894408862731522 0.016200689037287448 0.23017577853572152 0.06452508794667654
0.989091990551963 0.01674661194826004 0.22903918185927974 0.02233170310701956
0.9890114609137567 0.01518074902198288 0.23288979390661185 0.042322526842489314
0.9884343956763638 0.0154488025938118 0.23819956009499144 0.05762362858337891
0.9885889358616119 0.014080004303976625 0.2417806542415815 0.11470736206607413
0.989620578416524 0.012847899349854128 0.2370107131020879 0.06145078012583585
0.9836705031392092 0.012407311148121825 0.257419703014342 0.12859516145779254
0.983020767793914 0.012957868296835425 0.2487639942895785 0.07250039993601023
0.9799577075738768 0.012400604418907486 0.2589215114905414 0.04080015844721727
0.9917271340758885 0.012968317814345869 0.25595169854464306 0.09149347188915534
0.9909312755989895 0.013327900124675248 0.26710132651554597 0.0880183451175234
0.9879881601035226 0.013959040658293054 0.2649115580755371 0.08579001019367992
0.9880815283611555 0.012729944676794619 0.2773156931833582 0.08787407023006401
0.9856685352407573 0.014701831341617023 0.27448101296930005 0.11962794229309036
0.9857362362252222 0.01392360964486297 0.2758619371286171 0.1102364996631564
0.9890833774767007 0.01453244476217852 0.2791203097228116 0.09358288770053476
0.9936452969524757 0.015106009410092245 0.2804217739006236 0.12115099621274493
0.9824393655233796 0.016001278814907635 0.2814845280002222 0.1405254611316984
0.9867003186421428 0.016618336179300284 0.2917432496849763 0.2308364908190032
0.9844744666839617 0.018346904950637746 0.29929718390795645 0.25356303837118244
0.9866470025021546 0.019388898171000417 0.30072874711220243 0.23233885819521177
0.9889735745171379 0.018391638994593465 0.311351897346678 0.11689042875703767
0.9821035036717863 0.019488466716391373 0.3118845038962196 0.28850583843037575
0.9857325482435148 0.02007812052714414 0.3166005384724387 0.17295202178923108
0.990173579063328 0.02116929989407056 0.3263799369060652 0.1700697336075854
0.9878388475871592 0.020060927876861555 0.31533145553004416 0.16675663517768782
0.9864304843361559 0.021120733388639876 0.3214982429716828 0.16400387933234647
0.9871210223001754 0.020447737915264084 0.3360284589578884 0.18430366760707872
0.9807335642384536 0.02030330044344914 0.35282251957610017 0.14351181862035697
0.9951885195839375 0.020315158465781125 0.35334758721570225 0.11862756114919279
0.9859022078959643 0.020133508758720754 0.3563001130788466 0.11614623000761615
0.9898336520916636 0.020212537307285908 0.356989513665263 0.11018562589243218
0.9871257875951382 0.018379877308420334 0.37615922309375166 0.13921299473804621
0.9893731226374518 0.01820576650386009 0.350907016962873 0.16478517270429655
0.9911764740364876 0.016780880964083613 0.3651909949662772 0.11326013229911688
0.9842224068933406 0.017520493138545347 0.3751699653741185 0.13380622279542156
0.9889111458324695 0.01916105173028526 0.37592653712895835 0.09989151297671701
0.9888788238752746 0.01969398972977435 0.3843628016944463 0.09254646484000767
0.9870515750292562 0.01941742509192375 0.38230668561834685 0.1089362160415713
0.9849247856021404 0.02074488137796555 0.3803865153769262 0.11227184693937438
0.9844344305934606 0.022221869263034454 0.38929984310479254 0.13996616345653307
0.9833788791524274 0.020557747609175416 0.39956224201259793 0.1620353531679639
0.9872983975788968 0.023636689154547894 0.4132489819081379 0.17173885591615104
0.9907880973154848 0.025155389329909746 0.42330292259178776 0.2257001647446458
0.9841778660928326 0.026997604147646476 0.42051889793204217 0.1691052699728085
0.9822156794287134 0.028546160410038483 0.43045422584277404 0.18671423717295277
0.990432661482418 0.030363761621981702 0.43666544855977724 0.21527681740653667
0.9902015820362338 0.03188862234911478 0.44845463917190515 0.15890759396231466
0.9910972923586864 0.03263162956773685 0.4572572802861208 0.1840835733870128
0.9914361754140831 0.03212526569101273 0.4637431996612047 0.17442614847539312
0.9904167746915572 0.03379915401254395 0.46934972344541565 0.20955022785813354
0.9887333473020318 0.03239421330537954 0.4910837735602948 0.23331356937150602
0.9917305431460146 0.03237160274237347 0.505815941689139 0.37475571130130064
0.9838504719306937 0.03441364343964018 0.5003307405011653 0.23348575161263982
0.9927164642087287 0.03494529055634844 0.4864497472339425 0.13348734192288456
0.9894489924729866 0.04331500033400201 0.5864125025047693 0.16753576308524581
0.9888482827135964 0.034431251885769606 0.5027494133855812 0.1946114212108201
0.9904812256103632 0.037574048373020356 0.5614840680501392 0.27952079344036923
0.9843006496732661 0.02998969548377927 0.45190099122245364 0.20153024911032028
0.9873259836971852 0.03183938864309945 0.48362031980335674 0.19415276919909408
0.988687109258708 0.032569966390464195 0.49882270182603344 0.1398591099874819
0.9876575251607694 0.029563849932925382 0.4625132927241631 0.09842492367471552
0.9894709577934789 0.031192072991976474 0.4667042829223566 0.09014151693432979
0.9851943014393458 0.031681164227882 0.47370411295273174 0.08596303473809042
0.9897287942775919 0.03139112711085424 0.4823470288291822 0.10857964244003235
0.990026009655209 0.03255348268988766 0.4775121273141478 0.11484836977160527
0.9901027016655988 0.03238637359625317 0.4947977670133192 0.11314086785287292
0.9946452090136576 0.032995622841229914 0.471274243922177 0.10762244566980214
0.9892776456528519 0.032573217329308096 0.4886037526911754 0.11276771004942339
0.9879906004106386 0.03325081977753488 0.48982811140121846 0.11376925444208685
0.9885364158241675 0.03447584422756424 0.5011952853502042 0.1279779673747665
0.9843620616940011 0.035534867928711994 0.5273432404581149 0.1466020893512586
0.9825518291307146 0.03863892519067079 0.524886840831491 0.13386932353676598
0.9941654977612353 0.04098370788997307 0.5510347805482557 0.10010912825779945
0.989312562595779 0.0409869046066725 0.5655859751794858 0.15876645722785906
0.9814124013190887 0.03887949594789132 0.5563542281886765 0.1636610864670872
0.9791762223649206 0.0417064062374106 0.5742246969326015 0.18688760067716617
0.9817322674573552 0.04383577337627661 0.572434755817462 0.15607838242636046
0.9871099058669958 0.04917864714712391 0.5969287047311211 0.20131303575012185
0.9843720705496577 0.04692009903834316 0.5918554406180437 0.18241312563369896
0.9800646619610768 0.04289211041312158 0.6026664195885214 0.23882772984230885
0.9878874958675584 0.04551987704066797 0.6226406425099817 0.22826299745504378
0.9836655437258869 0.04657491624826316 0.6314467218472101 0.27998620927426304
0.9747984386016901 0.04863396823683879 0.6504371768140759 0.2678837679334681
0.9776432254853925 0.05324255668870709 0.6575552376214904 0.22741877900749732
0.985748010842004 0.04632816737981313 0.6722321648809583 0.23214336108367434
0.9858590199372322 0.052099665548592536 0.6771946849235518 0.26049538850673987
0.9926447533444817 0.05451695632225367 0.7020494268095913 0.17001344059058357
0.9819049677535421 0.061187209447002004 0.720112068223989 0.2133744284162393
0.9882723331140154 0.06679949067485581 0.730839425219443 0.15698294243070363
0.9874422651427333 0.07763433646306266 0.7590882435192982 0.176077500988533
0.9813271581232687 0.08253798107645689 0.765388851282798 0.206139435672718
0.9896537577628968 0.09585558498392371 0.7938839359334982 0.13317195016652275
0.9866664624581851 0.0871422505672095 0.789512225462039 0.10131718016615336
0.9806883162991668 0.11392215344494237 0.7930292818917825 0.08275640731740865
0.9895501112801176 0.1482585155561418 0.7869328223835239 0.06467966317064659
0.9921782140255359 0.2559416296749834 0.8402847583814185 0.07047012992930206
0.9905648744241924 0.22198003026870616 0.89031770770125 0.1621002223362408
0.987012987012987 0.22552628273869904 0.912521562039247 0.3355453878662988
0.9875343275863308 0.22326656857151436 0.9222488926482173 0.4719648951730863
0.9938875496508973 0.23011560929776542 0.9153219382205346 0.29886467366499314
0.9861223628894247 0.2426562466908105 0.9029223297995707 0.20928028393393697
0.9892139907274166 0.23613191925563792 0.8681332435396166 0.11695699758310912
0.9874310691206584 0.2646329691544908 0.8852591087881804 0.13049471785622263
0.9868611732986687 0.26038296009141493 0.8713335868097735 0.11195746527777778
0.9879096761137505 0.28578530975746835 0.9025877744236438 0.18737296294975572
0.9881431546270498 0.26430941731764124 0.8815962956959722 0.14200748290543155
0.9888865711629612 0.2822107042754816 0.8819334242824446 0.13578248527928308
0.9816731437921865 0.2862519443507772 0.8677388799752566 0.12276892653639541
0.9888900874999546 0.3070458876303424 0.8893233617259814 0.1429232868700653
0.9918876906635578 0.3367917957585801 0.8906568783655688 0.14625689154983298
0.986034658141833 0.345041695245659 0.887730172611827 0.1410508765023273
0.9848821093623787 0.3175463953286697 0.8697791479919661 0.11474976143009666
0.9910777413254459 0.3445498077512797 0.8366851073851018 0.08484019980693104
0.9881394997539215 0.3638704276799756 0.8500911385644027 0.08758765088599413
0.9940365609203949 0.3389611331335203 0.8323579466588346 0.08230538756375315
0.9884846186016203 0.3458148965279233 0.7828143762246424 0.061192249701825054
0.9893819376631056 0.35217307040069773 0.8045702476265016 0.07041574819295637
0.9859391000251174 0.38197723362980857 0.8053230911414265 0.06957901032321814
0.9891598101132609 0.34953983101991554 0.8136343432246008 0.07332465736268642
0.9876123283295307 0.347017971291145 0.8051333706519476 0.07189728515685645
0.9869850734913004 0.3716105067657203 0.8020577399341595 0.07148758054744726
0.9909546368158614 0.3418602842028835 0.8013551199936368 0.07446659671213711
0.9886947524299101 0.3361323974499324 0.8038005071405688 0.0803516988015392
0.9812777018071902 0.35224845048133985 0.8073030627818416 0.08157315849048545
0.9846244327701862 0.39262358341118647 0.8044716435386164 0.08019029068789166
0.9882737505396321 0.3751546447205637 0.819657717015046 0.09102929723612037
0.9833234179498109 0.4261456687257578 0.8131615654671601 0.08864967129600271
0.984438895650025 0.4477861061741751 0.8081987454113045 0.08221502545287089
0.9885833396409878 0.41131928938937967 0.8061312726531258 0.0832038423506145
0.9925041452403539 0.43485967503692763 0.8317891311183226 0.09883780433719595
0.9886705116434548 0.43048249591873755 0.8421295056236592 0.11162750185091862
0.9855812064965197 0.3975098604815447 0.8364271924228215 0.10978666585743331
0.9905350676439063 0.4400373973948594 0.8292700064996499 0.1013336878018521
0.9875723009563314 0.42799757707144453 0.866833743341729 0.13799873101183144
0.9888305958358123 0.42508539953908764 0.8220381144944985 0.0994696579585813
0.9853532900103572 0.42635671686052257 0.8285357189953946 0.1093502110650798
0.9854871894655762 0.40636520227305656 0.8370949802956036 0.12127108040637216
0.9894132312759322 0.3937979154104574 0.8504608884100922 0.13020556072218836
0.9889871656490414 0.4241961893420661 0.8638952274011857 0.1484344989907879
0.9909002908603779 0.4384095828046869 0.8892389043915808 0.19043562805985045
0.990445115016326 0.44710609690132136 0.8759337184979086 0.16076782366469575
0.9902267990005935 0.3755658472038443 0.878805209070777 0.18878219293663867
0.9906712552657627 0.48666091085689617 0.8848916145240405 0.18879920986434975
0.9899611752445362 0.45466802280199636 0.8828105527903868 0.17898412793573237
0.9860461768375447 0.4479650301294083 0.8851310609762149 0.20035290219677765
0.9871029094098256 0.4396903333073546 0.878604941632372 0.1891298320370073
0.9783895524570154 0.40715995475708233 0.8883443546247444 0.22322318131964736
0.9945233194568128 0.40851375762494435 0.8949268881063482 0.22718030004643194
0.983433868014536 0.38913581814718395 0.8917826035616562 0.23295445226262526
0.9876968520381056 0.3539915611814346 0.8942175059067754 0.23221568852271052
0.9873418846428568 0.35178335535006605 0.8871857083620338 0.2317785367936324
0.9835460761643938 0.3113517171375402 0.8901932811385453 0.2511077336292651
0.9908813946835593 0.18917569524189926 0.9070210518373198 0.3279292849215158
0.9916101210394054 0.29428889179641504 0.9000851466169533 0.2801230983049165
0.9904553039121525 0.2631615143908394 0.9029691629347999 0.29603523479946603
0.9881949523091982 0.28288875194412655 0.9017483484937572 0.31720575061532974
0.981895178780143 0.32558306165585926 0.8973965860876786 0.30462198691176956
0.9863285710801216 0.36022951407566794 0.8855673621933224 0.2702645109846298
0.9864479036949418 0.3245876825076472 0.8904975081918033 0.3080556497133509
0.989344282602869 0.3339899886969159 0.8887232346016615 0.302605870035646
0.9852735353756034 0.2891788227477273 0.8967050182515895 0.35065857832650815
0.9877702303840963 0.2659544321015643 0.8960129684338839 0.3551982405040718
0.9787684764515927 0.3161951187378545 0.918509222756806 0.4603098310348652
0.9861018360014296 0.3008232175247663 0.9349155220462781 0.5262396422464817
0.9855975880786257 0.2535202064752197 0.9236306980602401 0.484964725448644
0.9912122772982627 0.2375446283674132 0.9300599969444089 0.48179807005311226
0.9897071477532924 0.1881718343746362 0.908052512779386 0.42333317089131933
0.9887422160149433 0.1565630486419498 0.912818977347081 0.4329191428056906
0.9902702460337428 0.11046302584794854 0.8901962408017198 0.38969316637265394
0.9865672856078954 0.09925325368039258 0.8919653324062771 0.4064857679256504
0.989214649523375 0.05036785512167515 0.9051581075433615 0.4511522193592299
0.9915991359111223 0.04129857696157361 0.8953213092335282 0.425913647620181
0.988749768782809 0.00011199462425803562 0.8981525901068874 0.4500515046519442
0.9892573772522537 0.009681795757276764 0.9223912438249025 0.5464360805409808
0.9918636078700731 0.0001356208042313691 0.9176685448403443 0.5367478779802428
0.9851223802162657 0.0037748235680288857 0.9177275155308927 0.5552102503559151
0.9858009501458114 0.0004905739715467096 0.9100625200780883 0.5536907387871232
0.9918714048174029 0.02209038121686443 0.9160402732566747 0.5738799263982198
0.9910300455678724 0.010801030758265256 0.9281907299496832 0.6491958426048503
0.9885678180498086 0.006311555000693577 0.9489372962069662 0.7707220429421381
0.9874371199860024 0.007960124981401577 0.965541468017566 0.8869507116260363
0.9873501947374609 0.006193052391799544 0.9590424665994248 0.859479004026625
0.9848688509054998 0.028036798297765817 0.9317991697426621 0.7564084872306104
0.9930499986851349 0.012335221557520249 0.953320454509269 0.8535784311304494
0.9891471632706934 0.03147574819401445 0.9576701336225714 0.8788772097907895
0.9873889957255673 0.0175834084761046 0.9365816173358513 0.825713572893196
0.9893916510301429 0.0166707287350719 0.9284630690966489 0.8216368134730019
0.984835425241503 0.017716022579244463 0.9251317804870869 0.8471938118912475
0.9840915869183468 0.00827953971372439 0.9116754373197067 0.8308266182061643
0.9947047742100928 0.01582312200319659 0.9208327585461419 0.8545600351886024
0.9893328567353938 0.015526945720385587 0.8999676991069181 0.8405215135936269
0.9928788651057074 0.004857425564450841 0.9089167752139933 0.8729156217685559
0.9949757177936943 0.004577517634699085 0.9058690817521361 0.8768169003405847
0.981484522873533 0.0 0.6468482559455927 0.7048362608274001
