0.9868075474507231 0.009841770054708371 0.17958791068865523 0.041899053252089
0.9824844743707419 0.01072434826846252 0.18735009879499107 0.02860689166026361
0.9870815394256628 0.009746427352980957 0.19422680991317834 0.040626424606473414
0.9833651916109001 0.010460760328982311 0.19326419865610905 0.04836610262382681
0.9833700088044578 0.011724019797143138 0.20199324461740112 0.03460493464532237
0.9862378575386495 0.009755119373407568 0.1789210946385785 0.03926504554537669
0.990096370940271 0.00912938201556619 0.18202475398425694 0.053186210807362425
0.9757594072988289 0.009906558396145777 0.17579722323535982 0.08048346960540348
0.9869504998267169 0.010184377514579126 0.18686695299386882 0.07039299381807478
0.9824413698337179 0.010678704704518666 0.20046324183231506 0.05695056976062406
0.990379395286827 0.009839755044480291 0.1915775687581855 0.08498044604164465
0.9818493028563278 0.010647826528143124 0.19974296612013873 0.07053550365652277
0.9891099210015365 0.011132174482167027 0.1947699097329967 0.06657234073429111
0.9818634340811024 0.011240584436188961 0.19746858055651034 0.0518549453608965
0.9882889257616513 0.01164221644072674 0.2036028228799313 0.03976605820212895
0.9800924652281564 0.012283208897184632 0.1875897405439852 0.055288189972660925
0.9870567998740203 0.0137050783731165 0.19590701901046004 0.050249044364647284
0.9879197551493412 0.014438626936216708 0.1961480443473602 0.04693182379173592
0.9861868090119065 0.015466527119053563 0.20438455817125575 0.036381927931223704
0.9817819685894377 0.014887726167219022 0.2084570667605636 0.033589821617470185
0.9815244313152485 0.016806765729645345 0.210529838694645 0.03470551281899321
0.9867316614486055 0.01644542593895859 0.19938535709637012 0.041631973355537054
0.9857421076116462 0.017105094942267578 0.21502965243992148 0.045746544675880865
0.9899860272858323 0.01821835734274928 0.21869822324074964 0.03557197901187486
0.9908140151220797 0.016530863901550726 0.22066337510429956 0.03718211135490141
0.9929462164962689 0.017737588578682843 0.2214887415685193 0.045474671608258584
0.9844089941178441 0.01721643640028556 0.22792962963597224 0.04305983437438173
0.9877138190682367 0.018031821606528938 0.23246662538950402 0.05224400437854513
0.9873502333059315 0.017488593037064817 0.2292498539569087 0.03710677641222235
0.989893301087813 0.018048059906688313 0.2334030983078265 0.042370474554724584
0.989633472631051 0.018443583125082205 0.22803160570043365 0.040992579978104855
0.9881700438334571 0.017491625585439548 0.23239371269103706 0.031588457246107246
0.9879067018655231 0.01816234630546645 0.22827272742553903 0.028963826583793383
0.9901501295066472 0.0178006442743706 0.2344217432115773 0.030219851810672063
0.9904000373625482 0.018373255797322064 0.23708520831774058 0.02768678009088027
0.9903169208495393 0.016480077240453868 0.24048720033495863 0.029462381104504373
0.9897774442753811 0.017152164393069314 0.2493412937709861 0.027972371752328983
0.9897023391748397 0.015853594208804497 0.2516160187702582 0.032912946765573256
0.989945039234997 0.01452082816761716 0.2403425944843407 0.03166066741336708
0.9850247473429233 0.01408331221349033 0.26202035711304833 0.045031036428616215
0.9841215528427166 0.014902696503537594 0.25336126331506886 0.035945036842676345
0.9804069717523826 0.014114544052290923 0.26335397660208815 0.03351647791561758
0.9923640573657372 0.014773086480228934 0.2606552527302197 0.03467403921985627
0.9923320018202963 0.015418351119679792 0.27620838741144277 0.03419630838450333
0.9898185060179584 0.0154541949115791 0.27285873347365247 0.0366500796952144
0.9892989721719309 0.014798680426323802 0.29082715641102785 0.03269449381174248
0.9868301309897317 0.016590928442357482 0.28476984923629206 0.03421436546940838
0.9862825256199717 0.015396142785531489 0.2761941398572463 0.035772528802146354
0.990499342004354 0.01607138881438124 0.283566121314594 0.041527475558552206
0.9947304120562604 0.016974600128298246 0.2839595422464598 0.046160152185565496
0.9838971717397715 0.017431261527902888 0.2824653143162428 0.04652130492676432
0.9878008306085956 0.01811808959929091 0.2930619063513719 0.050756994348705786
0.9845290255330927 0.020554279935624576 0.3027123278192028 0.07709338730043416
0.9879625747511971 0.020969425333487293 0.30183522931089224 0.05275394548969561
0.990872865805835 0.01993862389397295 0.31128520510638863 0.04935604287446137
0.9838343913298481 0.021065789762240862 0.31434665921392785 0.08004018183985154
0.987656340288158 0.02208944625726719 0.31884959249689476 0.06985282172910101
0.9917158621708109 0.02303166113161423 0.32829512803842203 0.06013524049843354
0.9892813947192012 0.02187088367182953 0.3177548922960757 0.0665991756453829
0.9882412315676445 0.022937695373088027 0.3252075858012837 0.05873248156694996
0.9888944059416327 0.022777953003290285 0.337841657695719 0.06526698818840788
0.9823945457748764 0.022400571800067673 0.3549556296990411 0.06132890636693927
0.9963155012293315 0.022503936869331127 0.3638390703278419 0.043025309627812036
0.9878233221422271 0.021552823547416212 0.3629815318255097 0.048779407694436755
0.9918866067721855 0.021927399088951936 0.36288327538104204 0.05065243867076495
0.9891378830196222 0.020773698746266285 0.38143902740537705 0.05768759116549846
0.9910451623129892 0.020769767623501193 0.35856296846288527 0.06465966766321352
0.9926339772303754 0.018552806515405168 0.3764834230515107 0.05304412301246366
0.9862423223035388 0.019075346969493766 0.3823518536259872 0.06415606092217818
0.990900217485039 0.02147423559888058 0.38167579790866735 0.054635331870413625
0.9907951410965519 0.021611321026541022 0.3908106533133214 0.04586128655200526
0.9890226743773888 0.022409401525663324 0.38717064034608145 0.053050053547668244
0.9870082276434449 0.023429221467306614 0.3896787125555529 0.051388479204416165
0.9863099770374056 0.024684728770855514 0.3958632311868925 0.06428187885141527
0.9856350179772501 0.023148005853150078 0.4091466146313465 0.06376160306468248
0.9881674749949857 0.026608136441701836 0.4214518384146367 0.055944938342414686
0.9931260130514163 0.02830392341550143 0.42929651066754987 0.06893716811773902
0.9857971457193607 0.02951371365918339 0.4293708097389079 0.05679772947528728
0.9837763207454375 0.03157325791765805 0.44290457762953095 0.062034796902311694
0.9922669305635304 0.03394490193568574 0.4347966494267664 0.08055191551684267
0.9917166672995861 0.035133406365568 0.45625903226294884 0.07526109226368656
0.9932315588307854 0.03660900495637459 0.44829796075721845 0.08199370010318796
0.99339675868722 0.03634745894700158 0.4442373298343448 0.09916114084844611
0.9925017977151129 0.038000654435038014 0.44944136831901155 0.10479851915135982
0.9906390759174806 0.03678390528099873 0.4606491187839874 0.09902441330832637
0.9927299603890358 0.03760668097806168 0.48354362314884713 0.12791638150936352
0.9858511667341983 0.0387099445912257 0.48354487269911983 0.11311154598825832
0.9947726774591159 0.03948719701445412 0.45987701558028776 0.06566062316795136
0.9916275323476352 0.04909202302648207 0.5657287993081048 0.07357548901123495
0.9905150045059642 0.0388580439132336 0.4918933383704823 0.0764348500517063
0.9922451674543594 0.042975402431619944 0.5578970042118123 0.12558291078664957
0.9860236460888857 0.03431936030298323 0.45088881880013415 0.08810566444170458
0.9892311500498635 0.03684358290678548 0.4721862453855046 0.07401642486264215
0.9906980580806511 0.035559821616000076 0.49006186376548483 0.06472236906412392
0.9897934173248781 0.032510004346457635 0.44781697109981716 0.05674941548617797
0.9909937585156327 0.03452331950257336 0.46187358277366974 0.05251379038613081
0.986685003362799 0.03602000924022907 0.4673031875412828 0.048318190880350886
0.991739459086112 0.03472756388112269 0.47815709907223325 0.04553433622808238
0.9921395513386307 0.035758194841180035 0.4799420094038333 0.04317098092643052
0.9918747934013913 0.035280411389937115 0.5018326270446882 0.04357359345485025
0.9961081213660169 0.03611944611827785 0.47984545129018996 0.040192306618496945
0.9912961303307185 0.03688434013473485 0.495691599668477 0.04879276987092841
0.9896774989647836 0.037524054911057064 0.48927374155930553 0.051661835365127265
0.990625868111993 0.039005863605090875 0.5022298957161923 0.06445980487453648
0.9856168588654276 0.03943777977343003 0.5249771463074842 0.0712203524579303
0.9849710131503635 0.04337004359631608 0.5151975901886251 0.06617468521280655
0.996154216172014 0.04534784389031657 0.5376449299304134 0.055929006472841485
0.9912317640117425 0.04619023163034417 0.5669112339608862 0.06017821382554295
0.9834969101266159 0.04157835613350735 0.5504927774409644 0.0681950263256048
0.9818378851759031 0.044588550900176535 0.5781921716092067 0.05987685915577769
0.9841674526752593 0.04889618750126997 0.5700661897911002 0.05523689846436558
0.9896222659550173 0.05540096569781045 0.5994247245309142 0.061644717776990696
0.9866650057691025 0.052137671889678126 0.5894065366380999 0.0610025775737003
0.9825360467284538 0.04578657506296426 0.5999430969370427 0.0766606125795701
0.9900588535197049 0.05106504907385683 0.626881455311571 0.06840518116904423
0.9857858850028792 0.05200212992545261 0.6333907543995859 0.07636879983066394
0.9767079515819641 0.05256222909104785 0.6413156927658487 0.08484782565704907
0.980351872770093 0.0589256019087557 0.6500091728328488 0.08291682807229712
0.9881516983722727 0.05050907588754161 0.6682780872846632 0.07607238022257441
0.9861692163596628 0.056352193332153924 0.6686669121955566 0.08549397771190574
0.9942766333075653 0.060604135397061124 0.6807378761218781 0.0680813306463741
0.9843325141099261 0.06696943951270319 0.7131515865920903 0.0818555771301315
0.9908977062583136 0.07173898729176269 0.714901907545152 0.07001657375320175
0.9902656832093685 0.08435389494075657 0.7342051913980204 0.06940891192631977
0.9840705381761765 0.09081774034240563 0.739648829658937 0.06567771431767182
0.9921030906093519 0.10458977239694224 0.7509664214963776 0.05622541710386638
0.98879512860528 0.09662459340819039 0.7333232807025202 0.05115151515151515
0.982737372147915 0.12247207818109294 0.693765085298533 0.039614659685863876
0.9905987999859177 0.15576851929204807 0.7107420594950442 0.042037180230684965
0.9916511578542057 0.2779321958246262 0.7846703242466988 0.048323709682986604
0.9918932400574193 0.23560065565693603 0.8604052963941166 0.10269020853698273
0.9890356059473459 0.24186015351338935 0.8796161283484185 0.141343096637441
0.9897718049460219 0.2360548194979834 0.8803776983661581 0.13844725850295034
0.9961182539348918 0.2444185102496448 0.8514873421317029 0.09625869524346682
0.9885516995087764 0.26200717222812314 0.8143935345762855 0.06791449759355662
0.9915664125508872 0.25090265071086804 0.7880186236491168 0.05760621095766309
0.9891226857613757 0.2785421928067578 0.7804323250261672 0.051097944860248594
0.9895406554362113 0.27296615736718305 0.7757246722423329 0.05121326610392468
0.9903337657004045 0.30040106378415476 0.8140821100170917 0.06582128466461247
0.990159901599016 0.27800554807653083 0.7689038357250969 0.052595212335554725
0.9912620844154748 0.2930259773236622 0.7744634127000823 0.05472075281830915
0.983897296848629 0.29344267608829533 0.7509724861324325 0.05116978787247002
0.9903836836342141 0.315753248874268 0.7739151263330314 0.054687051360771094
0.9937988090411883 0.35594086468756686 0.7728648577759176 0.05591235521894137
0.9891953936793113 0.3646290815352301 0.7624407918478445 0.051523627263359344
0.9876735307657643 0.3222384238263086 0.7474722985832951 0.04834797958478836
0.9938658411136648 0.3511888749839183 0.7140290988952869 0.044287332146901795
0.9905262221940724 0.3688678772070626 0.7221692980425403 0.04223563140652373
0.9963014631534031 0.3450126413204217 0.7209209251209737 0.045866610180150064
0.9914814310515029 0.34824024623170596 0.6801169987447111 0.04051841707405267
0.9931186714189832 0.36137842765548966 0.7120637058432181 0.04574335761181781
0.988068115997992 0.4059829576358252 0.7084744247654571 0.04416178862564974
0.9916900271908082 0.3577798696955434 0.7199939453223546 0.046292482661493904
0.9904495974905518 0.34230100284942455 0.6982048903541513 0.04440944495101606
0.9905657685760207 0.38803894297635605 0.7302110195545279 0.0515018650611871
0.9939843669417607 0.35269979227465625 0.7299655796937473 0.05333240910823831
0.9919155202471016 0.3379575421269663 0.7310374041527874 0.05688190150079628
0.9850572547881942 0.36477618171617937 0.7332096057961338 0.05591439382559745
0.9880679559432219 0.40577251843145634 0.7253296519022019 0.05477473681348929
0.9917514026475998 0.38468523002421307 0.7326744278845194 0.05820633736989697
0.9867565023114646 0.4283798661886345 0.7238327890505947 0.057393445145406986
0.9883351440068262 0.4601875481328239 0.7142408858946219 0.053829787908669775
0.992186462901419 0.4278032021075789 0.7187929712871345 0.05565659048087163
0.9957709080472912 0.4460329838546631 0.7503273347085297 0.0651408194454552
0.9917913686932341 0.4540088904747038 0.7592509231433398 0.07104116112247925
0.9889983065395411 0.40575121070579134 0.7567051122090243 0.0717241747921232
0.9941426889634587 0.45081321532829804 0.7614536540040007 0.07160508800921785
0.991963396873387 0.4410752284391038 0.7936596274212315 0.08562110483168406
0.9933658233456274 0.43104447682160707 0.7716318204008537 0.07696763883339992
0.9898296346367563 0.4361948215624651 0.773725295250088 0.081066796763833
0.9880796408363461 0.4177435543566903 0.7825924755829508 0.09011317256563108
0.9921569708856556 0.399602222295276 0.784529493767215 0.0883687441686087
0.9918172210874763 0.4235026965654272 0.8015466481421843 0.09960906096535757
0.9943347161166491 0.4312021809867206 0.8191427991405998 0.11365929685392585
0.9912476805666686 0.4440812557710065 0.8089268949787481 0.10259249578214481
0.9915858438112922 0.3689497716894977 0.8072505024429631 0.11601272838468007
0.9934077388314095 0.48727808882424434 0.8087996411619662 0.11331031420207897
0.9936736349367938 0.43900664058946604 0.8150873236874923 0.11271277482450129
0.9902175850391434 0.4345096391728516 0.8234205813135582 0.13030169888693616
0.9907467327527674 0.4220758055503818 0.8171954986704774 0.1269883667132507
0.9810614514380359 0.40067857710862537 0.8333503007438456 0.1458353435613736
0.9951693986601746 0.38043800672335376 0.8408069146557522 0.15455179069268712
0.9871748847830925 0.3714711137581894 0.8406197745638666 0.1587228109921469
0.9900944047073276 0.3452112322928419 0.8554510286317347 0.17085382314640282
0.9913430587858957 0.3307704089447082 0.8653034829464444 0.19464398634121666
0.9878501388602772 0.31067361989693587 0.8682967023001242 0.207414737725116
0.9916462118493118 0.19535139793182688 0.8768620166238814 0.24832362964544122
0.9947786895230502 0.29769731717196896 0.8670652978693003 0.2141617904025172
0.9942819025368043 0.2566841499296405 0.8683493057641876 0.2210085037113389
0.9912657102957979 0.2751214664310954 0.875267988424636 0.25128316837075054
0.9863885670142912 0.309879369852715 0.8663988162927514 0.23367185258193704
0.9892989665599627 0.330972520134364 0.8509622749448478 0.2125800690813042
0.9891433503159888 0.3022806339389254 0.8587224735160877 0.24358494585274018
0.9909848143406753 0.3183302097817544 0.8656512283874858 0.25774029438496676
0.987534432523613 0.28634361233480177 0.8647703747698116 0.27121950647950693
0.9916938498385107 0.2831358145140463 0.8616929845068327 0.2694572674142753
0.9832596717127777 0.28504491598770404 0.8848462270093169 0.3341794246578993
0.9904527143701812 0.2936623782205777 0.9141300749642778 0.41490018033979814
0.9865217861724654 0.2294103087680218 0.9009846777210962 0.3964289602612956
0.9953762079852154 0.2048451893032504 0.9036024054681173 0.3731679222550279
0.9916026245438782 0.12195994277539342 0.8873988566873579 0.3641502823583903
0.9937473006399937 0.10731683789128442 0.8995263388053322 0.3854520360554022
0.9920343891560257 0.047959145912740996 0.8806202130437011 0.3699368173580839
0.9908222572144337 0.03671572424477149 0.8942207901718244 0.41500974658869394
0.9922589318081121 0.03438309746860674 0.909350183228008 0.4641081898528628
0.9954570833967818 0.041851868151212425 0.902583979955325 0.44199816285097443
0.9911552999429456 0.007379862700228833 0.9075736547712634 0.47695235001334246
0.9891775498145959 0.0078955516565177 0.920234425697599 0.5506034755134281
0.9929198917025004 0.0019991253826450927 0.914511839742768 0.5278526326538717
0.990121378240155 0.0034268130638506187 0.9170186877267092 0.5476977144904377
0.9893637457409485 0.003996182750805201 0.9064065346554295 0.5424066803763944
0.9956789610363441 0.02272472225339468 0.9119905207338087 0.5587751053033412
0.9934135011283418 0.007868923143257519 0.9335387442222939 0.6733834131468238
0.9924218186380603 0.02629426935899855 0.9647271674504414 0.8589124091034688
0.9914568648454296 0.016386754606649893 0.9629435048763968 0.8560371227383009
0.9882594617787046 0.013570877283251865 0.9596312572026832 0.8640067105039331
0.9891384228292416 0.04972471747319618 0.9441153465134062 0.7974205992284783
0.9936091145664238 0.021947733768885258 0.9554257201839667 0.8627582639489888
0.9931123959458047 0.054693063666144424 0.9625433546922552 0.8877207133287904
0.9923866655580692 0.020200039223377132 0.9426012563189964 0.8309617004023329
0.9890935088566368 0.022869325064198847 0.9331730086212698 0.8318642806869113
0.9866485374992409 0.022667829119442023 0.9226313710599177 0.8328774571725068
0.986199213500909 0.038266503897079536 0.8986002162587241 0.7939838578858708
0.9946304089197401 0.03894951182582363 0.8931382565103736 0.7954984291341427
0.9930702862235872 0.0501076136669357 0.859029750084508 0.7667183103044867
0.9940759086546473 0.03836930455635491 0.8528644282006537 0.791725352112676
0.996065208581558 0.01896646509070918 0.8447861328954785 0.7962423902522863
0.9886568865165338 0.0038373344564556133 0.6869365721596253 0.7604364068444847
