0.980097777953549 0.007259535314532034 0.1778491806277933 0.027716292945818496
0.9756838728287921 0.007303167972863376 0.1865905199435622 0.026201760324983073
0.9800192551870405 0.007211055403242501 0.1931253717362168 0.03621797946848316
0.9761998738818694 0.009759031781732444 0.19055186597192303 0.03285604311008468
0.9770916988779225 0.010313845430187919 0.19971343753984575 0.028347082330396577
0.9781450401346803 0.009257047711441172 0.17801613791762533 0.03064120758611792
0.9825970004722254 0.008322215249359022 0.18053316272811884 0.038286430164695816
0.9683857718721296 0.00887969514245017 0.1741620258901061 0.050831991411701555
0.9793421489506899 0.00776133016039567 0.1860153038589438 0.034058385804235834
0.974065788179762 0.009198747146490122 0.19836456202434036 0.08954545454545454
0.9822633523458246 0.008993992731756197 0.18961043210275674 0.16419931395558765
0.9741662567634038 0.009717417081847061 0.19688623982806486 0.1206799323290099
0.9817952646927982 0.009805962792346197 0.1931664311442967 0.11389978213507625
0.9735325331073911 0.010778517958663143 0.19425459072517895 0.0861809465410558
0.9824949236512209 0.010825558102270528 0.20106234012094093 0.04891155842972948
0.9729667212486075 0.01104744566718403 0.1852524473231828 0.0730186999109528
0.9799353142829454 0.012828591739840215 0.193276639948519 0.02954825267544275
0.9815063034125102 0.0136303352595668 0.19282951729566694 0.05558158603724962
0.9815334659601737 0.012906635749846553 0.1995265379491871 0.028499232343909928
0.9760123828449753 0.013067133347587774 0.20493262989722874 0.02732979879766632
0.975906645599383 0.014317090360754618 0.2078617735444167 0.03510008189384273
0.9799726325392092 0.015222187746042847 0.1959984641236628 0.038388250155222986
0.9793483793149128 0.013387237112523273 0.2124596020012293 0.044013781223083547
0.984289367495227 0.01630295799684149 0.21619684880106663 0.034207263878047664
0.9858898582485595 0.01489946613373866 0.21601992955817903 0.030156939173248538
0.9868680655494174 0.015674904438447747 0.21712102968652688 0.043580925003849906
0.9781498681019273 0.015499952218981981 0.2231326946301695 0.04555378285330423
0.9815467389327077 0.016303287342670694 0.22888445488865097 0.04843953185955787
0.9806408482090497 0.015377725004947452 0.2243061294251569 0.03774366701195969
0.9833560702956673 0.016338681373777888 0.2290486610416233 0.033306597152596755
0.9831596386768082 0.016452280984855103 0.2242999126907185 0.04081974770546079
0.9837917818030478 0.015625336686603646 0.2287134432859068 0.020316538932474718
0.9818730269223959 0.01624686667571254 0.22553167961648166 0.01796469832160098
0.9838940362878326 0.015985393223850897 0.23406994066529965 0.03186231685095974
0.9844657401910718 0.016581613105910838 0.23248434807826815 0.013774559875022532
0.9835022858278673 0.015209078838835892 0.23457585313461207 0.020270391583029606
0.983021219191531 0.015611703665760623 0.2432162622937814 0.02427856458311149
0.9838198171703061 0.014277944257284254 0.24423406175752743 0.03101679104477612
0.9845344623689447 0.013101834876598998 0.24073430231887544 0.03262684493412473
0.9805754473361293 0.012571079517857636 0.2570669680881722 0.06546352067388252
0.9781869337464141 0.01309430121404812 0.2492053903608064 0.043213624122417846
0.9745872794111333 0.012385711531271073 0.2601674429668489 0.03082015332011429
0.9864996033704145 0.01333968207457329 0.256404376047286 0.050143100567439244
0.9876104180235095 0.01332504388376897 0.2680889703037529 0.04787835009538627
0.9829202870308811 0.014545420340386039 0.26454190008468464 0.05467322557976107
0.9844911603985856 0.01309966983711894 0.2788020837010245 0.056170155617854926
0.9816249951644724 0.015286002794373825 0.2751621724054764 0.06339883539460657
0.9811807487295839 0.014556965364425333 0.27382995301542884 0.05292746266894883
0.9839152563348906 0.015014193444399554 0.27704791526116174 0.05427524623705372
0.9894140388749402 0.016013830994580033 0.28012919128495023 0.05343133578339458
0.9797736162218372 0.01623734675574894 0.2802418848101743 0.06650740894612935
0.9820903734495339 0.017160093941801482 0.29124815906615054 0.07379124869947587
0.9800040942986891 0.019155768655807412 0.29887019336651544 0.12064557858748884
0.9810395281581273 0.019859947836000327 0.29737117729362383 0.08900396863807956
0.9846393307067465 0.018631872174315264 0.3062809533406339 0.05729492798998122
0.9774446235509839 0.020014327259052302 0.31100528462635885 0.11896751912828604
0.981170464016124 0.020277249633216733 0.31617311588645364 0.07532418402303441
0.9846083122735728 0.021416006879998676 0.32322593780889486 0.0738913242940157
0.9821696279516294 0.02040376590714279 0.31103286093719884 0.0642609031262061
0.9819887653738376 0.021244883590496307 0.31816437469341174 0.05718547986076579
0.9829145705213982 0.020834305502683188 0.33140230390637754 0.0651394889313105
0.9763502234916631 0.02087561722330331 0.344747669717617 0.059932935803480664
0.9913551960355633 0.020748650734397665 0.349849474528498 0.049989573092620726
0.9816570533986635 0.0205554527648226 0.3501130403672099 0.04905229680166201
0.9858847419680874 0.02057414051360714 0.34868306443672253 0.05158422494443583
0.9823451779465536 0.018885928988907 0.3693843316836219 0.06116384779710564
0.9845522663865478 0.01935044190710377 0.3490994064837407 0.0695221435128254
0.9856977701278267 0.017426352684812105 0.3642248773638115 0.04920416794524569
0.9796289722855435 0.01782683838457454 0.3723121228857382 0.06126341877723786
0.9845223132898909 0.019761853338919232 0.3699032195070285 0.05124686634120596
0.9841520447567291 0.020054509480194452 0.37937330677990627 0.039587053462525494
0.9829485692304918 0.020773014244538854 0.3772588476336039 0.04829725727984206
0.9806056163950447 0.021090247547267883 0.3773632496950114 0.05142426904253984
0.9798910254258019 0.023100677143560257 0.38377042249292165 0.07376913117094386
0.9787260632161808 0.021198482865461152 0.39471086225767055 0.07610507744848907
0.9857306171087273 0.024600257666667118 0.409702060786728 0.08054541390358394
0.987483364193959 0.02619590603860681 0.4190338356795395 0.07973710748687277
0.9789402901228553 0.028073461145893326 0.4184597582043642 0.06501471653337032
0.9772833889430789 0.029876018260308078 0.42828379486141094 0.07530866195245878
0.9865664513509964 0.03080166555468462 0.4259445463196285 0.0868229938215847
0.9860317226711229 0.03282148358043997 0.4439676016478358 0.06666312828406136
0.9866754961571649 0.03391382125534265 0.4340273359586342 0.06875400305463862
0.9881336720458487 0.03417652602144766 0.4357885319195479 0.07436356658564666
0.9868598718717263 0.03619609928693142 0.44023633885815905 0.08194098558599351
0.9854499057697035 0.03461078251520779 0.4513587840531724 0.07863973045601495
0.9884873545488 0.035438103203062475 0.4795243697410575 0.1223842739378567
0.980292947109765 0.035686293354720365 0.4689888457630414 0.08808801327374101
0.9888189475644351 0.03636342913340313 0.4545153807130767 0.06152916810493614
0.9853569443528558 0.04562027567807914 0.5620168458846059 0.07720351969944139
0.9843776426076765 0.03568928510552385 0.48646226407358756 0.07690285081649599
0.9863737931116234 0.03900135801692526 0.5522493003436494 0.12227690901916807
0.9794900556947496 0.03113401452082748 0.45432774178151264 0.08686729481552496
0.983285389712017 0.033957505531894645 0.4706712823229399 0.0732900046513382
0.9841784145893836 0.03408389610847601 0.49606352010902954 0.059572703178424745
0.9834447192042699 0.03142652402825584 0.4471714695638457 0.051019614956080116
0.9854989356409104 0.0324206724231966 0.45919866007433974 0.052816494258496625
0.981440363743316 0.032910863915933855 0.4575827590460663 0.050525062779245344
0.9858520985751862 0.03318118570713322 0.46315274192401185 0.05187946567256912
0.9862621671651668 0.034163538796051614 0.4675791378360483 0.05321102388722727
0.987095247980766 0.03412522457092619 0.4853449234720532 0.052582661430861814
0.9914908207213493 0.03499374864477078 0.46160999704450567 0.05012825529324812
0.985706616641412 0.03435934144595562 0.48780862247230466 0.06165841066071304
0.9847493803359956 0.03488175879275848 0.4860576528839545 0.06466655479700072
0.9847498983326556 0.03665035023636642 0.49825812289491767 0.07709603445382851
0.9822186079248226 0.03735017586638657 0.5245519060332615 0.08494263691490249
0.9790415072919499 0.04104708423326134 0.5184730317598314 0.07439306889267601
0.9910361213871094 0.04232471888503267 0.5434190909502543 0.06332906277717552
0.9856665339270415 0.04362003508204101 0.5617525842567817 0.07334481419911007
0.9773893393592982 0.040875782402931146 0.5450640747310076 0.07960141541627729
0.9753914687815726 0.04308873720136519 0.5716358253388771 0.0761182423220255
0.9777902287915093 0.04658053701187452 0.5675002846627013 0.07082960188878938
0.9829754415565454 0.051873087503477265 0.5889147199508624 0.0780255807432651
0.9800482937994436 0.05034074923860641 0.584161805965003 0.0872942403251721
0.9761410670748993 0.044414516897000315 0.5965990754997985 0.12095003951180965
0.9837725460776023 0.04982950878190614 0.6220041983676913 0.09923163418290855
0.9796098827660634 0.049695047312903806 0.6207811151551537 0.12718124885997448
0.9712861206882236 0.052390265150919796 0.6408786006548238 0.1252249820014399
0.9739382177640239 0.057275877761052967 0.6535743874414068 0.1189911020419495
0.981994678901678 0.049801276207839563 0.6657637160486798 0.11083382075778254
0.9839156664198638 0.05467141620452435 0.6674199149372452 0.12761229795082563
0.9898434099793627 0.058723627490203455 0.6866651190271922 0.09784604558598775
0.9780869043012103 0.06525398358553765 0.7069067600168104 0.11757370982663609
0.9844647468756894 0.06992448120111706 0.7159689047434922 0.09440031240686884
0.9836431889004494 0.08153165405104186 0.7425183113868378 0.09377433086949048
0.9776365393600748 0.08689609734504164 0.725939060343077 0.06630310607203672
0.9863212072730639 0.10133958235856141 0.7343611646024419 0.04839712662163611
0.9837551048545746 0.09388048463276062 0.7277525777095503 0.0509820857500533
0.9768917852147211 0.11989318027820957 0.7056733155242702 0.03934083738381513
0.9870634756825059 0.15578577363836899 0.7008239158624513 0.03703060811201759
0.9891238723023096 0.26237769328263627 0.7831998769802455 0.04757277243107522
0.9873309841441943 0.23119958488607953 0.8155105227112723 0.06509694378380515
0.9820524825272877 0.23045653234368574 0.8477560835442917 0.0942398559963999
0.9839285842549208 0.2321326076199901 0.8749377895257323 0.12956695638797017
0.9904763963808144 0.24022668040487302 0.8596769486595577 0.10556666601945518
0.9829607827158245 0.2548017916898321 0.8079066576482378 0.06416990454262005
0.9858246510170942 0.2469385166320268 0.7827339081809648 0.0546375487835257
0.9858841513559535 0.27814958063534834 0.7937987922229767 0.05416727454617453
0.9845357226251719 0.27250425606158335 0.7778985370050941 0.051069072219521935
0.9854809371800277 0.29803227708970026 0.8112951091686853 0.06393567920179644
0.9857425045707144 0.2768195718654434 0.7746331744226379 0.053777617012365185
0.9862482501335385 0.29331338752433644 0.7759644120363461 0.054921583617114925
0.9792221950805686 0.29354800698439226 0.7389513886875364 0.04792215564208383
0.9866419038590459 0.3132804953272116 0.7620878471348234 0.05032005912638264
0.9894690419233699 0.3459267307556039 0.7669815506489944 0.054028099622137324
0.9825450947615931 0.3631075734740015 0.763971870006015 0.051747696550571425
0.9823227170031339 0.3320510039839728 0.738093268028094 0.046019471488178025
0.9884979578156518 0.3584817627229357 0.7002441143680235 0.041373854245857364
0.9856006256783969 0.3741893563583201 0.7044848874856717 0.03909645402813359
0.9913190134152919 0.348641840347917 0.6992796413814409 0.04188805367155554
0.9858597573874288 0.3570397330906885 0.6642582733986775 0.037689178193653375
0.9868837125902306 0.36466834753306965 0.6911447189026846 0.04183117014985994
0.9831638487668745 0.3970040602551474 0.7034770669978159 0.042927489262621334
0.9867832508464179 0.3634939625294473 0.7085275998438564 0.044209846506021784
0.9849275390061842 0.3576501126457048 0.6787059181703181 0.04093622721014524
0.9847002097034194 0.3863264174543204 0.678462853380553 0.04204352479486265
0.9886635163258409 0.3504870871175605 0.6848304593293507 0.04468944917859967
0.9862721993791767 0.34559254959239977 0.6984004687102147 0.04995993515084882
0.9790013136607855 0.36880768985931633 0.710088983829891 0.05083524402227317
0.9824660071347309 0.41997837609767674 0.7025673277220684 0.04997924035300765
0.986090620967374 0.4016187261329128 0.7151883299157891 0.05410874220704899
0.9814988095670291 0.4577168643558685 0.7064418640061966 0.05346630913738219
0.982038692349658 0.47245371748318354 0.7027909857022373 0.05159318861016202
0.986536166149439 0.4428241584639689 0.6988452016540241 0.05146308527993841
0.9902894608795494 0.45134542954932766 0.7226700821845065 0.05802462283831917
0.9867473109855252 0.46348156278738617 0.7402659279685775 0.06492814951952747
0.9834431938672996 0.41856427188887624 0.7409188386189478 0.06644602760137398
0.988410885725377 0.45666610689586734 0.7340304786060892 0.06399181013665645
0.9859062103929024 0.45680441892124496 0.7723915988591209 0.07689069848387958
0.9871309038977837 0.4418182671401086 0.7354397581447903 0.06577730271948036
0.9834674573568096 0.4445275571753696 0.7455759172432821 0.07182615408479462
0.9837716727899483 0.43482378194100285 0.7439062307507289 0.07437803093345577
0.9880822729128452 0.4205754170354167 0.7614758875766977 0.0790961313415085
0.9876267634471628 0.44742957242957243 0.7665720063391016 0.08395476949840533
0.9889057869287162 0.45538215995743925 0.795898239764582 0.10041820700364387
0.989011455191067 0.4684597666988632 0.7779616245769769 0.08769737773195042
0.9891329362704937 0.39853744612983133 0.7758070470348921 0.09820222173677355
0.9887203073601145 0.5267109974424552 0.7664618892381893 0.09232407725845639
0.9880756640366026 0.497698715883463 0.7758207668528917 0.09298586146301124
0.9845003221958677 0.4878308632037502 0.776602485780493 0.10269512072938583
0.9851213666502486 0.4637764242207094 0.7601309125648887 0.09683658214436042
0.976848719352349 0.44498114377227876 0.7701061309851033 0.10444639388912938
0.9930721920141227 0.44814722083124686 0.7534184749084326 0.09944762768457067
0.981431396498575 0.4336903775594745 0.7757154181934478 0.11327084514370471
0.9856531540562334 0.4094420600858369 0.7752344023029658 0.11073695514602949
0.9857554351629577 0.389755756303799 0.7775874653385012 0.12001102514431682
0.9813218881472481 0.35307231859271926 0.7859604964227249 0.13072762442965039
0.98857754158327 0.21937691763039888 0.8053649134454798 0.15569959849688997
0.9893872340991338 0.33558158441480235 0.7877621387552703 0.13842591291993916
0.9880929197077062 0.2935189481825213 0.790053199243979 0.14335178644897692
0.9860522559862842 0.32145117063910567 0.7965901596209672 0.15831328807813796
0.9806347724260174 0.33157993027888444 0.7798695891298988 0.1469362446922902
0.9849072460297398 0.3178323645227827 0.7618235730170496 0.1396986088018016
0.985270213321025 0.34625641025641024 0.7742529168040008 0.15746310271757313
0.9877090719076728 0.33185282522996057 0.7783859645504173 0.164851552261738
0.9835231041784479 0.3244897394001495 0.7901412277556277 0.18238791453581402
0.9861379142889035 0.28084829560239394 0.7855076024927873 0.18469503648470528
0.9779568469585324 0.3116405679968569 0.8253379502615673 0.2327721276063154
0.9850542184327387 0.2963669334667334 0.8653692368756397 0.29273100890455583
0.9843248982101429 0.24651010018065364 0.8256363827631822 0.24286076433517606
0.990233857884881 0.2521949312195642 0.8325301543426221 0.24348238540813247
0.9883884579765241 0.21395318553244133 0.8093208866108852 0.23566739857679883
0.9878512151239424 0.19824829695537327 0.8093394782787726 0.23357012051039697
0.9893416560909359 0.1667749152053114 0.789803886480287 0.23006402204303253
0.9861165349915387 0.1131501677852349 0.7934940632882292 0.24340760284001436
0.988565565867105 0.08323714818432035 0.8095681280368779 0.26765861435749977
0.9904091722450182 0.06886967263743052 0.7971795148978601 0.25536055134203817
0.9874307466414592 0.004651372832369942 0.8071007749187872 0.2835719671019337
0.9877296618090992 0.008552394670507743 0.8255785252714082 0.3213118610797637
0.9908168110821203 0.01235080435910742 0.8165227990867654 0.31911831074520314
0.983591755678338 0.008976533785694091 0.8212012535416144 0.33476258316159285
0.9849063574220109 0.008026654550961684 0.7979771598341983 0.32868557793441233
0.9903346868385589 0.02141338463096082 0.8294406822505754 0.3749391151871077
0.989221007760824 0.016609184970049012 0.8544777775451672 0.4429398320379422
0.9867991649143434 0.017558886509635975 0.8809047003996703 0.529864641088803
0.986515078991143 0.01968845908854016 0.9111791245658724 0.6430576469057312
0.9856908125087533 0.017735983811451018 0.903536154222152 0.63645262249546
0.983792896206206 0.04259403372243839 0.8447635596570802 0.5223072857388367
0.9915412333572889 0.0193024494142705 0.9014324034809706 0.6752008420661579
0.9879267837131117 0.044837758112094395 0.9021586454384999 0.6998660766274601
0.9863288015106352 0.024081909836493758 0.897601220955309 0.7236944569776574
0.9877217986618951 0.034856700232378 0.8753463429444761 0.6891168101484304
0.983741644787664 0.02979486779502379 0.872672548278175 0.7204615499400249
0.9829082039878383 0.01732811626607043 0.867433286104566 0.7419033726129742
0.9940195133257226 0.028851514588366475 0.8811932998690752 0.7801714447691751
0.9889266867339357 0.028150958876012717 0.8587150926737437 0.7788509582496103
0.9922926289195293 0.029751271128212176 0.8727606092934351 0.8258282694641861
0.9941674581622142 0.018213457076566124 0.8734440081065183 0.8379605258138595
0.9809794727349155 0.000216076058772688 0.6702682163482316 0.744510835401158
