0.9829371306137119 0.006872957627479167 0.17956136392702107 0.13901918976545843
0.9783482797159351 0.0068890917215931186 0.1887993621821296 0.12485964518302269
0.9831255370283597 0.005594076598769121 0.19478720371344477 0.1577578051087985
0.9790688224125328 0.006715162829622358 0.19343997365695215 0.17995642701525055
0.9795198228741437 0.008906335996010544 0.20061345772892836 0.1313742437337943
0.980847351746385 0.006641369954583882 0.17870970517379833 0.1061904761904762
0.9854519762191397 0.006028845572179302 0.1816180352068378 0.1579626047711154
0.970785950033671 0.007013943346228183 0.1748617820761448 0.17046906369775505
0.9821989285053593 0.006770406137419536 0.18633385524427296 0.12383488681757657
0.9772420820514207 0.0073205998137321655 0.19830074559910899 0.32603118215906846
0.9850285615797508 0.00620831175656771 0.18969753248758175 0.2588105726872247
0.9770312959198856 0.007781091187284835 0.19702527779281334 0.29334540516070623
0.9843095432874701 0.008300273932278984 0.19368288481438564 0.17416267942583732
0.9763418170281367 0.009075776288362874 0.1961966306957498 0.17289502248410607
0.9845395860857509 0.00878661416703998 0.2034848497777171 0.14977763659466328
0.9754235864423121 0.00968618811602037 0.18735286241000473 0.2196852823202715
0.9819497777185565 0.011636756752499111 0.19587022640662122 0.09633769672010589
0.9837795470583073 0.012035529135136685 0.19542766972906436 0.2515881223223519
0.9835338451036114 0.012991752573185135 0.2044531344851693 0.13880742913000976
0.9783130789435664 0.013076870064375943 0.20691148663442208 0.13783112582781457
0.978044146830062 0.014182238848944453 0.2112136893473797 0.21256843608664602
0.9828628100874695 0.014809527516623816 0.1985703995928333 0.2012586862462305
0.9822408197367091 0.014477251370073763 0.21621564764282045 0.2148578811369509
0.9864585761573966 0.016267959560204704 0.22202806554570903 0.1730365392692146
0.987772038767338 0.014669080592391548 0.21942473524654785 0.11593585923087839
0.9888736080404343 0.015514111067759136 0.21938310356279997 0.26575710991544965
0.9801630585494814 0.015295072380998373 0.22307676694689924 0.31673269194491604
0.9839233095103996 0.016042459126232544 0.23116305519895228 0.2506616845710727
0.9833620484407638 0.015579893967127518 0.22561575719374155 0.25283139256659753
0.9858431853247134 0.01638196876122983 0.2314332994237512 0.2620736698499318
0.9851719465246787 0.016665313851423898 0.2259742433844719 0.2721717096437621
0.9850774073204898 0.015593440107177331 0.22848848427718713 0.11640873918980428
0.9839015776014303 0.0162379194897878 0.2270870286572616 0.16217087587318646
0.9861449732254002 0.01607526346625241 0.2330920117784356 0.2148924122310306
0.9866082621712904 0.01630389245725286 0.2330718825241517 0.10947109471094711
0.986206608852702 0.01486152228307681 0.23451757806993637 0.26813823050479463
0.9853998068323567 0.015347770879632357 0.2397926885613945 0.2655001377790025
0.9858576625566239 0.013860552311506007 0.24217685796687555 0.2635135135135135
0.9868564727805854 0.012430736543616601 0.23983233448328642 0.2844556324732536
0.9822086211589848 0.012243283007379702 0.2600429854187945 0.5097008892481811
0.9800271292539701 0.012774184203925142 0.2524416670630517 0.3631415241057543
0.9765464777399444 0.012021654109698526 0.2634448513322228 0.292449719749423
0.9887269751841048 0.012794509193208079 0.2602236447726697 0.5238511270312773
0.9889684494873104 0.012950411818662569 0.27105853213902487 0.32100488485694345
0.9844169109948978 0.01352023593788864 0.26644036244338254 0.3428862379982543
0.9856702393565044 0.012466675130125683 0.2790090223677157 0.33965960573037834
0.982705708199444 0.014527203550112965 0.27552216773456734 0.41106906338694416
0.98315430383124 0.013636991989599459 0.2786308243239048 0.3140682266704257
0.9859587063239965 0.014192624797857958 0.2811319033099389 0.29710670953022916
0.9912569264356759 0.015312605402103057 0.28131980494544756 0.24650053837871097
0.9813533846069651 0.0156923859054896 0.28480856666105353 0.41145956142419243
0.9832149423735316 0.016434914616804235 0.2939447569442573 0.48771880293619424
0.9819004524886877 0.01861665881831528 0.30101999652450223 0.5449165402124431
0.9836373666789261 0.019513419678609093 0.30165521997984296 0.5620282244830981
0.9863612043387324 0.018262386305047534 0.3131791831762701 0.38447536081133793
0.9796039577718799 0.019444537381759698 0.31377744313228184 0.6298005604087688
0.983287523372632 0.01984197443181818 0.319043025182412 0.5631221361984515
0.9872819841009914 0.02111025348404419 0.3271944159231033 0.48476380572188954
0.9845284036093298 0.01985763296543794 0.3164896742341194 0.3622343426744405
0.98368906526833 0.02117189998234084 0.32303071172219716 0.4075063908900767
0.9844962957091771 0.020565937681059795 0.34065309870428534 0.5630924170616114
0.9780740648006149 0.020392359645687502 0.3565869514931884 0.4732317311449785
0.9929252487472281 0.02056308072885242 0.35709232676034275 0.5173263514554135
0.9831509968089184 0.02015527213444332 0.3585480292490364 0.4399678604224059
0.9874586290876542 0.020130161666501573 0.36220466001759855 0.2906223813514131
0.9841620200502701 0.018204389987320522 0.38091629736276683 0.36306288819875776
0.9867735045724385 0.018315701404674183 0.3540440242228214 0.401583374567046
0.9883840089297858 0.01694531582596035 0.3679612497959197 0.2813365796322727
0.9824375608824146 0.017348518009004502 0.377244884200253 0.3440137671064492
0.9862932887933332 0.01935325247037887 0.37474726800627667 0.2117721228794131
0.9861767124335488 0.019506456519204494 0.3832450307861322 0.22448519040902679
0.9852470071487044 0.019057476148825594 0.382096728132997 0.21861259117479695
0.9823242545383994 0.020501053118491097 0.379779608226027 0.23485777699900706
0.9815938414312437 0.02262467983319574 0.3921139921620834 0.2783848279326802
0.981402972448136 0.02096693567573492 0.40138104854739454 0.3235294117647059
0.9880661321553256 0.023860065770389228 0.4174291502482246 0.4202685484661374
0.9890222364209549 0.025130666813380283 0.42585722495370665 0.5620842572062085
0.9814801894804205 0.026814573546530114 0.42331356699055245 0.3576368137966362
0.9789511824362831 0.028453046473544526 0.43425014081544694 0.403068340306834
0.987953878722101 0.030868438909682182 0.43989100931424685 0.4806387225548902
0.9878535975142246 0.03249108090858556 0.4552762738808461 0.41494692144373674
0.98908593849597 0.032632800664247306 0.46400883147096955 0.4008463446665694
0.9898434453107234 0.031885398837334815 0.47325531767871587 0.30871716787209746
0.9883040112431651 0.03394833948339483 0.47753257220814593 0.3751759076836476
0.9865233590817202 0.032345947205949244 0.49781895449845726 0.3869219398887872
0.9897536526494126 0.03242879767545352 0.507481634435606 0.4733430009383264
0.9818895193923742 0.03479320830214178 0.5074926405042615 0.393850758451806
0.9909286442465778 0.03552233655721108 0.4946959338477065 0.21083795532903613
0.9872669893194852 0.04412680693409696 0.5946383461024669 0.26568137361443167
0.9864025309718814 0.03500667724864218 0.510980344576559 0.3353514560755585
0.9881851168271105 0.03777019045256091 0.5667778823118629 0.47513227513227513
0.9818545088041738 0.030114189503087762 0.45220480742821195 0.32563083981424495
0.9853217538677232 0.03194970269202891 0.48699538645948803 0.2608695652173913
0.9860185510656461 0.03237970036312334 0.4964815210339033 0.22158365261813537
0.9848073401550507 0.02997305859904715 0.4627903909622548 0.19303070501828065
0.9861868735543562 0.03071462062829869 0.46526572358726237 0.136642653633226
0.9823952999488915 0.032182327648382136 0.4706494517258807 0.1262151685507276
0.9871590189988069 0.030739763396134837 0.47902740211231326 0.18165625182503067
0.9874926946130922 0.032363271834036075 0.4763756808693175 0.17192271243550594
0.9878583946045892 0.031149476380982425 0.4968103221049125 0.15730550284629982
0.9922936636255149 0.0321950469158591 0.4749504101435055 0.14248154302420965
0.9864969902715005 0.032359742114420026 0.4913957856809322 0.15170176861206688
0.98608496221501 0.0338360535685321 0.49041106425732384 0.1471095772217429
0.9859178906153948 0.03458308417172109 0.5031051618082335 0.1452051858994964
0.9837949669157645 0.03522025428673834 0.5292805689367118 0.18260208628191016
0.9804262454325333 0.03830332724631021 0.5236064036395673 0.17574962240324857
0.9921044716865368 0.041508588288024395 0.5490221401912397 0.13676237750866532
0.9869010440549686 0.040769273711829396 0.5669807195324561 0.20630259219517705
0.9786619297069006 0.03768045821881804 0.5545336979456524 0.19867021276595745
0.9770770519775186 0.0410241609631401 0.5739521440168917 0.2441940225379716
0.9794463747599845 0.043820681499002145 0.5706640060194784 0.28526172321066784
0.9843408376179305 0.04973665078579384 0.5971811072674676 0.39424436949189423
0.9815708677269982 0.045570485527909065 0.5957210189058942 0.29499024551845987
0.9774832267615837 0.04265610819112969 0.6083949483922191 0.41935979513444305
0.9851852322794347 0.045625449212501924 0.6272993040843923 0.4361808516237697
0.9810653164402132 0.04639416729837233 0.6356053136137646 0.44561000928809485
0.9718872270060434 0.047028924282735314 0.6505832900175075 0.4040971093711528
0.9750183256086469 0.05283575195888842 0.6599329648034524 0.30774275824376024
0.9830880509210146 0.045783390098971415 0.6775924618605126 0.34152983254755326
0.9837215240666095 0.04945337433430015 0.6820674616840431 0.3800796812749004
0.9907968002509607 0.05184859341544593 0.7048421274319564 0.272770594402262
0.9787236796295313 0.05834100965804093 0.7241551351776087 0.3870169598272527
0.9851513094800882 0.06425855399555434 0.734425825492096 0.2650880568299541
0.9844797228217653 0.0746061367425611 0.764734619760049 0.34221008307727324
0.9783522574533724 0.07840138795074969 0.7678184382936633 0.3344112399643176
0.9869900380421782 0.09312689118560144 0.7889115355686999 0.17366347999920828
0.9845658679576745 0.08348012429015322 0.7895972341434986 0.1375819030389638
0.9776711521609943 0.10882830961900869 0.7897061440051919 0.08402154398563734
0.9873856660788705 0.14060401879915596 0.7993803840986328 0.07216025330547744
0.9899070128816109 0.24903786594096203 0.8490627754708299 0.07987739670082605
0.9881942689274477 0.21310088498940105 0.8765412426821845 0.13069188217020464
0.9843581536591307 0.22202950500582969 0.9044563619993378 0.2675804043967974
0.9847857628547075 0.21589453031152397 0.9242705403655271 0.6331511376636583
0.9916727022459562 0.22077128363925275 0.9239173260132407 0.4760195035460993
0.9840202868294998 0.23529473784094385 0.9041128546439144 0.2285867352405443
0.9870728867872445 0.22714942799858473 0.890916052995401 0.18174881204259305
0.9862094990209253 0.25738733225510335 0.8929960527582556 0.15401330574945304
0.9845201499238104 0.25180467994173994 0.8814630266583138 0.13462033130980552
0.9857556206574217 0.2759247116490557 0.8965074506645188 0.17350550285243305
0.9858739222553516 0.2557736483714825 0.8667536721016885 0.11898344651952462
0.9865147241993419 0.2751859664705229 0.8660960630606108 0.1140948719442341
0.9796974838453485 0.28114644560576263 0.8534469794750179 0.10718946234487349
0.9868152252323248 0.30433706540954625 0.8749196880039578 0.12177440673485572
0.9908435591395498 0.33102779805425586 0.8752587345313209 0.12204592622347192
0.9836772856033538 0.33299677869128325 0.8820419546891931 0.13473184809462385
0.9825316424944732 0.3072300295857988 0.8568005187057043 0.10248610266112163
0.9887622169759391 0.33818947170388136 0.8138896311221202 0.07320875718708536
0.9855177866383065 0.35395491597061485 0.8345900219114245 0.07924080515338348
0.9915538330016914 0.3326784939497662 0.8174898743804759 0.07574096857174813
0.9860858676424998 0.3336128857206285 0.7799016956969971 0.061598787428964887
0.9872435442326378 0.3430924394137281 0.810978311844821 0.07542509531950234
0.9838803555040332 0.37431983347332287 0.807544026615521 0.07226115922718188
0.9867435609090198 0.34154273349260156 0.8171283586247556 0.07727467183031995
0.9859050959879593 0.33739837398373984 0.8108417899002109 0.07668630203055313
0.9859342122469359 0.36295198655782385 0.8057282334069397 0.07522174033974431
0.9897046703703923 0.33662377419187467 0.7985353355819588 0.07465665448078253
0.987346927724813 0.3289778578784758 0.8002835563625837 0.07993308163131213
0.9801979966380578 0.3481791533525233 0.8031415429866784 0.08048602419691281
0.9832669397242687 0.3793061555075594 0.8122322497094855 0.08578749333864448
0.986536414156186 0.35711982804943576 0.8139764942731547 0.08931027546576929
0.9815903932769803 0.4079457224759079 0.8225855243147627 0.09583784427200535
0.9829223028895696 0.4338372974729577 0.8346772858779056 0.10036493069912093
0.9872220805429306 0.4015493329261013 0.8211179091574117 0.09360831181578375
0.9918238707501805 0.4279564446695366 0.8306307147011234 0.09986529166053498
0.9880427036350088 0.4237574099407205 0.8450010047435569 0.11608708124820706
0.9848656223644477 0.3839588171772607 0.8471485951793838 0.12129110792090343
0.9894144517358098 0.4320717672035373 0.8474236470574471 0.11765002807801271
0.9867092983062565 0.41872825358317106 0.8648144008185404 0.13951285220519122
0.9881297749893265 0.4000923155281085 0.8503215212972218 0.12496653148652444
0.9844596390566712 0.4059594561589188 0.855604715927541 0.13753062156588652
0.9846413317522996 0.3886142201465496 0.8635643984799621 0.1545483700151401
0.9890927073869191 0.3736106375724514 0.8649230591355913 0.15096617479145608
0.9882500028675315 0.3974429727740986 0.8731451037114286 0.16613323124042878
0.9897935777185968 0.41079386934309214 0.8891801346801347 0.19702271358888665
0.9892317427999532 0.4327542265714675 0.8664496536892906 0.15205209433298134
0.9889994466360418 0.3706293706293706 0.8887551076915332 0.2142243555114728
0.989598547917235 0.46008247858728984 0.8995915568816489 0.22531782526372734
0.9882641137418106 0.4397404934413032 0.9035465558268437 0.22574474407547732
0.9844180594211442 0.4375214303208425 0.9030154390276497 0.2467556527135804
0.98579264311438 0.4206707595514739 0.8864085028971836 0.21072578215435359
0.9772205436696911 0.40479690732875967 0.8932886091812008 0.23850130107602505
0.9931378926112999 0.38846662689045114 0.8896397891465269 0.22270826582727707
0.9819808130892448 0.3709808328650809 0.8979896520466745 0.25611124362813953
0.9870048588397362 0.3479598390858997 0.9070348949839261 0.26903529543901683
0.9862110258472448 0.34334806087383407 0.9006446343119434 0.2685716778640607
0.9823783499146789 0.30646691308756663 0.8970573325245179 0.27401712661212035
0.9896546735368419 0.18886548447144116 0.906354477778273 0.33456712734943234
0.9908279142535188 0.29080264276836526 0.9077012106879999 0.30771916318291276
0.9894970954356846 0.26835554651202226 0.9067073570346966 0.31185363385382914
0.9866638245610935 0.2742955721679126 0.9052462415759461 0.3374752765365175
0.9815355002908186 0.31637017070979334 0.899034130933128 0.31259297641533085
0.9857893038987127 0.35496268489967375 0.9033162818809422 0.31664793246119627
0.9853334908699365 0.30937529683690596 0.9017651989844225 0.34687574245664055
0.9875232988465382 0.3112331633320256 0.8922052304603549 0.3180508042797875
0.9837017963281842 0.2941044966785897 0.8996330651090563 0.3618280030866844
0.986666145033864 0.2772519083969466 0.9011624660051887 0.37012703924373025
0.9783401002384087 0.3006645590038067 0.9216312647635858 0.48074253492001184
0.9853247035724153 0.30686773255813954 0.9353476888239091 0.5287149241112766
0.9845891961175781 0.24841890513430806 0.9326119781060328 0.5347086429409464
0.990325344732554 0.2319568060066647 0.9387526111115698 0.5290081273376641
0.9885874510556668 0.1650477675180877 0.9378339550047354 0.5684678084922894
0.9884489258924715 0.13016869778085255 0.930232064773496 0.5087312139892824
0.9887840344608643 0.08666666666666667 0.9177766272885584 0.487156344464979
0.9858875761117382 0.09428968150655212 0.9182667075319652 0.5032074688202529
0.988051263243992 0.04691636158828499 0.9324721445878951 0.5663655946487283
0.9901920319625714 0.03852080123266564 0.9263082385275995 0.5393554373817766
0.9876017190990166 0.0016830657690315898 0.9311762628730089 0.5740479450141097
0.9870433025794701 0.0027276269645408495 0.9431876729358306 0.6557866859820276
0.9904075759219435 0.0 0.9361510864591187 0.6173327662515451
0.9838825850761107 0.0008434547908232119 0.9278005717635035 0.5994199825371086
0.9855732918020923 0.0 0.921792293579191 0.6006780677375831
0.9918215669615508 0.012859304084720122 0.9315985859682883 0.6340274988778379
0.9895934218033116 0.0 0.9415282080714967 0.7075139112383152
0.9877721162553237 0.004159793444739296 0.9606211887860073 0.8376441053083605
0.9863940903195496 0.0030739241265557056 0.9685145082971701 0.9050434690485807
0.9849981567914425 0.0001401541695865452 0.961629898404733 0.8790766002098636
0.9842920709805393 0.02533088468114749 0.9470040141610682 0.8209310878923348
0.9913494939585357 0.0081364682116604 0.957771926149266 0.873446041708848
0.9888951142985208 0.031160779835223102 0.9645279086592973 0.9022880853586248
0.9871354974861896 0.0028882470562097314 0.9456078611567398 0.8490699905668744
0.9876136996934836 0.0010610642474401825 0.9404696815850452 0.8575970688206394
0.983864980788688 0.0062798762770643925 0.9374681340132677 0.8806775173656953
0.9833218070990881 0.007432124981040497 0.9311366308548183 0.8755020719925848
0.9936112394860893 0.01077352790286724 0.9280788713646578 0.8675179722088283
0.9891989022637749 0.012221477010209404 0.9105700348912935 0.8537770996700138
0.9924721194123011 0.008912137944396008 0.9165524612097926 0.8803938773928869
0.9946712973603343 0.009859040169477716 0.9214123291734215 0.8967688165673221
0.9832451540188344 0.0 0.5931864490214338 0.6175016440405858
