0.9854264810226704 0.008271656101669266 0.177536711850274 0.1270881293902367
0.9809438170755918 0.007780249919538782 0.18610453895784043 0.09047221061429168
0.9854653562505014 0.006930299317063717 0.1929942479821779 0.11960742780484361
0.9814279842502768 0.008849388398429681 0.1920211980309657 0.14200104220948412
0.9819740063600462 0.009954363167032024 0.19944525471824864 0.08880654229491439
0.9840049505125216 0.008332522394206848 0.17769411347831865 0.0897308075772682
0.9884020479912782 0.007247027323449456 0.18009267538705226 0.1275966018087147
0.9733334443795353 0.00794522756923053 0.17426256062405687 0.19118017639647206
0.9848458126039531 0.008535086973656757 0.18509632137769993 0.13720409020871271
0.9799350300575094 0.008716474439924212 0.19678883847980444 0.20641174890301783
0.9880276453671604 0.007476283401279054 0.1893769982380016 0.2739830324124429
0.9796839090706759 0.008957676175274237 0.19693152784277934 0.2361111111111111
0.987129850395938 0.009372059432855356 0.19300648977935686 0.21650150797070228
0.9796278238157835 0.010102400674860283 0.19544390384517998 0.18412990196078433
0.9865846876275528 0.00992495882605395 0.20135385077010715 0.13998438110113237
0.9780425248053249 0.010540345842338126 0.18672644106567152 0.17143041903776512
0.9845202475985124 0.012373103319252848 0.1949842049314175 0.15044976561510198
0.9862187354992583 0.013117227496445585 0.19364857302742025 0.15759312320916904
0.9852033847466519 0.014186202935276953 0.20247828042781194 0.13795166307729123
0.98047060940982 0.013618880144327494 0.20416877116941504 0.10032764659360524
0.9807661563346374 0.015260826993432723 0.20714714797936531 0.09654968162298237
0.9853609872708305 0.015536970184666429 0.19601826400367048 0.11559220389805097
0.984689270985727 0.015614622429220746 0.21254434228625207 0.10357656474707684
0.9890066731463547 0.01683715252964159 0.21700141876226586 0.09412231930103257
0.9897099865676524 0.015434031993646711 0.21579218955045731 0.1118339876612451
0.9919669952825536 0.016401885202409563 0.21823305673390936 0.1259469696969697
0.9832183087281202 0.01597577233553426 0.22414531150575576 0.1359015939564134
0.9865288381268625 0.016939424886690695 0.229923216660266 0.1257041101864302
0.9860916636762571 0.01633002927719389 0.22423822142969183 0.09220559531554977
0.9888970790941134 0.016732756423381148 0.22969107856847817 0.08765652951699464
0.9880976322152792 0.017116856111974093 0.22454017417062969 0.07948974249131324
0.9869208188452405 0.016614781801490387 0.2278999470030555 0.059362304120719675
0.9868091825283336 0.01694977481887605 0.2248158982171452 0.059671831307926346
0.9891764688551878 0.016195332929142468 0.23123715951143844 0.060043354904523574
0.9894265536931476 0.01684786661450124 0.2324873779435592 0.05586849470365253
0.9892753071953965 0.015045806257631819 0.23503647162166633 0.07049710330461953
0.9886719744599174 0.015865081225786927 0.24289379118163057 0.052799955099692715
0.9886774424715343 0.01450508945063719 0.24449893506987294 0.0852612299980721
0.9893471004582116 0.01338183050301179 0.23892912498702873 0.05201893478879433
0.9842748611285645 0.012888729598588443 0.25985213065408197 0.09583649121091363
0.9830974929542227 0.013234402311561375 0.25036105854628804 0.07036964530424104
0.9796945162315083 0.012623257350160082 0.2605430387059503 0.06559367806717054
0.991411087391811 0.01342115425066007 0.25680258651352206 0.07498866007438991
0.9912474417981425 0.01333520464479202 0.2680388844338651 0.0721443620042136
0.9879615053467626 0.014069804621457993 0.2654390281046439 0.08365407106555808
0.988125411285679 0.012817178106119721 0.2795103293835464 0.069970703125
0.9853660926564861 0.015089856870279163 0.2730076952105928 0.07646017059418823
0.984887768217844 0.013963043781048332 0.2721674819200974 0.0648633686509096
0.9886571358591263 0.014421476475914024 0.2787073047138518 0.09658700803968905
0.9935239740597965 0.015718529544601567 0.2798884465144231 0.09232777666198032
0.9824388494515082 0.016092797114084387 0.2791117664037695 0.10428015564202335
0.9861539995280346 0.016611908530262513 0.28916405519497035 0.11877208599714062
0.9831940948584458 0.019053704757833557 0.29906034124077113 0.16407902757359533
0.9858453383155389 0.019759275922773763 0.2978399182593985 0.11678713113417749
0.9894657225580431 0.01839245659026676 0.3079279845581932 0.08855174710203742
0.9824651633938907 0.0191553683724687 0.3093096127765066 0.17546829971181557
0.9861496473240082 0.01994960051754056 0.3148764196792889 0.13564547206165703
0.9900890461451248 0.02166885340634044 0.3229973886164562 0.12960643225449356
0.9881013747735904 0.020312426370105083 0.3141587865188856 0.11214322298272571
0.9869913006006087 0.021325309398336115 0.32038801339318834 0.12639690619046265
0.9877356247348275 0.021061094234250823 0.33350386206316107 0.13263134621230965
0.9814536834723341 0.0203258935586725 0.35101872201199663 0.11891851182406989
0.9959061396248848 0.02086312852672456 0.352366974128684 0.10106221547799696
0.9866537976641837 0.01980854629348583 0.3536306231909445 0.10050370242810401
0.9909539150364133 0.020102616079777636 0.3542746546053729 0.09191980918212463
0.9882172273218891 0.018022302980840954 0.37285512337075455 0.11391042204995694
0.9900307132824748 0.018190042284257052 0.34986481368875877 0.13106218780558712
0.9916562731509702 0.01591384352630401 0.3663131173084033 0.10615196351095783
0.985362368898482 0.01673024402505239 0.3739096544452786 0.10303115408533772
0.9896729042261964 0.01947308877647885 0.3729256702438736 0.09073681863783302
0.9896981387333252 0.01998038108883647 0.38111268196996634 0.07954194753512547
0.9880174619177108 0.019212047994933087 0.3799899349015406 0.09784471269182438
0.9860191951636044 0.020549840051017426 0.3796082520903601 0.0909027070678698
0.9851648094699645 0.022899137992599274 0.386555062398325 0.12914903505124378
0.9843324627143609 0.020936454313174185 0.39944399410792475 0.11951943964179634
0.9876212371752101 0.023903124949199932 0.40879062767280694 0.12401788952012571
0.991812200099078 0.026075022243736343 0.4174639001573179 0.14290347866043193
0.9842841317361668 0.027302315035007577 0.41733445427699944 0.1101625666609324
0.982579818503784 0.02867434609364083 0.4286282957328666 0.12063191292469043
0.9907635254773154 0.031274269669633786 0.4282001954665422 0.13252020353187668
0.9901403118595149 0.03240998818914431 0.4451692475459886 0.1188182660916529
0.9915046265966451 0.03336975872182912 0.4413780246025371 0.10666272970438045
0.991648907784575 0.032915181709437545 0.4472892660931833 0.11348520270392722
0.9907957143644808 0.034251247120538966 0.4541361160723769 0.13419523401955044
0.989010834652158 0.032950494152221864 0.4675555112802645 0.12034162951257596
0.9916908219374525 0.03346773204223336 0.4842023456727703 0.1498324557204404
0.9842480400814183 0.03570896300932964 0.4830469071116127 0.12082918677356967
0.9933332469102776 0.03622707224582133 0.46455463841828887 0.07189973614775726
0.9903227933660853 0.044446601784659694 0.5708831675298384 0.07937417206687909
0.9891335071877568 0.03560809232660188 0.4960214962280001 0.08537489661466503
0.9907645913174593 0.03893449073345418 0.5572088627276222 0.15718321226795803
0.9843410766310193 0.03151789545326764 0.4523549646093802 0.1045158745809505
0.987666369523329 0.033425463863741955 0.47599411381327345 0.09936865220971726
0.9888837347208141 0.03259019714048543 0.49614032517333784 0.08056165197463351
0.9881974248927039 0.029805280760587832 0.45527068753601563 0.06752169759547959
0.9895939245288474 0.03119571815815888 0.46505227336955474 0.06619774567206056
0.985094703955219 0.03328581140495589 0.4677937124916345 0.05781670819804173
0.9896893770876657 0.0314896191274601 0.4754851330335284 0.059799352917449776
0.9900625707875805 0.032453070314985684 0.47292205349808814 0.06146131317259229
0.9902941087749992 0.03173956172209493 0.4938901874295997 0.059147828915270775
0.9944979152209914 0.03308571446141358 0.4689641213694243 0.05635142870403317
0.989202591568475 0.033191109189354175 0.4855309529847596 0.07225134971836202
0.9879734404576122 0.0344576734446111 0.48776554580309844 0.07885690371566077
0.9883722304842382 0.035570252604153835 0.5002359299572482 0.0888245469825418
0.9839989832328444 0.03604073040515743 0.5249489549736105 0.1014979236045694
0.9829319558247239 0.039459520168640766 0.5203101128302658 0.09037277900360005
0.9948151872908331 0.042046106204840006 0.5422656261756941 0.07270947074912465
0.9893610474608053 0.04230961695509905 0.5624566793274162 0.09798100509466004
0.9811816652649286 0.038297377280428126 0.5482035153421757 0.10083714332754974
0.9795714680606961 0.041447439867883476 0.5701069287870375 0.10003737851981062
0.9820302128434953 0.044226434615526736 0.5681904469229687 0.08893002033854532
0.987126289898081 0.05078492115980368 0.5937565890599473 0.11033180469382249
0.9845131936064705 0.046886531275258984 0.5882669790911612 0.10326119006899806
0.9802240169335635 0.042270449553316936 0.5967053591142794 0.13304389919220647
0.9878887365886035 0.04643041876909846 0.6171561129481654 0.11163273992839079
0.9835540272120458 0.04702430632441364 0.6231067127675131 0.12086545635414075
0.9745190956699451 0.047278313423483515 0.6365293329661559 0.1244694275553516
0.977537389711385 0.05330383935113239 0.6432183056445568 0.11494941340382037
0.9854650602161791 0.045987402309576576 0.6599927372403857 0.10338917389619995
0.9863298651091787 0.05007490509597064 0.6679626321337896 0.1212488909764626
0.9922422396271469 0.052642313570613115 0.6821675049119901 0.0856014129020264
0.9817614938698067 0.059622004286549325 0.7083510911325069 0.10919659034254654
0.9880362067287415 0.06466670257266477 0.7094510106368402 0.08276328383635262
0.9873469192807804 0.0765395981969611 0.7229692343483756 0.07356441650979355
0.9812568964943407 0.08229317802176694 0.7274918715969865 0.06718479528031936
0.9897062606101137 0.09387321867321867 0.7237313591599497 0.0493565424384438
0.9866237851841926 0.08494238254904228 0.6957648415642108 0.04149526720994882
0.9801098809790587 0.11183354358112656 0.6664450539668936 0.0350949069586243
0.9888758649659547 0.143951197296196 0.6912377621493081 0.03871278252946536
0.9918994092134017 0.2557535414214393 0.7801519215640824 0.047543108224649376
0.9909184923085563 0.217058237220561 0.8554406972350116 0.09913466212931453
0.9873411310744001 0.2279796728051721 0.8865169686924227 0.16811995237942018
0.9877785998003203 0.21879047524160605 0.8844929807272903 0.15453769642752047
0.9944461259806959 0.22762790225067317 0.8861578203638395 0.1569767441860465
0.9867599827429174 0.2424539128054494 0.8350125466511708 0.08252850783133421
0.9896484928205547 0.23339805444418293 0.817783217224147 0.07298854380504602
0.9877879702501756 0.26074817319227833 0.8135212472492706 0.06460687550660373
0.9875654017021595 0.2557548564076937 0.813412945530322 0.06718989396169056
0.9885467128861224 0.2808649276359648 0.8349843086012769 0.07954835960801022
0.988467743781727 0.25893951777686963 0.7873499374318815 0.05995460623728744
0.989376196700122 0.2742834968678973 0.7873682613320678 0.06006925945657965
0.9824169028724874 0.2789914871438499 0.7613474717174559 0.05492127776741927
0.9893965396045123 0.30289527042957515 0.7716972521736891 0.05452692001435034
0.9921581675029021 0.333568921525174 0.7748492766327726 0.05732752259330318
0.9862488297777122 0.3327498351417781 0.7633859194346108 0.052887573374129075
0.9849453823719829 0.3043051481626903 0.7496904584106183 0.0496715959886957
0.991328546439799 0.3331805575142199 0.7078288410678543 0.0437579455886092
0.9882265520790825 0.3505213342106595 0.7125807351837719 0.04103682743070305
0.9940074210141401 0.32805017791448043 0.7212700660051404 0.04624574004177508
0.9886378694728755 0.33067572223042474 0.6887338347317733 0.0422152455253079
0.990094355624264 0.3395604661869109 0.720784046697327 0.047839320355876645
0.9865326004530591 0.3699780107637919 0.7188383320004273 0.04659982475736922
0.9897700608913493 0.33738662914855666 0.7316778875295465 0.04926170543940095
0.9884272940230616 0.33092745846401894 0.7137455666221058 0.04751021742684322
0.9878255804277274 0.35909277368302656 0.7229861206496216 0.05075443044794413
0.9921308676086067 0.3319876421413365 0.7251922112892494 0.052777900808482076
0.9898919270787352 0.3208048300165838 0.7273401897470068 0.05662353516471702
0.9827422639651032 0.33546929500052847 0.7314049212395758 0.055966849252539086
0.9862052515454491 0.3650413759532695 0.724393995782161 0.05525219679462271
0.9898942393186392 0.35131116517977834 0.7348296814918429 0.0592966677542451
0.9848005771072965 0.39844148277619984 0.7239521066849847 0.057752350035380484
0.9862305967052285 0.42516868037031225 0.7220598683648742 0.05595983546426326
0.9900191907288285 0.3934462804155337 0.7195476596641 0.05643175441491995
0.9939790456787401 0.4212962962962963 0.7529621164519189 0.06644913910703093
0.9899024249268507 0.4132951498903242 0.7626648612865337 0.07312133663077133
0.9869004295758881 0.3758139534883721 0.7621181150764894 0.07439592715880164
0.9917459567007466 0.42034068136272545 0.7629506567555223 0.07288395250861739
0.989559881184742 0.40969905030800824 0.7866752662271274 0.08399756616975966
0.9909342300137057 0.39003672723154337 0.7650237250962061 0.07565233641948872
0.987384670730855 0.3956481867444769 0.7701188717389643 0.08093938002850999
0.9872725263390555 0.37970806724879447 0.7766537453638198 0.08861555897217951
0.9906336240139674 0.3666626084839209 0.7838226724076489 0.08875925548536105
0.9908677998761269 0.379152023580093 0.803984253726895 0.10158474623587872
0.9925095222311554 0.3915427938325178 0.8241074783599204 0.11849212496772528
0.9915658535131578 0.4272469587811503 0.8097474421566904 0.10276543443320413
0.9909060483346924 0.3542756466143563 0.805177807143181 0.11418654408535844
0.9908594825244997 0.4448665955176094 0.7990311248820008 0.10895675378766581
0.9909160266751232 0.3985917870319018 0.8132504919093797 0.11275268926558896
0.98730411176769 0.4100151745068285 0.8139436903981029 0.124755556587779
0.9885570639655574 0.39722359424961656 0.8071451279270679 0.12075422498167938
0.9798846113310268 0.34388643213249587 0.8226538970248435 0.13747531444249583
0.9951821890278313 0.35268563460352365 0.8136323741858483 0.1317016687478715
0.9850505565639655 0.3256167351029778 0.8212174202681323 0.14254947811586946
0.9895400191983466 0.293396398035292 0.8384454446824111 0.15211726727993924
0.9893782228018297 0.26420269482634484 0.8354424851511602 0.16115235929801194
0.9856270524716688 0.2547256312596981 0.8338030663621857 0.1662708334420787
0.9920861500393857 0.16050366592285623 0.855350110826881 0.2078880593373347
0.9930221662518732 0.25055121968291744 0.8323105525087907 0.17235321267103063
0.9921301653395401 0.21882500646209518 0.8324868891753512 0.1750645353455123
0.9900477016718227 0.22711240607268823 0.8395885190803779 0.1966770321471403
0.9843345263992036 0.2834731283007145 0.8281250134701643 0.18313154354565128
0.9886706153230482 0.3813180455477831 0.8053807336358909 0.16362690394841417
0.9884542723873319 0.275910173528411 0.8285011132034295 0.20193915555048836
0.9912070199766781 0.31030982102571814 0.8273678641123602 0.20034612504337979
0.9873277052465871 0.2997655621260366 0.8337841441254171 0.22085601562944557
0.9905098100581285 0.2691266562188346 0.8318563592950193 0.22234863542280647
0.9816393967777541 0.2880192484608308 0.8433560956301589 0.24897951105591537
0.9885020178188747 0.2688261813324428 0.8808112355776582 0.31209500038536103
0.9874681671673364 0.24225641837097986 0.8673552140983235 0.2956431647222612
0.9935555534160982 0.15489016370505107 0.8639127419248299 0.28383917538201875
0.991654507040029 0.06827272727272728 0.8435748224867866 0.27398379398379397
0.9910114896823585 0.04007074559221799 0.8461224476467573 0.2778602618174811
0.9920002888162145 0.020827375845963208 0.8232446936375626 0.2629524143539305
0.9889237615411376 0.01901441926794486 0.8395215386121836 0.2918130491927951
0.9911305689138916 0.007707129094412331 0.8540561457649429 0.32420974628299637
0.9936492496183962 0.008913390695038385 0.8459268933929922 0.3121882182070252
0.9905033504832501 0.0 0.8728626282826879 0.3765150373020115
0.9903700337508361 0.0016162922256343947 0.8892612961664565 0.427890707174482
0.9928537441303624 0.0 0.8694431361921887 0.3906918962635017
0.9878909846231102 0.0 0.8743814445654755 0.41870779851148743
0.988274821288745 0.0 0.8577392280794461 0.40774904158639347
0.9945491140577403 0.010994130252492313 0.8747546021471687 0.4431995263372134
0.9934264781610759 0.0 0.9094612327911987 0.5591426851294401
0.9913424643769978 0.0019305019305019305 0.939450945652054 0.7036899866561368
0.9901128778734878 0.0004158868787689748 0.9461887562154062 0.752762460923932
0.9890227580320444 0.0 0.9407903948171285 0.7487325648851111
0.9879602640089565 0.015778784564911733 0.9114342944789573 0.6677014782234862
0.9943656790651757 0.0012315270935960591 0.9430187551066214 0.7864573004741388
0.9917778577360225 0.007127742510301815 0.9460994572922404 0.8080415099888663
0.9900068772546595 0.0 0.9303500857659839 0.7831450323867919
0.990327046826 0.0 0.911971617413635 0.7562402922347814
0.9866106843883187 0.0014245859796996499 0.9106138444594842 0.7866601474962311
0.9856720058078775 0.004874436971678904 0.8968064388969623 0.7810855846174887
0.996127105824616 0.005055824731409311 0.9005692309914193 0.8006347149933842
0.9920456576071125 0.004554263565891473 0.8691389534669576 0.7770307404437317
0.9939348378866724 0.0 0.876573634550565 0.8196538009161818
0.9964096455831591 0.0021330230754314523 0.8726292799606205 0.8243652008113742
0.9876877719571366 0.0 0.6301721471038408 0.6751838242617482
