0.986356308549814 0.011056103000490328 0.1815658427792073 0.10367845476494816
0.9818530023121658 0.011755279985854104 0.1890331290044985 0.06018592086445257
0.9864571209987874 0.01094580469673795 0.19607249525948714 0.129078810230097
0.9827789746553868 0.011089840780853486 0.19482386888910913 0.12216631805076601
0.9829547186713662 0.01246220466459014 0.20257240222454273 0.08308408109006314
0.9846249410303136 0.011137969834010475 0.17925832606518718 0.10405068151276636
0.9893018341079044 0.010116751249234467 0.18235373764873 0.1461828988917095
0.9747290571820519 0.010870050704247233 0.17571670923035276 0.2458704575032536
0.9859443824675825 0.011577031339774137 0.18653290656845115 0.18723695801115786
0.9811066823496444 0.011434197391692878 0.19832298068806473 0.24916177703269068
0.9892210762674098 0.011296178282447908 0.1901722373646181 0.36303769090654336
0.9808741758336346 0.0113270186553481 0.19779835504978796 0.28040103492884866
0.987947714969264 0.012532390501237564 0.1936035846155047 0.30969466722949207
0.9805341009841162 0.012359883905898978 0.19735872240704277 0.12411971830985916
0.9875874720755108 0.012944332596807648 0.20389431344062134 0.10028116213683223
0.9793940928434399 0.013088376911049762 0.1878409970473853 0.1667084011518718
0.9862452000532991 0.014719532565760009 0.1963573521916412 0.12943775311628886
0.9874400583758389 0.015629309007016978 0.1965293939741908 0.09903076274757691
0.9861746692124425 0.016261783756052202 0.20375214396164712 0.1268911664226452
0.9806071455209965 0.01567190852416955 0.2067092374346852 0.09076955278029722
0.9804757651262282 0.017194067356134615 0.2108682098494909 0.06305191400104877
0.985731711738474 0.017163728458243377 0.19942547147823322 0.09622073578595318
0.9853748946925021 0.017545426691524334 0.21550416464951153 0.09228783478541465
0.9895313703487485 0.018714140615712537 0.2219050025897466 0.06527810650887574
0.9900758171389873 0.016968083000452175 0.2207742280470429 0.09804935208161014
0.9926394734490733 0.017971962947322874 0.22209259746697543 0.13174798996043732
0.9841923310678872 0.01765075594383068 0.2271512117079964 0.1399166454027388
0.986239200558639 0.018220197872887537 0.23414409794901903 0.12661783125213497
0.9860789271239868 0.017919905109716888 0.23204523747906258 0.06044176356758076
0.9894827261852787 0.018619519342759457 0.23723078665081443 0.0712718372858469
0.9888661580763747 0.019071532366971157 0.22862796203455507 0.07075935268295878
0.9876837821958845 0.017992804929074815 0.23418339510156827 0.04443813041625231
0.9873652467982761 0.018469673133176386 0.22884831739518877 0.04217984204779197
0.989852788089486 0.018242656549057316 0.2357394288530032 0.0408730634628174
0.9902977646147986 0.01873311262741478 0.2371992655705238 0.0414893901688475
0.9892981799667523 0.017074835074357 0.24255303542758413 0.06434110096572389
0.9895254824435237 0.01760091653162963 0.24770487887748477 0.036634158539634906
0.9887809305213805 0.016480848117876812 0.2504196920753106 0.05765232289292902
0.9894626874789993 0.015331337737407101 0.24078061516960889 0.041123914495657984
0.9844318503272628 0.01494021054282659 0.26331357098023656 0.07392814859383189
0.9841134939643786 0.015434289962887654 0.25348139378227763 0.054822246960343504
0.9806854713581498 0.014675771188723624 0.2651975566254576 0.04829488893313234
0.992653450704929 0.015445877698948198 0.2589749090305633 0.05878945844193455
0.9915201981273929 0.016023537900957677 0.2713350156744099 0.052290436669531766
0.988986789751741 0.01624197799649189 0.269656929643834 0.056705657323622455
0.988436291030288 0.015280029936385182 0.2840473986535636 0.05404941887310194
0.9860210618579291 0.0173592320746489 0.27934830048008585 0.05015910232791827
0.9857916199158031 0.016331011731751662 0.2749244087313093 0.04592255424376046
0.9897600012373063 0.016615073532139115 0.28255597567769386 0.06746572659616137
0.994416900638621 0.017766626598741994 0.284515507713498 0.06691344810156691
0.9826523621842086 0.01821070472543506 0.28121884258624846 0.0827628889180623
0.9869604117950666 0.019346558879266916 0.2924633915565216 0.11109441898895817
0.983319866529006 0.02121493031971734 0.30235164146410176 0.1498022412656559
0.9862768679286456 0.021969596916265044 0.30019648511741714 0.11034031413612566
0.989591490313763 0.020744100301749044 0.31050869803228587 0.07312083646600108
0.9821274833141279 0.022172407235594792 0.3113878960771222 0.23641357661369433
0.9859907066236493 0.02286192015876366 0.3188559296181958 0.16470373746581587
0.9903462649239289 0.023828891673957766 0.3257637571660185 0.16479386531015108
0.9882159200933458 0.022861418532666815 0.314217107930271 0.12756566477118875
0.9879679191350486 0.023973966692820807 0.32132186329839946 0.11946559786239144
0.9885845014940958 0.02320348444880682 0.33752298545107606 0.16753323795233277
0.9823582253904779 0.023604095632305033 0.3537534677653099 0.12843483740171502
0.9961108857903398 0.023175302782015784 0.35299456292344217 0.10535022097128607
0.9877344244277065 0.022468414946646437 0.3552130961519207 0.11229535743434635
0.991497037144096 0.022803924820982438 0.3548710440833337 0.10587826086956521
0.9888392986088406 0.021164679801781425 0.3754305976870042 0.12224474942815554
0.9901864824680379 0.021228998235008272 0.3516156616699674 0.16745211052720801
0.9919962026206606 0.019465307674129483 0.3676080865582984 0.12333421821077781
0.9855292126515084 0.019692979488594078 0.37484387886392134 0.12229925447552116
0.9907165008659229 0.02209660308281156 0.37361095922849297 0.09386815084924671
0.990383569730771 0.02260563085237866 0.38109357149848133 0.07686381787881646
0.9886744669118309 0.023124150805261326 0.37910453597815963 0.09166457263883404
0.9867036150407347 0.02421558661749032 0.3798980698773973 0.09165651644336176
0.9861576094776728 0.025339017114810975 0.38793247859305313 0.1248071765906448
0.9841256686868396 0.02398637738175626 0.39843248292369665 0.11931236934572788
0.9863841730806624 0.027500162418520043 0.4117802522081386 0.11600774752193233
0.9921435276283936 0.029550305894254465 0.41905043622983007 0.13087919413376786
0.9843901465130096 0.031194405378212497 0.41938608449491555 0.10001757091817809
0.9823456579796667 0.03205665407968811 0.43260288169434 0.10214753610242668
0.9913664770522822 0.035037894940328974 0.42977453689321976 0.12010414049832142
0.9903650802692413 0.036330413758965466 0.44535201790200357 0.1011933840463396
0.991707626858554 0.03799589347001783 0.4323215831705752 0.08885017421602788
0.9921870398857916 0.03822188683894416 0.4448956387557866 0.10312208988874186
0.9912417869757654 0.04009210452965989 0.4554773064975875 0.13553502450925026
0.9897903880752856 0.038646522944604765 0.45954667892611795 0.09970538067917506
0.9918865813645209 0.03967431967510382 0.48017682803056594 0.130850622406639
0.9847384742221681 0.0405390646460568 0.48339678035336786 0.1305654519037478
0.993717947509333 0.04114181838284671 0.4565223676547728 0.06565362646836943
0.9902227005741794 0.05080195553617782 0.5669608401575172 0.09448863555801325
0.9891228373109033 0.040739148408433234 0.49032254369500794 0.10728679381072329
0.9911166324284405 0.0451264906405617 0.5569535267705641 0.1778918233191097
0.984678995247536 0.036257035162143035 0.45066552020070827 0.13052229669440352
0.9881263225041713 0.03874739568892445 0.47289454155875427 0.10270935571931264
0.9895068820364085 0.03777741840964658 0.4880604977924844 0.08082791593994317
0.9889349349180964 0.034663350985341596 0.4468231046331835 0.06704039936391634
0.9905444443641322 0.03604278476261963 0.45938945250581237 0.0679435105300088
0.9860565860573093 0.037731914502131314 0.46352735773432546 0.057959840434447386
0.9908872108174822 0.03601423815149516 0.4666309125266585 0.06235041640540135
0.9907360343272608 0.0373222504321934 0.4628870835888858 0.06477645472927432
0.99074713004203 0.036755499483739795 0.48805058849158917 0.0621856266795287
0.9950409506367761 0.03757524729048296 0.4607741578900968 0.05610242304363951
0.9902692472503928 0.0387317008082143 0.4840379353721782 0.07221601051413327
0.9884550040575364 0.039945252780683796 0.4816839775543771 0.07643584363099401
0.9893752083466321 0.04083230088858622 0.5005417199797892 0.09061513199444234
0.984643229114091 0.04153877280689771 0.5290412753949025 0.10251403794621818
0.9836028585746552 0.045678876000427956 0.518265324015554 0.0920520664627197
0.9951535199831594 0.04825165707600526 0.541406304851506 0.07554209219186778
0.9900722381021904 0.04860169349834849 0.5612989033684309 0.1076562976094845
0.9820662537188265 0.043517486503461725 0.5467798984958696 0.10677439236808961
0.9800288901038552 0.04680454079763089 0.5669018703470078 0.11046271004055956
0.9825370973579443 0.050885237431842714 0.5607363686784164 0.09847707254195212
0.9876504231127773 0.05812249908794524 0.5911722709387837 0.13356918648006522
0.9847445898339204 0.05457285511250095 0.5793318284781328 0.12607396339185656
0.9807869912471131 0.04729918000159223 0.5994358836582498 0.19273409893992932
0.9886422440372735 0.05420517732525594 0.6142392706063375 0.15153476646339387
0.9846878905906591 0.05542927977444712 0.6209801300955521 0.16650832256593448
0.9753389631355239 0.05572774845642698 0.6394334382723795 0.13460138473691546
0.9787296644872259 0.06278661173663411 0.6473407359566736 0.1346878384356076
0.9863572317470766 0.053758278105547515 0.659105813400304 0.1284791544333529
0.9866223087389892 0.059303693590320845 0.6614451972340296 0.15728947903258586
0.9925824082561021 0.06367287620557538 0.6764865711872963 0.10770048423290422
0.9829357057253716 0.07067442726134479 0.706910452125382 0.14606888652540292
0.9894727689654322 0.0760235840458054 0.7066908339576808 0.10266351250711876
0.9885227659991945 0.08723764544017357 0.726672026160544 0.10227027493633735
0.9824984734808094 0.09356040774845246 0.7210560356120309 0.08183960025200003
0.9909152172682891 0.10839972398218431 0.7329556205839839 0.06314708941475584
0.9873261540817108 0.10055977950148905 0.7080625414657187 0.050957102709581634
0.981340094187017 0.12652735351291308 0.6968320021160922 0.041981822484377325
0.9898029116214615 0.16015120397654553 0.7026641855542537 0.04096034214618974
0.991235762436794 0.27832490015994527 0.802778239827327 0.05451940059762505
0.9810409824481725 0.2397277658184416 0.859530593472666 0.11146252845386097
0.9852344699789202 0.24239690844007253 0.8898687576026034 0.1805904685956001
0.9884405795991075 0.2390817249105704 0.8951093815563724 0.1820831951402587
0.9951333290095388 0.2503241629559641 0.8823502661898311 0.14278337531486146
0.9876003494479657 0.26131929196540993 0.8492501704710184 0.09311734136351882
0.9907118142026791 0.2547613495024876 0.8239077332429647 0.07541228768213375
0.9880354706849699 0.28699595141700407 0.7990172719216978 0.057656563719929485
0.9883840730247146 0.2796262152195776 0.7970149881638326 0.05891339177831361
0.9893953481649918 0.30100802391274395 0.8372542316864534 0.07995756859506485
0.9887537301834943 0.2817033554609471 0.7882330554622121 0.0595667961966071
0.9902454904986978 0.29694542359193743 0.8008071415678717 0.06467841799006585
0.9827499921804135 0.29745715747293033 0.7570632973582735 0.05339889688067519
0.9897399793030408 0.3165866913337573 0.7755866583219346 0.055562240136900226
0.9922141485454029 0.34670016199845044 0.7826901530932109 0.05963335891994401
0.9869406031489149 0.35476248961879026 0.7676430767837183 0.053619031976854366
0.9863215866522201 0.3296779393567869 0.7581222374883657 0.05150714164463952
0.9921994647147184 0.35620207695318795 0.7260288553651433 0.04695051548498503
0.989073873768527 0.37259039861779586 0.7207432623793013 0.042176919870416746
0.9948066526693707 0.3469143340221679 0.7192391353458681 0.04576754790584886
0.9899313968515252 0.3543946515494002 0.6965524040882066 0.04316120270642216
0.9910466458845466 0.36010175708454123 0.7234184799850061 0.04825963461570783
0.9872372898137393 0.3969894271548892 0.7217069233217912 0.04670377690828661
0.9905583455999076 0.36072773668003877 0.7344216125579446 0.04964666680785875
0.9885803093186829 0.3525273390036452 0.7255680408061966 0.04953279010574147
0.9883082300074894 0.37236948603804126 0.7346955013185579 0.052762480640939254
0.9925117393160366 0.3482447925894055 0.7297919882625884 0.053664975885581244
0.9899178003500813 0.3414113323732433 0.7322505880953639 0.05772698448686928
0.9826369839377772 0.35947176570008704 0.7389215211385891 0.05764872261097948
0.9861631587378238 0.4073533816959925 0.7437399925050251 0.05969224451785341
0.9900848433229755 0.38596378497166284 0.7476613898881527 0.062457090833109456
0.9851728063107796 0.42629646437559304 0.7474640523092587 0.06371234121793877
0.9857584828943258 0.4325213015382856 0.7580735930735931 0.06525235622896394
0.9903324374554584 0.4176090468497577 0.7527372270400167 0.06474667555457923
0.9941575739754751 0.434991928860695 0.7781395126956402 0.07491212653778559
0.9904802472675106 0.44922562478000705 0.805092189807574 0.08977960916526191
0.9873204209666642 0.3983635646687697 0.7964800553747998 0.08846563615633353
0.9921981008001205 0.4297280372159599 0.8001867335235373 0.08804012845548018
0.9897522756077889 0.42959847036328874 0.8213460865115277 0.10063258963433488
0.9911689668703919 0.4130917216363887 0.8034671611249319 0.09154806415171038
0.9873766074260103 0.41577278238970244 0.8037955793279283 0.09591779158119229
0.9873824551548214 0.4059028534088434 0.8095807900524233 0.10499600180787817
0.9905462293521995 0.3881645756215809 0.8076898494659827 0.10073915289505574
0.9917351106400988 0.41019083903066994 0.8240163293375224 0.11457409341654289
0.9928856683434606 0.42133485060087245 0.8414254255269688 0.13204124664221137
0.9923795006389575 0.4375343067296081 0.8285068690031173 0.11561549565096968
0.9910393132170993 0.38023501563953 0.83393641038769 0.13653175821835667
0.9916966611740663 0.47078565680752094 0.8473857243541859 0.14399816781655264
0.9918926558216384 0.44612201778325555 0.8537512542936652 0.14312043999131288
0.987969069196704 0.43266813146986205 0.8546036587425437 0.15958358630048927
0.9894656738624498 0.415089060897137 0.847340637374401 0.15465174043138205
0.9801429868129851 0.41286640726329443 0.8657402848994218 0.1843942421950956
0.9953811041468275 0.3828202461850983 0.8653167473915548 0.18372016585760517
0.9861612515042117 0.36521562599692586 0.8830563152199218 0.21970444823356966
0.9897000888576118 0.3360862865947612 0.8991699674460102 0.24609778369475238
0.990019117527807 0.31703189025476575 0.8979528882457771 0.26048219353426133
0.9864929325021179 0.2909465020576132 0.9145906551641083 0.3260056366897259
0.992484657287691 0.20933874297102997 0.9078280340118082 0.3356921890906216
0.9938556799237914 0.2828546820706246 0.9158534854579315 0.33722777101096224
0.9930651596186059 0.24319634703196347 0.9139378618905122 0.3368961953609431
0.9904392194109136 0.2691210506485817 0.9253768238377832 0.42000908471496706
0.9846169637210658 0.30448909223526294 0.9026876777758961 0.32047429615338646
0.9886833442324957 0.3303473268455556 0.8887844202350113 0.27730706942928834
0.9887420945588277 0.29260599045000724 0.8903788327052904 0.30964256329229134
0.9913016178090654 0.30722945937001717 0.8955133811740723 0.32350401806468754
0.9875692633776536 0.29315542819617324 0.9069826781383393 0.38092504981100517
0.9915891839897644 0.2722846547966145 0.9143807064018785 0.4128463025575077
0.982438283891199 0.29297095214075897 0.9390645699890231 0.5790448365501852
0.9887769114285982 0.2968929050846348 0.9510650595143362 0.6463693609484922
0.9869723169176509 0.23737172614489202 0.9433205502002101 0.6197049132064362
0.9933329723029526 0.23377529658060014 0.9482293772578133 0.583630077429506
0.9912722687728215 0.1795777134383165 0.9423566973469065 0.5938642474418244
0.9913992852374033 0.20911110060961202 0.9397768718807449 0.5481862855753703
0.9915776213190993 0.10811105062602068 0.9270221762788293 0.5281045751633987
0.9888302897217895 0.08713032678723899 0.9306733401592332 0.5623764594787091
0.9912362937145766 0.09359849609181756 0.9508628163734381 0.6732784296838554
0.9942833851197861 0.08019256624886152 0.9446514555315376 0.6338284201620132
0.9910636979305473 0.01086896551724138 0.9481804238593406 0.676515126576028
0.9898186149847337 0.005064599483204134 0.954325490669795 0.7460196600135174
0.9931992575441551 0.002941349491146538 0.9451977774568054 0.6739854830998363
0.9883109307633782 0.00806564735587039 0.9354548692565617 0.631652642650539
0.9885896013571037 0.006031429836210713 0.928844748801902 0.6373260109102473
0.9943174084660406 0.019643850862548693 0.9419499561691504 0.6904708354485692
0.9927088250659315 0.01426458157227388 0.9591370230499637 0.8146712959361896
0.9909449298514642 0.008911994058670627 0.9706679319782072 0.8993041226110344
0.989918611841571 0.01796018932762757 0.9680223892104154 0.8936027687841911
0.9885130982657226 0.010705213499455668 0.9653750276212573 0.8962617626102553
0.9882183990436098 0.04617098301308828 0.9583002323839588 0.8675337663336741
0.9938794626833566 0.027282061311299077 0.9615254088606484 0.8913086250996717
0.9917892593155061 0.061834106804366296 0.9641903092154984 0.8997269640779696
0.9903524364690811 0.022599913787794815 0.9448892716150584 0.8425002701848064
0.9894771125644395 0.018900106024985017 0.9365897489248902 0.8449670043684357
0.9864164834019231 0.023760805111287427 0.9287444812256916 0.853492896986714
0.985812358111216 0.03944053514030058 0.9075216967309115 0.8169955582730472
0.995700958051101 0.039539273096839765 0.9049679215741356 0.8194795305690898
0.9925681538109474 0.0511037193831267 0.8741280293789528 0.7915284945287103
0.9940874026595725 0.015891119221411194 0.8698340869536836 0.8150067206377654
0.9962221644360951 0.0222001982160555 0.8730606285626141 0.8309169256798861
0.9873135240534326 0.0002734855736359907 0.7064191281771101 0.784118605997207
