0.9846251195164903 0.005851033286538267 0.18026236786962144 0.0
0.9799627001189999 0.005025442364989385 0.1896768035346022 0.0
0.9840757332824848 0.005284666991234644 0.19547981774753617 0.005599104143337066
0.9795404094720629 0.0062157309522467615 0.1946977727258567 0.06903582872123507
0.9803726810047612 0.007097219123344354 0.20305419127816 0.08765464595946301
0.9818943945563186 0.00682918098018023 0.1803809314454018 0.008056133056133057
0.9861657551032607 0.0050324806888073685 0.1835176371228087 0.040983606557377046
0.9715081512363085 0.005756686886206994 0.1756465035253128 0.07860975040821087
0.9829448076727539 0.005052555862357009 0.18833222680002978 0.06596661281637049
0.9775165166087946 0.005675361121524967 0.19950251175976041 0.21515066178541256
0.9852944797360516 0.005612997094892134 0.1910699589115195 0.1589117721840834
0.9771564397148643 0.005467938970808686 0.19750096816847212 0.16256657367486685
0.9853735087144825 0.005778296744560135 0.19472382981552577 0.05641153081510934
0.977254253836969 0.008597612208609336 0.19787629561123776 0.09415152857775809
0.9853806976362666 0.006773971195135405 0.20548883164040654 0.08357348703170028
0.9766608439491415 0.007536006879390816 0.18887603822244192 0.1093213058419244
0.982875243782782 0.011299390502798249 0.19797892443685491 0.001410105757931845
0.985083867182945 0.011408420463124482 0.19716865370803333 0.11010971786833856
0.9849104235695741 0.01202511770790381 0.20577741297201702 0.030453417550191743
0.979315849243839 0.011521581029913104 0.20857000482416438 0.034954727311012845
0.9797085775079204 0.012694018986692911 0.2138114772782715 0.033674339300937765
0.9847246912425149 0.013975137995760204 0.20069570234189169 0.0
0.9837840224688027 0.012644969367907552 0.2180689962637927 0.04172300560169983
0.987628032093689 0.015322313687119045 0.22423349839526124 0.0
0.9883675065140571 0.014389021995020429 0.22114908913665995 0.0
0.9900794871229468 0.01494204996303277 0.2201817924514491 0.03409850679741475
0.9812296351073417 0.014524099285145272 0.223898265506013 0.09947524526579968
0.9848863268014094 0.01547498476580528 0.23285384780070853 0.007464374575887808
0.984932874059844 0.014945385844110887 0.22703332410168553 0.021759697256385997
0.9882510373517626 0.014935313416794046 0.2332569769110687 0.015274949083503055
0.986634824870119 0.016160407310533156 0.22758140649850317 0.08055736991073373
0.9859387943909975 0.015380051102586029 0.2304754785917692 0.004340277777777778
0.9855310688788532 0.015451880761285793 0.23010744927226967 0.013573000733675716
0.9886396000903529 0.014883311226186908 0.23559708734442222 0.06818181818181818
0.9883511300473009 0.01566315677569783 0.2346064895489144 0.02885085574572127
0.9883292353146149 0.014158314018634207 0.23524876262521496 0.00801212646167172
0.9877770664224936 0.014474611801723764 0.2411162797988784 0.07346153846153847
0.9880469740686968 0.012978772735365112 0.2428874109776782 0.07421543681085666
0.9891674370148641 0.012261350795592117 0.24126112808538083 0.09374470249194779
0.983624796423147 0.01176940040794928 0.25996682097496854 0.24770024680278213
0.982499819098978 0.012208605770290887 0.25333832171974624 0.1210959954014179
0.9795434251454701 0.01150922400671922 0.2643734731610678 0.07113571135711357
0.9906962102796384 0.012664126301989254 0.2607709135755033 0.2000786936848318
0.9904541875569519 0.012072986981996109 0.27222954141218175 0.1403193612774451
0.9868355359016945 0.013461194643124126 0.26794778936044716 0.08815920398009951
0.9873560263266146 0.011468656994441363 0.28073738122433106 0.14534023668639054
0.9845372720978537 0.013990829063584738 0.2773251542310308 0.37646634181555677
0.9846521092993512 0.01347949937812915 0.281269630318066 0.3076320325967717
0.9879903727032361 0.013674778373732712 0.2832724659785921 0.17893056664006385
0.9926633563661823 0.014393833276029663 0.28377402847474786 0.2694233795965088
0.9823492145877539 0.015335773920490951 0.286670791785761 0.4471666354965401
0.9853235877581307 0.015972365514975048 0.29534724466398904 0.38409676779694624
0.9836149411380232 0.01689574521908549 0.30127419996686366 0.31859099804305285
0.985519185975236 0.018974399815146543 0.3026168178810001 0.4563772330702119
0.9882825040128411 0.01672750929880782 0.31491366123491504 0.1834739263803681
0.9817702153290168 0.018388685378811772 0.31397186435095453 0.4418771269926563
0.9858730352022044 0.018674881336935248 0.3191449975783602 0.2510806916426513
0.9902819774746718 0.020927488452347775 0.3286430772960939 0.3115695067264574
0.9878518816282617 0.01954506902527093 0.3209178211206723 0.4383997008786689
0.9854467444292344 0.020607591491474883 0.32536329512810463 0.3234222136965279
0.9863156913250737 0.020047449439071947 0.3414034737326673 0.37762111352133043
0.9801297789029301 0.019806412828701225 0.358246414972509 0.3796820756440709
0.9945664464956436 0.020012298622629716 0.35847048374218143 0.39762862587338554
0.9848793069210912 0.01951684605929721 0.36070443419663933 0.3838034261983042
0.9892769423616861 0.019364889309463573 0.3673741743881769 0.3685001502855425
0.9863537982063143 0.01771487288276045 0.38505665197383804 0.42259651778955337
0.9885918793205954 0.017920247711430304 0.3573480435169049 0.44906649197510645
0.9906072625757275 0.015844778071414135 0.37137392155643206 0.2490236917469409
0.9834642838197069 0.01647469222386184 0.38051924824416267 0.4085413929040736
0.9880381953287601 0.019257296638887297 0.37964910647429934 0.17750514756348662
0.9880395383605993 0.01964980238811603 0.3880284373744241 0.20268138801261829
0.9864114860131667 0.019337405647336218 0.38741887050072926 0.24444619505278084
0.984194963514402 0.01993147701489432 0.3843507655122615 0.22521282999398057
0.9835987730855842 0.022052632972386223 0.3960099786354041 0.3068778197219409
0.9829872308113745 0.02072355832916311 0.4047209591002793 0.34025687336945615
0.9874739014411968 0.0235303053731238 0.4184760729590731 0.4058228540185894
0.9899669623303068 0.02552084121756913 0.42684885856081384 0.5089605734767025
0.9840582290235741 0.026855579614236586 0.4258647540363942 0.3244971514940123
0.9820829769084677 0.02789774832489061 0.43631278062273154 0.37895902547065335
0.9893940153734839 0.029493032452585232 0.4412534589783861 0.4960546460958662
0.9893218287124953 0.03155564843457965 0.45539070834588463 0.33127644569816644
0.9897953642978219 0.03246612694242106 0.4641313335654116 0.3572095920274058
0.9901322339561907 0.032576513048820775 0.4772597637492017 0.367797118847539
0.9890665380929086 0.03439162061200324 0.4805437753850792 0.4064534126836526
0.9872877487141429 0.0327557482999812 0.5018964366525044 0.4827477049699272
0.9904838381617607 0.03302647097366007 0.5105521500330974 0.5670607906365699
0.9825363771795856 0.03468140994176097 0.5128760884930331 0.6042851954969132
0.9913234609514493 0.03512962603893914 0.501330583731559 0.2610569522832222
0.9882867882224933 0.04374955726241436 0.6029055768802442 0.4289963989353374
0.988060728845492 0.03432861558052236 0.5159718598169027 0.4687297322338553
0.9894760425273145 0.03714258185968605 0.5691850182518923 0.5419933966157656
0.9833023458769292 0.03049667967159472 0.45496972054003 0.3803066037735849
0.9862417477264964 0.03290365811444668 0.4933611699091232 0.34663458324978275
0.987809616725072 0.03249852359677502 0.49879421028008086 0.2792396090645473
0.9867408426503896 0.029757000256642307 0.4634608051533395 0.2676405442463875
0.988674681087645 0.03041456916202058 0.4649109272155871 0.2433796318546643
0.9840288132263123 0.03206411902377895 0.4735344782794633 0.19337858932007115
0.9881674812241187 0.03142448114085198 0.479200787420447 0.2663321526957891
0.9888415012594215 0.03229550772397065 0.47669786409412473 0.28084015383098315
0.9890750217244376 0.0322630008416435 0.4962824907112261 0.2650281848928974
0.9934026591470134 0.032977331835459596 0.4772809764443897 0.2516741300686085
0.9877313539076477 0.03241308174979387 0.48886829779351526 0.25671100362756955
0.9867480963148929 0.03369872570815872 0.491739381858946 0.26948348997754307
0.9870575106159623 0.03453943583725341 0.5056730820640525 0.31944516598264844
0.983714106082341 0.03502495595244076 0.5320130499672142 0.3622460757156048
0.9812681911941261 0.03819866972730793 0.5279258875039063 0.30505340052707014
0.9930729160400852 0.041471219870581257 0.5495501596753765 0.2961630695443645
0.9877585397609144 0.04187511994797751 0.5719540737929317 0.36922563788982155
0.9804904397717098 0.03897186801342878 0.5599982493763404 0.39238543700470885
0.9785683270647952 0.041529472649950876 0.5768756067611828 0.4462408516300732
0.9810529995388757 0.042779967338453885 0.5772576693129472 0.5080797787159703
0.9859169693967071 0.049165671690891186 0.6025965897995148 0.6204195804195805
0.9829929875643457 0.04695792526125732 0.6044189681963834 0.5069502363080345
0.9793467619699198 0.043260414525761695 0.6146926443719969 0.6908537709754748
0.9870130035258411 0.04489353918805444 0.6332530452563063 0.6531589296400786
0.9823432128778091 0.046024283902054215 0.6406054480144145 0.6070478187242965
0.9733146157118168 0.048241224114314245 0.6572306429280367 0.6310272536687631
0.9760173470301526 0.05302306903901962 0.6687997459633718 0.5097729516288253
0.9839585945285627 0.045846074440527435 0.6833541227381945 0.4527098209060049
0.9853028749239343 0.050720820660208124 0.6903238939240537 0.617286839847102
0.9914660714262377 0.05419652308173915 0.7181695258440675 0.5417826352589776
0.9799635795574412 0.0607850458829786 0.7323496223093261 0.6437520077096048
0.9866813397303046 0.06537444616980329 0.7456913218486295 0.4245818550430816
0.9857138062437392 0.07617762145234161 0.7699540252131691 0.4386926617365672
0.9796003794206538 0.0814704779981913 0.7733154501649038 0.41262611421294937
0.9880870623156086 0.09319330907716297 0.8084513968519316 0.343648824790817
0.9857359705553052 0.08396015799416108 0.8158996979075931 0.3176270546004156
0.9790812626532236 0.11283808836645322 0.8334860795863782 0.2320970312542208
0.9887874882967049 0.141300822773407 0.8635101642701617 0.2448133875310141
0.9910113527134804 0.25173866797578137 0.9261336229122162 0.40626002474680356
0.9894288295768113 0.22305499137035023 0.9257980116792116 0.6950160394335342
0.9864060926561303 0.22543430921848537 0.9250351416577877 0.7496086347532339
0.9870292025503449 0.22059163044678437 0.9286155413979873 0.7929842750993606
0.9934083224733204 0.23529411764705882 0.9338207416377599 0.8205872594558726
0.9855328124250995 0.24591594563817673 0.9311164527116591 0.6969782947935877
0.9884075121337667 0.23911927330173777 0.928008649451139 0.7531172069825436
0.9870034407634964 0.26890314093076795 0.9369682038499713 0.7322090297209408
0.9857418315836605 0.2655621630871909 0.9340560537629302 0.7197826406227052
0.9869951840260963 0.29074246391551795 0.9367050851174118 0.7636544190665343
0.9873085803251664 0.2690290881314643 0.9329839117220123 0.7892964071856288
0.9882656223247379 0.28293900102481845 0.9391990002620281 0.8111822015413698
0.9816770526381651 0.2849339611304718 0.9337830366562933 0.7479309221244705
0.9884527454731029 0.306729060537851 0.942748738835976 0.7637266747214391
0.9912375409734527 0.33034028752601774 0.9477026218356635 0.8351686404875683
0.9849219183732218 0.3516458156200656 0.9448000180381572 0.7780055548207909
0.9837500683255088 0.31185465345615704 0.9388878999421065 0.6379291553133515
0.990380545803721 0.3384366015546432 0.9105752847692111 0.20676450769964008
0.9875156693698994 0.36103407037988855 0.9020588195115757 0.15772665058984553
0.9932599440591257 0.3406864232903155 0.893755586565235 0.15074275128677117
0.9876871305713667 0.3397781495941005 0.8608763541019248 0.10485427484676449
0.988482964334263 0.3544981958290013 0.887693029498194 0.14525463596083366
0.9850977323581229 0.37579555106914675 0.8758283509081465 0.12443600323936602
0.9883287669914823 0.34705726103289947 0.891659348031098 0.15033094255206292
0.9875813849986003 0.344950213371266 0.897830205470935 0.17146785136906958
0.9866023133893651 0.36864963405806817 0.8949982089542496 0.1632857530145334
0.9907126213246847 0.3392202555509007 0.9002634624220034 0.18417532012486462
0.9886959295693906 0.3365409724761059 0.9009269692956843 0.19686710062736573
0.9816742565767849 0.35675559611358637 0.8871742222507406 0.16365729721351946
0.9842713208839957 0.38766285924332566 0.8996780912080417 0.18985470941883767
0.9878994282558821 0.3739909097076182 0.8961179783877224 0.18288400741941882
0.9826350909819114 0.421814418563974 0.9086578494790318 0.22104292282701468
0.9840740274455495 0.4442386244894082 0.9187094180020253 0.24215151515151515
0.9882910935454872 0.4101624923986367 0.9061544215425532 0.20774180238030765
0.9925496524532472 0.4378329434844941 0.9180587503613683 0.23398571586756728
0.988442083906896 0.41963535219231884 0.9336640633135479 0.34816764445873183
0.9851729914339542 0.3989572877496292 0.9301570451518331 0.3353536903483198
0.9901781172252602 0.4437771695379166 0.9224064812377526 0.25855132245929496
0.9878200253485424 0.42808285788381745 0.9266015880695563 0.2924234772834639
0.9887857414932167 0.41669829222011384 0.9144962383338081 0.2398799817363512
0.9854553078674239 0.4241961468752098 0.9277719008458587 0.3228116889682834
0.9855073464904707 0.40714320693426487 0.9256463220228895 0.3259138857559875
0.9893085333934395 0.4016279150834873 0.9344099891127522 0.3607073816854013
0.9886224557097057 0.4230059848684458 0.934839782751722 0.35960540512767813
0.9904358517356309 0.4238831291234684 0.9381710913462064 0.3835826688307106
0.9900077383852569 0.44680270517842874 0.9289246096994274 0.3075171840112079
0.9896913977999724 0.3758443999219872 0.941677940783001 0.4664631063838392
0.9897413291038712 0.475079671342164 0.9451493758866439 0.42544918684752503
0.9891683767617043 0.4572011521843495 0.9380829797581713 0.35221704137091264
0.9853275200972529 0.45850491372558927 0.9456065680098533 0.4464117994921209
0.9861883983456108 0.43138218108485443 0.9442545965500723 0.4447982831132418
0.9780054014663065 0.4030034861893269 0.9429249425625772 0.48953199688739024
0.993673120265023 0.39023088215667956 0.9533684880984877 0.5104375022729752
0.9829149595607439 0.36612073890687485 0.9518357829390007 0.5652669922344088
0.9871259595670492 0.36105989209861367 0.9610021650766396 0.6466473764553098
0.9869398011143992 0.34206109432695536 0.9532087598639212 0.5642524669521505
0.9830404286656965 0.31156564283772764 0.9558957194672917 0.6524206382444091
0.9901420866232 0.18710846492363448 0.9539730890077471 0.7086493707981383
0.9910528695081793 0.2838738338516215 0.958604019905642 0.6365794829275646
0.9899363762102351 0.2560501835549061 0.9646106621303233 0.7520625365410017
0.987478087204916 0.2783483546426326 0.9607634611297621 0.7847328573585557
0.9816766899285808 0.3367942402425161 0.9603148293727091 0.7462086165976105
0.9857136205612118 0.3756392811898841 0.9543936951428923 0.595454958089993
0.9859388412615244 0.31845717600051554 0.9398661912928726 0.5339214934151643
0.9881699642970941 0.33049019282466563 0.9403728124509723 0.5258361999560858
0.984135163943844 0.2958568678804708 0.9460434558359313 0.6253162825685564
0.9869420030700331 0.2731265605727866 0.9481146876165555 0.6433186312197359
0.9782275859747441 0.31476957060142574 0.9549362920100835 0.7707516010482408
0.9857715093933669 0.3268290790596633 0.970040926510078 0.8796017204592407
0.9848873191941652 0.2598466732311155 0.963424860773647 0.8373494909423378
0.990555183817689 0.2516941371923228 0.9696512918249734 0.8127113702623907
0.9891352827439366 0.17571727619751262 0.9602566722390049 0.7569723610224043
0.9885458802969014 0.173853412332675 0.9561261782209872 0.678985996471895
0.9895804149654528 0.08381529007771553 0.947209135845107 0.6468800061762946
0.9858214699164607 0.09748790043788891 0.950785159285787 0.6968385756021164
0.98855274019648 0.04302859355124163 0.9614843681208382 0.7768063985240626
0.9909476403287195 0.028709046687967952 0.9595619900431774 0.7676798658610149
0.9882523580753717 0.0 0.9628789240052955 0.7948585264884498
0.9880095066206822 0.005990109354321933 0.9647096110683493 0.8117741251824989
0.9910696505981649 8.351428094204109e-05 0.9553358316752318 0.7190870622834393
0.9846442978212377 0.0 0.9451381929641877 0.6851962356121444
0.9859617338321456 0.0 0.9392522556567401 0.6751520701157695
0.9919384218972379 0.019927920288318846 0.9599514593368049 0.7919817896016846
0.9909525914785831 0.0051740024098093414 0.9687619146360225 0.8737762264526451
0.9886395039769272 0.0033104361499627574 0.9749625594953678 0.9353003883914927
0.9875840746230232 0.0033964507090090855 0.9745960656672245 0.9434534203137441
0.9861652691496504 0.002695002695002695 0.9731181085984751 0.9522153105643156
0.9846321695760598 0.037644281217208815 0.9670022259471148 0.9349078306771369
0.9919063003430998 0.015622327384685558 0.9713847315824117 0.9514623037610042
0.9887985177585082 0.05007052186177715 0.9724529924427054 0.9506733250188086
0.9871164608379142 0.026680313886045717 0.959388619921176 0.9129241036240389
0.9881119194403033 0.024221991701244814 0.9567840828907788 0.9229139865125083
0.9839373586789297 0.022265516281658782 0.9482215000753421 0.9224526400047434
0.9836500122513532 0.015794424914591276 0.9325687318437985 0.8837112183337937
0.9944037600815523 0.024388857305287094 0.9314732053399211 0.875626248697762
0.9896319907557017 0.027172725285932835 0.924453299619424 0.8822752291785713
0.9929893950884312 0.02933172059268219 0.9501166566697334 0.9383463210418731
0.9950952074594682 0.013528658341338456 0.9428964776678225 0.9323181518461693
0.9806227680728609 0.0 0.623122589336548 0.667659628037024
