0.9853100418599836 0.010554794154815514 0.1811961192947938 0.4469798657718121
0.9809814754479326 0.010603468263549654 0.19014182927475748 0.28556647697878945
0.9855408294838718 0.01023815699045616 0.19621564321461063 0.3583423618634886
0.9817606251364742 0.010426470706534418 0.195083879171553 0.5233853006681515
0.9822098860546192 0.011853201489225007 0.20293738574113576 0.34046530951391774
0.9838061300238937 0.009980848013411304 0.17973561934949392 0.2803870187462205
0.9881690753638744 0.009562566955530795 0.18318192580209974 0.3952380952380952
0.9738617070260122 0.009817338071710856 0.1758338419701577 0.4524723413863175
0.9847541672228679 0.010406477373129717 0.18719257975359535 0.2547364471956481
0.9802997563895506 0.010886772288109326 0.19915530650850952 0.45698254364089774
0.9882750945477466 0.010621408913137946 0.1908200248073682 0.47422468679400287
0.979919752790392 0.01071530984275239 0.19792482441419604 0.5307984790874525
0.9866560613396307 0.010973866538659192 0.19443921401416417 0.3314335817623849
0.9794838246361343 0.011199147252240952 0.1979818672701584 0.3720751822017645
0.9864769227354887 0.01178078452818444 0.2048631783030307 0.37665104388581166
0.9780328399669385 0.012368609041738953 0.18859618595521216 0.39082082965578113
0.9847310212832968 0.013577814044779028 0.19769901610546806 0.3115942028985507
0.9860539928424682 0.014339252579434318 0.19667835013079393 0.4420551543007223
0.985179342857655 0.015318087068067025 0.20599954417298477 0.39615465877878725
0.9809123609660683 0.014973711669182377 0.20895027103012237 0.4147824434733042
0.9805602502955924 0.016262868413210597 0.21417372898407255 0.4823636363636364
0.9856580480068862 0.016548594759022144 0.2008378234089902 0.47483549706562334
0.9846009219460102 0.016865549431822904 0.21864959084666705 0.48894573360131555
0.9886909069298346 0.017779177731282632 0.22387854478295005 0.41058867086264345
0.9893584446975479 0.016454521112276868 0.2214247404215787 0.4747882210568778
0.9918033833238366 0.017385234876988516 0.22080353003036277 0.567194116336082
0.9831016087268492 0.01721223136714565 0.22459971992016828 0.6213177422981786
0.986398087081622 0.0176681390115843 0.2334917462793267 0.6556719411633608
0.9859924268809374 0.017481017456026725 0.2274794686459669 0.5754237288135593
0.989556083253173 0.017937261880890315 0.23397796493842812 0.5235929505400796
0.9879815030064198 0.018571765986506332 0.22807224043847113 0.5135442318620951
0.986659462099261 0.017411789803175086 0.23036879321019296 0.30297510625379476
0.9866471306471306 0.01801032045197095 0.22913868295154471 0.3174013921113689
0.9896551724137931 0.01750328693001762 0.23454512963063553 0.30840286054827176
0.9897545239485084 0.01800151153052679 0.23468867932699083 0.26894172723912774
0.9896196021563157 0.016506836779244576 0.2360638533051268 0.5416666666666666
0.9888249146874648 0.016876552197731275 0.24121113273641182 0.26643096727404586
0.9885815276233214 0.015763362409473115 0.24335119038723668 0.5688322540213077
0.9895015112201835 0.014314368696988601 0.24206021888718507 0.3247895944912012
0.983613153861255 0.014127971199165488 0.2604429252224497 0.7293435493891075
0.9835475483823494 0.014428185839733213 0.2543862890968093 0.3046958377801494
0.9800450149334282 0.0136925465772361 0.2636956406108714 0.2824318828792192
0.9915060943772843 0.01451850549597743 0.2605769103260848 0.33666204345816
0.9907850640192892 0.015189990937489779 0.2720697834073451 0.38056779246206557
0.9882073188749128 0.015366916878427176 0.2685710379596724 0.49559270516717324
0.9879028424144461 0.014436158899232313 0.28110885690155324 0.3828007720351705
0.9852382824838363 0.016404537362621194 0.2775448474482002 0.6089625537139349
0.9853299847241281 0.015407207049443369 0.27991752182564256 0.3828524657253939
0.9886413140142445 0.0158390465409125 0.28293801935755153 0.4503433055419323
0.9936321581813681 0.016904018335124865 0.28298194179012753 0.3782081862417708
0.9817043947843795 0.017188250531805394 0.2856110283273816 0.5635528330781011
0.9861818145107353 0.018034489379156266 0.2961448083759345 0.7708853466487421
0.9844081106262075 0.020430209986083657 0.3023759226137407 0.7979274611398963
0.9864546287067719 0.02079677453333602 0.3031342439156616 0.7655740847230209
0.9899255695974727 0.019637188312716772 0.3155881599840184 0.6198686371100164
0.9822034316706425 0.02127669395394781 0.3147809652894771 0.7813532788311011
0.9866140538708241 0.02202614867737971 0.3203495656515147 0.7037352891011428
0.9916348786497665 0.023129578963458346 0.3294502427771773 0.6757818896348453
0.9890927318769818 0.022358142597804356 0.3209862361200323 0.6820325574319185
0.9872606318511137 0.023588764983004353 0.3264507997098034 0.6761440107671601
0.9879411205922908 0.02257015371063534 0.34252367305593623 0.7058631921824104
0.9818999332331831 0.023058945728382237 0.3595554750611458 0.7148056244830439
0.996307214569717 0.023022253379214517 0.3586645025903338 0.6696908602150538
0.9869678259544382 0.022353556218600974 0.36129119561072226 0.5979892576780058
0.9909995224566771 0.022465625188863757 0.3662613994250064 0.44201378483667964
0.9883279047653161 0.021032109727218303 0.38514404151869286 0.5998092383158469
0.9898416878856563 0.021316796849905718 0.357722728255416 0.6446686282751857
0.9921400215428577 0.019749041352368265 0.37255392696193707 0.5424481737413623
0.9855377575449669 0.019723521744961375 0.3817400053857156 0.5988364896645625
0.989844715236244 0.02199366965151874 0.3797047396044643 0.335899333826795
0.9897826985914011 0.022196466690239527 0.3879809807655868 0.28877961555654896
0.9881487231309576 0.02311744888627179 0.3869404332057723 0.2882103882163516
0.9861926324777931 0.023767510767117347 0.3842469129864977 0.30359648004081113
0.9854657994829513 0.02523801148168181 0.39554691918711116 0.36441477396415356
0.9847486597871274 0.023601121801509542 0.40401727944583077 0.4003234003234003
0.9868485261362593 0.02682745805500929 0.41795072871435307 0.5454545454545454
0.9918333600492698 0.028230435362421653 0.4276177459629097 0.6516070737059507
0.9853641990603642 0.02924119735837786 0.425780357168545 0.4465872565702401
0.9833407515737267 0.03064875599700203 0.4365133523679543 0.5127139606213515
0.9910586791344506 0.03323831121284718 0.44192019714536485 0.5616786305908338
0.9904792645430629 0.03479953369330485 0.45847929500411627 0.580789277736411
0.9919708864958149 0.03589657417715138 0.46648366793395735 0.48952663697839355
0.9919292525724624 0.0357316169504111 0.47886898616349327 0.47532792004996877
0.9910678777939277 0.037306160265120236 0.48259409240157003 0.5568978955572876
0.9893257138041147 0.035888727155102704 0.5034175047553937 0.6237512742099898
0.9918380396250012 0.036938244485414294 0.5102772878514705 0.5764717107146264
0.9846294917016821 0.03813666631906684 0.5120813033445195 0.5483038019766717
0.9936919186324673 0.039053248662927635 0.4974765934829715 0.22356724040098355
0.9906784171679157 0.04807035553633568 0.5966242100114083 0.2750637213254036
0.9899839392957417 0.038522817233578116 0.5109464501721033 0.307606914415605
0.9913051518308967 0.0418975184588908 0.5667533795711972 0.4046050442536767
0.9848960044014784 0.03345524241075324 0.451897290116854 0.31230894640309764
0.9880055651892414 0.035904613658051 0.4885275113350452 0.27080713015570107
0.9888281847742922 0.03447182134052277 0.4952826380411685 0.23882455015277831
0.9884533357363852 0.03193767089935199 0.45755861018843924 0.21921737348903914
0.9900722086896183 0.033466349670262664 0.4629395142424715 0.17387925721482356
0.9857733989197763 0.03565248870999411 0.46757264953121125 0.13684145816684085
0.9903111470717878 0.033169633062852005 0.47807703949868297 0.2238130119198242
0.9904421645913349 0.033962875653926 0.47436310971219986 0.2338772338772339
0.9904342528305756 0.03334606083746977 0.49494347308032843 0.21819590824550528
0.9946327143456734 0.034468824566066786 0.4719345841743947 0.19341305946770546
0.9896966364088683 0.03490326269974902 0.49112876116725923 0.17708843404171973
0.9878107233364022 0.03639066028695846 0.4904934787284661 0.21251835637693609
0.9889743562463872 0.037744612894913494 0.5037017877445247 0.20053233661796352
0.984502669782997 0.038109205112817846 0.5317760381787091 0.23950313773694767
0.9834247714048213 0.04221228703112323 0.5270883488290654 0.22445611402850713
0.9952879215848559 0.04482188862771099 0.5510474293933674 0.1762345186838888
0.989697886727432 0.04429290451125584 0.5694086865178206 0.2762605042016807
0.9816771293403984 0.04058256377467613 0.5584939987487059 0.2992367003758379
0.9801646322072458 0.043460605697690086 0.577975441255267 0.4085582757899142
0.9824491597065729 0.04796742713113165 0.5768697886291632 0.43395819866408103
0.9877228034138543 0.054213560252539116 0.6036131314094506 0.5509147897077047
0.9847239208225755 0.04958448753462604 0.6043017121211174 0.49044215908430655
0.9809597246266155 0.04449282955272107 0.6143066533441676 0.6497980336864568
0.9887329710319993 0.05053795793864063 0.6334280941264633 0.6093661573288058
0.9841565513647536 0.04992841841933405 0.6401261146250411 0.5643793879984104
0.975390101630144 0.05055538230628925 0.6568335619833758 0.5585508580445788
0.9782934351969236 0.05644336203782467 0.666929424199199 0.42347312405409365
0.9859850452294385 0.04943786960710325 0.6826528108803608 0.4190605590062112
0.987139939138772 0.053372983680556395 0.6872394273769615 0.4776530396102521
0.9920660513950668 0.05661895059931733 0.71592860265034 0.47590780255628645
0.9823568467522853 0.06289934468682913 0.7323418764666597 0.578905735003296
0.9886279431020811 0.06825667234525838 0.7467464346330187 0.44221443318768905
0.9878025324364341 0.0801228890853172 0.7733872626945005 0.5320806599450045
0.9818303543426529 0.08635357942830527 0.7780106014135733 0.5322690992018244
0.9904187211757837 0.0986788394511257 0.8088805542209755 0.391138371793772
0.9870390716417644 0.08944760992874455 0.8207774071513779 0.4525976214550532
0.980706699279554 0.1160960506535785 0.8413927902055741 0.35485824595934745
0.9892821344172774 0.15065864970832935 0.870216136119769 0.3387513490532099
0.9923272328815915 0.26470171604338677 0.9197370658622679 0.2975965351064479
0.9913482600063979 0.22603186610562148 0.9200799744081893 0.4374397616752826
0.9880487648983421 0.2336736456274348 0.9225525160793896 0.560818553888131
0.9881999861134055 0.23201370763682733 0.9257873058978898 0.5730987701979816
0.9943716714670408 0.23673891236282943 0.93097655784691 0.6370446033367382
0.9867503954748095 0.2513997525531067 0.9177491872002017 0.32925089179548156
0.9895320758702467 0.24454621799503937 0.9059411067884492 0.25391930095091236
0.987704932892598 0.27604426603016163 0.9055827992171216 0.1962915366256655
0.9874249262803153 0.271266041877744 0.9045628543278471 0.20441253655244807
0.9882677850069495 0.2934383538251366 0.9130945941247482 0.24584974987825933
0.9882042650196816 0.27479309433271654 0.8893022759463707 0.16500362973823182
0.9894364838599216 0.2881426795321766 0.877676523043331 0.13163581594342094
0.982462809559441 0.29132369779851797 0.8668278195227864 0.12544171369984372
0.9894292215864892 0.31634640200839964 0.8744638798220601 0.12183201292814631
0.9925554426488639 0.3454159308929509 0.8702444252091834 0.11627783575357731
0.9871269344977109 0.35551471465737405 0.8768239948031298 0.123702269927855
0.9858600287390877 0.3166191571933922 0.8460505050748823 0.09210295792332175
0.9920893934019156 0.35458754208754206 0.7866994331906846 0.06294303056996958
0.9887097658272176 0.37111746700787795 0.8047684670309302 0.06410910145275303
0.9948307994834468 0.3456890666730541 0.7914306785255157 0.06487970454895625
0.9895739748126877 0.3459951057379744 0.7371767821309646 0.050748059759063685
0.9907077834126059 0.36648534154912626 0.7691425217221398 0.05926690630480479
0.9874504320442042 0.3934398327133027 0.7730121357471275 0.05927582653021951
0.9900883295552255 0.35154166355093597 0.7901885504649774 0.06548651871945374
0.9886964688429075 0.35324027916251244 0.7799383221773593 0.0640090782958691
0.9884746608970625 0.3788471125337811 0.7781393729650031 0.06485289465359063
0.9931364794693223 0.34752231854056154 0.7868900011422006 0.07024829176903898
0.9907112142282868 0.34148978619881837 0.7806076437735201 0.07221589087930481
0.983864081145166 0.36891400465688196 0.7791431215095337 0.06969224602503006
0.9866659339400154 0.417238198371636 0.7961292690907943 0.07717581497964929
0.9902826979142781 0.38919011849344054 0.7999916880353425 0.08099152674129353
0.9852096644245002 0.44063731368853865 0.8110814203507376 0.08782524072935874
0.9864404250656297 0.45275460104220006 0.8320916967406935 0.09784045328644163
0.9903941663978648 0.42027028869887767 0.8163762266308817 0.09075823334184324
0.9945998107366685 0.4467554564656184 0.828448758165234 0.09898556701030928
0.9903377549468954 0.4474698831330543 0.8493637552253098 0.12078183720119329
0.9874156052063757 0.40956044116147267 0.8513676978700938 0.1261709464662359
0.9924806453967853 0.4507536423424274 0.8525365690345674 0.12196421236393509
0.9905069927249851 0.4464747813110226 0.860974922513384 0.1341326026787577
0.991440588732832 0.42091005024334155 0.8447528143525032 0.11942816823634077
0.988119079589564 0.4258116620901308 0.8527506536740526 0.13290251742886247
0.9878343986435855 0.4181847415387089 0.8524740699207723 0.140411775616736
0.9911488964566852 0.4050742322554403 0.8618299394953602 0.14509142404931483
0.9913834529725539 0.41362763915547024 0.8695872259712082 0.15969248308218478
0.9931610070741084 0.43077250026564656 0.8899872368120768 0.196684921879687
0.9917905701565911 0.4522078416444614 0.8546533832095281 0.13717264255251935
0.9913888374585571 0.3824533572438528 0.872873073423109 0.18330843885340278
0.9916193628046079 0.4712975306922419 0.8829355686132538 0.18933395435491385
0.9916261070589804 0.459549375917768 0.900264453182865 0.21166147356726872
0.9877199957954582 0.4552887919797123 0.8900808792314321 0.21081988135473045
0.9892601418407448 0.42635752331831 0.8763074436037462 0.19111890654745353
0.980340341338543 0.4318132582322357 0.8805536501096274 0.20708675716166522
0.99559784698193 0.4007656659278662 0.8633022346173185 0.1790998747941505
0.9853931088935288 0.3898761769247071 0.8834970815048357 0.22015294646873595
0.9898900384425694 0.3742570398518952 0.891218554018087 0.2259415533677137
0.990104674064093 0.36455110777788197 0.8868783066053432 0.23210423511274425
0.9864819162167432 0.3289637563831112 0.8907741278791191 0.25219083172514156
0.9918926913017951 0.21209231822404773 0.9027383601841346 0.31642298790746093
0.9937195654749973 0.3173076923076923 0.892620482710019 0.2624512383198766
0.9929169100338059 0.2785511600734435 0.8925358490696632 0.26728533705648466
0.9903081151453783 0.3015504095688898 0.8877955710650319 0.2783541555543869
0.9851248188611734 0.32179789085696736 0.8583618838871161 0.221929352804553
0.9886234306795023 0.3478628146646393 0.8495414525827556 0.21106420795378805
0.9884117527112599 0.31270318719047185 0.8603848780614318 0.24723371611883396
0.9905762048328308 0.33359419019595565 0.858751023084927 0.2461566033614669
0.9870139170704925 0.3101441067270782 0.8722346104697088 0.28547809313860567
0.9906097507667035 0.29661818070929774 0.8647638853845703 0.2749009820105582
0.9821888414507484 0.3178021696694294 0.8908388356792362 0.3482540296939368
0.9888202028608338 0.33728209934395503 0.9204216215039028 0.4333399251825118
0.9871925064614865 0.25141822158430727 0.910780416313822 0.4212778072747139
0.9939731342349563 0.24640699854197043 0.912990485274988 0.4021832663656082
0.9912228507034592 0.17411594319507584 0.8919206155031587 0.3722398429240296
0.9918190319801478 0.15811424348009714 0.8924160511563521 0.36603638339566796
0.9913892113786843 0.05993364643026412 0.866494526646089 0.33279778203388666
0.9890209846206203 0.06135025754231052 0.8727102637205987 0.3547274190303762
0.9915890146861474 0.02984104473202151 0.8909449552432257 0.40292722620156535
0.9942756282459905 0.025010187449062755 0.8863488934755652 0.3922143893842007
0.9911095695817723 0.002474372569812655 0.9023323909613084 0.4517020481715893
0.9896306781952202 0.0012091898428053204 0.9192908056653843 0.5318219215650425
0.9929042106699553 0.0 0.8949694457459956 0.4590574981108745
0.9884026141669182 0.0 0.887007912714405 0.4509261200810792
0.988832362747727 0.0 0.8736108610142387 0.44593259881136865
0.9949818719810264 0.014807639081096042 0.9024343684171479 0.521315616289873
0.9936414598966422 0.0034423407917383822 0.9242725730825815 0.6218904938722071
0.991730961184735 0.0061473873603718416 0.9479024097193172 0.7545448675428659
0.9906640001898678 0.0080464537536292 0.9596671566469559 0.8329023800647031
0.9884855832560253 0.0009930486593843098 0.9502778377911247 0.8065710319296622
0.9887820972243169 0.03535420535951181 0.9240083602361671 0.7148960194891218
0.9938662653343366 0.009959592510386433 0.9347528349820463 0.7687767031471606
0.9927902359479931 0.048764139086719734 0.9373323306313407 0.7829510120748043
0.9911252995987146 0.006621484770585028 0.9253583065347837 0.7760298381360553
0.9893616360367434 0.004720427086260186 0.9168529680706141 0.7780769834606379
0.9867791891335257 0.012251753779270824 0.9093846877899787 0.7916045334888633
0.9865933544186415 0.01975012275628785 0.8973603098157013 0.7850777190404612
0.9955102588370242 0.02520746240718787 0.9056869555174234 0.8141488683414718
0.9929041305082008 0.027612924497197495 0.9036533913209215 0.8345555245426298
0.9943683722720281 0.01948599115230672 0.9202220977976857 0.8839292622386908
0.9969610993991458 0.014040692786278796 0.916400539945312 0.8864459561602419
0.9868415080769889 0.004138776761534924 0.6837629078164327 0.7548877629715369
