0.9807631240091055 0.008228440673873069 0.17941829131711173 0.01984469370146678
0.9763548075171322 0.007503177998945835 0.18853176977384228 0.01105912377711612
0.9807754692476108 0.006404332443534109 0.1946639016660572 0.059195133364529716
0.9765718783134275 0.00861050687089874 0.19340066124390218 0.0850261780104712
0.9771202471154038 0.009686960983439992 0.2010536726994281 0.08330708661417323
0.9777273994633023 0.008076727932066596 0.1787315644780763 0.056696926262143656
0.9822324557156332 0.006892976797582138 0.18190015691453482 0.10445034872135503
0.9680196172681454 0.007603723812689656 0.1750364711603319 0.12064676616915423
0.9789052229726998 0.007823734054889835 0.1862244383612634 0.07370156636438582
0.9739252284753763 0.007870270693468517 0.1984284742737734 0.2847793962423475
0.9818424234067646 0.007793186760086977 0.1898198228914505 0.20368217054263565
0.9738129698103973 0.008336334999624181 0.19720874161063465 0.24993707525799144
0.9812976471911251 0.009129678039860256 0.19368903957458788 0.11380670611439843
0.9731911628353103 0.009696551751083743 0.19608742450424907 0.10636942675159236
0.9821067967033577 0.010029064340471357 0.20372520508702635 0.10516542876434841
0.9726711961053807 0.010263717132617185 0.18743000325647585 0.14765944077913917
0.979602194953545 0.012092643953481043 0.1959108144669418 0.02974614546020869
0.9816746027834312 0.01295876459975311 0.19481477736311725 0.15969204023345338
0.9816137879255227 0.01378277093463914 0.20397566244525042 0.075105358217941
0.9765669317448381 0.013276516034601248 0.20654844347055895 0.06778991707252863
0.9767015903768563 0.014392794993881729 0.21063880503416313 0.054220850782455365
0.9810289577095809 0.015104276747241012 0.19831066693394583 0.034692327171435805
0.9804710604262994 0.01523463774850892 0.21545453295936987 0.1389452332657201
0.9848710719276795 0.01626578017608041 0.2209418152540247 0.07402014318650649
0.9863914783075011 0.01500551995471448 0.21884539454717764 0.04908279623202776
0.9872186341242624 0.015651799244001133 0.21902758963115496 0.1096821605732133
0.9784587546911686 0.015563528055099867 0.22224879102921793 0.14768
0.982457695106252 0.016203134449497662 0.22983883995786836 0.11213770408809011
0.9820918594136488 0.01601142035448947 0.22470839835289153 0.054703476482617586
0.9846919820440191 0.01688878580443486 0.2304240225443919 0.07727114514444831
0.9835786520081975 0.01741316791834193 0.22540265994769407 0.11312758096066072
0.9839547024626907 0.015991578411676952 0.22736803705113565 0.029502913102764348
0.982829326435754 0.01661079405757565 0.22458645019704085 0.04230169206768271
0.9852672723768416 0.016332641988282368 0.22856207004353174 0.0750816104461371
0.9854112204552633 0.016723857094099542 0.2284358776139668 0.021023316769508
0.9851563381871543 0.015458190969167502 0.23326331178944698 0.05060113621350244
0.9843666223531227 0.01557562543271367 0.2380970381097957 0.07773914068485885
0.9848678865649036 0.01431382814714872 0.24186189131875102 0.13059893598764372
0.9862176077093346 0.013150129351464932 0.2372866240329074 0.09206380464749901
0.981438415947947 0.012918728814907939 0.25917431372318633 0.30258734103201285
0.9788889761036896 0.013300036005622335 0.25100094629243874 0.15061706935511907
0.97528576107075 0.012449286899475364 0.2603769800704457 0.059216648337704084
0.9873215947632402 0.012974203417835105 0.25731308335028424 0.16413608885139885
0.987779708473393 0.013412111760911132 0.26915931866349196 0.13823131552248902
0.9830375497041315 0.014211682349977052 0.26633531031415425 0.17479108635097493
0.9842765193107332 0.012703874650024443 0.27922595740435097 0.18951979502438218
0.9812718483282765 0.015564280045619622 0.2742236189868901 0.298847147684357
0.9819174590675616 0.01430073340342255 0.27725602626780316 0.21182375083031957
0.9844774864898312 0.014667506810254844 0.27946319419524746 0.18893584325777948
0.9896035230928939 0.015757336592155065 0.2811583863314507 0.20301456800807732
0.9802031497245806 0.016104474681242133 0.2833506597422228 0.2724410865263537
0.9820375527963949 0.01789390046647472 0.2932404204783873 0.36240506329113925
0.9815468767748788 0.0187518991440821 0.3001868394072285 0.3872893724293485
0.982247149687385 0.02021707366577294 0.3014257178624828 0.48343018690120937
0.9851707281482562 0.018402313762035043 0.3129906730717672 0.31167359274650547
0.9786840827577565 0.02011885422403571 0.3135165353782026 0.55669099756691
0.9829066360364792 0.020392126597465105 0.318542547229013 0.44322511812223747
0.9868532467919136 0.02242590489557575 0.3272668592930734 0.4286906915263671
0.9840601934010951 0.021034997813152444 0.3178508954736298 0.39712427250941457
0.9825766101032007 0.022555807846089782 0.32370404044578527 0.39335323899779306
0.9833271944834274 0.021239294413451716 0.3397019515886497 0.43481112277019934
0.9769717357209344 0.02189302685799827 0.3567079578513436 0.4334357057016958
0.9922250219502042 0.021782444566519548 0.3571839354717138 0.4319924870871811
0.9818775659113055 0.021800082148934488 0.35840289314388574 0.3773009476091929
0.9861021488589607 0.02117398800792609 0.36066544918228355 0.22371197168719797
0.9828999676420284 0.01926357097701492 0.38093834502715895 0.3308845428372878
0.9855516836549705 0.019179073158497685 0.35394610768240964 0.3647152687743094
0.9872689880615985 0.018548562444596833 0.36600879992373186 0.1959830866807611
0.9810129642536621 0.01859939131159843 0.37396826975759906 0.24309323355160586
0.9849630116621356 0.02072207905065325 0.37217431815352237 0.1493692404044019
0.9846660228706926 0.020701077179286605 0.3815694905579375 0.1586762464620074
0.983561765688747 0.02062063993471065 0.3800364542979522 0.1603106764198241
0.98096976360111 0.021786014025988874 0.3788413612160694 0.1793261562998405
0.980320399059907 0.02403324016175609 0.38912475987201667 0.21126043575646508
0.9803081574482199 0.022999938502838227 0.4003746077951826 0.2680943513345748
0.9870013636881102 0.025464644712158837 0.41767407527605305 0.37094682230869
0.9876346898967809 0.027183875878590516 0.4254454616893364 0.45067146029396216
0.9810087678674319 0.028573167981337712 0.42212853087329855 0.2789046653144016
0.9787471955272409 0.029415712777847644 0.43225300812334677 0.3134832267796854
0.9864948766259042 0.03166291843942879 0.43906998058439756 0.4347703842549203
0.9864281695891302 0.03400476372511542 0.4526257616963104 0.3198751441948836
0.9875407831305391 0.034856487417313994 0.4595649554285566 0.2801916760889463
0.9879499333693881 0.0340719495458821 0.47071930414771257 0.2548178862554775
0.9865536872952171 0.03602146619508436 0.47566070322938053 0.3051374245840697
0.9849114999186461 0.034137212589017876 0.4948046283079397 0.29366462420597
0.9880688825687879 0.03466261784079345 0.5022884997702962 0.29521910143482355
0.9802897335383729 0.036497462601529064 0.5047152777270584 0.3099330357142857
0.9890901205307738 0.03788748004316048 0.48818752051555436 0.14944933920704845
0.9854547167367318 0.04688027390449319 0.5899015208856535 0.20853080568720378
0.985012879556631 0.03668931377762757 0.5056931527718591 0.23940621971632456
0.9865896000350878 0.03994995613759101 0.5628898187701323 0.3384414350201948
0.9803438667220016 0.03177500421556475 0.448233530716795 0.26222751419673934
0.9837055162736559 0.03401133975655208 0.48522496591181663 0.23254776294974241
0.9846699043752107 0.033689632059829965 0.49379830303225364 0.20359693970049675
0.9830278343516633 0.03094464250628807 0.4558066821083121 0.18669955732774643
0.9849653226612824 0.03190291918698576 0.4571132143046426 0.14297936587820836
0.9810201117385775 0.034384706041224206 0.46263480114571937 0.12078973267187532
0.9854345599814506 0.032411076907952543 0.4738537758583971 0.19145331926998435
0.9857732461680018 0.03303649299977048 0.47104620684730714 0.1792458244848763
0.9861440177279327 0.032405106838423604 0.4896997237529154 0.168342634516163
0.9906294362503308 0.033349225634794914 0.46875413539901556 0.16078929373839992
0.9848019721250457 0.03447902949801841 0.4853678284068979 0.15968469000023602
0.9840953849550746 0.03633933849040117 0.4844661359492899 0.17481926812908355
0.9838987298675015 0.03672827743902439 0.4973723665640262 0.16591646339930094
0.9825283829030551 0.036881549357463995 0.5267748291510902 0.18817354402814226
0.9784953514856365 0.04061281106086308 0.5211671465895555 0.18414770014324366
0.9904346455669858 0.04432485840817263 0.5439211549346789 0.1546116804543771
0.985168192766432 0.04370012505955217 0.5632025042138213 0.20715575153147286
0.9774825778182727 0.03978001466326343 0.5518254628873658 0.23322115073458027
0.9755493447004214 0.042938924147852865 0.5705024541431571 0.28712205160677534
0.9778102273023083 0.045602858631507766 0.5691417267744476 0.30170120132226075
0.9827746932877087 0.05307132431831582 0.5959422372364481 0.3700463743676223
0.9801917656533119 0.048988220963327646 0.5930146371846776 0.2630202140309156
0.9759714242515876 0.04416834658323912 0.6072217363247403 0.4024130589070263
0.9834978924145998 0.04755396116831564 0.6266798902095241 0.41879632989476956
0.9792842035522259 0.048947728187426404 0.6343851325365648 0.4081165028769286
0.9703929846523303 0.04939793945029547 0.6511714944140385 0.41631482929371905
0.9728972883216301 0.055261930307412416 0.660163041645074 0.3179620101357886
0.9808763300864757 0.04847798564857227 0.6768243127828856 0.3266381823263986
0.9826594417599435 0.05099541695967409 0.6824464127559992 0.38079111351937145
0.9889299182390349 0.05439760824392519 0.7099179648385874 0.34164240908531834
0.9769790187706353 0.06064484051313779 0.726090444107591 0.4352005819995843
0.9834850169938474 0.06650567654751004 0.738149564350059 0.3086040850883691
0.9824001115322256 0.08113018024140481 0.766378664275008 0.3777663407102419
0.9765050154380251 0.08633076255696802 0.7707573657899253 0.3781746541607778
0.9851740582028818 0.09665402675992692 0.8030373094625359 0.2736627480964669
0.98290351658959 0.08652585579024034 0.8089750600942971 0.2384421634211738
0.9759739834614184 0.11804772407461003 0.8300710912285512 0.21217449154153203
0.9858323167699595 0.14771645054056481 0.8165038369755798 0.0895438350347985
0.9878470933483775 0.25779877088729747 0.8663147349195849 0.09604213945160417
0.9865044382852468 0.2294022617124394 0.886182787730429 0.15192320187122343
0.9828927992976219 0.2309717106658696 0.91290031509137 0.3675600417681866
0.9833671720122202 0.22539291155480715 0.9232232486063314 0.5813462118925445
0.9901352810538061 0.2389598446919383 0.9297469877377794 0.6594212056110198
0.9824059959349594 0.2499338799259455 0.9243971092159843 0.47847689807290456
0.9855234400972626 0.24571878227511926 0.918424218576133 0.42245008544870993
0.9845089689054561 0.27957824275104726 0.9257150653269558 0.37454032168195833
0.9827387815922063 0.273118074130684 0.9241858407079646 0.4063433876558951
0.9841077296687836 0.2940178648114747 0.9337651131669754 0.6571804676236445
0.9840902928008003 0.277625683144155 0.926626019698394 0.5307030267865777
0.9849352083737766 0.2902086286321758 0.9312797105429093 0.5260173754000914
0.9780609868945924 0.2959474854879835 0.9177004200410392 0.35114817642567686
0.9851129170510992 0.31971131204671754 0.9266181597452503 0.34803673869750024
0.9892642603410791 0.3456425229451112 0.9256492580713237 0.30065171554533254
0.981865375846224 0.368104120434235 0.9280553117122631 0.34094616639477976
0.9807715666982484 0.31927620584337 0.9090713141025641 0.22294419970631424
0.9874838992204348 0.35525078738306776 0.8669449331004905 0.11398733570825095
0.9843032201240393 0.3809936452917389 0.8763282096457358 0.11479199476878586
0.9901644837821608 0.3502265824615533 0.8717744623601936 0.11955545173578667
0.9845686441852493 0.3517438648612151 0.8224133219745069 0.07926354205109279
0.9857472746084862 0.376792840730439 0.8622417401281502 0.11121948047725869
0.9823186673187578 0.39460721401244303 0.8501654030867165 0.09872830828710459
0.9852401541893931 0.35885525921486366 0.862539259340848 0.11090098830803638
0.9844012275149999 0.3575618113830492 0.8670650624653625 0.120303808856478
0.9843364384655987 0.3873713145409613 0.8562434683213586 0.10790670959355492
0.9880504449807007 0.3529671184901745 0.8544345927959514 0.11177038361678726
0.9861085769913963 0.3489292065046517 0.8479772546523267 0.11167055255968303
0.9790352372251461 0.37443799665411964 0.8453609605741969 0.10867592855117664
0.9818147378611943 0.41893587484649475 0.872482999305655 0.1375621239863981
0.9851137759578824 0.39714776767557497 0.8636266082862321 0.12986300062055467
0.9802576876503393 0.4493578990400203 0.8816964138158983 0.15739037393001953
0.9815642471125287 0.4585863999047279 0.8949921260887268 0.1746443797222574
0.9862042864878399 0.42682676096878985 0.8827307231322413 0.1573053863947505
0.9905333328665927 0.4622556479853426 0.8861874674173704 0.15841718423693418
0.987036486793907 0.4624199984940893 0.8990433239377805 0.1937818279281694
0.9841161935476387 0.4228763913298184 0.8975238892260091 0.19835159465299873
0.9884260171268989 0.4622118244918195 0.8997814601143775 0.19198541673140063
0.9858716767561314 0.4604414584290672 0.9090248874792758 0.22462578348773385
0.986809868547486 0.4301229057303618 0.8916663309226915 0.18179112787873553
0.9833094072479426 0.43672762826780365 0.9001415168862251 0.21297933830824312
0.9837000449034575 0.4292269565912543 0.9079129416550393 0.2518860323738373
0.9875745395368629 0.41905424672414965 0.9140394320073012 0.25729373431706676
0.9868938280781323 0.424573414974149 0.9168591127012703 0.27630921415117304
0.9885950485260958 0.44055162131941855 0.9257265242433127 0.314928683737646
0.987969254123566 0.45598780418948676 0.9136722155113789 0.2521449895395031
0.987904988976291 0.40084249211247097 0.9235391423365326 0.3363100252737995
0.9880919084598554 0.47846356542008717 0.9260842250273122 0.3143327008222644
0.9872357587191867 0.470863161734531 0.9232334766254702 0.2833374313580854
0.9830675788694353 0.4629877919695152 0.9258393234423262 0.32453225012309206
0.9841534536280071 0.44565800380320836 0.9204638785768258 0.31319878718969113
0.9756733324644563 0.44378062521290257 0.9230816363187696 0.3491249983903576
0.9923043847241867 0.42277202726584195 0.9284114425869308 0.34207929620162875
0.9803712121551065 0.3935497282689395 0.9266506158292046 0.3698658094800755
0.9853386837559432 0.36411063777242697 0.9312572174288585 0.3781679489708687
0.9849535442762372 0.3795723734810029 0.9294029135822357 0.38412207263970854
0.9809891963289331 0.31419171526843126 0.9345755333941592 0.4464101659018708
0.9885573590206524 0.21006313372871627 0.9332546419757531 0.4921653047476789
0.989390240794441 0.31340187031646743 0.9328959966876278 0.4224175013826584
0.9880697095435684 0.27983902630545743 0.9378390470090591 0.4658006819960991
0.9851814627465707 0.2985148514851485 0.9480780578669125 0.6350568769389866
0.980116172937202 0.3388187783947501 0.9414221508662345 0.5423279273011871
0.9841703952357092 0.32126642771804065 0.9369679518200934 0.48347836670115013
0.9843677709859497 0.33244839517957286 0.9221863893188454 0.4369617015131667
0.986710652982869 0.32890170010000586 0.9183188871274355 0.41828553955528375
0.9825950068985285 0.3161614338987129 0.9307859073982758 0.5159351706823964
0.9853585902637617 0.28220489673095334 0.9336167900264778 0.5437196741335066
0.9772756290465235 0.3214655539989036 0.9468671754778796 0.6881049187509412
0.9838797476911862 0.31092547957869715 0.954438168710107 0.7101045107489035
0.9832557319392088 0.25191997724471415 0.9506803944972873 0.7073815073815074
0.9889786408514776 0.265674774200802 0.9601138165303308 0.7143707493762586
0.9871962324993104 0.2057952164173712 0.9511134583367898 0.6909486794751746
0.9871627301902886 0.24599664480707642 0.952048435000396 0.6493297918339613
0.9875610740060066 0.16155808397781107 0.9347279105366793 0.5758105584790358
0.984470203689359 0.11381125961927906 0.9360429026365561 0.6085397229657735
0.9866924944105704 0.08165855722445525 0.9523981515822169 0.7049076983873093
0.9889436246775859 0.07426525297619048 0.9509547456832149 0.6961073158156407
0.9863986885998762 0.009116705910764957 0.9491015214687555 0.6924885992936198
0.9857446050923793 0.0018330755570831185 0.9522145162619825 0.73645628766845
0.9893922567303642 0.0019233411182854787 0.9461809695009761 0.6827690301214089
0.9824481757693269 0.00334969229570772 0.9317752960784745 0.6277960676131115
0.9843068787085184 0.002264195912530537 0.9178174111788805 0.5959333173587101
0.9907307258851381 0.01415756392262159 0.9487303689499144 0.7372294342575875
0.9889733346938724 0.017683970336565887 0.9587040229260471 0.8283726240656034
0.9866298406382509 0.011691136487221317 0.967791822993123 0.907167769948039
0.985709144348139 0.03095613974878166 0.9700498940605563 0.9352493993861147
0.9841251189147227 0.004160236194054888 0.966660789920664 0.927925652810748
0.9829342131184743 0.046853846606627815 0.9571642442278199 0.8894432860949747
0.9906047275558771 0.025023908192540644 0.9650575716253943 0.9234708271453134
0.987549914272587 0.07148014440433213 0.9653027216515624 0.926580204910485
0.9857400890080629 0.026804123711340205 0.9464186932314921 0.8656989071929538
0.9869133405518425 0.011771838528772798 0.9349066450299132 0.8468814353329336
0.9827183518487936 0.027152288924839316 0.9256447452185488 0.8534052449147752
0.9824922900238106 0.01919015701037554 0.9124264258813035 0.8366204554546576
0.9925707516644007 0.03165182987141444 0.9182812760123894 0.8517010665481018
0.9880280716014351 0.0433380626854121 0.9068471354768233 0.8533665612410106
0.9916312124194124 0.02640939000533523 0.9212807498888803 0.8927840699573303
0.9935307868382709 0.022913719943422915 0.9194028321754958 0.8991091131998366
0.9814199339478943 0.0030522163786626598 0.6289600953463264 0.683585344770264
