0.9837827714920153 0.009704415954415955 0.18020550012664713 0.13875262789067974
0.9792622557405996 0.00938936158939338 0.18745711486034794 0.10300850228907783
0.9836353383677194 0.008475799799488525 0.19493392336803414 0.19688041594454073
0.9795946963725851 0.009403414320591243 0.19403353868147719 0.2712765957446808
0.9799939723926201 0.010686914561453306 0.2012753117993975 0.15206966178697628
0.9814285193285279 0.009361773250812347 0.178726395404071 0.1346084446048358
0.9861023607456547 0.008652388533632939 0.18229135668446608 0.19599462693857614
0.9713169707922812 0.008955780832141302 0.17531620200072923 0.30790297339593115
0.9826984871742415 0.009367457481695051 0.1868213116516639 0.17725501947857356
0.9776656546909377 0.009896116706265485 0.1985168950961529 0.3490696071674707
0.9856122636155359 0.009604567823441408 0.1904419388889408 0.3634381246592768
0.977180364637066 0.0098917307941987 0.19749244237724337 0.383757626762045
0.9849579556758293 0.010251240124041458 0.19433587532590146 0.28841607565011823
0.9768991832448372 0.010838790329275379 0.19650944266958917 0.23035787741670094
0.9849692873177591 0.011142597549296467 0.20329315296987838 0.13418499663817116
0.9760271012804455 0.011680918605951298 0.18707563235271144 0.21508756174225416
0.9825893668310055 0.013168712934070771 0.19566500302170103 0.11534221016029175
0.9842556695577955 0.014042602419931358 0.19456842351160453 0.09528827998067887
0.9842589249635972 0.014872463736151365 0.20405882690761515 0.12409018285105627
0.9790611503933287 0.014121293325198193 0.20772349002744095 0.13780830988246978
0.9792856974912417 0.015534567357433339 0.21006929336878574 0.13887622892115373
0.9839026204438124 0.01583748832356759 0.19901954042980047 0.21135786100983317
0.9833727449670279 0.016045437819250784 0.21605992860373774 0.17611179740580604
0.9875134912106074 0.017449733043182536 0.22107753681619488 0.11371681415929204
0.9887577336278041 0.01603107212158729 0.2190947258882086 0.13719757327680726
0.9899274530580318 0.016857264135632155 0.22161221938359515 0.12319054652880354
0.9810912208496876 0.0167004356726681 0.22516297722880763 0.1208963282937365
0.984801102575942 0.017151967316723696 0.23265147803364364 0.14483992350872865
0.9844200625120949 0.01709779153526003 0.22847240779644712 0.07148648648648649
0.9878878445403605 0.017585404375511843 0.23363850494446498 0.08459555269094425
0.9861057243410185 0.01805835216765975 0.22739585858643188 0.08190530478463785
0.9856524142234973 0.01702583775245402 0.23083966198545158 0.042566328991799324
0.9853867159068149 0.01770743571570612 0.22629779802039338 0.04071157975594002
0.9880457399598579 0.01728911232127489 0.23297646565604002 0.03755902651652743
0.9882946062273088 0.017644559126076927 0.23357071005965394 0.02416226288297645
0.9880016686502338 0.016173614796771412 0.23969787597311187 0.04571020238808723
0.9873071249762827 0.016693383792895446 0.24505815467514977 0.03289946600944753
0.9874380663468089 0.015359570747004052 0.24852226105148717 0.0567510285500561
0.9885765853014329 0.01423571004981827 0.24183603581166108 0.04316589303136919
0.9833555422139569 0.01401290905447061 0.2639190341069308 0.07657591366200638
0.9817935862403909 0.014276076188037936 0.2531547699442198 0.04880226407466056
0.9784544773254409 0.013322195988851291 0.26321888160079643 0.03785610477841397
0.9901888527178652 0.014135255569020694 0.2612904592272654 0.06396483412509117
0.9903946937542119 0.014417749598451638 0.2708322621930046 0.0579008167318566
0.9862331687783704 0.01512527759634226 0.27034936850862157 0.06207500730048809
0.987085743668852 0.01412589483033911 0.2833319657385958 0.05333177147829579
0.983948979210266 0.016330155660426938 0.2769522405596062 0.07790549169859515
0.9840731134732396 0.01511114675254376 0.277493014059036 0.06172075499171839
0.9870880580006085 0.015649085608269282 0.2825583725746387 0.08451576158284427
0.9921521396573557 0.016749582241222825 0.2844053206729629 0.08135803288847575
0.9818123287828104 0.01731209487607028 0.28261687462910023 0.1226084700693949
0.984445451184132 0.01854654696599836 0.29451242016940204 0.16241622812935727
0.983527145083662 0.019748546042809022 0.3010948604670307 0.1837367802585194
0.9846390733916387 0.020696535258314372 0.3020366371374475 0.21498525073746313
0.9880356971313154 0.019572608452528444 0.3116923136028276 0.11487340690880514
0.9808926635345139 0.02132904905681283 0.31362922012059874 0.3723452739039285
0.9851328811430441 0.021712839460298877 0.31912608630295664 0.2936634293902245
0.9894673785276957 0.023451711800753477 0.32619946022071905 0.3068571428571429
0.9868930684360118 0.022340878103276184 0.31640817052658815 0.29279661016949154
0.9851118368742586 0.02357710579751988 0.32383381246748927 0.27142752936027426
0.9862027405690947 0.022427727219730118 0.34000207699774065 0.27708017110528493
0.9799859045870368 0.02326539094118333 0.35821987900023744 0.26013904982618774
0.9948082866879714 0.02289876784017615 0.3565425399155355 0.19573386968718573
0.9847696279226567 0.02227176605334918 0.3589285787748016 0.22193254936765033
0.9892349020918451 0.02205607091904798 0.35904597487188017 0.15931938196753373
0.9862678253634409 0.02046058846051427 0.38152954475387935 0.20143466459868167
0.9886830460185492 0.020550007495864678 0.35478660904058784 0.2905994458336149
0.9907086078739419 0.018778213619702912 0.36786325147628834 0.23021213503649635
0.9839409706869656 0.019215289916043002 0.3774216681019691 0.19660289804316422
0.988020511897161 0.021564292309893224 0.3757882474823503 0.14530794304340366
0.9879444058672868 0.021690215369785364 0.38409100265494367 0.13426157697121402
0.9867549668874173 0.0220507080281413 0.382134880494946 0.13818504141577773
0.9841878345848454 0.022828903363227245 0.3807462893158693 0.14632350480270423
0.9833757812087812 0.024801794628283913 0.38943234581962677 0.17824588280352355
0.9830562241130082 0.023585101079959214 0.3998404750228207 0.20413634622749904
0.9880499491796138 0.02661842142695547 0.41775673721193657 0.2712322189544445
0.990097338998885 0.028245433595318368 0.42665431445209107 0.38572600492206727
0.9836217214273256 0.030129186318390417 0.4205671300363901 0.2536416184971098
0.9814328699149146 0.030648733886826974 0.42982350908846617 0.24136554202435617
0.9890727998443065 0.032947968658902496 0.43733474565340763 0.3473961297666477
0.9887117563419966 0.03489575523428978 0.4519053689177129 0.30650246891546196
0.9898945544384992 0.03648019400080133 0.4569316855290887 0.24414857530529172
0.9902855082640928 0.03599762717348597 0.46802949405807365 0.22720542394014961
0.9889281491074948 0.03781905859893141 0.47436120597577947 0.2802130274477673
0.9871285830672273 0.036515890680400634 0.48962910041029617 0.22243766238802498
0.9903322403266558 0.03685671592012634 0.5002944520663031 0.2601430900199239
0.9825657998756205 0.03860798680895164 0.5008811221711501 0.24401480872069106
0.9915972130560218 0.0393630848867683 0.4810712575365006 0.11465990370707932
0.9885023091941489 0.04826450289502137 0.5805895899604535 0.14342447619482357
0.9878386273484825 0.03819353000707257 0.4967752294805577 0.1604312882046638
0.9892248021583586 0.04146057581460243 0.5583360610843378 0.2436205468102734
0.982684655115989 0.03359909136486049 0.4421536676754343 0.18424889109463694
0.9859906239176981 0.035922400892789204 0.47375287084912554 0.14800286186564035
0.9871305595408896 0.03585941992538832 0.48394846000852626 0.12354235649795364
0.9859696636179692 0.0322795311172162 0.44688051291824876 0.08559058930758495
0.9879976725387277 0.03330619406280889 0.4572404752996004 0.08683278072659485
0.9837474221150289 0.036060785946892826 0.46063295485723765 0.0719147543204163
0.9881750127101707 0.034125769813341846 0.47025567621493464 0.08918744384546272
0.9884117155539242 0.034305443213910554 0.4645956119446548 0.09674294353359068
0.988865502609233 0.03390286324439501 0.4862912206373402 0.09109852095987797
0.9930937581576298 0.03551982689597622 0.46172921728477284 0.08715573106520859
0.9873825896401538 0.03608425167446628 0.4806827464140203 0.09589754840125048
0.9865275022938856 0.037470801191231126 0.4821109226823956 0.10095393915864785
0.9867726056158204 0.0377294664571315 0.49928925734848256 0.105801942704084
0.9840842279441919 0.03870280219913294 0.5248085280852809 0.12107215220302896
0.9812255745437316 0.04210353640005526 0.5210799795729165 0.12102691539197744
0.9930971594654809 0.04533903311765152 0.5467081854207076 0.09860255585179738
0.9877988738907244 0.04591048450221344 0.5630220055420402 0.1335472812807702
0.9799636031437603 0.0416846098915775 0.553801947215743 0.1482119520019009
0.9781795320585972 0.0445014760195954 0.5737973302662205 0.16138866822680722
0.9806973593362827 0.04766672084878755 0.5685662747353213 0.16595270733379028
0.9857862369842363 0.05428249400201447 0.5949900905587532 0.20235947258848022
0.9828283031640617 0.05099719879212541 0.5862953003847524 0.18028393612544572
0.9787775549082259 0.04545001713516055 0.6054044002079034 0.3013783321816925
0.9868331542574497 0.051172106055102994 0.6218290402918547 0.2602739726027397
0.98206984770901 0.05179148936170213 0.6285754935308049 0.2793816165350361
0.9731250782361672 0.05159512149138361 0.6453395338956633 0.23467760309865573
0.9762619627247828 0.05815419683998797 0.6557641601506082 0.2261542567387243
0.983998642121993 0.05139956525435049 0.6716727442672751 0.23827328348062543
0.9852575145887142 0.05496598243879747 0.6754097859677672 0.2570938248957008
0.9912259382954147 0.05813131567173465 0.6998721874156234 0.2167275475500693
0.9800309843952024 0.06453169988144301 0.7191378399031302 0.27435807245867044
0.9864724394121273 0.06981215575344023 0.7312060730937583 0.22343106674984403
0.9857126629076564 0.0839975089274475 0.7600421709571791 0.26450935193020336
0.9798807978555902 0.0890896379662504 0.7619615775537467 0.24062383958410694
0.9885037810586964 0.10121953614422341 0.7870374679287312 0.16232936710708812
0.9857594956908272 0.09174680858345598 0.794806521646588 0.1648933297326492
0.9788535917166915 0.12467082501580538 0.7912025920109915 0.09354240534702694
0.9886741350167956 0.15383372625985806 0.7817637191279619 0.06361666357703101
0.991009437183592 0.27300650811994404 0.8415580166740914 0.07283446503945679
0.9888376814883417 0.24862945604317568 0.8669433263648372 0.10897112702094047
0.9828295019064974 0.2400895878191326 0.8786494127899172 0.1426895163042691
0.9860894631873565 0.2406969433883184 0.8833023508701346 0.14342024166153053
0.9927009315710833 0.25150333170810985 0.8633792354259708 0.10736819167797466
0.9849635323415281 0.26186536528150134 0.848689180334756 0.0904099653372241
0.9878134695126708 0.2559713609421155 0.8329947448698186 0.07939872081095758
0.9869662127759415 0.2891507278542986 0.820755096620496 0.06461918608278944
0.9853434662455586 0.28416252335560693 0.8232020610136223 0.06876647252139394
0.986607384850372 0.3030319211422835 0.8443790295667885 0.08278311517215343
0.986872297450384 0.28465318830699726 0.8099819554534854 0.06670310346466422
0.987614650691431 0.30260814109471557 0.8261292462105331 0.07585464576673198
0.9810586734693878 0.30394308635434797 0.7800385338429242 0.05878987200569291
0.9882238130163599 0.33284878609193114 0.8001187415012019 0.06196346537563224
0.9918399131145729 0.36279796702378964 0.809283215992035 0.06761965268953833
0.9851808667233531 0.37239403808210714 0.7890645512853139 0.05875065855985419
0.9841570616651423 0.3326645996717126 0.7812715449796829 0.05658563510498839
0.9907634496332168 0.37399618931840234 0.7502020061242295 0.05069721002099413
0.9877580953842818 0.39324702019125923 0.7479779628187078 0.046694056382492216
0.9935817157169693 0.3678278933167785 0.7482191785240268 0.05060816356988285
0.9879971406132606 0.3650297835246259 0.7047839847387627 0.04320698213827985
0.9890779036844356 0.3829435643208679 0.7419466256947457 0.050904734333293275
0.9855523610690166 0.4100727299262971 0.742308459357048 0.04994489880915085
0.9887244767255159 0.3645170528832385 0.7585662684169187 0.05421880012832852
0.987229949441415 0.37233949810075345 0.7415877995273271 0.051871116360621826
0.9868329703563514 0.3931394637113053 0.7543781628710167 0.056219634456697774
0.9913031620014349 0.35593132625205387 0.7524076213087313 0.058026648650101154
0.9890880326205437 0.35291242781629006 0.7502877837844969 0.06098435325376408
0.9822439385024267 0.3781739811912226 0.7532108735805483 0.06088090510708789
0.9849366915441791 0.4261353773018014 0.7604887023677434 0.06333485139496664
0.9883992592185293 0.40484360825148896 0.7652897149509684 0.06664804310948627
0.9833595840481529 0.4583703327836272 0.7643220103021022 0.06737381097427445
0.9846487776957896 0.46785038873712964 0.7724979739417742 0.06832729456265547
0.9889642049907366 0.43838142764157084 0.7730379202518275 0.07012096001067049
0.9933816176530647 0.4644319307113614 0.7791022817041517 0.07358423206887676
0.989326932897559 0.463990147043362 0.7929837539477054 0.08254238663097266
0.9862648835763274 0.42134118779253726 0.7834501059177857 0.08041737800772375
0.9909824515865879 0.46072326851113427 0.7791420258622498 0.07726431616164954
0.9887717996460438 0.4614159940137874 0.8073267573055769 0.09142244874319472
0.9897570153685047 0.43860400895110224 0.785650105752712 0.0819786803076078
0.9865517912995658 0.43819991041146733 0.7858918365713853 0.0863153234871599
0.986365059558617 0.4355295812985349 0.7892742102617931 0.0923389097611115
0.990385566161608 0.4244899348273691 0.7924028409678529 0.0910992597029123
0.9895904180463339 0.42579918717781806 0.80837365739599 0.10389616621083442
0.991436091820877 0.4401107286084395 0.8306384818210447 0.12150708800309765
0.9902563914496454 0.4551319209409301 0.8085556064720906 0.10203173731761454
0.9906351613504514 0.39779320348114383 0.8174319036027796 0.12107290081893543
0.9905380566703765 0.4811095169775227 0.8188784372185891 0.11960902861749295
0.9899979777646026 0.46631249577921347 0.8264550852249778 0.11993063823690697
0.986077025378066 0.4527521770263091 0.8293808408259503 0.13430187761060872
0.9872684276798237 0.439847403396505 0.8180981724559997 0.1275286346572962
0.9785290221395733 0.4371285703065686 0.8251173610211713 0.1388132325488876
0.994119776056099 0.40376826906145447 0.8275820321358963 0.1420921697578758
0.9834641045573259 0.3731330066709959 0.8392033327179907 0.1590209897015186
0.988286051483032 0.3552729298180468 0.8378992621636926 0.1534079381520358
0.988245121758855 0.356797601566324 0.8401084220250913 0.16546306445719688
0.9843965333953183 0.2955335651243648 0.8387268078297767 0.17146552237271442
0.9905781899000865 0.2163708940508825 0.8560293967295537 0.21023333603759337
0.9922310587051912 0.2982619958432483 0.8498893365379627 0.19240344860383016
0.9912995856682137 0.25064861102322344 0.8511630277595885 0.19821993670886076
0.9884965446566412 0.2819685577580314 0.8560985410752361 0.221015623125105
0.9833268952729921 0.3181924451421128 0.8448805594811281 0.20417046204530453
0.9869674496540168 0.32726010049430126 0.8315018979075106 0.1914421033866375
0.9868459175986556 0.3098392244234359 0.8417848655377239 0.220340218965176
0.9886974818282063 0.30909036647964666 0.8383772971385236 0.21974501471068977
0.985286878023546 0.3008325568813682 0.8561370128553883 0.2583510976685008
0.9887787692888274 0.26520907351735445 0.8455147078776696 0.24796505958551882
0.9804498904404665 0.3141274411617426 0.8593588712858325 0.27849850950089095
0.9874223153380032 0.30398126463700237 0.8982051610301309 0.36440100654812385
0.9857810537095363 0.2361882018846005 0.8886681962379174 0.3546371623820371
0.9922761987055593 0.23613907387331579 0.8871528380956163 0.3318907749077491
0.9897632726433543 0.16033902240798792 0.8714287475091929 0.3245896748829355
0.9901609930070273 0.18278959322733843 0.8686464401102731 0.31374377334217574
0.99030033730381 0.057214352362371705 0.8424399102243904 0.29096681643712874
0.9873076441886651 0.0674770740029857 0.850886382112999 0.31445261635999533
0.9899470639453931 0.05067708333333333 0.8645018646086912 0.3458947027676941
0.9927830521733388 0.052287878100766405 0.8611049426630415 0.34085165529441497
0.9896537078677481 0.0045949926362297494 0.8728693330837031 0.3821463037123716
0.9883229477797532 0.007229187845927934 0.9024202839763161 0.4803713410520961
0.9919831395882875 0.0 0.8780415456866464 0.4158361068633624
0.9865868488224501 0.0011736170878647993 0.8730630461958321 0.42042150047150156
0.9873168424035134 0.000984898227183191 0.8617315326220865 0.4215818401760126
0.9935582099108535 0.018470435501003187 0.8987158181497258 0.5173603747758864
0.9926434847870489 0.008432927510331732 0.9205157500959095 0.6152240743820719
0.9902942856963464 0.00948464548650262 0.9427248418774896 0.7363534505899791
0.9891559777672558 0.022859092459911294 0.9569959435623084 0.832276544177051
0.9869320396110839 0.009518773135906928 0.948514312490525 0.807507965092118
0.9867377543312034 0.04245283018867924 0.9310687856151437 0.750645039751618
0.992756459719688 0.02230666732468045 0.9421733446318289 0.8075013633713823
0.9910621911637827 0.06483022123621125 0.9472648949900164 0.8337855186013579
0.9890684947489801 0.022709844865215597 0.9306951223987961 0.8024976713699244
0.9885339549339549 0.020710059171597635 0.9275098176581082 0.8189669562440579
0.9853905351219131 0.026687598116169546 0.9237145168050654 0.8424093440082121
0.9856468859321421 0.024369858795583513 0.9150165419110543 0.836490158312871
0.9951830526218555 0.0468687474989996 0.9117305757475377 0.8337492613540436
0.9918731228015206 0.042520247737017625 0.9069770703468037 0.8491443034381616
0.9942117852925729 0.039707579838399384 0.9135369443934539 0.8789154280114087
0.9965561171771101 0.02122169902599497 0.9102726332904372 0.8837240196611234
0.9844163614817436 0.011966774602280726 0.6499078019939393 0.7107287500448011
