0.9863893198847128 0.007376336436038813 0.1863941007843045 0.020791808340172743
0.9820263899447748 0.007140874240327216 0.1910541071078999 0.017719500866203018
0.9862793269068666 0.007915910465819721 0.2026389254579752 0.018121746095314376
0.9824328284839221 0.006433194560423494 0.19968033180291053 0.017276319486373228
0.98235545164838 0.008412943051625982 0.21012110220558122 0.02016275203440043
0.9852861073889458 0.00551626507916562 0.1844956603550222 0.018301600719183138
0.9895147274331163 0.006126908688981896 0.1900659863506211 0.019038082124826397
0.9751442906586745 0.0078754216203418 0.18372848226383243 0.020053242013697944
0.9860157248072983 0.006890462773553592 0.19104130812680714 0.01815410380876369
0.9809995661327928 0.008118113620379777 0.2066852416195037 0.018256958493414254
0.989346208818739 0.006580686745802158 0.20205423853236912 0.019484656496655223
0.9807179878142503 0.007540398121330266 0.21335097464686126 0.01691544416406484
0.9882982561041297 0.007247000399334378 0.20383571525972455 0.01812271718425054
0.980894280950109 0.007907428086583802 0.20596835324529653 0.018300681476425606
0.9879141973352796 0.008062284484027531 0.21229058326971 0.015592972181551977
0.9794934594774886 0.008601954230378552 0.2005792903692976 0.015784095934769236
0.9864998110336941 0.008503541912632822 0.20608840618487143 0.020808377340239465
0.9871238959861802 0.00974876139545822 0.20897894731865524 0.01583933723657347
0.9858434487117753 0.011094583427240628 0.21709387232761215 0.013072501390691637
0.9805016961996839 0.010957464791868904 0.22923966753250777 0.014748460369511317
0.9794342388129523 0.01175295280924612 0.22966455244056946 0.013933048985394856
0.985074434852984 0.011711973698293741 0.2268667043773477 0.013772382233457933
0.9845325784962055 0.011999572259580295 0.2405666523015865 0.014160812617343293
0.9878143559424531 0.013932845145336143 0.2414002452492967 0.012952674331188001
0.9882016093774824 0.012252691989729728 0.25328371073121775 0.012132089492820936
0.9908115835079585 0.013240435500164207 0.24951133327940678 0.01367343360279409
0.9824233034207143 0.014003691139065393 0.25463286922327505 0.013068348293956264
0.9835180975695051 0.015426233751475704 0.26796507861636837 0.013182532631722818
0.9850533774441451 0.01372497250639785 0.26214732520504136 0.012737283523800378
0.9883456916329165 0.013195697758118864 0.2547255090455223 0.015481919224124507
0.987418545525929 0.014575580410534908 0.2549155215942104 0.01444671796008708
0.9875177226098801 0.01329791324265052 0.26406121734573346 0.011533614681285201
0.9870284141824299 0.013224935011978184 0.2566934430927966 0.01171287306430821
0.9889921298700343 0.013319662676543716 0.2682249723032287 0.013374256439820759
0.9893700429376532 0.015467048306964562 0.2692573807675878 0.012470904437957332
0.9876449449175573 0.01355380336318865 0.270217357045011 0.011944374146663042
0.9883011943627352 0.0136821693432765 0.2833702670948702 0.012164266814884292
0.9873866414513813 0.012171039041520348 0.28898041323965307 0.012235072883781685
0.9886665925362027 0.011119701162547055 0.27418566115623966 0.013926358710613505
0.9840000682767794 0.0105464415430808 0.286500103714129 0.01434209873656314
0.9838666951191694 0.011894640283055955 0.2848645121406738 0.015106400139805616
0.9799934255877107 0.01095758871303424 0.28671180702496823 0.014944009728626338
0.9919520017584701 0.012342386159792062 0.28704273688422416 0.015719982829527673
0.9913686152135737 0.011846356978941685 0.29017680282108954 0.016558363417569194
0.9891752892448302 0.012946362830277947 0.2905506222651906 0.015544117431407916
0.9871934398340942 0.012971248369085791 0.31610077340126475 0.01503663857003685
0.9853458087517836 0.013607784996997047 0.3074941846618161 0.015117137496867529
0.9863145404126084 0.012754515642628932 0.31258847291707437 0.01391627859405314
0.9899851555573882 0.012889352619341444 0.3208457192735737 0.01390938279977882
0.9938938813804622 0.014866990430089874 0.3136483510583644 0.017811954336831862
0.9835347266889204 0.014983183015917221 0.3169902518814227 0.01630370064234129
0.9869844050103858 0.01531424263782328 0.32380568475067306 0.017588603595841232
0.9842292807484764 0.019077426703973634 0.3297199646959526 0.020698396049123727
0.9871558643280703 0.018623655769572967 0.32889531537349265 0.01865421656477682
0.9882563065056584 0.018424930840615982 0.33688053491799896 0.01933028854179597
0.9821420615798454 0.017907423564680294 0.34073916623118417 0.024315812942422386
0.9855741227023156 0.0195543757668497 0.3322929965556831 0.024605119893405986
0.9898293982790961 0.020166609678789506 0.34031163438706596 0.023111632664717763
0.9870676560185639 0.020087162486697244 0.33017224730113404 0.029594218083966374
0.9869903296852552 0.020286371997487004 0.3377513478534321 0.028041349622578593
0.9869688583330906 0.02098373598029733 0.3522302155616531 0.02684168229306188
0.9799519691044509 0.01973648394582817 0.37006514214671143 0.026665733482642777
0.9925400257208358 0.020007405966196157 0.3776343160596739 0.021870482077870283
0.9868558379244577 0.01934610077453205 0.3831187553471754 0.024270198569818584
0.9912620640859041 0.01975616336283868 0.37209632309835067 0.023970195762332832
0.9894350983477395 0.0184994344602237 0.3939496884221907 0.024826283830311123
0.9892954248396468 0.018744194359623708 0.37853735431103885 0.024495705141241296
0.9886122456154743 0.017048147658127608 0.3954904799649059 0.023690858822288757
0.9822656754552611 0.01704362210130981 0.40454000743042356 0.024375600384245917
0.9888626440144708 0.019396980093769608 0.40324840222819397 0.023954899339225122
0.9904556024788905 0.020750601556785785 0.41546838595795765 0.02190687400061869
0.989109907641445 0.02143427010382001 0.4128008516931675 0.022838148182301204
0.9868890738290395 0.022005330773870128 0.41217910469784175 0.025155350322102504
0.9849549139047437 0.022367374548490828 0.42236206309141333 0.026140817807887733
0.9828276956998984 0.021151366804312486 0.42343545536714017 0.028576842703667248
0.9854872057466656 0.024711034862529308 0.4323378794957313 0.02645866022327941
0.9910183103580387 0.02677053085018997 0.4448389560315323 0.027366153161445635
0.9828492678890962 0.029134929458804356 0.4351446732248537 0.02875748722886847
0.9818211043124347 0.030449428554134274 0.4448320460588215 0.03167648048916433
0.9906939545321611 0.03200427253913535 0.43918567026672617 0.031912179167488196
0.9907151935462051 0.032266257924517774 0.4440999340375289 0.030994715330747404
0.991883756890426 0.03350609194869024 0.42694597586269895 0.029177498372358255
0.9920577702384318 0.03435545056517825 0.4339417358511757 0.0341938703154135
0.9910823318259401 0.03576137851503867 0.43766377266328743 0.030102736568297737
0.9898606215900165 0.03422363206366887 0.4402429497763449 0.03505728810194304
0.9925786709074261 0.03442901463755367 0.4829255545086989 0.04109047318923862
0.9848221877129988 0.03620014215580938 0.4698351068598581 0.04135754141346357
0.992854844811189 0.03633886171256326 0.44261397407305364 0.03260056440920183
0.9902521396306223 0.044958183123240826 0.4892629444430108 0.035664674187573665
0.9893905760499735 0.03591334646866694 0.4636942928073974 0.033085653629460275
0.9915504878502701 0.04069503121430868 0.5199056973278404 0.05071343305105793
0.9847750044465524 0.031728721792956494 0.43443018381167364 0.0430840843278937
0.9879516638461849 0.033841086867023466 0.4302105903208955 0.034184954914151605
0.9891966398047098 0.033510377133681664 0.4423131104636294 0.03134213802334397
0.9891486130601104 0.030849739244294242 0.42575010647882344 0.028072577884286205
0.9907420569619491 0.03304133088382938 0.4394234728156202 0.029495619503599156
0.9865761862001218 0.033099945127203725 0.45309392584251007 0.027734263043623357
0.9915045055706775 0.031330808270475005 0.4678006307292002 0.02687111541181287
0.9917951331072115 0.034450131702240004 0.4853432682396304 0.02524770718032256
0.9920972079616709 0.035160276415868975 0.5066481222867949 0.025009528735945113
0.9960645542954434 0.03468593117144826 0.4919692547800013 0.025411618731614828
0.9910517150879414 0.03519209614410822 0.5002093414901749 0.029352498918428036
0.9888982467794358 0.035384319260875145 0.504549747963602 0.03189463289234435
0.9904521318095202 0.036811866845394746 0.504099673995356 0.039011607716026644
0.9854819631948469 0.03736143802249457 0.5276951567556849 0.041508531334715354
0.9843462399863199 0.041863142510478714 0.5270076876584112 0.03894213029907157
0.9960225728312979 0.04390736068093738 0.5551086147391217 0.032466089554779136
0.9903773177391584 0.043388387580415015 0.5770936939452852 0.03739131253058305
0.9826390735038935 0.040769059299626126 0.5560026503898794 0.04069597328302039
0.9807822852592838 0.044338456432525555 0.5916709408459503 0.03835711668717766
0.9836345990086308 0.048687247015800225 0.5891525134647518 0.03648894839658465
0.9879324566997328 0.05589883465272188 0.6112738982854159 0.03639110969727874
0.9852367926356346 0.052570166279667756 0.6033927616238308 0.04146999953451566
0.9813640258038504 0.04493804522976052 0.604775723823263 0.05077262693156733
0.9895293749666237 0.04967683471813036 0.6281325582813357 0.04710213328299037
0.9853672085322488 0.05342929630691167 0.6360153320751626 0.05141164470006512
0.9765845198581407 0.05261404442377437 0.645083576787933 0.05834528933524629
0.9801483945247538 0.05808591914313498 0.6568933025252773 0.055294659873690505
0.9879489882498136 0.05057888136200543 0.6735186484839918 0.04885836662866756
0.9863759260753143 0.05858142041637061 0.6681823093942494 0.05629935391241924
0.9932387277321805 0.05941396739216546 0.687607225425521 0.05074907581555224
0.9840480809424652 0.06787591623331625 0.7094742491015238 0.05297043333587192
0.9906745810309611 0.07504722907818986 0.7112492926517785 0.05169255668738962
0.9898718163863323 0.09465945703269424 0.7317334866277062 0.05033015407190022
0.984009032362124 0.10347748566275801 0.7375523783539454 0.05382259909818965
0.9918053233894818 0.11333171708324209 0.7342948843398959 0.04212150399543379
0.9881517978342298 0.10172514086032006 0.7334374880734973 0.04247134219446769
0.981780326680228 0.13526510175247256 0.7347942407744271 0.045398991341646724
0.9902295324357897 0.16923924700919019 0.6913910431659873 0.03656006972831632
0.9927086977645199 0.3051069751609383 0.7399913588144486 0.03821491521303106
0.991259040057036 0.2516130235333607 0.7988194398687338 0.058726026787700794
0.9875630499347042 0.25733715783674943 0.7770712417677741 0.052896191040063156
0.9875642855090646 0.2482499022291748 0.8151904877063083 0.06801118613322583
0.9945075204811955 0.25404260397398415 0.7502829737615019 0.04793966257378888
0.9869269688639202 0.2817726269770895 0.7227444366064825 0.04113524803070301
0.9904178048323836 0.26738785518534547 0.6895326021045992 0.036310554734858135
0.9877966847196947 0.3007487387126836 0.6978036983709134 0.03491338198433999
0.9881953070086754 0.2911517086927671 0.688972924061861 0.03503467294891653
0.9889413674505535 0.3131637156545167 0.7375731807217765 0.04327359069203879
0.9888577642033988 0.2999150127480878 0.6829137197367107 0.03609073303315994
0.9901152934424292 0.3110311311300525 0.6839371303748996 0.037075991849454634
0.981971957715237 0.3179330600515573 0.6745378087926747 0.03824177749229938
0.9888159871296628 0.3464702836430585 0.6763265804503593 0.036298102345842395
0.9917527650636784 0.38908615212109887 0.6805998990741967 0.03888402508025284
0.9860455777532376 0.40118860339101553 0.660839189250681 0.03475606504932018
0.9859742077012495 0.3443993258604893 0.6510848669278885 0.033493160528344286
0.9923857961154717 0.39189345151536137 0.6195614610841832 0.03310095605321859
0.989358993879229 0.41144377087714956 0.6096484727139306 0.02898709694750132
0.9947977302744215 0.37498968999281246 0.6041015373684028 0.03156947484196376
0.9891192950762074 0.37885218230045814 0.5666395537055371 0.02954125662376987
0.9906880835092089 0.40456973293768544 0.5900769916656827 0.03090581188140069
0.9867618988978512 0.4435622934329645 0.5981974065977499 0.03127983045355426
0.9898440224646134 0.3761442170569092 0.5986919227903473 0.031323289388305586
0.9876340265265445 0.35977168678280513 0.5777139528844492 0.030557647255689425
0.988435430758806 0.4052903048544417 0.59883679208009 0.03366434889904208
0.9913449682253628 0.36541001171106074 0.6043931418741623 0.03508601331074923
0.9887983407041884 0.3588065471093387 0.6087814777998675 0.03796630427287563
0.9812893995880042 0.3870785064447426 0.6257589609171001 0.03756880953520655
0.9850991461006275 0.4415612430052405 0.6283964586742258 0.03925696949976553
0.9890178928674215 0.4366070760715087 0.6481587085461347 0.04282145287253598
0.9845087972418445 0.4706756936147617 0.6329702939725897 0.041627999469707015
0.9850042665099948 0.4928957430897521 0.6350763101619943 0.04162217020589306
0.989294867987894 0.4754924415941365 0.6231530177285091 0.04053487177311784
0.9931669408758358 0.4943876347592025 0.665210385080059 0.0477483025380657
0.9901193042077395 0.491939085709346 0.6679080971377289 0.05140050664876187
0.987064030208291 0.4625522869094151 0.6268885107455726 0.04578629724266809
0.9915564243363155 0.47752936826236597 0.6327745424854243 0.04639066377990178
0.9889031250072012 0.48366445252622403 0.6887247804249578 0.0561063658155647
0.9909181087755558 0.4659855659429337 0.6348871590660309 0.047485096015704414
0.9874235813863963 0.474573724930519 0.6481057273199198 0.05111650473150991
0.987647740733791 0.47801632899909285 0.646161106153863 0.053787724805588806
0.9903752226627593 0.46193480880208004 0.6484711324669357 0.05258594038651496
0.99103770609319 0.4705501940105462 0.6866650083171306 0.06177274920907287
0.9929005864184434 0.48326898326898327 0.7228799028029834 0.07278634483414426
0.9922798555238292 0.5041133533705453 0.6992953498852974 0.06330846682592957
0.9913619498199975 0.4303483383492348 0.6958422212711682 0.07159958124465984
0.992351339004719 0.5660012512085537 0.6784526355089434 0.06719348709838345
0.9920098721855309 0.4987778947995946 0.7107256783371377 0.07184196652362285
0.9883335389902701 0.48340919857469467 0.6899437146626061 0.07539857670877696
0.9892904267904268 0.47965641952983723 0.6856258219194945 0.07396336827427957
0.9806055413710298 0.45192069113301603 0.679165976548372 0.07463230494756538
0.9961185778976083 0.4289748841220222 0.6604805430213275 0.07367900536874823
0.9859389292831247 0.42945976438485556 0.6932573306893169 0.08303935790121296
0.9902264422846694 0.38009653897504364 0.6915557693794621 0.08140002531182765
0.9901957952780747 0.369226502622025 0.7116626050543359 0.0935699435252632
0.9865612334714409 0.34924785679624737 0.7049268677529524 0.09453096811210154
0.9928701290898289 0.26034515942772823 0.7081027229507079 0.10328172515325577
0.9936806992207746 0.3613747374281882 0.6880965378637468 0.09639064882449756
0.9929757986447241 0.32518957672687165 0.6783256233780887 0.09426032053619673
0.9913348045940447 0.33881626549611693 0.71438277471118 0.1127822961295476
0.9850462936903946 0.3118349338178043 0.6851631216981189 0.10395314787701318
0.9888486469048593 0.24248061128122944 0.6253351386191294 0.09132382575990981
0.9892175657601426 0.34963294761727015 0.6876429331754303 0.11624601999359944
0.9923644529996791 0.3299751619118364 0.6632937744721282 0.110744663255026
0.9886137324460287 0.34695137638281454 0.6940154357435329 0.12722320791050912
0.9917852096957536 0.2859632051775248 0.6595336462823448 0.12001518902300991
0.9827872991184134 0.31998907293813794 0.7210027910601727 0.1476329959833722
0.9891459233724763 0.2898775738756395 0.778996551938422 0.18807547116005005
0.9881111657824602 0.2668814605987381 0.734353432649165 0.16279166197717054
0.9937521885991882 0.24908832437109835 0.7335451038918028 0.16155657024581915
0.9917716127323082 0.19214533174182655 0.6924862450547844 0.15409945986217172
0.991720830224247 0.23327043112207868 0.697216598276199 0.15620612412002352
0.9922109151739039 0.10279318797574506 0.6647041327297692 0.15351486275893172
0.9898413254580039 0.07745132127955494 0.6578190913502818 0.15600584806927714
0.9923346396663181 0.0877505885710209 0.6983383634244925 0.18176280713871182
0.9950057269695823 0.09931117501504715 0.661098710568638 0.16303121393257652
0.9918820176361446 0.01584842707340324 0.6502474130414738 0.17034105819996487
0.9910994296796254 0.007460890493381468 0.6932842192054743 0.2011968140175864
0.9936682704327107 0.004345857854232684 0.6685437968908056 0.1989250835681982
0.9896559201691169 0.00836002388578253 0.70532469130738 0.2254051107167299
0.9892738637240528 0.006775700934579439 0.6798577715167704 0.22714326125966602
0.9950112178275228 0.020716201020672953 0.7065738877496304 0.2489137053027787
0.9940667011538089 0.0046734982635167005 0.7036585294144824 0.2637321856090949
0.992767830788844 0.02517386619649329 0.7367545765660414 0.3140205982192476
0.9910187721157114 0.014407901435699012 0.7679631462583425 0.3632749406638379
0.9909402194499625 0.022033125664792586 0.7417139222053798 0.3535194800891763
0.989288537450844 0.042363797362166195 0.6961822899231468 0.3387807127535
0.995714126614085 0.026523235050738208 0.7590860005586185 0.41603101310909735
0.9923199215185367 0.04164158686730506 0.7921260270251919 0.48313126382275
0.990852201417915 0.02446218786553425 0.8055810440822135 0.5423745562437158
0.9914316391111399 0.030395263509006003 0.7737931822310281 0.5187567543227666
0.9874631735378359 0.0268183513614323 0.7751855455416078 0.5573921129640729
0.9864840128431561 0.026399357233041282 0.7766426274165548 0.596224367649139
0.9966718809661645 0.02841925685515749 0.7821399381317442 0.6334571299746078
0.9925965990856493 0.033266178566163825 0.7622494486485782 0.6527031435403097
0.9943267163297254 0.026246562238431186 0.7521144502429369 0.6884624558067389
0.9962194309824376 0.01711810448306456 0.7584398788984202 0.7090319805793651
0.9858700853546508 0.004990151017728168 0.8666435441013944 0.9510205660499
