0.9828812973782807 0.008271112765047745 0.1802291133330113 0.004169272461955389
0.9782053228386915 0.006687685296694767 0.18830950942889738 0.00015328019619865113
0.9828283415496233 0.005730239360976797 0.19501658702912783 0.027945971122496506
0.9784957034611689 0.008183350524541498 0.19423396887759956 0.02389236836000928
0.9792503919722213 0.009341965838399099 0.2015768523453518 0.040327798145352596
0.9804097113808847 0.007007084777366477 0.1795418466569964 0.012059543998492557
0.9848028567568827 0.006221117634081534 0.18270155524341014 0.046693121693121696
0.9700545868154042 0.007747350664544478 0.1752631822884467 0.07681365576102418
0.9814245582482581 0.007794758010742193 0.18745882740447958 0.04993379988651409
0.9764839208870523 0.007959098803786785 0.19920217700538068 0.2520060180541625
0.9843381251300335 0.007069910553455327 0.1905677088907813 0.18823529411764706
0.9761586521258504 0.008543371298449934 0.1974161569044595 0.19416304872165943
0.9837734235592441 0.009248729607364886 0.19463919921005246 0.06520715630885122
0.9756966732331392 0.008873011314237261 0.1968010110048872 0.08085353462040935
0.9841379293330504 0.009605115392059863 0.20466587160351193 0.07772771161892501
0.9748952497814914 0.0104123816609047 0.18829552206494457 0.12103332801785999
0.9817511174639323 0.01200815187145338 0.19666847596836262 0.010413849066810928
0.9836534600857357 0.01235684087451456 0.19615423560943349 0.113854419854164
0.9837938776339731 0.012971355091347147 0.20450349481611538 0.07943589005612318
0.9774448734042301 0.012955411403763132 0.20544832424640774 0.030672755776702337
0.9777926688768193 0.013528997003349199 0.2085234855596931 0.02703775363397331
0.9828090718138481 0.01487071929583276 0.19875955131744122 0.029217797812839136
0.982114284054266 0.014356455205488854 0.216046267462673 0.09831288343558282
0.9867197379846497 0.015528277684597906 0.2224266587383207 0.06461977865048198
0.9881512159280715 0.01507330253348233 0.2207146260588724 0.07163179916317991
0.9887993835076696 0.01570932902068282 0.22043719927671515 0.07144858503782572
0.9802072862144269 0.015497265188496147 0.22459280286075625 0.11924977822836143
0.9843866968593823 0.016641370910372807 0.23354186933462498 0.07540781779008926
0.9841878412216247 0.015781207825678253 0.22760629164983948 0.06616682286785379
0.9863745645918522 0.015591834431210006 0.2333026854345996 0.05953333743766546
0.9853072853072853 0.016890398936115547 0.226936897024995 0.05468102734051367
0.9856559409833369 0.016165139685438448 0.2302056910705164 0.04433936022253129
0.984972680932341 0.015847946235538864 0.22719239870445396 0.05867806913605687
0.987206194843441 0.0153935041464969 0.23237565184487374 0.08866688972802447
0.9872548682224659 0.01577525926788818 0.2328972757583533 0.04603734618363308
0.9870078402022011 0.014520094161168647 0.2352670310247316 0.15211771724000794
0.9865653426235468 0.01499246191951872 0.23911316422081796 0.06983600515938825
0.9871247264555749 0.013835695680924229 0.24386026167906805 0.10326303223239157
0.9881164608842165 0.012736898245381932 0.2393301945314861 0.06534171138096583
0.9832601463089574 0.012123089785771656 0.2608234644046535 0.21795010260287287
0.9809484563392926 0.012379269840370088 0.251956123739854 0.09760863975314991
0.9772657303115828 0.01180899273981421 0.26288255582909487 0.0645418856876705
0.9889670335161335 0.012813130160378761 0.25947959797254877 0.13331811437050564
0.9893003969513529 0.01248180045378767 0.2684373318677281 0.10664183014145177
0.9847137294959301 0.01344532895053248 0.2655810927980573 0.10587125677906155
0.9862124471106437 0.011571879602512231 0.27839749371054257 0.10649387237639105
0.9828902559949866 0.014727898165241782 0.27490025245972705 0.17310943311168714
0.9831664219323394 0.01400204176647639 0.27725460452895007 0.1458343573359548
0.9865981879966379 0.013483169902577946 0.28039431537585335 0.11202916160388822
0.99161148472207 0.015149008027425623 0.28225987312022854 0.13480738323674085
0.9812680463666754 0.015431476220312943 0.28423159001734294 0.18120727609778706
0.9832326730049442 0.016849927230762007 0.29313085346469503 0.2068722218302406
0.9832074673416129 0.01765442913058423 0.3009619910247309 0.31239442567567566
0.9837821469990413 0.01935975199418568 0.3014228835826817 0.272106365540479
0.9871797677936506 0.016884406402559553 0.3104461363296023 0.12981100111175817
0.9811458722338003 0.01921777800360059 0.31266710819053206 0.38805628646607937
0.9849687530596212 0.018586225771589776 0.3187404264028218 0.3454844778927563
0.9883264636282761 0.021111129555107102 0.3255672013136458 0.26742627345844505
0.9857722519898039 0.0197207010180442 0.31515796138631935 0.18820975283901137
0.9839935266819444 0.02119640779306024 0.32257183904533504 0.16337982131183265
0.984921741319744 0.02025397885473804 0.3389461167894998 0.22324138841230037
0.9784963561692426 0.02048319394315112 0.3556884792686823 0.20122753178430514
0.9934553569762886 0.020701229477283586 0.3531694154890881 0.13981671590965997
0.9835954853815213 0.019706475950878606 0.3564841191005886 0.1668650321352059
0.9879362303957961 0.019746558600283032 0.3587700803996245 0.13013561627395287
0.9845467929857324 0.01762088849248369 0.37642759810601234 0.1621815400793461
0.9868903640386772 0.01743492151512669 0.3527899027212196 0.22584113331646852
0.9888719008167562 0.015979114824717384 0.36677915777689446 0.1197778199772123
0.9825567410006792 0.01640510392591647 0.3760645923947664 0.16399539537766758
0.9865800194032379 0.019120856822503817 0.3767927957633166 0.12123353917119262
0.986347670092398 0.01880007074591082 0.3859587369452065 0.11756392558995596
0.9854351076770698 0.018556082807529854 0.38453463512201064 0.12984293193717278
0.9827722075047786 0.019517853802506598 0.3814493803689734 0.12797585782944004
0.9818577083155967 0.022276959221523458 0.3921305468736909 0.1988132043482597
0.9817732397801926 0.020733424156818916 0.40066486638528304 0.20883472962680882
0.9878770781978701 0.02289670799683959 0.4147712162254698 0.227779416101445
0.9894143345894845 0.024847019073089664 0.423019902672471 0.29858681964460615
0.98229607345241 0.026638295281919883 0.420003167842875 0.14698719459501924
0.9803993554834893 0.026692280399698627 0.4290393370672431 0.17142622344578215
0.9883491714395901 0.02958768460290812 0.43405152777194406 0.1818145956607495
0.9876150665356368 0.0316735159750189 0.4508542693928597 0.14390597428787497
0.98870470639201 0.032219604451311716 0.45725516579663916 0.18578154764044136
0.9892473878433978 0.031495346559847016 0.4601103675995047 0.15296626040856312
0.9878605725520835 0.033516009775825924 0.4692741797571641 0.20586527293844367
0.9861148666444262 0.03166613509308474 0.491730360623306 0.23786430403357425
0.9892845931637256 0.03178174451882311 0.5045627280653074 0.3424207917476053
0.9814119906773011 0.0343089829565033 0.5010552273527917 0.22709535120461485
0.9903678439432795 0.03507107153378767 0.49167455501932 0.14117211467259072
0.9870385722293138 0.043410460741879375 0.5908831560500468 0.17621132165987047
0.986250109398321 0.03422006593723531 0.5063969049588788 0.18954780270327648
0.9876612138454244 0.03748472391956449 0.5645058805485428 0.24015748031496062
0.9815830381821136 0.030269358525741086 0.45591132665014406 0.1984546271338724
0.9849980302848172 0.03215951270581517 0.48456072796546623 0.1432539478421892
0.9863151111254583 0.03113680277726555 0.5017474740536492 0.11665446941975954
0.9851189582189369 0.02857001408697922 0.46347790455263027 0.09573002754820936
0.986498940467399 0.029059916439021383 0.46605526626068244 0.08956078097916735
0.9823356267085807 0.03229306547778912 0.4720869581522453 0.08925382701729216
0.9866195210078351 0.02980646311183224 0.47527530518200506 0.10447308296444381
0.9874215583164184 0.03003029667471414 0.4713278625099269 0.0967281719611946
0.9878657386342379 0.02956135179490448 0.49411202626496087 0.09649512318363472
0.9918698404525363 0.03052296067488324 0.46788811670782837 0.0891173013312922
0.9861648905082555 0.031154902781113943 0.49051199102117615 0.10295912848644055
0.9856724170881651 0.034235745550606426 0.4877236546872343 0.09935967243106678
0.9854119182499976 0.03341464537211764 0.5019174288380968 0.10873571691854036
0.9831591062579068 0.034183503783154566 0.5270476534254753 0.12431492610651246
0.9800629378933619 0.03732889912934958 0.519826737514536 0.10993269752161015
0.991812261877694 0.0413645573731141 0.5439950371188996 0.09871353162436387
0.9865317874433445 0.04102015171964444 0.5636889995073936 0.1431619985636606
0.9785449215327784 0.03628560351935408 0.551358230203389 0.14473418233272692
0.9771016829119428 0.03916438320219812 0.5710975089738042 0.17064237868054552
0.979445262568115 0.04156507239920216 0.565930667325605 0.1507770865838585
0.984312252441578 0.049516055733361694 0.5889355323283124 0.19251734390485628
0.9812302922472563 0.043477581627870646 0.5854722963364152 0.14741173755864934
0.9776725585778777 0.040617624114394936 0.5969152711199651 0.18444346351323096
0.9853276452898804 0.044326804965799334 0.6181397261810545 0.17733401226504905
0.9807523491001752 0.045485048156503845 0.6239201968926429 0.18593953764078244
0.9716967756192209 0.04456566465124332 0.6390977789253428 0.20403650854865665
0.9744415689414979 0.05072516206140709 0.6461489995768974 0.18179795777624524
0.9822536946287883 0.04532993119433583 0.6652351662978655 0.18650464880787995
0.9840421719327282 0.046369622145584016 0.6736105517596367 0.16402752854410285
0.9903084817449177 0.04984593989931024 0.6942773404996271 0.1213009552978925
0.9785671297944075 0.05532249532543726 0.7113023861678742 0.14012547553894414
0.9852045550400674 0.06073340142391177 0.7187748924337818 0.1125004864254861
0.9842113212223543 0.07177028727370514 0.7452285679828562 0.12908391115289694
0.9782626783974726 0.07492344241358949 0.7471408530523891 0.12419888874678489
0.9871032128792965 0.08723247697108252 0.7756208879141723 0.09707874392830267
0.9845981199595036 0.07946556563688335 0.7661889683239208 0.08160828396846868
0.9772785073085978 0.10745913402639225 0.7528571372929349 0.062232119172937576
0.9875608300836075 0.13507090517370718 0.7784698707246249 0.06662175261062951
0.9895766834429482 0.2382614180919145 0.880893098097156 0.1189831781510211
0.9883934033115308 0.2060414959894831 0.9010202960578167 0.22084166428639437
0.9846888382643973 0.21739424703891708 0.9152310536340595 0.41313026121669705
0.9858129114357439 0.2092186463505337 0.9135083128698522 0.33109743447894335
0.9921952039780678 0.22042299048733183 0.9242565494596499 0.4574060886594267
0.9844481781706446 0.23138794567062818 0.9087008462241914 0.2498843353544208
0.9875889929573746 0.22385700028655278 0.8841181102171833 0.15326727895157521
0.9863275108959072 0.26062163593046855 0.891161221331669 0.14332424290018134
0.9848415183998498 0.24771496457392383 0.8773260768204254 0.12348277977601078
0.9863808565870229 0.2724480304570724 0.9024517130745145 0.19047532226010538
0.9862353203463464 0.25603455402165826 0.8794711966903906 0.13800787531178385
0.9872431139341851 0.2694944397302488 0.87477205262535 0.12416136432497944
0.9804268642671746 0.2719498726038033 0.8765320193244168 0.13905075187969926
0.9875791232279488 0.2960541925686898 0.8848031916388054 0.13610135182298333
0.9910205361189518 0.3207535791390768 0.876728590905652 0.12102772143340094
0.9840752813677406 0.3300701839303001 0.8790701340144501 0.1263896893173364
0.9829787492484194 0.2989058316843208 0.8729835511928469 0.12077623286986096
0.9894349916208977 0.3224781195891938 0.8334416445570204 0.08222990692651823
0.9863181579521215 0.34077721789586196 0.8518325972457891 0.08962045151181011
0.9923793706101274 0.3212754555198285 0.8429887027683755 0.08971750182048333
0.9867193968048259 0.3258579300222645 0.8167945429460318 0.07520213208586818
0.9877596663863938 0.3386939333300796 0.8174401959819187 0.07714322663353032
0.984424924950309 0.364060834078849 0.8123511125139352 0.07342962121128532
0.9873533426745004 0.33436563943747777 0.824346844969215 0.08014960471739362
0.9862724759194055 0.33616597764507733 0.8136482215075432 0.07671097168331545
0.9859270794945256 0.3623559197814645 0.8125849590809324 0.07704815644383184
0.9899240479310324 0.3277050039297878 0.817889410559493 0.08359141811979623
0.9876412125949215 0.32784868119641336 0.8280852329739089 0.0941633909773521
0.9806191167473619 0.3440980847824345 0.8224663301047508 0.09043495783178944
0.9833710024986758 0.3731504920740209 0.8290103859697782 0.0944787058275284
0.9869061894928957 0.35985995457986375 0.8255589009975149 0.09419645988729627
0.9820473093800174 0.4059260551605821 0.8220166864765686 0.09338890792555851
0.9837383020689077 0.42256620028200004 0.8356675485855632 0.09875751454960652
0.9877659103718437 0.39821532816278876 0.8258392634884527 0.09508358649522486
0.9922696080662118 0.41615485111047706 0.853972620074394 0.11769349093264249
0.9882215162766621 0.4173042062248441 0.8489576607208768 0.11747602194534713
0.9849851278172461 0.37889130597854626 0.8572825382044332 0.1296130258580497
0.9895616422799839 0.4294553070392812 0.8534122600503279 0.12077863942174766
0.9875273936458264 0.4225456418842773 0.8690901448124907 0.14226728167187272
0.98835535332682 0.38757444068887814 0.8530986159763864 0.1255611672278339
0.985071497559081 0.3998010115247492 0.8544048287078627 0.13342640198849126
0.9853224276253374 0.3854577310556286 0.8634823123612931 0.1511991113827987
0.9893088842297992 0.37472668587096103 0.8762702834914242 0.16387879563971636
0.9887004418424324 0.39140625 0.8884164060507631 0.18908943204294998
0.9905161577421367 0.40446902573019367 0.9096055940572817 0.24227024772525216
0.9899039348972336 0.42392063985090855 0.8971430875554746 0.20225602363994544
0.9902180767088736 0.373318698491247 0.9121187215377777 0.27031824376166647
0.9892038221692261 0.44595088201800565 0.9175695815040077 0.2730166558317828
0.9886099627494191 0.4132199828063807 0.9158667031790018 0.2586908423722411
0.9846374268204067 0.41462144875799495 0.9230650392646969 0.3090111357512459
0.985938274919124 0.4014212355412625 0.919316365838478 0.29894286869620473
0.9772993605741006 0.3891178667256784 0.9179415540665109 0.31688314777809495
0.9939602949928605 0.3768439154149985 0.9296060917625308 0.3395292538529757
0.9824607909589353 0.3412787168099179 0.92223181381087 0.3366712380592074
0.9874349864682757 0.34187732013434685 0.9347804754424154 0.3757244467860906
0.9870453745144238 0.301734338550999 0.9388966546160071 0.4345047011656608
0.983107628006482 0.2998518824704626 0.9393990942855449 0.4609678037844933
0.9905169698379537 0.18137580769537587 0.9383198255378706 0.4999391283175067
0.9911588743629515 0.264306226798347 0.9421264190571035 0.4662712610777784
0.9902431144138123 0.23592503247355726 0.9454907947973891 0.5030133510193489
0.9874732698289269 0.2546651367836222 0.9497110021270037 0.6163485897652423
0.9818522553067502 0.32441381434566663 0.9464412273548112 0.5571199616554079
0.986321538089716 0.3759087237479806 0.9423293658903379 0.4729940306379306
0.9861643269058191 0.3201852227404854 0.9392630280843539 0.5134733663159704
0.9889501082693457 0.3322186736802555 0.9425967347988173 0.5222809713366163
0.9852835945525638 0.34270057608542925 0.948608188049864 0.6120926369931822
0.98816395102642 0.2815229875056555 0.9472829760576356 0.5938095772120668
0.9791157386449374 0.30471508689330473 0.9503878072496212 0.68052228898348
0.9856845233896264 0.2771576924649413 0.9617052818345846 0.7501333910159348
0.98519643942373 0.21808180973039976 0.9529467947637508 0.6814841935158065
0.9904974516658944 0.15232252410166522 0.9605807333575594 0.7046090003922015
0.9890214843536407 0.11096956185449748 0.9517304577614867 0.6532832407709899
0.9884820622079095 0.0547214431061981 0.9544796634398048 0.6712571951153908
0.9893393828994338 0.014876978828914743 0.9399323304373741 0.5930562199897235
0.9859438881818284 0.02016922995050822 0.9451449695715981 0.641526907013141
0.9881204017762047 0.018998475430983933 0.9573970687478406 0.7330140884169616
0.9903101390488697 0.020531400966183576 0.9585550200615581 0.7485246620678655
0.9877469115328288 0.00020625644551392232 0.9667293679788292 0.8194051849458892
0.9879321021149463 0.0 0.9743203430855215 0.8858872750074527
0.9908460305140826 0.0 0.9667449890489689 0.7743653020519928
0.9842867468962806 0.0 0.9535248928313739 0.727257467668714
0.9855443392538369 0.0 0.9510057116520995 0.7338044842537654
0.9915336498339758 0.007819804504887378 0.9608049438859635 0.7834412180835857
0.990670969659867 0.0 0.9730344914668176 0.8848167133852658
0.9884479245956083 0.00119233238558195 0.9761301335746716 0.9321964509021616
0.9869151100425374 0.0 0.9761896429726756 0.9367588658390957
0.9855292783641771 0.0 0.9741344985436304 0.9420520550437257
0.9842112350472428 0.015040379343557828 0.9682283772349749 0.9253978290029604
0.9918614608058168 0.0035738831615120276 0.973064745560501 0.9365610173958883
0.9885075074738555 0.02343838889520992 0.9753962398280941 0.9411767652731509
0.9869130778598624 0.0 0.9648377930641038 0.9133554448511437
0.9880484632760627 0.0 0.963767759331977 0.9332014695759626
0.9837503057604651 0.003353415937251336 0.9564227771758038 0.935341136168998
0.9832375621151829 0.004106902047321319 0.9435013424990598 0.9028518494011778
0.9940622203376042 0.007582812292137821 0.9506627038151508 0.9143278872978036
0.9892693591606451 0.01082967868969838 0.9347135384466511 0.8944960314883542
0.9925529904473936 0.001621120889300602 0.939865722261957 0.9148828433736
0.9947859338189416 0.005336578972006367 0.9357110831660375 0.9148615960047113
0.9838406916002338 0.0 0.5096547415821976 0.4398560019861795
