0.9835410189214308 0.007335459438700264 0.1795992319465889 0.030987754087151115
0.9790403253023726 0.005469361871105905 0.18778179475128992 0.027435790285769392
0.9833167264089628 0.005644724722460127 0.19413717453279475 0.040117593848937136
0.9792151015132107 0.008104773291787942 0.19292987521596597 0.03603500823051974
0.9799671885462462 0.009064850653618638 0.2026567647262569 0.03469146737525834
0.9814544012856274 0.007407859157229376 0.17936174054867918 0.03621351623364521
0.9862051404053458 0.00627400355640793 0.1840539749661008 0.03937355244292489
0.9712620703111987 0.007413159987014578 0.1761433427716073 0.0521978021978022
0.9825624628652982 0.0064080504214677906 0.1863778133692995 0.04945349858495169
0.9773436251674676 0.007609308554378216 0.1997835221190868 0.0484141845066888
0.9852157255731384 0.006418349964906446 0.19060689524924992 0.07541333333333333
0.9769562586998116 0.008095881167970737 0.2012563592125636 0.048170089293424756
0.9847967609255134 0.008448100098066957 0.19402213633141718 0.0855626796374088
0.9767944319425487 0.008915108582954093 0.19780433924923288 0.05166229558778155
0.9848093709259056 0.009555633086490125 0.20520700461664973 0.03729115145666204
0.9759440634350252 0.0103041740027042 0.188433186906732 0.04920318039445152
0.9823434641987572 0.011756058823645324 0.19724393455139907 0.040571889241703823
0.9845093009109772 0.012955951940374716 0.19972293448663037 0.039540128450262294
0.9844365837709635 0.013382815337414696 0.2081139041435744 0.028377110694183864
0.9788919111908988 0.013187637857160966 0.21351204371703755 0.028682129954447876
0.9794620877428517 0.014021082376294066 0.21388768462756846 0.028705067625734125
0.983735416023428 0.015445163600392046 0.20371578331300808 0.03363711681855841
0.9828417644885182 0.014263989381841785 0.22108341988942154 0.032263674212588356
0.9877711341888411 0.015931075673914677 0.2230464022523167 0.022735444382196282
0.9891549066939003 0.015045742185340598 0.22637906753694437 0.025709378466382795
0.9903325801333941 0.01600352371164293 0.22799894053999242 0.030714337878582382
0.9815974950316587 0.01592988789923224 0.2347619935537146 0.02760803511141121
0.9851776017611509 0.01683340619607893 0.23915876561652452 0.0356266644299524
0.9847567197333452 0.015977855161915883 0.23296831757699205 0.025360671637267383
0.9881694820199554 0.016227994964302595 0.23709622376063852 0.027199280343534124
0.9862985166103253 0.017353969374864445 0.23274057212073115 0.025867090072048064
0.9860235770499298 0.016346343346088785 0.237786078738254 0.0194317360943896
0.9857445722394688 0.0163069603103405 0.23389113728343414 0.020758271071162186
0.9883077187469311 0.015361901007014605 0.24217275569702262 0.020638458433512925
0.9886402461955948 0.016166938074953667 0.24545111022025645 0.015574984750341301
0.9883980015508593 0.01451366777916627 0.24356096553124879 0.01927469747597742
0.9876475959878863 0.015403239228845615 0.25246323886139704 0.022410799917446673
0.9876262035354755 0.01406376151537108 0.2563993002581216 0.02245122322741301
0.9890024430863591 0.012997338704174325 0.24431223293148982 0.02516807446991898
0.9832969950452226 0.012440836251724504 0.26406625320612864 0.03164047925044567
0.9821125249118504 0.01250102389938692 0.25474263515700873 0.028190354091243507
0.9787710305764374 0.012335832346132643 0.26365954639454287 0.024714163345871662
0.990196274384394 0.013431133629568812 0.2615107464762068 0.027593511343999108
0.9900564931756901 0.012816084851903137 0.27786030309365956 0.02577094065344718
0.9865248678596447 0.014381154445003298 0.27572017145948646 0.029841299608523407
0.9870695306775674 0.012026007670230869 0.29476407811466093 0.025516636179364217
0.9837851777827923 0.01516284440574333 0.28670501353026645 0.029655672906875975
0.9838533202985905 0.014395112799022728 0.28431517905780795 0.026313588491504378
0.9870679820405827 0.014106637949784359 0.28892737613218805 0.028296378859652613
0.9921609336213288 0.015406291742393137 0.2906056757721391 0.034202113656023166
0.98081112669769 0.016157904452009222 0.28902948668853334 0.03276033154331076
0.9845324657952587 0.01711682594035535 0.2993607520253319 0.0376118087684512
0.9838012729888536 0.017963121964639506 0.3054595692674931 0.053402724054668636
0.9846562364381285 0.020067771211031833 0.3054391140955725 0.04353642097897781
0.9882486843001255 0.01761189671090528 0.31353914465722726 0.04008345388877407
0.9809161546605704 0.019829701122235414 0.3136688449795609 0.07620653657753151
0.985621689126186 0.019317273821654487 0.3205356760123354 0.052015450603094864
0.9898913992337566 0.02239668882418866 0.3309343745474961 0.05053288154670481
0.9875350992829401 0.021082205740814132 0.3212399127070997 0.05311010215664018
0.9851504800536789 0.022434749385103994 0.32655206796966135 0.05836742001680233
0.9859218299056793 0.02158968903477199 0.33924379703894375 0.055462589538313366
0.9798445101559883 0.021993922915377356 0.35334842612930467 0.06512138135400046
0.9945991325031481 0.021810641631478746 0.35994103540454353 0.04873933716389207
0.9846299315141244 0.02036812728867015 0.35928155037666765 0.05037878367736282
0.9893286213360502 0.020981766964242032 0.3576113576139328 0.04833779539178278
0.9865499042580607 0.01884538378923083 0.3788163580639958 0.05899516265260679
0.9884081488009475 0.01921757986837792 0.35815094259420627 0.06116836721581125
0.9904622440868258 0.01715854142098677 0.3730302754703157 0.05327816750840778
0.98376260458623 0.017762626130941518 0.38053524933425964 0.05234773247775749
0.9876474622689674 0.020347906652335383 0.3802083777182759 0.04392039081546576
0.987716174062698 0.020962085829755783 0.38945840453462044 0.04061446363448703
0.9863634342465638 0.02057732308314261 0.38978108749971385 0.044131242477629125
0.9841650798213152 0.02150199395833225 0.3894339468740521 0.044957941701902274
0.9831804299680204 0.023898567065262846 0.39378831699448696 0.0567135187044393
0.9829081087056302 0.022066622528071476 0.40843049659227765 0.05300056085249579
0.9876262595715339 0.02532716744192354 0.4189261284765775 0.05411608253614174
0.9898308517204135 0.026420977171626274 0.42894120289058413 0.059780799908188444
0.9834713825531126 0.02858566150525136 0.42472236755040105 0.05469446922390723
0.9817366663147489 0.029584418448800928 0.4336907296496839 0.06118979519165604
0.9891971789450057 0.03132013656928728 0.4274967755082768 0.06939139461531295
0.9886595747963649 0.03326110652644958 0.437748610972206 0.056928958904658
0.9897186983942992 0.03484146861505012 0.42936849648654896 0.06054701162174856
0.9899988689968473 0.034548266572913724 0.4363911682084425 0.076841235668152
0.9888694934024063 0.036339612224452006 0.4387200857352546 0.07874429315987233
0.9872713907123526 0.03466834190381203 0.4451989731367275 0.07702361031378632
0.9903088972858328 0.035194123132802145 0.46499065032204445 0.08636522468376547
0.9825329658939587 0.03702311128631791 0.4639340129774041 0.07785628251772565
0.9914793116980919 0.037361664165035995 0.445640206888523 0.04908390292385274
0.988330385509424 0.04583164792492517 0.5530978401529509 0.05378417407857166
0.9876520141018469 0.03675613859170803 0.48340234319860725 0.05073283620467987
0.9890067685304821 0.03958223382683814 0.549934928941085 0.09101966646150239
0.9825838673110763 0.032254436871683625 0.43753723368256053 0.0640192834089145
0.9858013884409258 0.03426230860507764 0.4496916081025217 0.055752825341715107
0.9872022955523673 0.033186848436246995 0.4732209552591097 0.041989395435878776
0.9863028511696644 0.03008245510294131 0.4436402228063218 0.035338215539281535
0.9880941338039622 0.03131925462850201 0.4528165775055044 0.03523730277432538
0.9834436208039534 0.03431073835702017 0.462483493971443 0.03250484414994139
0.9879421173327988 0.03221330694602792 0.4782111148931342 0.03430109232202684
0.9885688135208465 0.031842901412246 0.4890114510515078 0.029607757240821552
0.9890534115318708 0.03169010717939402 0.5050354055483002 0.03152669292417592
0.9931773457084158 0.0326805027769658 0.47889919610860604 0.034388557806912995
0.9874516283006134 0.033992752539633554 0.48314265748577256 0.04302988234882378
0.9861986946443386 0.03547258213789912 0.4803618580542543 0.045869788986103964
0.9866638452008285 0.03576993372955346 0.4882831209783952 0.05508308557468483
0.983373246257792 0.036248601426458416 0.5154017068120992 0.06330740672299964
0.9810189489884255 0.039614057649360795 0.5089464362482485 0.058867293561797235
0.992975613746576 0.04307972555782472 0.5372924486944133 0.04662359402885959
0.9874609928393352 0.04353126646056259 0.5550582703269565 0.05508755661756839
0.9798657231518807 0.038174816087477206 0.5399794110291412 0.06340779647636004
0.9782615874802009 0.04126603165079127 0.5694593751812351 0.05395086434762415
0.9805077528940874 0.043752980889035134 0.568608715645243 0.05818339383004567
0.9855077889550707 0.051007635862047616 0.5928266944692813 0.06315199195137841
0.9824245733857107 0.04700065224438464 0.5842422540362611 0.06480135477392959
0.9784614454203325 0.04209093286330527 0.5981648653526097 0.08592129422857427
0.9861719509946659 0.045941036863390565 0.627470693881018 0.06920108550722365
0.9813145076934642 0.048279005960318505 0.629617832100951 0.08494801396727276
0.9725504221538147 0.04626212130067119 0.6359084411891035 0.10048685262712263
0.975348567671188 0.0525955837729331 0.6463669767805488 0.10336961788934983
0.9833110453902533 0.04830581510280993 0.6643449956745183 0.08244648202532602
0.985200063083835 0.04947197065452349 0.6685182521758397 0.10988615074218187
0.9909049211433142 0.053088757019902316 0.6835477135458918 0.08857758620689656
0.9795158720605917 0.059080913320481876 0.7045406033905304 0.1040596034260237
0.9858638396941513 0.0643603363922619 0.705157624433153 0.0809217344352809
0.9850014715829586 0.07830370756694449 0.7166389034463827 0.07708654218385787
0.9789706526163795 0.08235795142323332 0.7133467324479614 0.062177299088649544
0.9878298780801481 0.09229945766394056 0.7178840254939733 0.0490576083484187
0.9851276676950884 0.08349028070341023 0.669107199148401 0.035061642363093164
0.9781324241672658 0.1196147364315112 0.6462625365526429 0.031497248381646956
0.9879141647750437 0.14231244971238485 0.6603540786110197 0.0330257962370685
0.9904208492202327 0.2587612601150186 0.7433428597710483 0.038868086818940446
0.9894350118311263 0.2263402730115153 0.7946487893694499 0.05602477320112016
0.9820093792016265 0.23049973941745325 0.8069178591563775 0.06510739856801909
0.9860930878444705 0.22186598590912288 0.8175221571538834 0.06910571819608105
0.9925376092243942 0.23746885797184658 0.7995275291148047 0.06281895232884055
0.9848760845597048 0.24969252300776115 0.7729222407621974 0.052407417025918036
0.9876166118387495 0.24286164699391097 0.7517470543194161 0.04682779456193353
0.986881852019358 0.2740442169772984 0.7539422515806785 0.04416640548966564
0.9857238115413132 0.26622704525326246 0.7596894414942909 0.046866013707811724
0.9868145264263585 0.2875291174186869 0.7814123526597294 0.053834758276125834
0.9867167530162082 0.270105299996912 0.7339389231825247 0.04439678284182306
0.9873819430963614 0.2852258933841134 0.7339604548889432 0.044945033665018175
0.9811887442918253 0.29551707572713776 0.7095430434649461 0.04281248200622542
0.9880193281222724 0.32775824722133445 0.7374251386113263 0.045354291343792735
0.9913404977512993 0.3480369792291992 0.7435193346441566 0.048814318669010585
0.9843159975132021 0.35679450900114396 0.7273343696484377 0.04425400688092641
0.983603212065043 0.31143346685498624 0.7201602335455283 0.04323042171255814
0.9902056603381231 0.35965887585162754 0.6915201150534729 0.040580107288275435
0.9871891860942489 0.37793325883787077 0.6864287203361932 0.03690239187512623
0.9928373139621626 0.35519330990183007 0.7006164290913307 0.042250074933171844
0.9873418798742941 0.349003532872952 0.6636662008642179 0.038174659328432774
0.988293976037907 0.3660596046604867 0.6940662320662612 0.042712245640518294
0.9846667141630632 0.39065715965892384 0.6955870918045759 0.04203469646691392
0.9880750065849055 0.3563823060775437 0.7096964426800522 0.044726624393023245
0.9865992060738461 0.35382662774463763 0.688155741571535 0.042603803021180296
0.986026971250321 0.3836720066894071 0.6953899427932398 0.04502749562913266
0.9906924623055988 0.3405902273826802 0.7010214720607474 0.04780827059505973
0.988787772845575 0.339110235295653 0.7075147802784679 0.05202426817873462
0.9817842157164365 0.36019607581953567 0.7140423063677065 0.05167465065234736
0.9845180315064666 0.39229214391591427 0.7091673991382492 0.05190112060328851
0.9882481632271047 0.3747340926838463 0.7156197014321775 0.054529164404972894
0.9831775416374875 0.4299794185001594 0.7072836505282541 0.053686231160185005
0.9845777054003677 0.44744568408690544 0.6994921735321277 0.05125322399312215
0.9885845838898586 0.41985967946661457 0.6988548416389111 0.052016804164510336
0.9928191951757687 0.45188303390212736 0.7238703677732587 0.058644278809645636
0.9887663401063361 0.4435035195032736 0.7320548709400482 0.06340632669571898
0.9854341281764238 0.39553764734183305 0.7168702845097472 0.061012351658997335
0.9901688924939889 0.4450714641714497 0.7174552350473844 0.06039488230505339
0.988211802715053 0.44472995248715214 0.7495614252191196 0.07012696748642235
0.9893369851033101 0.41626856455753797 0.7120539781242837 0.06072122867662227
0.985897548998828 0.4196168889780363 0.7166482318072294 0.06452512623226737
0.9857243181635026 0.4130879345603272 0.7205860802179922 0.06908606788168392
0.9899518752551416 0.3966101103197877 0.7302054532520871 0.06956828639732568
0.9891433264434845 0.41046292811441476 0.7536461984744361 0.0796046164488295
0.9909657899686665 0.420517954136774 0.7712477502679456 0.08941895214235342
0.9902811117912881 0.4523215469182488 0.7557651850480502 0.07887982516327412
0.9902883575357283 0.3817641740927289 0.7701339168387263 0.09510141376426891
0.9896435078559943 0.4711010723634214 0.7555088609468948 0.08883289872436394
0.9894613838770203 0.42591000286615077 0.7607667618047846 0.08740942678814836
0.9857845355123829 0.4355819014031665 0.7504903890475854 0.09251676825599824
0.9868198342895883 0.42396253074467527 0.7452232251974344 0.09086266778041184
0.978453800673857 0.3841420780310446 0.7499125424599017 0.09585282806261176
0.9942800512261235 0.3873754332755633 0.7413119491083142 0.09512071530150219
0.9830949808400835 0.3642076766895485 0.7606339111372706 0.10636351804720037
0.9881220711651195 0.3625027426314635 0.7658708842706656 0.10514835792029897
0.9876085708033268 0.3278422900351067 0.7508886217859477 0.10684117701661561
0.9836110722481044 0.3173305380852551 0.741263341462324 0.10688993359502999
0.9906675806932654 0.18323375456035532 0.7600825110107599 0.12424832911438509
0.9917995918629616 0.28861901457321304 0.7359079690008112 0.11105219446751421
0.990643141567708 0.24942876096410407 0.7437790458515905 0.11609737475193924
0.9878971957455738 0.2691395560960778 0.7523045309113606 0.12855603560279805
0.9828930784291652 0.3272510755992624 0.7560125845795802 0.1304783709716585
0.9869342923277491 0.3822906155398587 0.7258913551704207 0.11977349699203765
0.9867895672025451 0.31908289947937524 0.752400829671538 0.14321874580367933
0.9892991115053972 0.3417209861257784 0.7418412196964494 0.13876312630554163
0.9854121859315057 0.32369724927387666 0.7538118978384983 0.15389177168272794
0.9883600915451874 0.2967149296544188 0.7330122634242165 0.14654223498444605
0.9802434715590026 0.31894273127753303 0.7523546245219691 0.16242655774880174
0.9871506974294341 0.31562172193980476 0.7962260177291421 0.19542643452581906
0.9861769107582026 0.2608864545701744 0.7499635750734294 0.16805524902523358
0.9918754174514252 0.19271062593538163 0.7735122065619148 0.1837972528686341
0.9896552478293517 0.13127128785786615 0.7230147666126445 0.16609508439244167
0.9892773337784236 0.09702472106760009 0.7435387836155399 0.1798554014720595
0.9899746534140705 0.032305433186490456 0.702009923485176 0.16731388810623415
0.9871039195074336 0.028684627575277337 0.7017669661328123 0.1717625090266313
0.989581692212485 0.011928903733746868 0.7374488046808073 0.2010392335985128
0.9918036222046402 0.016052928505487743 0.7279593564775614 0.19528900078938
0.9888073743253363 0.00043268190668493544 0.7189566317392806 0.20196891090176022
0.9887416111023877 0.0003305511941161887 0.7660583811584252 0.2459845539221061
0.9917450813751988 0.0 0.7502954497074864 0.24318274845468724
0.9862524696352168 0.0 0.7782080030629349 0.27830041169973174
0.9868002079783217 0.0 0.7641909689596658 0.2838673716224626
0.9930704726751984 0.008367020776534737 0.7835061414365726 0.3064647664403861
0.9926128291164112 0.0 0.7835609823977843 0.3255374008575993
0.9894166602818288 0.0022933588150979454 0.8137529819030791 0.3915556322528103
0.9882954197567116 0.00010309278350515464 0.8421595129871521 0.45721891740888027
0.9870994595297259 0.0 0.8376273424319438 0.47003754202524517
0.986048216565592 0.014458955223880597 0.8002294886841804 0.4405998227796333
0.9930509749537212 0.0026383290582631 0.8447873923094577 0.5270765527580289
0.9899593468096896 0.022296544035674472 0.8577997453350503 0.5763363575429693
0.9880953119859974 0.0 0.8802882354568339 0.6599850479837663
0.9889531223169824 0.0 0.8726769956867145 0.6672791758543045
0.9849461724789961 0.0010175984676164252 0.8694515879089798 0.696358977910117
0.9847168244847558 0.0007656479295603905 0.8614958855511677 0.7113033483868343
0.9951119771349974 0.0015651678998292544 0.8661185555490328 0.7399468848227095
0.9906295979846597 0.003870199464126228 0.8519537604264008 0.7529521499860088
0.9933782826688251 0.0 0.8645445574201005 0.8044777025821659
0.9961327277038983 0.0019124308002013085 0.864753746198903 0.8143064132005677
0.9851536336918197 0.0004725897920604915 0.6962107830767936 0.7736706717893442
