0.9867823631483214 0.011657390595765049 0.18080161942652453 0.08038413658189579
0.9823245473715675 0.01192729685916515 0.18821909259764466 0.06880850908825993
0.9871353813635682 0.011121573329215727 0.19509915845782505 0.11915459090046193
0.9831226880394575 0.011285589881482703 0.1928431719387278 0.11229264142917907
0.9836571303947124 0.012647130070431886 0.20134989200863931 0.07873651771956856
0.9859978612091815 0.011188247721522097 0.17887852603407234 0.0891155807910692
0.9897066748879433 0.010398077472848597 0.1820477443161145 0.11211573236889692
0.9755206982460566 0.011131547054893491 0.17455984073344097 0.18816661862208128
0.9863286031867282 0.011434483318231612 0.18624273835736962 0.13986936728904137
0.9818913381975399 0.011507371818381868 0.19828620689115678 0.18889651490886905
0.9899738174459269 0.011298152616338035 0.18988656090920408 0.32114882506527415
0.9817243741000825 0.011185442242044579 0.19720184308803007 0.33635790800252047
0.988091784368214 0.012829685250605809 0.1934823814057232 0.3316589926049951
0.9813496796724174 0.012426065544639911 0.19615884295709612 0.18578612135434128
0.9873700400786785 0.013150737120761334 0.20226514120075542 0.1663916391639164
0.9801286857788338 0.01362173490008233 0.1878546452720004 0.19426974143955275
0.9864644531391954 0.015105689616130588 0.19636731105526198 0.1420961078495325
0.9879463904686687 0.016034045649964208 0.19571440978644425 0.13932711583718296
0.985947487602832 0.01652546280517877 0.20262470941806554 0.1478890084918072
0.9812926579245788 0.015827190868686704 0.20589386251110983 0.11347331254929947
0.9815840404417856 0.017251532963189424 0.2086760804028356 0.08005680968754672
0.9867446193142148 0.018243889226888414 0.19969866870847433 0.10775862068965517
0.985936212712604 0.017850999857616037 0.21517570133370267 0.1186108388180927
0.989960531772622 0.019186495911408107 0.22097322992244184 0.07287121157927368
0.9898517335607818 0.018048269062819814 0.21906880932517536 0.11402897487621493
0.9935227238443133 0.019198413433374712 0.22181876973567427 0.1211446508741833
0.984945891172277 0.019079782359258394 0.22802652433339549 0.12631149668186706
0.9874254225810926 0.019691536891689686 0.23423825351149183 0.14015405885838436
0.9870663274279216 0.018844086329496537 0.23095719829966654 0.06912018617220929
0.9908481791603515 0.019132393236231518 0.23592329805087986 0.0814228367528992
0.9894882745544905 0.019910972706376318 0.22890169313861058 0.0764029294154648
0.9874752084544458 0.018793371389884753 0.23306769599750196 0.04958315691112701
0.9876454739340254 0.019445110167201227 0.230102864599464 0.048531411476747346
0.9908936028142805 0.018718826746984493 0.23710600528097586 0.04470590928340067
0.9909310873233067 0.019269430835175523 0.23704755321336635 0.04579176600647318
0.9908245062605354 0.017591709132410285 0.24057788431529223 0.0648319612768376
0.9902309754336145 0.018210285837041075 0.24691168989383777 0.04223410146581829
0.9899110758947215 0.01703752806409213 0.25107182835590386 0.05788379127804386
0.990343624262759 0.015761947998690205 0.24231755901672117 0.04401260277520015
0.9842315661182206 0.015593047847726875 0.26370493241642906 0.07509377054251576
0.984615271430656 0.01549592196014495 0.25389545080911513 0.05522973601968216
0.9814291952037992 0.014734989634799802 0.2651495826973213 0.05346243796702983
0.9928172206853053 0.016021817298958112 0.259845109977102 0.06099812470017008
0.9917841413587563 0.015791961875576434 0.27116797600388776 0.0552152399108482
0.9895548621282557 0.01710443128915455 0.2693346241084251 0.05930664948906392
0.9884998124829822 0.015429667884195558 0.28361464138235176 0.05256225458521795
0.9858738167501144 0.01805053392972911 0.2795319463593736 0.05128544605459535
0.9860954732638108 0.017348645098670155 0.27520924878426517 0.04383324398993856
0.98932947844315 0.01733420824159341 0.28271645305252224 0.06772255598033862
0.9946933323706726 0.018322179027926933 0.2841310987059852 0.06215375579020438
0.9821443998922617 0.019547711212858813 0.28009606487695043 0.08048503882055308
0.9877681127963485 0.020330257618393213 0.29018955632784554 0.08592948283540186
0.9842555217867178 0.02208523605568425 0.302918099759145 0.12425522695265952
0.9874795575856987 0.02373467005178514 0.2991975287643984 0.08527344823524793
0.9912310778770745 0.021510597461751796 0.31045989364661114 0.062038784966535095
0.982932548777904 0.023418406555999936 0.3106059875543213 0.20336605890603085
0.9870488398739616 0.023681635493611644 0.3191725229804545 0.11026451983898793
0.9916886488546437 0.025719523720419055 0.326483199192433 0.10413269347248753
0.9898640501241281 0.024214050605174554 0.31609314050394965 0.07746931431141957
0.988157622015839 0.02571435727225781 0.32404931251025243 0.07859349916279712
0.9890375260192676 0.02410398432333009 0.34018902229558196 0.10057565789473684
0.9829016733200728 0.02470526090442815 0.3553293880579764 0.09407658749394086
0.9968789042832902 0.024435530575505675 0.353922222128471 0.07811198355164041
0.9881535136533035 0.023570465965175327 0.35562749521332887 0.08062484252960443
0.9917170119742066 0.02359091756747198 0.353932891369597 0.07751326663052228
0.989524168241835 0.02187596028525108 0.373044779832421 0.09307038740353886
0.9906268859823886 0.02226339241858251 0.3509029698987873 0.1165193777041333
0.9925408728526445 0.02018603395408934 0.3666854256229583 0.08961137546055434
0.9864285764796564 0.02066774724809759 0.3759686159713043 0.08497253956095892
0.9909702134313189 0.02327474127619741 0.3743324272897983 0.07211324279657973
0.9905851365143254 0.023080548863517337 0.3833379143945856 0.0573439829852161
0.9889508537048339 0.02439087930910962 0.38041012421484394 0.07100098403673737
0.9872745258186051 0.025296129706434047 0.38071539503520413 0.07549751953013628
0.9863280289794945 0.02720899581064485 0.38789717608920526 0.10348446275531026
0.9848451182616446 0.025255243424435258 0.3978143574331589 0.09924107629180436
0.9862065218703594 0.028750558572221696 0.41100538762390026 0.09201465720203218
0.9922996740315846 0.030823659419592666 0.4185617102392946 0.10069294473343224
0.9847155085629475 0.03227843640700292 0.4188989313937151 0.07635124215846152
0.983532158298583 0.03374722369116869 0.4304744288546983 0.07497539100951547
0.9912415536307155 0.03569204963823224 0.42012381627400974 0.0753100210687066
0.9906651177747217 0.03770698952379553 0.4270247598294869 0.06110909749909387
0.9923344783219424 0.039206693226136194 0.4163923897540266 0.05668890481704067
0.9922344869332347 0.039865268447077225 0.4233658289517317 0.06545485040987903
0.991571976028518 0.04186977769794422 0.4204277060212865 0.064227099442159
0.9901380786050736 0.040445312196951085 0.4219904721941105 0.05568521688017565
0.9918265830488243 0.041331843779807406 0.4594301332534442 0.08146136756356455
0.9850070608733937 0.04184815424445198 0.46069664603146243 0.0720900365012843
0.9942193330670409 0.04215089346956157 0.4356435726813945 0.04131355212276493
0.9912554432687167 0.05177344902683839 0.5505601791360124 0.04904494922936772
0.9901888782846148 0.041041960402724544 0.48200034174975875 0.055925445190449063
0.991760391082114 0.04547816999750303 0.5507828571856042 0.08096149090956416
0.9848296567523086 0.03680101935985502 0.4561487073942753 0.06487361219222418
0.9882900134845154 0.03963336876505914 0.463831933815267 0.05740761866317997
0.9894613905083182 0.03871364490231907 0.4888555487672318 0.04648005234018305
0.9892190477105793 0.0349558987236325 0.44618568208650855 0.04238304168154686
0.9914444764349656 0.0362229488105662 0.461820438314999 0.04105105051194131
0.9865638182475593 0.038557963447676265 0.4665161214174628 0.040172758556547616
0.991324666855856 0.037195052728148575 0.47540725391502797 0.04005564861872179
0.9913463186843701 0.03804342010117394 0.4746329593577239 0.03963833274273565
0.9908842813849524 0.037417704279536564 0.4942418660470698 0.04231541130556384
0.9953238945501548 0.03855708590347286 0.4682889848343191 0.04168076867919117
0.9904434642055423 0.03971863912561502 0.48611860490855263 0.05183455401054382
0.9881099238959214 0.039491441381446245 0.47800667888350784 0.05510249992969826
0.9896817159865433 0.0409028325929524 0.4942138470827383 0.06234240500826015
0.9843636847141395 0.04180261117191512 0.5221421815356552 0.0691156462585034
0.9840470821265332 0.0456034995987886 0.5095820558660346 0.06709671795318833
0.9958234342389376 0.048239206404872385 0.5332650737738113 0.053240849596363354
0.990366111878578 0.050184471682760724 0.5491777253587737 0.07235754231462387
0.9825303395931843 0.04509765103535707 0.5365018700819073 0.07359812003293643
0.9807851310427155 0.04717452440961678 0.5632559108632886 0.06845399057405548
0.983063262710919 0.051410090030884086 0.5590091160077951 0.06894103891765492
0.9886427591818194 0.05845168245406264 0.5896271292470904 0.08253303564752006
0.9851484712586563 0.05505410058868148 0.576978511055906 0.08187818922335097
0.9818079191429475 0.04814168668172277 0.5887532043480019 0.10569824017816078
0.9891056569470666 0.05459285576510264 0.6168156532364385 0.08843079844899897
0.9848388136562793 0.05658187568949795 0.6205751783230155 0.10484583602015715
0.9758649931290964 0.05584540846081378 0.6329877794865079 0.10133111870116503
0.9790317319193301 0.061938406472540175 0.6426214540164427 0.10785240087862463
0.9863564723517055 0.05613891220698055 0.6564202097390456 0.10176919142604733
0.9873371067183793 0.06020685663638807 0.6600089420556344 0.11694507719564667
0.9920788228261466 0.06372386940455439 0.6714208742883482 0.08259171812568107
0.9831004872619502 0.07012015358443617 0.6977711527872856 0.0954534786968488
0.9897064281617176 0.07637083131586656 0.6866748321952432 0.06431363421663323
0.9886133041426352 0.0910507871058266 0.7015421877627747 0.06336661491514535
0.9825907521051109 0.09540389256919837 0.6775727940599381 0.04747759641542647
0.9911543917454708 0.10687130772703185 0.6794639888381387 0.03810532973554622
0.9874461934153753 0.10073156765718877 0.6252961532443623 0.02962038719824637
0.981378445673601 0.13271793648189847 0.6173436405753381 0.027780381496930216
0.9895536478636519 0.16314600294086 0.6295270116098524 0.0294316255481304
0.9923478407065205 0.28247601561633057 0.6716692380074417 0.028529453443344524
0.9924049211130007 0.25319042258317803 0.7204093960862209 0.03674087745048174
0.9875296432928775 0.24797019772662146 0.7526208392815376 0.045034079844206425
0.9887435056384227 0.2467258006905584 0.7988470959832299 0.05897409818280445
0.9951287646686515 0.2560131195335277 0.8207559965530936 0.07288337889346629
0.9873945602116765 0.2689544090115154 0.7840756008790725 0.05563213814725422
0.9903614313232479 0.26188477382323655 0.7549369937833001 0.04759166378415773
0.987618541382268 0.29524966642439493 0.7352767544340713 0.040428048479222656
0.9881388244979311 0.288763001877756 0.7428817185507415 0.043252283444829155
0.9891225281210106 0.3090903280103122 0.7779111907267738 0.05241946781981713
0.9883551183037113 0.29372465531224656 0.7140534418675489 0.04047765996546535
0.9900997858631068 0.3124081023547743 0.7218218446063236 0.04254427475317545
0.9831470811129422 0.31484296665265066 0.6819367747487197 0.038236856080722255
0.989891623276403 0.3420389301218317 0.7120099316111325 0.04086260764545264
0.9925200137875456 0.36229249105795397 0.7281167989094623 0.04559377457676228
0.9875950689915429 0.37425838336419714 0.7022843519301348 0.03990779201281153
0.9865961674877805 0.34084779516358465 0.7069997935164154 0.040859580662641524
0.9927891054943468 0.38043275942298743 0.6809303016648982 0.039073068346542804
0.9895834094601935 0.39702818359886716 0.6852879529540287 0.03667726631765841
0.9952837859814604 0.37217599506910365 0.6842659865809125 0.03967120396023702
0.9902742893544803 0.3758006344764363 0.6677795570717766 0.03847052939449621
0.9910022109822213 0.3841281935284173 0.6903342704389229 0.04207358685932132
0.9876680802148335 0.4122533748701973 0.6910320708047442 0.04116078039555028
0.9908619735924384 0.3760675285397325 0.7083723949530895 0.04448633245516103
0.9891895901352019 0.37485272048518525 0.6889481551669212 0.04280440624907711
0.9887457322466214 0.3928265017351107 0.7056166031106204 0.046814852772084185
0.9932325147605173 0.36125661139075554 0.7042025272282382 0.04842913979969818
0.9911844750707455 0.36331956306865704 0.706517729381891 0.05173730250005545
0.9838710998136544 0.3794635975954375 0.7127687835009571 0.05131787308110089
0.987065860981975 0.43326428723178245 0.710146193575869 0.05162422565248299
0.9910174771956466 0.4061386034808136 0.7168852109485355 0.05453976878499741
0.9857075623011199 0.45072548855153904 0.6903547652512197 0.05033138984402252
0.9871771707010008 0.46227428588247416 0.6902390180932388 0.049569790229251946
0.9913607288708162 0.44395569026097687 0.6964622584240215 0.05140728029807583
0.994777927761334 0.4597486266501769 0.7311729478670286 0.060471122738814935
0.9905039454702241 0.46711740304985166 0.749021203414358 0.06775378712468101
0.9872903033459819 0.42209245602456313 0.7442531957368979 0.06790238717646721
0.9923023352557216 0.4609375 0.7506842219880989 0.06906627082588424
0.9907155416164498 0.45992873441065235 0.7718536417681078 0.0768908785763547
0.9917674162759814 0.43051787916152895 0.748908626509519 0.07016752763268015
0.9879552719315331 0.4347010550996483 0.7483065098907927 0.07284518949593213
0.9877989257437026 0.44826888034014983 0.7594348078951156 0.08086699462408546
0.9907515500259678 0.4102745705203169 0.7554766004201274 0.07745326670368313
0.9918257755878915 0.4202395477119241 0.7741866640573334 0.08762407941082292
0.9930084767631633 0.4367211635252872 0.809663288755964 0.10811616278684724
0.99257227732304 0.4494534268397634 0.7831270078956831 0.08987243034432664
0.991399570438438 0.4020588487604015 0.7947113857076278 0.10783946069239966
0.9914567383034981 0.4778783653751743 0.8008543270253748 0.10939142065539315
0.9922385226651225 0.47375440817433767 0.8085230835620225 0.10843223596219558
0.9884797839231118 0.4618880875634812 0.8107605612853719 0.12124278370540352
0.9900165726940694 0.4187825022942796 0.8003094429181077 0.11637396470231126
0.9809165495671094 0.4352296829274841 0.8141466442418878 0.1293771465876943
0.9956071267442873 0.4013398595866706 0.8193754163037352 0.1362017929436269
0.9860923493943569 0.37883857976250407 0.8155536511428608 0.13797487953531362
0.9905102824758109 0.39862151822694364 0.8401801415397813 0.1537174099006955
0.9903368816976162 0.3463460431872558 0.8349090959121322 0.1607711382261129
0.9868465552626448 0.31717248652449026 0.8438894839628294 0.17643321251768035
0.9927161546991312 0.21189951306959956 0.8700350042475034 0.2327914690643932
0.9939369240770005 0.2973094709026485 0.8543289900813104 0.1984400196713062
0.9933208777326824 0.2529812871687891 0.8622586885118205 0.21356989312422417
0.9906441634797705 0.2884721761256776 0.878674738415805 0.25930513278051853
0.9852251870442538 0.32033644350609547 0.8646627460777542 0.23192115309892253
0.9893136556230764 0.34922284099409856 0.8433079839025779 0.2031956387972112
0.9893716964163326 0.31067260257490076 0.8548512699464749 0.2372521364900799
0.9916525347914202 0.3323153215808412 0.8562866204838685 0.2416982504076506
0.987702173381618 0.3207782878915644 0.8797818078775858 0.29967800842727443
0.9915801633342461 0.3015103764048285 0.8767518005827503 0.2964953970396887
0.9831563236613438 0.3143483370922143 0.9120745580432719 0.4185942061531552
0.9893622648384651 0.31901324549723176 0.9241042247005702 0.4542421518462177
0.9878838535918016 0.26363947909527075 0.9131833784824582 0.42838823685794936
0.9939157641395908 0.2520233993108422 0.9096155072635425 0.39133873015212367
0.9919115137336643 0.15997828699934086 0.9040636272190421 0.4098354096086643
0.992033872303869 0.19231774235693755 0.9105109903738553 0.41825069917817637
0.9919987952766881 0.09262644728823888 0.8855531825257531 0.3765736513143313
0.9892245882584046 0.0915445321307779 0.899314639926601 0.4225103441649301
0.9917429308374379 0.0665149359886202 0.9229464892891851 0.5092826317075156
0.9943634179603674 0.057411424439624006 0.9181015490018685 0.49247300630666396
0.9910814008639375 0.0055169728045693514 0.9201417425280112 0.5178583795558858
0.990448361975068 0.002115217120816225 0.9365514836470388 0.6142585952330732
0.9931349005434179 0.0 0.9211415641407413 0.5519852906399281
0.9890325043145918 0.0029585798816568047 0.9134065624329147 0.5329843567953794
0.9890827954418678 0.0024271844660194173 0.9044056731332324 0.5342456646364226
0.9942595138226522 0.021289178001182733 0.9186218059852769 0.5819961263376578
0.9928289610299716 0.00790896159317212 0.9414084757610621 0.7066643066838376
0.9916485299528927 0.011187890753537348 0.9675005855138775 0.8711564421778911
0.9906454723986468 0.0208938702089387 0.9689578980233926 0.8983969794755888
0.9893360251457927 0.012806389424400991 0.9663174597138704 0.8988394101501402
0.9891218573873758 0.03616183315431436 0.9504248919825491 0.8297386213506722
0.9947057852397343 0.022613439127200596 0.9547602359934347 0.8599527463110918
0.9923588668515743 0.07297127280352275 0.9549830019703801 0.8575077066456377
0.9905776773745097 0.020567748718622682 0.9334555049632609 0.8065317151224225
0.9901956883904817 0.01882225076573461 0.9207438207869512 0.7935646854546023
0.9870167909220549 0.02481605642387566 0.9121229797893148 0.8043817865191559
0.9866861234433548 0.02221380192298584 0.8930813478016149 0.7816352899300154
0.9961143676059407 0.040596826066325725 0.8829300074652371 0.7753252946385993
0.9929629951450786 0.03707902634211404 0.8615403469652471 0.7712992958120466
0.9945584910441071 0.017006802721088437 0.8568381072217076 0.7968219198776354
0.9967059578299419 0.01573999854259273 0.863195247312625 0.8169509335600785
0.9864661636631569 0.008414270602942591 0.6866928841730355 0.7588533195816309
