0.9866719234647416 0.011163251797963248 0.18339213666019652 0.07413335273362191
0.9824511415866373 0.011052137933241207 0.19012659115958547 0.06759729610815568
0.986749230613614 0.010698205019484321 0.1965827747771198 0.16570479188527457
0.9827185173422014 0.011021320426006172 0.19560452073903264 0.11926847264677981
0.9831216949828228 0.011621835098104227 0.20364633836822615 0.09477012476499744
0.9852766957681823 0.010365500625665353 0.17921260045332785 0.16736577181208054
0.9897242631458791 0.009383012969114046 0.18417696585537982 0.11521720205449638
0.9751981258796837 0.01014816614039349 0.17599504905325045 0.2724255936949082
0.9862302068408098 0.010714889628616843 0.1870324326616646 0.16705827067669174
0.9814753133230992 0.010808298722708972 0.1992219882938488 0.18820310124657952
0.9893550098669591 0.010422947296816783 0.19069567258783943 0.3357549340113815
0.980983730730119 0.010714393770074849 0.19898845027420917 0.2170185743768852
0.9883281505101725 0.01131924513827476 0.19436912621843916 0.345743102936814
0.9812511912447355 0.01114187898944613 0.19813813018834084 0.1722243763732713
0.9873686416389825 0.012037197129855943 0.20632840988297807 0.09999594994127414
0.9798460180761389 0.01267037669817568 0.18936891224644464 0.18304930992030066
0.9864597225805748 0.01386941245056486 0.19882519146404937 0.1107565890117575
0.987736152984339 0.014796879203658865 0.19834576606228368 0.10918275302182934
0.9861418903178405 0.015773734310504592 0.20728440309038226 0.09403162055335969
0.9819045555867287 0.01561568865916692 0.2114092209815463 0.09212917656927164
0.982095648107459 0.016785270691824932 0.21569838042590891 0.09946004319654428
0.9875130401425878 0.017340333236936355 0.20374162568892115 0.11057656448124115
0.9861817497307115 0.017325209000540697 0.22126206603485224 0.1060455557458469
0.9899453694523314 0.018240476615429255 0.22881958906738561 0.06122935954948936
0.9898704450907185 0.01718335234369624 0.22495462817717918 0.07751683363442273
0.9931611515349119 0.018188821052522005 0.22625558923517491 0.09324655239077201
0.9847161370232748 0.01837604728030089 0.2324396278852358 0.062144447192678705
0.9873155107887508 0.018804478191830804 0.23753671762263645 0.12127376285228197
0.9874213615271163 0.018222282885599406 0.23570377037551202 0.05046799690743695
0.9913995974883844 0.018518963698942983 0.24085431885683392 0.05277153894528794
0.989546450245987 0.019633631584787942 0.2341328602819767 0.05210376784143949
0.9877531880024027 0.01830401536896917 0.2374608290196791 0.03447561215713501
0.9880111173633734 0.01880139571897892 0.2304397798583845 0.03268639369722402
0.9915038712496502 0.01822518437630213 0.2397783536649601 0.03157514656835264
0.9909582531738251 0.018981455933059044 0.24032677993541265 0.02197897512403289
0.9912279518107759 0.017216173053845044 0.24677469658505177 0.03350506552332215
0.990398406179481 0.017536408017824738 0.24853442075694454 0.03271939932349552
0.9901041870762961 0.016496647905975832 0.25513921993272537 0.03954477121112468
0.9904117487533686 0.01537843030460247 0.2462519409855764 0.03503575269324378
0.9840580999106961 0.014924882335282654 0.2661613560351687 0.05247134419237622
0.9851352080482266 0.01520713382214781 0.2578300781330871 0.0440736935506468
0.9817335748741907 0.014090646522047742 0.26798479689733945 0.03525099674835982
0.9929756370512663 0.015532577681212533 0.265802804823465 0.048977760687047366
0.9917274988347256 0.015364816744419776 0.2760952002013788 0.04477908159468109
0.9901331207205738 0.01652164185580181 0.27631447838720463 0.054821537138366176
0.9888629898608516 0.014633155580285597 0.2897876744530426 0.04481182644021892
0.9860792092990882 0.0173148795475213 0.2834553466448937 0.05355192694832963
0.9862024426892101 0.016876501458710676 0.2841448387424365 0.04417410611036588
0.9892984603491594 0.01682428382757761 0.2911247244344541 0.051956407056189605
0.994916685467496 0.01768584082531095 0.2912843153303227 0.05839021423261472
0.9823836685527391 0.019053872953436145 0.28937088717610765 0.07031886080786934
0.988131608536156 0.019349917001625045 0.30095910699233763 0.09936020781219934
0.9857578700765657 0.020748512457647326 0.3078085863339768 0.11829771278590176
0.9875041681377741 0.022573505172440857 0.30718153061691095 0.15010348208126068
0.9911976968117182 0.020363607950562922 0.3203117783381904 0.07893513371470154
0.9832477903914989 0.022745196754381206 0.31589254190201316 0.35930072074835145
0.9878154740734199 0.022586133311506464 0.32476974208660886 0.14247248493823836
0.9932236896950065 0.024921405370405728 0.3313898381335274 0.22906417256852463
0.9907088973037005 0.023874940451203003 0.32137523596103706 0.16071675660716755
0.988428124271781 0.025388829869773328 0.32574842828213846 0.23223937148269905
0.9891386313440055 0.024138540855601052 0.3431725211573177 0.16737912735849056
0.983075954781121 0.024470178356804893 0.36018214152327105 0.21696768060836502
0.9970605341156369 0.024193832288953037 0.3598342858610317 0.20235145508429286
0.9879618640349864 0.02343031319097032 0.36112515891434177 0.28801363378148076
0.9917380307219946 0.023394071407789613 0.36080178912445177 0.1492959578550291
0.9894879248038301 0.02198801449077492 0.3842089907272639 0.2118303163283964
0.9910650622847529 0.022147486884200283 0.35690610545107876 0.30816729263479536
0.9930224572810084 0.020290287791079276 0.371268234065815 0.18229859860643546
0.9861081319344429 0.020422471886684015 0.37936407348368045 0.153436351174528
0.990648471359685 0.022969542651867136 0.3805528223590466 0.10562718237980123
0.9906315908968698 0.02290927481696164 0.38756902066333665 0.090732804591906
0.9889722709073371 0.023662166478706136 0.3901832397217066 0.08720410129369667
0.9874436551238509 0.02443325428023781 0.38982498007852984 0.0845282760274794
0.9865763684130378 0.02675948616705393 0.3943644574323451 0.12676368471596366
0.9855471091215482 0.024655123770352613 0.4030528450574586 0.13882086526055243
0.9869591934547272 0.02848508840667341 0.41971078361188024 0.1705081547378353
0.9925634474946374 0.02998849929565064 0.42825859401626715 0.22549580053647597
0.9863320480038102 0.03142061759244654 0.4201637852006357 0.15467891676571685
0.9842885899438338 0.032569897608799483 0.4292950397542465 0.16321619203356885
0.9915043516771057 0.033518662895579976 0.43523930003132233 0.24305621385913356
0.9913090118569571 0.03532479220710467 0.44896728013034615 0.2295370749692749
0.9927169625130139 0.0375230437576187 0.452575475396981 0.19326419817301127
0.9923663043183797 0.037477801894238355 0.46461828380457426 0.1850560775992725
0.9915890678998008 0.039226721488882066 0.4686703565241477 0.20534324133050247
0.9899625894295239 0.037756035187388216 0.47498511920600833 0.13535753575357537
0.9920781795087813 0.03880554047069138 0.48773655200279403 0.1577834506588278
0.9853132326111343 0.039442386817642734 0.47999944325772825 0.10819740548812298
0.9941784909319481 0.03987571290919034 0.46469446728298935 0.06516463334645153
0.991542837494598 0.048451869646453614 0.5670056467114059 0.06944146540259963
0.9907600656042437 0.038819312210085666 0.4947318325880547 0.07537149568503293
0.9920821277740703 0.042217145311551164 0.5535953796201966 0.16696530379540642
0.9854973309207671 0.034017057348492134 0.43175941165373183 0.11574202882421679
0.9886125469071901 0.036569619329519965 0.4586016013895829 0.07875736984111122
0.9897623610166392 0.03622925851703407 0.47605417639928604 0.05102604988822026
0.9893404613166746 0.03296439533271927 0.4456115110369286 0.043050727113183154
0.9914723994371952 0.03402398439120592 0.46565430059107177 0.042516438919141065
0.9867472246427379 0.03680658623171834 0.4649629981246158 0.03993005299194782
0.9911034477762242 0.03481764962436498 0.48623337638005965 0.03985721029029974
0.9913143320764831 0.034849929375829244 0.4809083242645541 0.040928404881108785
0.9912243455352124 0.03447836542289746 0.49654146522870957 0.04480747983471813
0.9956156489825564 0.03570566168904775 0.4735097358121755 0.04623476036425415
0.9906036561704721 0.03725352079083235 0.48503617832148865 0.0659380461258455
0.9883814188123017 0.03785853379520434 0.4847263928704397 0.07891220303367233
0.9897968954474364 0.03775125473348721 0.49969737350296023 0.09062380405663988
0.9848377792001596 0.03846413528406642 0.5296827642619751 0.09830288416952611
0.9840364704247797 0.04162944558003556 0.5238968169302466 0.10543469177414412
0.9957959995236669 0.045700115604896 0.5495896220988875 0.08600755226243463
0.9905941209334204 0.047423336397024625 0.5656730633873834 0.1056950007622902
0.983028154292143 0.041945881445586766 0.5570341430325483 0.12303927021915674
0.9811891905114265 0.04438620270749088 0.5827978157711209 0.12521270106270266
0.9835936744665713 0.0468460274235979 0.5751540798089331 0.14897143593804674
0.9887555903845386 0.05426473546570107 0.6017236924372535 0.1918158567774936
0.9857625634431547 0.051511322961681386 0.5943574417402674 0.19997639839509088
0.981945546862204 0.04533673846031065 0.6106219349521027 0.3384164455182794
0.9897312919677494 0.04880678819711368 0.6332882720027666 0.2294588384438634
0.9845700716462327 0.05226169179657552 0.6374923670305568 0.2738709471940888
0.9759041992035332 0.05004234404027289 0.6540084714261316 0.27071681131468983
0.978901706744853 0.05595528056963148 0.6643607226012657 0.2679063147798645
0.9865890112433224 0.05138659141772891 0.6772115390547402 0.25750276772089403
0.986927100355338 0.053099319886291976 0.6801416274765874 0.31097183001584133
0.9931751757137596 0.05648649794845153 0.7103042876371991 0.3155536590569661
0.9830401863715783 0.06306779809488286 0.7270827410051047 0.3733134709512662
0.9894197540316668 0.06825507135240058 0.7408766080549932 0.3002758439511362
0.9883790872620443 0.08461094105851653 0.768073955373407 0.3508885421819704
0.9824462814995353 0.08746889106293874 0.7703352425498435 0.3191224736569356
0.9909602063886866 0.09812659542248951 0.7924377407948618 0.18438581927881598
0.9877498931194446 0.0878690323603925 0.797043011794319 0.17050682830643393
0.9813879943499269 0.12525942558798966 0.8029653092619747 0.11389346512904998
0.9900377561621024 0.15271098425338497 0.8022571966936216 0.08549884765690237
0.9928292006624146 0.2681381586318588 0.8586442413325469 0.08830710797612588
0.9923410614583117 0.24144274670911534 0.8725802911580799 0.11778269146634189
0.9887373536398606 0.24278305212427928 0.8622365387682508 0.10698699207660692
0.988970997542327 0.23330118157704366 0.8678799535109805 0.11414205181025794
0.9947443200584178 0.25162741031275027 0.8588537079479082 0.10298027919344117
0.9871915019066543 0.2574286898927292 0.8551996138462322 0.0980779850015141
0.9898791935998771 0.2517264204068326 0.8308105535926142 0.07911492105359563
0.9884961484636152 0.28704619917760626 0.8353853378537845 0.07406005816601843
0.9882216297865426 0.2801278214774282 0.8436280275027788 0.08292664092664093
0.9891672879557442 0.29722861993274297 0.8726971519309724 0.11506350568098596
0.9887895618230667 0.283417656169334 0.8399236488168962 0.08692752502860954
0.9899879310199313 0.29795367914223936 0.8366396474702351 0.08348338744551125
0.9833362407588983 0.31039867218467115 0.7880028373469836 0.06250812150775166
0.9901662742950336 0.3355432170382034 0.8072049232378018 0.06532330087222517
0.9932037208353669 0.35959175822854805 0.7954067890001788 0.06278320896241878
0.9874851834829096 0.3636242762688714 0.7774472725097663 0.05544405972255916
0.9863314202423249 0.32048069784706756 0.7555162005592806 0.05008464164368869
0.9931071685447135 0.36420843060806085 0.7183202587193649 0.0447333243560142
0.9899562558091092 0.38714801260546916 0.7100710398605827 0.03991092625420469
0.9955477622033013 0.3625646504625695 0.7169267466838386 0.044377797498364416
0.9902536340681504 0.35644297455389096 0.6766355562622637 0.03934570803456828
0.9914296410359545 0.37463029503067635 0.7207729022025231 0.04674203603287279
0.9873009817048656 0.3971610304771728 0.7139422862386423 0.04431869771061677
0.9907097844910525 0.37363927967064886 0.7360406999824288 0.04921111280395985
0.9887234101096913 0.36762702585713014 0.7254630188273125 0.04861037869689619
0.9882048752072944 0.38591054780492345 0.7204043844687881 0.04853428932167132
0.9933084629030575 0.35460074553659016 0.7394650404272577 0.055243486151320055
0.9912999566822359 0.3556762415756069 0.7271113995841364 0.05522806969387125
0.9845905133337155 0.3726024821361414 0.7352970367454155 0.05523587884292009
0.9873056888800548 0.40776989370089445 0.7471142771971226 0.05942037544198956
0.990912451625885 0.39012065447961847 0.7588311812450388 0.06446679767301594
0.9860407220744183 0.439051094890511 0.7482249013695927 0.0622758383918071
0.9873859654440033 0.45264909933733627 0.7586176214267182 0.06375389596635095
0.9911744944169565 0.424829975077092 0.7617406128528111 0.06616251181612931
0.9951028094961389 0.46318221631580536 0.7729175901840901 0.07161432286457292
0.9905448848140196 0.46296608739665934 0.7749370055669499 0.07578095657995722
0.9875328441750529 0.4163034001743679 0.7563608584393302 0.07120288489554362
0.9923949570094325 0.4602420540662821 0.7537924621173053 0.06909774161771681
0.990482818376226 0.457741914576447 0.7822888125310549 0.08076133418599173
0.9915959617347555 0.4357293488744667 0.7551757939863606 0.07138553437498844
0.9881844522377133 0.4332876666555284 0.7631182704293207 0.07758717475213218
0.9878866504510706 0.42752011513050303 0.7695695899049391 0.08399421636068878
0.9913466887980542 0.4150237695749441 0.7674526906161316 0.08102818219593558
0.9913372695826108 0.434926796178704 0.7987850716691542 0.09770567849051197
0.9933366439852603 0.44059064010901827 0.8093340494273781 0.10715205431347302
0.9915431054138562 0.4648371508270145 0.7828036333842465 0.0887373128841873
0.9916709513933701 0.4057742974238876 0.791531122829019 0.10466398616552453
0.9917050362444344 0.499098551165367 0.7780176772784273 0.09683159621917682
0.9919846126623817 0.4573241746488247 0.8037061672189956 0.10594906269975518
0.9883963786098505 0.4722305991154001 0.7890593573881973 0.10815665965366564
0.9892363654562744 0.4547831887925283 0.7804030647249082 0.10434058385581463
0.9808636946168376 0.4198012575791601 0.7713411787270879 0.10419427561729805
0.9954998552717274 0.40805208248208985 0.7605015893213977 0.10189207045361898
0.9854714075286964 0.3751173860950099 0.780644299231818 0.1153963809210062
0.9900074151103471 0.3785673104641107 0.767515321225835 0.10531109508091606
0.9897359563667063 0.34745362563237775 0.7680981995377795 0.11390333917866917
0.986342009392485 0.34271245675974465 0.7623236112416337 0.11534109337273415
0.9920783732806634 0.18878828229027964 0.7678133680921028 0.12807097105463378
0.9939217738496724 0.3004537939283076 0.7433501507339524 0.11369572314724127
0.9930350438186014 0.2639183859223301 0.7626514322058139 0.1239332018186997
0.9902796827479278 0.2895502973240833 0.7611242394858183 0.1319886551676281
0.9850762905940458 0.34813661056870415 0.7654986173634274 0.13493790991469112
0.9888545921053361 0.40451913716247373 0.7129214765031063 0.1139723917631624
0.9885824700911084 0.3272823463280759 0.751727844322501 0.14234167476108936
0.9910187456398947 0.3833204973044339 0.7514517982329677 0.1427843665330889
0.9874066755874592 0.3226595891355301 0.752860573888777 0.1523970755971854
0.9910013344991027 0.32592891760904685 0.7404903278001704 0.14955261646029167
0.9828203143225561 0.33517859031768976 0.7614458519682975 0.1673356906884473
0.9893329540605889 0.33731991316360765 0.8016744896625894 0.19897559665442274
0.98789103119197 0.27329459027263153 0.754518053557436 0.17008927878270322
0.9942487583503721 0.23825725774380274 0.7676685930662853 0.1785449087605656
0.9916583647187462 0.16328614527732652 0.7330714976044087 0.1705849298421899
0.9916008669122754 0.142403188452631 0.7416844706195939 0.17774868302638994
0.9914602350862128 0.03266001460209297 0.6972312509185452 0.1643233489018412
0.9890529445551914 0.029255176122613604 0.6941513557264265 0.16725438060164843
0.9916754562054143 0.014374584767771939 0.7193353895199279 0.18875037914014775
0.9942854893335483 0.023507578100835137 0.6927098772661737 0.17483886324926567
0.9909886819783841 0.0 0.6734247336849726 0.17679351618270625
0.9903655748246895 0.0005054759898904802 0.7248548484116419 0.21453959027781186
0.9929856601386544 0.0 0.701583584990844 0.210093646610217
0.989125142022399 0.0 0.7276307444208995 0.2351114545215984
0.9887683221408607 0.0 0.7186275101007056 0.24595309701063287
0.9946110803044815 0.007582763084889957 0.7261214595411247 0.25574863297235106
0.9940371569728499 8.991188635137565e-05 0.7289558065433808 0.2739569351759079
0.9918746868238063 0.0 0.7371542290246066 0.3054984845576543
0.9906371112227228 0.0005868544600938967 0.786682671393724 0.3753597861842105
0.9889837761521306 0.0 0.7786394413240819 0.3843144376702555
0.9885452548456389 0.008539214060686454 0.766024710192342 0.39496250107402814
0.994559201515919 0.0008957897879964168 0.8405506521791181 0.5177720646148817
0.9926417307246962 0.020114285714285713 0.8671388403813266 0.5913482105211324
0.9906529991087455 0.0025321797847647183 0.8686404964361578 0.6324752753855984
0.9902264333942626 0.0006163539241199836 0.865880395665842 0.6508305334882406
0.986886902168719 0.0035742897639736244 0.8643838978890526 0.6826848673096834
0.9865516388373531 0.003831662302829044 0.8547216918783962 0.6949382148284412
0.9961403322959604 0.008495230137177076 0.8615795386327855 0.7301034475610009
0.9926220850320612 0.012589579701723804 0.8795197007049869 0.7913399197621348
0.9945926319431921 0.009429218003520241 0.9014948568131668 0.8531306291246477
0.9971714396849322 0.005674591527247823 0.8953078183172003 0.8527247270982914
0.9849077775113547 0.003594873397936855 0.7101480359159061 0.7876462104162044
