0.98417011456282 0.006403922352936517 0.17619606673066446 0.07138912596013856
0.9796568761977277 0.004849997298330368 0.18467760992963667 0.051411694032839406
0.9841967270296195 0.004174114427926048 0.19198874956809836 0.07425681509806341
0.9798350983022902 0.0069898252946316046 0.1909023741265439 0.09158170696184095
0.9802275920136405 0.008664458377536304 0.19797721478906233 0.0510907864157733
0.9820061575528845 0.005990598007265444 0.17727086685466759 0.04894751355823145
0.9864956465914538 0.004906986963527172 0.18028985045246795 0.08320936705216181
0.9717319995098104 0.006371655609827222 0.17363703785523804 0.13977546110665598
0.9833992414441962 0.006157903335418192 0.18459009322952966 0.063893877078144
0.9782383980117725 0.006219772473615163 0.19684355873432058 0.1709147900684649
0.9860085536796335 0.006101599216489304 0.1890019001651371 0.2182254196642686
0.9777555620317324 0.007293168172567218 0.19572515606271795 0.19830907534246575
0.9854968416057889 0.008393687388925604 0.19315913500448156 0.16063471361808498
0.9774954962709739 0.008530787160329739 0.19366388500200732 0.08439933915506255
0.9856182014857903 0.009012462161418407 0.20038681427136965 0.09025520805583676
0.9767292956220596 0.0091809434861707 0.1850324733827942 0.1135102795605352
0.9831550640194784 0.011397196128146029 0.1928316520746098 0.0653772378516624
0.9847581060092421 0.012269714059562679 0.1926683156123817 0.06624956331184298
0.9847298767439359 0.012657694403222067 0.2013462512927817 0.07857885100697709
0.9790849084979549 0.012622654043336495 0.203973905601576 0.060874817216606265
0.9793609367285039 0.013562286855645263 0.2066175224538214 0.05405821259135787
0.9839646054130421 0.014723006556710334 0.19627839595346153 0.06756800051260693
0.9831298840891265 0.013981554874560249 0.21225462029824663 0.0780614837398374
0.9878107484069937 0.01561844097530413 0.2159758066237825 0.059963404025557186
0.989478937564197 0.014622865868923047 0.21688541528809963 0.08688662942571233
0.9903684679028235 0.015623519415377983 0.21930555223052609 0.08552207541089268
0.9816862937218073 0.01559217806061383 0.22420508737472766 0.0819242085859123
0.9854907356662275 0.016359270358801505 0.23093022070106592 0.07917378058986978
0.9849126531282436 0.015842348095821496 0.22583807470288061 0.04999782807002302
0.9876228134938664 0.0160093925672843 0.23036576621220053 0.06188473905515706
0.9866360219301396 0.016845025355449263 0.22536434138947617 0.058962902789060384
0.986424255620271 0.015833666943819994 0.22789480444153207 0.03699774342393318
0.9857470495134628 0.01608688818076596 0.224981537314124 0.03802724673789788
0.9882045188391351 0.01569621136907555 0.2319429817441406 0.03777986362256025
0.9883390667074701 0.01600546328537283 0.23242769799794086 0.03001746805185253
0.9881133209820497 0.014744232698094283 0.23679760159806987 0.04178798366569613
0.987250909206643 0.014854704265364628 0.24305608131906475 0.034674100274815586
0.9875660199134804 0.013462296975952345 0.24586935228022727 0.05398474203698116
0.9889614764330945 0.01256315703480953 0.23952189897816561 0.038404351307044185
0.9833653785154134 0.01216700493388928 0.26053782017456145 0.07520799453204176
0.9818440036400296 0.01221019686920722 0.25062469815005356 0.04751482855964729
0.9780937650636029 0.011565748068021017 0.2598902154146815 0.04003003050971998
0.9904896345386293 0.01284986531154299 0.25839070447410833 0.059643673845523736
0.9898274741641107 0.012418331722415004 0.268017497426269 0.05833494675701839
0.9860841522872121 0.013406521927820205 0.2656285419237841 0.05460010930952815
0.9871605160477479 0.011395067465362277 0.28054963655964144 0.050577299563749595
0.9836897585506592 0.014495177038242952 0.2739347257196465 0.060993113680713466
0.984512076669041 0.013852501169510981 0.27406469556066587 0.05076949047632445
0.987735565699288 0.013523035000297116 0.2781308346911777 0.05947577226950595
0.9925411436397259 0.014954754756666869 0.2820032012470506 0.05970967287304844
0.9815936249912554 0.015358691452367665 0.2783603105179869 0.082495459981397
0.9847381611591628 0.016569251871849308 0.28920380515279154 0.10170668518469057
0.984813950295208 0.01777051529946075 0.29919521714693015 0.14404182440959076
0.9848523855408688 0.0196227126279986 0.29749915912396224 0.12202323016027512
0.988219414618724 0.01711938149924803 0.30664979322792263 0.07115988112309579
0.9813077470649947 0.019701537359806877 0.3085013321403321 0.17271907533404376
0.985557769518859 0.019069948101662713 0.314801068222643 0.12070256442253696
0.9892744727449418 0.021623660531066666 0.32343254472164157 0.11842025377936981
0.9865608433079691 0.0204111964329948 0.3129335712778504 0.10476503783181922
0.9848015204334594 0.022181947125802765 0.3206052051198008 0.10880756532930445
0.9855208619877751 0.020664502188432448 0.3336486852872656 0.11249032326953365
0.9790285338056511 0.02135766188204645 0.35051018138501105 0.10960984550929563
0.9939298752511243 0.021234423813141095 0.35123081686198765 0.09532640949554896
0.9839533852711496 0.020228026417570186 0.35363922799993674 0.09668441165425991
0.9884207702217319 0.020121923742943037 0.35071190980100336 0.08716802252168333
0.9855257531808674 0.01770768137312103 0.3720200504885001 0.11220922591667762
0.987967439111535 0.017708945381552436 0.35012236850306905 0.14241754014809116
0.9895682862770847 0.016639586353582196 0.3649603693930532 0.10161000048640498
0.9829767213710124 0.017106119218698868 0.3738238907002424 0.10094768102017644
0.9870539542949741 0.019487433130718868 0.3704295655167327 0.07662037846724265
0.9867169749984164 0.019446046560402684 0.37809762814610814 0.07547975871084606
0.9857998663403705 0.019059433708756304 0.3780617937440807 0.08220938831566715
0.9830668630762045 0.020161872257435397 0.37553260575594793 0.09142234548335974
0.9822702604182905 0.02277940508823876 0.3828925989913745 0.11011261778901402
0.9824268596888382 0.02159854662985081 0.39594351009897805 0.1207093682341207
0.9880709041158224 0.02425460963753753 0.4107609165516344 0.13065173398386604
0.9898669540468897 0.02562030905684945 0.41944144523952426 0.1681760705375756
0.9830961078827494 0.027900159037965642 0.4186557276762569 0.09236505041191445
0.9812298441279226 0.028284462496216953 0.4296031642685071 0.09223453080935616
0.988909318846636 0.030634349069896528 0.42974298082223955 0.10733522247939604
0.9883284276490695 0.03233803761858801 0.4356275824847805 0.07223065250379362
0.9896395869999658 0.03339321980940478 0.4307154751451472 0.0685188905564944
0.9901393847277697 0.03261152982743059 0.4255781710188444 0.06408256980094007
0.9887416371726575 0.035041229995888636 0.42319516538754554 0.06712174288593503
0.9870817608884976 0.03306283104135284 0.4323053231102673 0.06085277824408259
0.9901783047993924 0.03322271646008543 0.46689649558386587 0.09189146049481245
0.9824592224060976 0.03538696622062826 0.4658470524544399 0.0822816897548677
0.9912659072213305 0.03621528235740467 0.4461494281886171 0.04995482346399777
0.9879641645097702 0.04452838434132021 0.5591445721332585 0.06606381092441357
0.9874399791848996 0.035123031749005613 0.48277997376856385 0.07311468293990732
0.9887589171196844 0.03841652004815261 0.5535911025501554 0.13481766006386922
0.982279069381386 0.030769959402598055 0.4521711877693725 0.09452697419859266
0.9855597859139776 0.03311416977320301 0.4630065091906497 0.07452008044365897
0.986813693959096 0.03294568357961847 0.49469687707774734 0.06254226521035267
0.9856103697615907 0.02950762574332044 0.4517082945154271 0.05334795001096251
0.9877615975096736 0.030174299965564064 0.45947743996681195 0.05131419395011962
0.9833349806301995 0.03291571421772791 0.46211784067913314 0.050238134212598116
0.9877667494695503 0.03161333747222384 0.46632802716259386 0.05549052138688406
0.988229441369384 0.03130345561604606 0.4631210310360856 0.057059179103842256
0.9886351705086476 0.03093248500631942 0.4811409558682149 0.05629128137384412
0.9928327398710423 0.03202567716443356 0.45873704805648174 0.05426814115308151
0.9871064349983157 0.033334341102170255 0.48044735169786545 0.06177562239574215
0.9863126545331097 0.0347806239230512 0.4763143142552465 0.06269526302457147
0.9866993105535432 0.03406561247406443 0.49401987678648235 0.06709590956764946
0.9839388081668367 0.03488823360233963 0.5206178561631786 0.07401767617009455
0.9808419655124504 0.03823621437449329 0.5102067227406629 0.07517198376759447
0.992230958751179 0.04207740292852086 0.5342956454248776 0.06153788636427363
0.9872003417425491 0.04236361638447226 0.5495485593926549 0.08137265650696196
0.9795612817157213 0.038686856918158846 0.5409558389569639 0.08426150657756204
0.9780645587409688 0.040994152266137535 0.562703406993759 0.0898349343636643
0.9805585270890225 0.043029759538491405 0.5589989392594559 0.08112728538378068
0.9851384758607866 0.05057281812589231 0.5871756952258479 0.09440586222744217
0.9820810223166202 0.046215335568109896 0.5723887991358403 0.09524248358484046
0.9784022013577055 0.042670995463548654 0.5923691817129012 0.13080373189141883
0.9863817558761261 0.04569329805299949 0.6105012439717483 0.1195151887081927
0.9813946555023557 0.047205252178285965 0.618337789921494 0.13952833159316527
0.9725351995738881 0.04643073948332846 0.633700086919672 0.13052833270511371
0.9753600810542166 0.052415061917480715 0.6437748920155603 0.13582512394565707
0.983214391338451 0.046585060644570714 0.6554217534832946 0.13703859467503476
0.9841534731694226 0.047917910483984485 0.6621734107584138 0.15283714837286266
0.991290719773713 0.05173832053452494 0.6830099942117275 0.10550832512375184
0.9795106685338434 0.05829512703535155 0.7048861203036791 0.11656433529097704
0.9860844355391292 0.06343486985952616 0.708083847454875 0.08949443253337022
0.9850284444065788 0.07537987059335173 0.7307323116717978 0.09452335173354835
0.9790768198814375 0.07902372359895478 0.7230193034287682 0.06868280377199831
0.9877758315135334 0.09041029032054915 0.7328534239182196 0.05006300389174482
0.9851796153006525 0.0807162179569754 0.6892263288779843 0.03737586957138285
0.9783084657290377 0.11359819250609829 0.664239455264639 0.03159797740012212
0.9881565202069148 0.13858377423984913 0.6619086959913023 0.030932912410791033
0.9903820934226089 0.24556972338778668 0.7195373966243356 0.034117726145365644
0.9891236531241415 0.22307530901877004 0.7875202167732793 0.05246763256065382
0.9851930642084115 0.22243978093345612 0.8441329804299006 0.08818603167288486
0.9858117652692316 0.21328083302282957 0.8773792205741866 0.13435186431552026
0.9922636763932229 0.22991399418407504 0.8807019046549344 0.13919616756596653
0.9843307711297904 0.23932896037761925 0.8474780952626474 0.09171813492602145
0.9875481870160295 0.23446651891720754 0.831600561543923 0.08018117826162321
0.9867241546127425 0.2735350677482814 0.8305479060291835 0.07127522250152864
0.9852688060739846 0.26114909465594777 0.8240537479382053 0.07065851588606588
0.9866868395819581 0.2819509763550855 0.8512125790260349 0.09131285757302017
0.9865130163673241 0.26812313803376364 0.8172423883576071 0.0719760608116247
0.9872046069202676 0.28453260699694133 0.8217660706886183 0.07452045173791175
0.9804931640037446 0.29257751810761723 0.7865295360772869 0.06223563435181693
0.9873165125380068 0.3264190327095045 0.8075729600353989 0.06566385314730835
0.9912041739772832 0.34076984069775823 0.80734064069521 0.06812363705319048
0.9840837288512804 0.3484714891355549 0.7861524025082258 0.05876145881421882
0.9832120077690469 0.30965601536581105 0.7716580644954337 0.05507222153802847
0.990000159018878 0.3565350518033254 0.7426734081975515 0.04927175804487545
0.9869662516187114 0.37511416683580273 0.7560238322249981 0.04886210481728214
0.9926730115866947 0.3548944034432867 0.7500299777319773 0.051372599270359094
0.9869868725943829 0.3505046257359125 0.7292487668868884 0.04816123317165175
0.9877208966471445 0.36446277974517177 0.7567861468333471 0.05542918429643948
0.9840808095445105 0.38534432959280246 0.7578630078520955 0.05462110976984387
0.9873233050332734 0.3612388799029519 0.7700552582964485 0.058482928101934846
0.9861265645899584 0.3558572821805378 0.7520680717056234 0.05505005604731166
0.9854230316575328 0.38142176816452494 0.7537305325785006 0.05659049607547462
0.9898244386602553 0.3494262799126009 0.7573802333252745 0.06036091115274628
0.987880186176161 0.35256150619961585 0.7643002957105907 0.06571459074148593
0.9807442830020717 0.3693185597041727 0.7694749372865787 0.06627091341441588
0.9836574674394595 0.4018672675022599 0.7732274314206208 0.06840994142358943
0.9872092002971612 0.3847703735543407 0.778163468966226 0.07216097047053774
0.9823541742542858 0.4348533498437748 0.7692354736017402 0.0697935487571545
0.9837977534376879 0.4448326143751139 0.7808134730330255 0.07235482052245819
0.987998807566364 0.42713171864631716 0.771872291486099 0.07041387930354333
0.9921424212404333 0.4592177599352877 0.795268163028162 0.08110223042441841
0.9881881584460412 0.4539694257328289 0.8071621893588469 0.0902891327974308
0.9849677266673782 0.40859989197623475 0.8103558145249629 0.09461273831780435
0.9893797249505198 0.4567123157844856 0.8131006495137858 0.09397663374992549
0.9871506229966056 0.4498534574382428 0.8312173163425834 0.10777051479236406
0.987850165078028 0.4234338189336026 0.8143889566524769 0.09751749703740467
0.9844562553633194 0.42324424084632367 0.8144856830968176 0.10295060771949988
0.9847354786713488 0.4125046725934112 0.8200992721935775 0.11206887349352576
0.9887993743566742 0.3985403996524761 0.8277905019315377 0.11386745904097266
0.9881246243421686 0.40933658232718345 0.8361524426543205 0.12455757382318912
0.9898452239636198 0.431918493452994 0.8619886193723386 0.15233349047073877
0.989274765489394 0.4413617248006698 0.841924826293559 0.12647100028019054
0.9893688388111602 0.4021331849378594 0.8596059340782977 0.16052247712504972
0.9888631197306708 0.46422923651084824 0.870116230867481 0.1701957650819017
0.9887616307527559 0.42812580021882346 0.868550524162125 0.16216396104976605
0.9845368834290781 0.4296219249655306 0.8732919202412446 0.18527518172377985
0.9858938965309746 0.4327290076335878 0.8633471158956546 0.17199534156495105
0.9774269589065935 0.40378687802730073 0.8749990562262641 0.20042900799247768
0.9938175288445545 0.4023586169927633 0.8789101118141897 0.20169558496294807
0.9821610128258615 0.37777011566310376 0.8822432081849219 0.22026818915974908
0.9871284118284516 0.35930096820710017 0.8863286883153364 0.218700631165199
0.9865321361405084 0.3476771640450933 0.8850959903439993 0.2316655960081868
0.9825336795384617 0.31601212484594116 0.8877257044179414 0.2483294737744926
0.9900636783868587 0.20333909632802621 0.8998117293877989 0.3051624997746814
0.9909042962214436 0.3038794572850617 0.8922618395313459 0.2639402944238822
0.9897903181189488 0.2718784788307538 0.8924411985897321 0.26924837848149563
0.9869531552886002 0.2846122257421096 0.9042586295421031 0.3317140501201018
0.9816193796678597 0.3349988813483481 0.9000392877882182 0.3128589741455375
0.9861142676592701 0.37247403210576013 0.8882004986421445 0.27647828887672904
0.9859636332016762 0.3320371712911092 0.8842564883600192 0.29359588922992036
0.9884607979029459 0.3469979861419258 0.8823911112255539 0.28856140535630836
0.984555549741436 0.33160482187352686 0.9047466692988361 0.37090502614874843
0.9872943033787119 0.2999508438472882 0.9140452835430044 0.407392476504825
0.9791969913291778 0.3326210580734103 0.9263126118911758 0.489105198224191
0.9857256901130916 0.3192141453831041 0.937486742927195 0.5295867535243934
0.9848130799359873 0.26618435356299436 0.928032324716774 0.4967133336965009
0.9901086972219146 0.23748793891848807 0.9284310487200661 0.4715122604402042
0.9886107911326266 0.1898083216456288 0.9192547246715654 0.4594056878584942
0.98835688057181 0.16929447364229974 0.9207728616891984 0.4643443558422242
0.9888514392649969 0.06951283644882153 0.8939510394826666 0.397628615950604
0.9857488605846121 0.06357246227000207 0.9015779237726025 0.4295100236354507
0.9881937599729769 0.045077371607983856 0.9135354907024584 0.4800905093393844
0.990402834573671 0.05386084316701758 0.9130210071905321 0.48047448619578276
0.9877750704818278 0.006328692292318966 0.9101386277816653 0.48406982025825707
0.9877495005202249 0.0007020280811232449 0.9359708493586891 0.6020279623477298
0.9906157459409782 0.0 0.9290012288483761 0.5656790993970044
0.9845466719420519 0.0 0.9223579477000862 0.565830232708506
0.9859908680651761 0.0 0.9088251703645954 0.5435938330675173
0.9916408028661545 0.013476874003189792 0.928517926425464 0.6149778877660915
0.9908125490452936 0.0023945620268808897 0.9449553413786351 0.7154052829814035
0.9882694153172119 0.0016593886462882095 0.9607531885075951 0.8312191615201124
0.9867239662150933 0.003550398337374437 0.9653836754434386 0.8806602864666967
0.9856729547795993 0.0 0.9600375995186435 0.865770388655524
0.9839105253642388 0.030876216968011128 0.9274384887103416 0.7351764193676877
0.9918749366207499 0.016010514367644422 0.9474529698112073 0.8218835801894411
0.9884750912056579 0.055105492744591825 0.9517995985998674 0.8457884807457552
0.9868224550827585 0.007643211724844378 0.937246809396967 0.8205726421529113
0.9880860660991824 0.0004152084939794768 0.925484127176038 0.8048913466780901
0.9836539261496204 0.009184726522187823 0.9224991697898383 0.8325761758113115
0.9831350556720115 0.008010379646866362 0.9179934148324175 0.8389923595560168
0.9934186277857424 0.01507537688442211 0.9179681961735957 0.842614183505368
0.9886534876233776 0.018472162278808806 0.9011954905780595 0.8346950557698081
0.9921630074931257 0.00944138473642801 0.9082681660376657 0.867663804511741
0.9945340103992459 0.011524500907441016 0.9152744942587024 0.8863068344699218
0.9827696450388481 0.0 0.60765656262831 0.6451867015418868
