0.9872257128035973 0.010726670308529083 0.1816123298480643 0.2434873949579832
0.9828196029113142 0.01041771882259876 0.19052680021046906 0.20840699273227264
0.9872180031530631 0.010182402740080134 0.1966906427105736 0.3387690689110994
0.9831998122414379 0.010378913348399443 0.19579954954954956 0.3645889306824288
0.9835296904093013 0.011181008613179695 0.20387557499712952 0.2783057851239669
0.9858368038399097 0.01008769083425272 0.18079693936289107 0.2723186925434116
0.990085779817062 0.008773488560097322 0.18427773489880872 0.380310182063385
0.97573784066425 0.009575412936038885 0.17640370153508927 0.3038309114927345
0.9868012137152765 0.010115527324778403 0.1887712189005725 0.28580829129195
0.9822933040987062 0.010024993981480575 0.200300405882417 0.4706021251475797
0.9902664029022294 0.009808090805059845 0.19222980228911946 0.4936036688390055
0.9820120796588578 0.009996719826306993 0.1987118190793821 0.4589920948616601
0.9891790289036758 0.010782245726294902 0.1957554924292595 0.36130424358666985
0.9818047450057426 0.011037227806349753 0.1986180373890661 0.3441760810284379
0.9881229737559015 0.01129658724567449 0.2056458655621538 0.3291279327135901
0.9804656926292316 0.011788470815243608 0.18957838944580455 0.354912851944072
0.9867915957530571 0.013538672492971592 0.19865139862707673 0.2192967838693551
0.9882617962036256 0.014324116021580164 0.19843130751746202 0.23939837058700647
0.9860074370579544 0.015273966557545414 0.20602345458286217 0.2739404869251578
0.9820818445932987 0.014943777042943205 0.20930766804822487 0.26504751847940866
0.9823285678360663 0.016129230630471815 0.21411840456493306 0.22011076121185796
0.9879001794038739 0.01662618940928829 0.20142066288948166 0.2751717956378847
0.9862525984808256 0.01686591390481261 0.21901455739733108 0.31555993247045583
0.9902850518196594 0.018059284560042424 0.2247079805581687 0.1871326279790531
0.9900487074331576 0.016602711157455683 0.22110555638177387 0.2609230769230769
0.9932766673435641 0.01788229855473545 0.22235988384903005 0.22074387662534017
0.9846966010162982 0.018077789019269177 0.22689813013940277 0.17064412358794045
0.9875017920353208 0.018353196603074634 0.2348555071773146 0.25989387574618616
0.987673542314898 0.01776761909526579 0.23016702060494748 0.10653971435730393
0.991347620270208 0.018274600886605073 0.23601461896747428 0.09734695984308868
0.9899234141167965 0.019251642505324268 0.23019896783407445 0.10899606479363046
0.98783208298691 0.017675323835460072 0.23300472836145625 0.0545832025686213
0.9883436369073411 0.01842492221756225 0.2313594388186576 0.05405779706398301
0.991446026513636 0.017977262812123078 0.23749330121152953 0.05330100478763844
0.9915049632197098 0.018774592467678472 0.23704320906443435 0.034037854278463356
0.9915106503308024 0.016782259368329715 0.2419780869926884 0.05552335690274719
0.9907647081141083 0.01744583254522697 0.24630430863529837 0.04112355425004589
0.9903865818726448 0.016139530311418328 0.24879321581166533 0.07840318839632812
0.9904322642664064 0.014829179144050601 0.24462891544754464 0.048959628616430405
0.9844433641225085 0.014787397348049652 0.2645694855481611 0.09864884929472903
0.9850860101797208 0.015289100899247723 0.25608689236902005 0.061966487511855836
0.9818501379207994 0.013986751861187642 0.26647763564832216 0.051923249752853416
0.9932317914707334 0.015308125903811901 0.26467899029213043 0.07871057291915953
0.9921546927823174 0.015373960341474641 0.2731063687050544 0.08126184371864897
0.9903904202232938 0.016452458824415095 0.2725636573439822 0.08853882012538176
0.9893774145158639 0.014726015078322214 0.28597945410293985 0.07135800251481947
0.986198595890764 0.017558023048387317 0.27871162657879606 0.12487075205073413
0.9866644578812226 0.016812578393239495 0.28077208600212084 0.08211389915079403
0.9897173793167423 0.01664617411700804 0.28450987034965836 0.12111992466224782
0.9953553187594589 0.01794009290405254 0.28641129612278937 0.1243014335797841
0.9831880131842775 0.01901892234691184 0.2856380171862838 0.20024748480120513
0.9887487175733776 0.019956360810304875 0.2975297635472039 0.3220708446866485
0.9857996796170364 0.02129905847648409 0.3038858435542215 0.33670800641187887
0.9879406558164852 0.023247441872984116 0.3045023715446318 0.40185185185185185
0.9914501440782034 0.021307962334177883 0.31682531669431757 0.2105062082139446
0.9838253640256444 0.02296094560288652 0.3155043188172313 0.6951117083823283
0.9883430573990432 0.0231384412452918 0.3210357131376772 0.5857002938295789
0.9936166918743822 0.025302839468397245 0.3306244235179612 0.6461642446772559
0.9908495387529127 0.024457063336222707 0.3216283196745566 0.6016294423374069
0.9887407827234542 0.026056855009579286 0.3274693632758049 0.4761845073953372
0.9895510871997613 0.024483258801089182 0.34316551184393296 0.4004935834155972
0.983189293447267 0.02487749526145966 0.3611924126348988 0.40917194928684625
0.9972820892947885 0.024590627723018774 0.3596149298715252 0.31151127566475934
0.9882516474940081 0.023876110620620672 0.36183456507133543 0.35888744024337244
0.9920290215291562 0.02331700597954468 0.3621538423448145 0.1952431829795141
0.9895949109109017 0.021938882364325157 0.3847240983773586 0.3652322113336174
0.9912419593683771 0.022201634808694613 0.3582666888155865 0.44516905789104044
0.9932568705738691 0.01986408916574429 0.37153510566002684 0.3024853801169591
0.9865297602841845 0.020663833469519673 0.38032422278027606 0.23195583758964042
0.9909731064666482 0.0230880024356574 0.3799809922994444 0.18182579564489113
0.9908856796305038 0.0230009001206712 0.38757005277322404 0.1503343892995424
0.9893305044733551 0.023433538053588818 0.38615541856459945 0.1744287392474137
0.9876420641668961 0.02432935403297283 0.3828347899451919 0.17911122063413834
0.9867178591256114 0.0271792632581772 0.39421432433105486 0.22499640580821392
0.9857544553361336 0.025198756310387482 0.4042116743249854 0.2624366029998921
0.9870801844653162 0.02899743474323027 0.4180945513614801 0.43809258226436143
0.9930309599873707 0.030640009464095588 0.4285409122921982 0.6340915101824914
0.9865828798220031 0.032138083338176325 0.4264841784265394 0.40383908890521675
0.9845795821912467 0.03379384595386585 0.43509022885559373 0.36548298613685226
0.9916314196511261 0.035351782524095085 0.441373955662674 0.47402535506624727
0.9917304769126164 0.03727331806192273 0.4566885880265982 0.4202840407606515
0.9930581048779769 0.03864530466380372 0.4632784008470256 0.33381670533642693
0.9929128386336867 0.038345831039645714 0.4745904306016718 0.3025705198394077
0.9922260829170899 0.04007730079999504 0.4793871651633827 0.3533108721005572
0.9906356629072754 0.038876907334006894 0.48929937422330866 0.20134796570097746
0.9923659638058807 0.03902721596041315 0.501331930927706 0.2619651921682378
0.9857623450971483 0.03976498891550934 0.5009682131931916 0.21124342881665056
0.9945438629356161 0.04007058256662695 0.4870081357538737 0.11580373208256677
0.991932577971734 0.04913856890437933 0.5875655240073395 0.1443313122068413
0.9910203077738073 0.03938741730083855 0.5010629703124961 0.17663344407530454
0.9922564418035983 0.042434731104180355 0.5598708104160727 0.2514593062041361
0.9859490942205127 0.034519232333931484 0.44474147592140756 0.19553557090091536
0.9889755457777281 0.03746730058712203 0.4781727376460651 0.16278884884460462
0.9901930313622171 0.03775578764393943 0.4915649103539346 0.12225550869171035
0.9895981990553209 0.033944751845279966 0.45406615102905146 0.09403492855522794
0.9918035847872414 0.03408874013535102 0.46601518401095404 0.08801973121820654
0.9871199685682399 0.036869846571339106 0.4687525873917435 0.07342473713027835
0.9914115570280824 0.036053658686499276 0.48040579432079816 0.08791920063647028
0.9918469993383912 0.035990779601245304 0.47329883087129093 0.10743026177677407
0.9916046463939785 0.03537529606840275 0.49444403833691575 0.10370814293205484
0.9959536564395784 0.036774727489208785 0.46897001550737444 0.100415770609319
0.9911547929095506 0.03791627551751022 0.4877004948339009 0.10394980127243875
0.9890105196720358 0.03789667202874632 0.4884030371026637 0.11157469717362045
0.9904211592726087 0.03824430301786081 0.5077734072763447 0.12106486741596602
0.9852794855537588 0.03898270473447943 0.5331799069059197 0.13399922168893502
0.9847157008737617 0.04274720568120587 0.5301450796582814 0.13558483443587252
0.9961091178943292 0.04587861951138582 0.5562936306413626 0.1119734876453114
0.9910277541150948 0.04823055321748069 0.5741548892517868 0.17094367094367094
0.9836093901615256 0.04404139891498008 0.5626022221197134 0.18708931164324563
0.9816772624868826 0.046153298097132665 0.5812900271906255 0.21007202155148716
0.9842295888264722 0.047285470572035346 0.5769324964098911 0.22160409270079115
0.989339838656343 0.0550422337974828 0.6047745568591599 0.29983565158135245
0.9861864793828895 0.053162109375 0.6017412123532254 0.31516623652649156
0.982419249372251 0.0471721452113609 0.6148226811658002 0.5588823686316351
0.990420043278265 0.049343587805126266 0.6340221394744853 0.5301571526181751
0.9853133196687376 0.05331879003755834 0.642370138175121 0.5940566104326958
0.9767390177050151 0.053245594518121976 0.6597457669574117 0.5115318204242724
0.9798961805813171 0.05755041580647795 0.6699280078469596 0.44485736718136615
0.9876203063488839 0.05272897719663489 0.6845348277389413 0.411628019557535
0.9871562069221367 0.05651298228585295 0.6875947975342879 0.45598182475344656
0.9935674064519161 0.05999135555962145 0.7166779741575919 0.44888342552755583
0.9839373074832397 0.06533140697053061 0.7320583736789448 0.5210355987055016
0.9904371230131952 0.07161459504008391 0.744788238044555 0.36389787846098526
0.9895692019748943 0.08614372789025261 0.7725642359851216 0.43921549776474544
0.9835792772219435 0.09038644374959241 0.774373633920989 0.3874941985570229
0.9920752300138124 0.10050818524374798 0.8027032167658441 0.2625315647403709
0.9884870750764699 0.08948637010859309 0.8176887000739044 0.3500397772474145
0.9825494298540457 0.13214140878072225 0.8304115391506338 0.20789721935223035
0.9904028948480155 0.15633825619254915 0.8562432866405917 0.21427670841388585
0.9905688526773164 0.27201092773626645 0.9129058403467286 0.24055144419968813
0.9773837374869778 0.2533314255735203 0.9033198927318102 0.28949610694872924
0.9803501404073306 0.24627189807441727 0.8973162852234037 0.22910160257140902
0.9895853534156449 0.2378958151306077 0.8968801956940192 0.1857493946293686
0.9935392248507946 0.26011170441293807 0.9064736223583578 0.22699224079995112
0.9880388136363037 0.2683754360004228 0.8954941825159708 0.17355946120927881
0.9908241466792436 0.26175051688490697 0.8726341189410709 0.12458803323585388
0.9888004562463827 0.29732896739785136 0.8666677420135332 0.10037103804809187
0.9891463557005704 0.2887132966787549 0.8755457419987508 0.11701663247042389
0.9898860342246582 0.3097117382923967 0.8871929983704332 0.13797535344371362
0.9893831252514206 0.29031463579828826 0.8406601282259965 0.08633082661351213
0.9911117648548187 0.3110456390016121 0.8568329963973771 0.09938130631565835
0.9840370504029833 0.31125293187148856 0.8170646135539071 0.07577322719815276
0.9904272146149691 0.335086143738331 0.8196502302603698 0.0710882509024534
0.9935323745372899 0.3639770802551443 0.8030993154012059 0.06574522022805547
0.9885704886388238 0.3856333844500525 0.7911584921429335 0.05947784562763221
0.9873590541215168 0.3378595821033744 0.77566401739286 0.054991129039376474
0.9940785192506226 0.3708371795782149 0.7362121940749873 0.04777977267586519
0.9908805222962521 0.3889100512976789 0.7367597925941716 0.04448561221357001
0.9963943321689395 0.3673630607309099 0.7177080868391702 0.044544390364118044
0.9912274729870357 0.3645794784496583 0.6873127381679611 0.04075508820131029
0.9922175122933988 0.390762445478691 0.7273940425697814 0.04769430605344285
0.9881176572844085 0.41225606240877255 0.7267118430959744 0.04672574716099321
0.9917324363878623 0.3677088724234124 0.7469384865283641 0.05161985436171794
0.9898362993410821 0.37590071550687015 0.7414441218447189 0.05206379668803885
0.989021648809262 0.3979093148678341 0.7430888306446651 0.05381062105038506
0.9941730027652742 0.352746993633577 0.7504026519533245 0.05792254850154752
0.9920452191272576 0.3602317563936188 0.7551260865254321 0.06235823707994556
0.9853005686291254 0.3811808663629155 0.7502255014407266 0.059068818851073186
0.9881581670414008 0.41422503290946844 0.7566480621469067 0.06194393603699066
0.9918110648891219 0.3948087431693989 0.7630397575592255 0.06555250547427882
0.9869619995269554 0.45177428737638164 0.7693665668752963 0.06840717002677904
0.9881753507819958 0.4716161271299544 0.7880499977107275 0.07370369238693457
0.9923297363325031 0.4368643711652145 0.782181842496782 0.07314366642343015
0.995862686943312 0.46553979878791524 0.7928202209098405 0.07901262895923608
0.9912691780980898 0.45612968899557876 0.8130121951117376 0.09360619457924134
0.9880376225586867 0.4130894260538223 0.8093603606011802 0.09332603121654925
0.9930369508588803 0.46382822007301605 0.801168535327168 0.08687058607722645
0.9912548133092755 0.46472169154551046 0.8315841035835784 0.10672090300168148
0.9923842358976601 0.4396704421730016 0.8125390154090332 0.09533922259747027
0.9888478349287093 0.4413542724865522 0.8207688113918706 0.10496884653646787
0.9882429175519487 0.4283959513904812 0.829042810052699 0.11660845837507541
0.9917541815206323 0.4194349255192671 0.8350009210635887 0.11764341539223856
0.9919897983172269 0.43063567732002744 0.8438542012424537 0.12869757955175137
0.9939732575489106 0.4499040378631189 0.8618602649695271 0.15044990136903708
0.991706524826594 0.46616967989355873 0.8300482162029045 0.11516031124694764
0.9919853899259031 0.3973766824234114 0.8525502326200102 0.1529565554596515
0.9923517702424375 0.5068641462041488 0.8447175417196018 0.1388070570322068
0.9929084044369582 0.4686644610001666 0.8594434005468676 0.14759959760989977
0.989201868279017 0.46848019219700193 0.8478824458712252 0.1500014028787071
0.9899124433292917 0.4621783967680204 0.8446464089519119 0.1478116758340078
0.9811819306650229 0.41936928113719674 0.8359814362111694 0.14728044274488925
0.9955322925263123 0.4128235484044557 0.8269818692528159 0.14039898074854912
0.9861316137921162 0.3827188492192056 0.8570281131339424 0.17747756976120607
0.9903308074989119 0.37293296979568713 0.8505298377823953 0.1632549426740092
0.9904725194892906 0.346614759647935 0.8500488368916542 0.17517119629383918
0.9870933200550374 0.3336018492574951 0.8621394205879713 0.19789508730393607
0.9921917735114005 0.1898333909069168 0.8656770303690376 0.22387328223324382
0.9944096276665844 0.2962045036113865 0.8582060500782039 0.20015750475675861
0.9935562591125006 0.25388424753336103 0.8554971052399565 0.19897011411180812
0.9908325161883056 0.2933754921107288 0.8528152154214477 0.21131343470371067
0.9855200583612281 0.34082917970712107 0.8373824363389427 0.19190977106395124
0.9892039132766821 0.39435608004104666 0.8139199313885349 0.17096858269634213
0.9889310816653073 0.3302159725492835 0.8355691763074972 0.20954849753319002
0.9913312031682455 0.3863603262452665 0.838060853002869 0.2116372565540817
0.9877350061046453 0.3202563141211357 0.852131031452497 0.2460274753102051
0.9916356930779062 0.31212378958387854 0.8471810618773878 0.24307771845577197
0.9834134746513186 0.32366998081283793 0.839792693165211 0.24230615651805773
0.9899312489788434 0.33685685685685685 0.8851332670921518 0.3181919946752186
0.9879982328978689 0.27035855655047847 0.8688397599434693 0.2975936527284996
0.9950349036884432 0.21196664596824272 0.8783841600414437 0.30890791237042914
0.992505372830063 0.149800654033956 0.8549128962291785 0.289093533025897
0.9925049053112341 0.10966826713225665 0.8493297538901096 0.28089568532086073
0.9918712742303342 0.03753558160852994 0.8350993780998534 0.2780070285427406
0.9896468621508601 0.04710976627712855 0.8409998971365905 0.2931842739589394
0.9921216793646954 0.023009691420417384 0.8596251787063122 0.33347501715702554
0.9950367829109922 0.0284469374467872 0.8467072576362671 0.31245636574695645
0.9914186177244041 0.0 0.8535977922418058 0.3393622241741203
0.9906112027913881 0.0053068758652515 0.8637894368013548 0.37177621782599446
0.9931135342448986 0.0 0.8473906303190903 0.3517839908312221
0.9896742893227866 0.0 0.852605988675744 0.3728141407205379
0.9892076186573893 0.0 0.8418514301578305 0.37942710882467034
0.9949572716344639 0.012332721070585148 0.8682000903681251 0.4295414943798272
0.9939625367666031 0.00023531257353517923 0.8867243031673221 0.49628756376730826
0.9924840733936198 0.00017677214071062401 0.9146054791126017 0.6059556231031732
0.9911053590211897 0.0016656439028666608 0.9472359329996989 0.7627624644758988
0.9893073912657875 0.0 0.9382679573403828 0.7400979797321352
0.9891668983296579 0.013248806895077996 0.908646534013537 0.6606083882584205
0.9944387278589978 0.00525649145028499 0.9243667973591952 0.7257607423507775
0.9932360594101316 0.03176052765093861 0.9327249401191928 0.7616396680524362
0.9911921175906917 0.0018409068888673578 0.9261285606902563 0.7723628258258584
0.9902074727995714 0.0010241966457559851 0.9212324584181412 0.7849298278927653
0.9872204234956572 0.0054430527917593355 0.9141911867554886 0.7968903301436017
0.9869685449342182 0.0021838148125038997 0.8964274871955579 0.7777715574913087
0.9961207432513121 0.010993485342019544 0.9084532878248253 0.8165837419540732
0.9930305273914347 0.01456086996590176 0.9081057875619486 0.8400502986482238
0.9947099936417607 0.0013168921345624327 0.9322258927459771 0.9016656813099246
0.9970790751700734 0.005371938450332332 0.9264637666988231 0.9002052239573266
0.9837827649117581 0.026220526367283045 0.6186907337545162 0.6577209487213462
