0.9884129119578982 0.011821180158704241 0.1869503227028563 0.03996209412101273
0.9842541839599788 0.011999791986271094 0.19545035526846316 0.03317809168238328
0.9890496225671479 0.011314894545102061 0.2004605675353828 0.05383097075183922
0.9849962753399482 0.01129068121382369 0.20045828531833632 0.0522119892434735
0.9853235419951122 0.011952074069191415 0.2091156822773171 0.037915767964581674
0.9881309792148023 0.010525322224308823 0.18391841608719173 0.047742100550083155
0.990572729943465 0.00990668254495051 0.18649262322607318 0.06344521353010317
0.9776643054805375 0.010843299744366293 0.17931263315704196 0.08175284837861525
0.9878774752550967 0.011332980859102776 0.18974841344683455 0.07115481958203775
0.9839211822175917 0.011096725198735996 0.20444146251049838 0.05778382053025153
0.9923679342468181 0.010717088199026668 0.19511305558127137 0.08518180897396942
0.9840610556369123 0.010935074823556974 0.2061346689214715 0.04494300045599635
0.9893726756969516 0.01205639949383082 0.19713736323686845 0.09853397237101776
0.9837567209010957 0.01181361970753647 0.2055354411886858 0.04007066570304344
0.9887309647171285 0.012259137616139068 0.210908734581889 0.03445065176908752
0.9819667182737905 0.012553347105348132 0.19577809821882117 0.04302173427376887
0.9888573415087346 0.014386263895935024 0.20218581475601274 0.044891412558533975
0.9896193314108983 0.015324378037597206 0.20618987871183606 0.038802254923493665
0.9869965801841734 0.016276219287124263 0.2163020543764526 0.02846211606536275
0.982905163599182 0.016120349051180587 0.21882589483780462 0.03143396140645953
0.983103091814679 0.01759003863227994 0.22056028325831342 0.025610690838804278
0.9893200227352998 0.017905255066952546 0.21405559314884307 0.030080259646310108
0.9875641660218112 0.017952077873455635 0.22984392492357697 0.02808530575414729
0.990817846333718 0.01935607792538588 0.23208394151030087 0.020936329054410237
0.9902617410482616 0.01790905640388233 0.2393744740736442 0.022409608945412097
0.9942894858333314 0.019541603596213066 0.23905549779514573 0.027981484842984208
0.9863987863816867 0.019613198439852052 0.2474853648688044 0.026420604339890488
0.9874686745977772 0.020618785277032262 0.2480693917031507 0.03810039925236952
0.9880617022971966 0.019902664735245996 0.24135445718301915 0.027506510416666668
0.992643439907623 0.019716210339694593 0.244785145451662 0.029932809433808702
0.9907975386706811 0.020368920104994647 0.23654202990340148 0.027451248016651598
0.9887014111761089 0.01957047382119428 0.24167803092559112 0.02213877806461707
0.9890544034338744 0.020082534317867332 0.23505741127348642 0.024090583994844813
0.9924597803826677 0.019226189743021257 0.24461411571050548 0.024179552678275453
0.992031344035176 0.02026552571085724 0.24915036468486174 0.020096034145473948
0.9924985588303835 0.018156088746274186 0.2510694496028767 0.021155639004609258
0.9916106520372033 0.018706888889348235 0.25661607904464034 0.02282496561210454
0.9913525227420203 0.017562976599599937 0.2615825953427712 0.025677452186082014
0.9909239947118689 0.016564546537011313 0.24940747092320206 0.02551398436946311
0.9847431146744471 0.01623314969993815 0.26760982266752437 0.03546124895078387
0.9860764398059824 0.016206648946221387 0.2595825730820799 0.0319938613141634
0.9828378766210989 0.015419835612700794 0.26821092262821783 0.02943548387096774
0.9940426392693836 0.016428493646392643 0.2687187517286278 0.03073361417890622
0.992326125766693 0.01664076390619259 0.28015728967430836 0.030275749132705726
0.9917672516452124 0.01757381231180997 0.2791033544711576 0.03330933278474937
0.9888743027190589 0.0159543297658311 0.2935833258704948 0.030712960824772987
0.9869674275871576 0.0185690138713109 0.28571298693141056 0.03407246282708915
0.9872619788506152 0.017815185656653937 0.28231978044452066 0.03038674033149171
0.9899077690092025 0.017918481570198312 0.288138604700671 0.038509361218702756
0.9959454948725847 0.01912730922288742 0.29036169600397704 0.044189069019768795
0.9831653594505628 0.02046960567200563 0.2868976370248365 0.04432317720175837
0.9897534906904406 0.020751697836418292 0.2985288289146115 0.053328152699191333
0.986416074395048 0.02300931086304325 0.3081155646486252 0.06452166452166452
0.9891474369661367 0.024526628446359073 0.30904804548389114 0.051852212077371035
0.9921723730958143 0.022577954264992796 0.3134976728150319 0.04226403672501639
0.9842304174088874 0.024332563510392608 0.31694759145371865 0.08271245732353387
0.9885513399729356 0.024596288107234018 0.32448339944902654 0.06416255090546746
0.9937909131073182 0.026751030436411756 0.3399603969215116 0.0526853559138901
0.9914028769750985 0.025942353208948096 0.3249481125185555 0.06505463783115364
0.9897261757697464 0.027547890433848542 0.3328563380569786 0.06898965307364577
0.9900947639757054 0.02679279761656224 0.3469945939747251 0.06781838749773055
0.9843939620489531 0.026407569071069704 0.36219338913966465 0.07674846820533986
0.9971835645031286 0.02611775678145374 0.3656067292562812 0.06460905349794238
0.9895366356294701 0.025198614165514357 0.36709658204826484 0.06779661016949153
0.9920866276832848 0.024867937351332983 0.36615343254394656 0.06413443642933801
0.9904377123043855 0.023561968454158335 0.3870539591147245 0.07788809984237126
0.9916826093993617 0.02341352509789243 0.3625341750167907 0.08359705519837436
0.9944815013128403 0.021705476234903518 0.3786250544581373 0.0803318595061851
0.9870519089922731 0.021396993580380747 0.38484284186406975 0.07127346691954592
0.9921817908329987 0.02418787263022463 0.38581252414331724 0.06826548141684619
0.9916766522149997 0.024028744372356466 0.39500208309917834 0.054995263832395384
0.9897490640032085 0.024885285222650953 0.39400067577708076 0.06265251415451562
0.9885807543143963 0.02563965967974138 0.39556138096025856 0.055157585498515155
0.9881832407057681 0.02832553862844064 0.39974662828708263 0.07703733908079455
0.986448455625806 0.02666591807462126 0.41202428243255573 0.08514711651628089
0.9863245471965925 0.029993682401012984 0.4237111875366604 0.08524338952104595
0.9932853896099986 0.03267442500275118 0.4355231525595456 0.11628460722557742
0.9870336166385285 0.03408333171934271 0.42597469403736343 0.10486551204508392
0.985304278564951 0.03495887980130064 0.43635045125549504 0.12343397926994142
0.9922025080838573 0.03671206062390729 0.4397518714964513 0.1561995360991221
0.9921914946371394 0.03912645185765729 0.4514572877478518 0.2018602049022693
0.9938403107344299 0.040689785601498565 0.45160810409832497 0.1565586047574319
0.9932460993751229 0.040452590525812765 0.4680799485682229 0.2260919830918747
0.9928489326765189 0.04195755397245319 0.46684796312525306 0.18876511775938892
0.9916156324034797 0.04009796256638615 0.4732704054032978 0.12799349461272616
0.9922478708651691 0.04151392767000852 0.4902316294387992 0.17007323204721828
0.9862990765369198 0.042123152660400925 0.4888022146001389 0.13104979645544637
0.9949659785423952 0.04274578091688772 0.474383574345733 0.06854888701042547
0.9927310231314527 0.05193544865288892 0.5766015044192526 0.061855766883836205
0.991812746578201 0.04164332616268856 0.5018936935775192 0.0739062634299677
0.9931757684075292 0.04476070239871457 0.5592900910738425 0.13627891678544019
0.9868020412906041 0.03667224861979798 0.44643779704405345 0.09046301315151342
0.9898636827786148 0.03983904505564746 0.46772568203887943 0.06636015325670498
0.9906924381437939 0.03985791820679441 0.49001213414686623 0.046343474492061144
0.990447768363787 0.03503446000164988 0.4538506438544801 0.03939670282817755
0.9928436947783424 0.03588676766568413 0.4749332857975241 0.03792433939407349
0.9876705511499814 0.03885867229800243 0.483954835500067 0.0328364422535611
0.9922213797965944 0.03731234401996544 0.494938308376883 0.034303463452157235
0.9923039876593428 0.037839508817894114 0.49748710866314183 0.034106281578783836
0.9913708508837705 0.03729167164345493 0.5190506845043248 0.03305864755489892
0.9959241808697324 0.038599254346568884 0.49371909448261436 0.0334733841711705
0.9919171504950165 0.039976022654457516 0.4963181565408972 0.04399990411352958
0.9889775151268665 0.04001908577836399 0.4967570689332438 0.04505149971054698
0.9912567802209622 0.04027407789409373 0.5175136825645035 0.050971919196198465
0.9854057999394727 0.04060888227352972 0.5380940500044156 0.06369603869456406
0.985790454928691 0.04421722877497011 0.5250911543946238 0.061970193596305685
0.9968422925965831 0.04894665610293637 0.5609474060573292 0.047841650873868186
0.9914737051624616 0.050890561572835544 0.5765055525742822 0.06190548089989431
0.9845218185685009 0.04578313253012048 0.5649282082188285 0.07558311754082539
0.9823838759386542 0.04904826272560757 0.5998560534892925 0.05963053214400155
0.9850203001145135 0.05005166158060408 0.5881752463665665 0.06366037472793884
0.9902951385856207 0.05872340425531915 0.621814951649747 0.07379498011455539
0.9864514936307054 0.056414743177872345 0.6061081873867656 0.07845710975124018
0.9834588607036756 0.050139103431484075 0.6175906884459358 0.11945266272189349
0.9907787536382933 0.052207183628704606 0.6507773092686002 0.08716483559639873
0.9859189550275164 0.057035831867490665 0.6483085615343117 0.09842426696359281
0.9773213412321488 0.05664574168355494 0.6500936475668488 0.13799524818596287
0.9806477360959567 0.06019157910453332 0.657298416471761 0.13553113553113552
0.9880891628864177 0.056665247277814954 0.6767461830557613 0.11493891248492476
0.9877081345753619 0.05957917567341354 0.6815008303781029 0.13865060168562113
0.9928139212662528 0.06348163029477401 0.7061989559983071 0.11324566466735263
0.9843803179064708 0.06705110809588422 0.7232585273607587 0.16299414348462665
0.9910836638083176 0.07734659337696767 0.7341660459429814 0.11102370651124539
0.9900796109286909 0.09444418633977342 0.7537043371802027 0.12867132867132866
0.9843039569082046 0.09698560570967797 0.7521320190497287 0.11179056896694753
0.9927802290933362 0.11024734148231785 0.767708084529874 0.09620651234471483
0.9884067103067904 0.09782506193901258 0.7744612722781773 0.09207926545792655
0.982753672444394 0.13938346067550483 0.7427511517228549 0.05881332730437368
0.9900166389351082 0.16721236762254285 0.7397174058938626 0.05285986049461002
0.9930363356001898 0.2936642703895391 0.8397498702555587 0.07221558378723124
0.9934128768735336 0.2613289594140983 0.8579154344023042 0.09547107438016529
0.9877272721805741 0.2656408082248538 0.8681573707754764 0.117155381924728
0.9907032868896712 0.2542357579222968 0.8407926822343327 0.08250522909349224
0.9957724393301219 0.26860553201072823 0.8361843581413952 0.08186554743469136
0.9883600546408801 0.2754093851817374 0.837136962258262 0.08116288737992955
0.9914039633213367 0.26815829678182446 0.8111202526304857 0.06733174727754342
0.9889221336277445 0.30478387433404736 0.798995781993811 0.057044728012469945
0.9894705677757732 0.2960229821226425 0.8007700716628203 0.05944254373875116
0.9902105396244363 0.3180659378645811 0.8385226293514009 0.07941757121781211
0.9893139055303007 0.30255611487044065 0.786242406954808 0.058310596747918726
0.9913447209911314 0.3192298258523424 0.791485912524722 0.060024063098792386
0.9843125887776617 0.32400175035554096 0.7627419478853461 0.054441986814697106
0.9905410445050394 0.34638297872340423 0.783619369360268 0.05728972350039382
0.9931859069464444 0.3722846981930027 0.7667285176032087 0.054012098512942454
0.988830633212992 0.38383557671395085 0.7499033601493724 0.04840933171804327
0.9877927611681052 0.34250842729280484 0.7385121064584709 0.04641433606746385
0.9943857056886624 0.37847982853962653 0.7126623638824552 0.044009537690498104
0.9908570593536131 0.3963685802139717 0.7108958563915302 0.040309153902832864
0.9962207834907396 0.3693111408091362 0.7183476581213429 0.04501744698425707
0.9915003075546609 0.3728821949680086 0.6936690927880234 0.04227956477792972
0.9924643263803087 0.38939251595270924 0.7276938804034442 0.04819938218079341
0.9886496020358765 0.41356260655194826 0.7177058176397451 0.04519034027967836
0.9919415152644678 0.37823559819953856 0.7325167647461338 0.04885361306658505
0.9902552698223196 0.37887174504966314 0.7146461197763546 0.04651715259809052
0.9895566479038997 0.3934382608464271 0.7365732851060054 0.0522123555212366
0.994662824754248 0.36432203500607835 0.7441353566034086 0.05652289991186012
0.9924337393077131 0.36716147813999844 0.7462817495390461 0.060308705555740146
0.9859580003368957 0.3743236331332275 0.7475020462116267 0.057748050694825546
0.9889252124460408 0.40382281967034317 0.750348704069949 0.05956699265335524
0.992408122490089 0.3938956457785707 0.7602669092103519 0.06400810462331921
0.9868070326593252 0.4442571034806322 0.7516005334419051 0.06262253108997805
0.9888515356531713 0.4678410358753555 0.7654169709215672 0.06564703889624589
0.9927304103597766 0.4405868864912009 0.7689349783383864 0.06843224666850915
0.9963145135134505 0.47148867603616507 0.7870117419912781 0.07705554083734285
0.991739584542184 0.4665306992176798 0.800177973287217 0.08575742325113236
0.9885572295131603 0.4278794402583423 0.7806924006540129 0.08003078106964218
0.9933047275946498 0.4749029775036635 0.7836005315404762 0.07959535693751198
0.9917721694004433 0.4695352114957798 0.8129672345274157 0.09544474965109455
0.9928698670177264 0.43708576838943486 0.7873710873281972 0.08322037449596127
0.9893439195266001 0.436527273631346 0.7971706143004741 0.09198951514402953
0.98887611207225 0.4347244210148357 0.8073191439283133 0.10266357845975681
0.9916032042944531 0.4228397757244415 0.8117732478653332 0.10191983307495052
0.9923919837151295 0.41596864959233326 0.8319640032944767 0.11928700267564725
0.9942256591751236 0.44136619560759166 0.845512667758438 0.13379199981310705
0.9924779987765006 0.4670570434850956 0.8320948157747315 0.1160824510867532
0.9919936344622121 0.3993523033258133 0.8418404976156478 0.14139638180724565
0.9919914219281564 0.5098283318044817 0.8477366185746772 0.1423804980494662
0.9930118300227041 0.44835490186715055 0.8585583562330565 0.14776134773469352
0.9892658504371352 0.4676739903639987 0.8584195101210271 0.16226303245865545
0.9902264199443362 0.45532151069059384 0.8549404487026596 0.1589235411880732
0.9815996174660298 0.3872478891413504 0.861941556699722 0.17764790493653582
0.9960488071241308 0.389449935539321 0.8629284365982499 0.17702251749360956
0.9864799732506998 0.3658049126426407 0.8746454809790432 0.2034372887901902
0.9906197572892813 0.37205126399549326 0.8787324233134088 0.2003877847794474
0.9907514271083381 0.34811996875106144 0.886367249021985 0.22913324404280058
0.9873599141611044 0.33084664649166023 0.8957063683233372 0.2598307534880699
0.9927355255374132 0.17639226129866062 0.9087721047447307 0.3342657069086926
0.9945969171752475 0.28778101582014987 0.8953019089104114 0.2667203126796183
0.9939268903798183 0.2511243825112438 0.8936068293889226 0.26566140159083196
0.99115294408643 0.27780351462367586 0.8970708083063991 0.2983576788956917
0.9859085912564398 0.3320612143647674 0.8697690776847107 0.2377579595337807
0.98965288344007 0.3948476089051169 0.8535847750865052 0.21257988385351753
0.9896829677039783 0.31957664913798844 0.8650732032902143 0.2522956121731007
0.9921032262129238 0.3714849715073187 0.8616079771068951 0.24300680955878698
0.9880626231990487 0.31599360391930054 0.8777199649823973 0.2920660193444452
0.9920686045575328 0.31439704675963903 0.8766072148070322 0.2915696876380086
0.9836720435535965 0.32441832156644523 0.9039480808617542 0.3820301315699775
0.990125613108804 0.3128947897807282 0.9325708514399753 0.4859030023094688
0.9881732056185609 0.27235305758955075 0.926712592955112 0.4774109885901776
0.9947152656866485 0.17261744966442952 0.9217299571082281 0.43702363835938346
0.9925543391110399 0.13078263978903143 0.8841013297972976 0.34738835500282644
0.992521277052691 0.09280282746064046 0.8910929942804446 0.3641299658922933
0.9919919583686336 0.03708615544924928 0.8592296311462424 0.31690885134159913
0.9899123619237333 0.018330047423669206 0.8777198884314416 0.3608599660890189
0.9924531439773822 0.01233311381189008 0.8974783296486712 0.41977525583470426
0.995082785177511 0.02685251614225684 0.9065220747580907 0.4490975329005922
0.9915382575796204 0.0 0.9089737040354104 0.47119338024049956
0.9907866598485824 0.0016955995155429956 0.9306441042013426 0.5697562121528503
0.9931644259545331 0.0 0.9028054369578903 0.4718621073679415
0.9901416308468688 0.0 0.9062992913522677 0.4985575282548677
0.9894892046848406 0.0 0.8935601309490168 0.489326603587011
0.9950455387173576 0.011941848390446522 0.9229122073529792 0.5808416210437656
0.9939202154095865 0.001145562853215213 0.9407935372985021 0.6857512707234811
0.9929642902886361 0.0008186283427323995 0.9611094561943534 0.8134408499660039
0.9916902662937364 0.0018989745537409798 0.9603207898265562 0.8250304276660931
0.9896764427814406 0.0 0.9517509035095829 0.7990262066569686
0.9899690857869412 0.01609672872932275 0.9312591625876022 0.7329446815956825
0.9949183180570349 0.00642530581984431 0.9420658887030966 0.7899062909777081
0.9936439174680235 0.04191783362700547 0.9423790764218775 0.7945589351392376
0.9919159647594152 0.008674944718489539 0.92513965347689 0.7687414745693414
0.9903937088113178 0.0030430284218854603 0.9110222705375715 0.7558122859267807
0.987501954176727 0.01121124342881665 0.8994902688115195 0.7616958931008593
0.9871297325432317 0.010967556703990812 0.8858604268328532 0.7569150791228911
0.9960755357835084 0.022973916354636036 0.8879939698658275 0.7781458333844143
0.993384906426895 0.031060481888215048 0.8752448714979317 0.7861506862145049
0.994732810389699 0.020314219953967778 0.8865378761105299 0.8334790908678134
0.9969511232256387 0.016550172732385314 0.8858360049056523 0.8444797546813817
0.9876160450249459 0.007053821625277804 0.6792759402062218 0.7492719068146868
