0.9860155721134946 0.006444492658430001 0.1804325255338157 0.02799043062200957
0.9816538617394849 0.005466111112223466 0.19026629348260696 0.0
0.9860944138144325 0.004580121806373354 0.19606487862784322 0.06789802289281997
0.9814886173621425 0.007546504718453838 0.19545148390992667 0.05889600788565796
0.9820384700627487 0.008166926787885184 0.2027866538158521 0.07618296529968455
0.9837426015837405 0.006488822673288664 0.18022485321350523 0.04376292212267402
0.9883171732651785 0.004679530327557354 0.1835445240694161 0.1310418904403867
0.9736964839808875 0.0064628555980621154 0.17618327767404474 0.12242152466367713
0.9848737437147459 0.005186258446289049 0.18814855100613784 0.09230140902593424
0.9799663709374101 0.00557680722153923 0.20026978194688513 0.3362227475702653
0.9880374646368397 0.0059741108963681355 0.19195519269162348 0.281360201511335
0.9796862684339122 0.006732795947423606 0.1985300773256691 0.24194775551610448
0.987144420807112 0.008128654403707978 0.19568080492186263 0.10987145282561242
0.9794077103651301 0.008060628285050728 0.1980970358418166 0.11484939228465739
0.9870027856458469 0.00802354938298925 0.20545543485856713 0.1338373518594197
0.9786113897301562 0.009167461692724052 0.18953678193716175 0.1940382452193476
0.9850823107579373 0.010791735768614141 0.1976665943471275 0.033166742389822805
0.9864122300748571 0.011966324785817044 0.1974887808482083 0.1391390156654743
0.9863044650360978 0.011515618943178098 0.20574783987706785 0.11801349714483475
0.9803751164764958 0.012493250457750911 0.20544463884827713 0.04674880219028063
0.9803570589064924 0.012692040485638845 0.20829687045891296 0.03994040180717101
0.9859200557630817 0.014472150754186069 0.1980346713937485 0.05247795304931065
0.9848438015645408 0.01381838779575317 0.2158119137135956 0.10018565177032224
0.9888685210585626 0.014929553032986716 0.22126952021275384 0.05112915503679269
0.9900692173578156 0.014688921152860598 0.22095183487172554 0.08137692640069134
0.9918854775347727 0.01531750555688131 0.22136814885511752 0.11923549009293355
0.9830844724932032 0.015335777801619408 0.2251900193438715 0.16689118395449784
0.9865423646221801 0.016372027939508788 0.2342164113514886 0.08292550299075585
0.9865044732956738 0.015343018681270519 0.22734389012838754 0.09357148022272037
0.9891953288609662 0.015583366300159288 0.23340440078808009 0.05161104718066743
0.987977940604347 0.016931952099382974 0.22688657603052328 0.05648514851485149
0.9876294170503374 0.015641421566361235 0.22924578016959168 0.038775697503671075
0.987121990053639 0.01597052851756074 0.2270133219485419 0.057606546825433314
0.9899747989006281 0.01515948538915339 0.23308615791264709 0.07546266751754946
0.9897781622811976 0.015396591105532932 0.23316872026581417 0.041748942172073346
0.9897283383513811 0.014271172763524128 0.23615308771943608 0.08039950062421973
0.9889000959674102 0.014460356341909482 0.2399806715298911 0.08574992204552541
0.9889360586745317 0.013126958841794977 0.2435483010028824 0.17461237501811333
0.9901484696515418 0.012104668440941883 0.23854745266678612 0.06662099115852664
0.9839455357665373 0.011453835255935072 0.25993139864086307 0.22787471095228085
0.9836137550758605 0.011915269196822596 0.2509115406197296 0.09177640419242139
0.9798613513095825 0.0111929468108265 0.2618826997587686 0.0524987380111055
0.9920203364000325 0.01250415250622745 0.26035545973934204 0.1228752597644802
0.9907913545404334 0.012374607744593508 0.2694276350134527 0.12297444437327867
0.9877055026568239 0.013548153542252578 0.2668311604882869 0.1170795127959491
0.9881604868940329 0.011374480871828168 0.2786569534150162 0.10220125786163523
0.9855656970304919 0.014767412982442848 0.27552238098550796 0.1548366328665701
0.9857209065088328 0.01431603681387356 0.27549006890342076 0.10825158684362378
0.9892053180725532 0.013739034785027637 0.27980585571619415 0.10891044234952864
0.9941730021353195 0.014649408246319063 0.28303598357779924 0.13232876712328767
0.9820797779102566 0.015449506086250434 0.2832863149641405 0.18918759231905466
0.9867458993430368 0.017215505868748572 0.2939726630882131 0.23961766644693475
0.9853623790437769 0.017662759867296138 0.3016340786357103 0.31556598502625993
0.9863357631303435 0.020281108944589815 0.30274763032054897 0.34756780990809233
0.9897417688517494 0.017055616039184183 0.311308397266538 0.13304439852844832
0.9827326450316913 0.02004503515192428 0.31379388617452564 0.48711943793911006
0.9870267237314136 0.01851823662828753 0.318858517118723 0.31136028995356213
0.9911168646188255 0.02205883225767394 0.32847982847620405 0.3462575859743763
0.9886937450861004 0.019943305852059206 0.3172088190187767 0.2353141147674735
0.9866200918770865 0.022949193659215706 0.3234238659794234 0.2154723356328312
0.987101496743903 0.020868530226907763 0.3383088225707618 0.24623115577889448
0.9807384464873775 0.021658514043121517 0.35557041775078324 0.23739355794150316
0.9954043142553695 0.022175371467050984 0.3542944609328524 0.17951258173172183
0.9857694385820699 0.02133258728680507 0.3569899383546502 0.1722153311833292
0.9900075743996855 0.020647660082178332 0.35938363867431544 0.13966864108507168
0.9871281087714676 0.018566312333885775 0.3793209329597487 0.22372077261945103
0.9893499345516936 0.01865504999659372 0.3536988780812444 0.23720678699384845
0.991114034408935 0.01770788242326799 0.3677215621237249 0.14875893510440705
0.9840468926100755 0.01777366658360199 0.37612177419354836 0.17620083207261725
0.9886638103101283 0.02022544216286913 0.37792779467084386 0.13868100062021915
0.988406974937553 0.019903016407462254 0.3865096506482272 0.1232876712328767
0.9871421430082098 0.020371912367756807 0.38461778891234416 0.13808845549833826
0.9848573036802836 0.020701374540041742 0.3807550939385013 0.14007298059379664
0.9840161924484003 0.024341111964612083 0.39286943206304575 0.21909542070832394
0.9837799133310827 0.022682060248092984 0.4021024360093541 0.282638321068411
0.9874520490311879 0.025226059550175782 0.41680538599498146 0.37974558722019525
0.9912374799619126 0.02727749751064946 0.42666229440016634 0.492048421552338
0.9849365308673013 0.028139820686578373 0.4235707245439926 0.24695723125042496
0.9829736590796754 0.02891155499425167 0.43310965042988187 0.23978989612842305
0.9906657656388422 0.03164069122828514 0.4387536128917666 0.27750873536443327
0.9899406598623309 0.03401700040336946 0.45007772117306294 0.21191032227930873
0.9910596139840196 0.0341256376937145 0.4600909969051938 0.2481822588463403
0.9912916142910829 0.03305251516078308 0.46676529418179036 0.19544758152768657
0.9903148267848533 0.03544901883428131 0.47517021960818884 0.26529194935626904
0.9885964850672716 0.03360221376237415 0.4958424796607144 0.2805053751523883
0.9914818681111989 0.034105830531480474 0.5074366851491083 0.3799493896993153
0.9838861926489464 0.035674929300707654 0.5025752273862337 0.22667117669443151
0.9927379693891621 0.03632617264549868 0.4940830801567142 0.1389910050840829
0.9895809536818753 0.04565253048058173 0.5915333808303702 0.16987086687127223
0.9889751449954113 0.03562830287292909 0.5082951608518719 0.22367225571983151
0.9904137372674113 0.03856113081016558 0.5657546043980883 0.3423227752639517
0.9838905515582981 0.03078417897006896 0.4540200535289533 0.24037213327563825
0.9869415619424843 0.03337173365536638 0.48604568662770353 0.1645309796792071
0.9887278679194977 0.0332231304057267 0.5025313390243463 0.12133543362212304
0.987488375110842 0.030285585450172854 0.4608717261383404 0.09743398372250062
0.98942044978147 0.029799380346319564 0.46851341444935435 0.0920586580158231
0.9848440104672032 0.03312004228940583 0.47279908528330444 0.09231156728165732
0.9893740610674485 0.03244737421294109 0.478467649806182 0.1119112531728871
0.9900152747338996 0.032566835323835565 0.4760304087825922 0.1215738895356868
0.9899536657174574 0.03205860941531074 0.49400224763021594 0.10943722943722944
0.994172669398516 0.03302693491678556 0.4707435158218287 0.1037666994573668
0.9890133304130774 0.03371110640067958 0.4924052315754097 0.11071540452754283
0.9875000593370391 0.03551365464045302 0.4909777879172618 0.10690334703105665
0.9882195920065824 0.03510345258820703 0.5054316265968387 0.12071628180614796
0.9840749347742405 0.03567562503903241 0.5303196281332926 0.1387912065313509
0.9823382021137632 0.039499071617807635 0.5256867023955258 0.12842222016822258
0.9939788387158865 0.04347987497878599 0.5529993201579338 0.12198839322351837
0.9889247952812725 0.04452040736359328 0.5719755224943743 0.18566757785281665
0.981569649132135 0.04079644645512008 0.5610336858323413 0.19158866042616743
0.9795140566424286 0.04227946705164065 0.5788592960493346 0.20118857399153423
0.9823249852491286 0.04326638227278114 0.5737673163180248 0.17726240286909742
0.9868343221111009 0.05155848605870772 0.5997609701576301 0.2478687127024723
0.9839420999586033 0.048530945128810066 0.5941550949916347 0.21081502519978837
0.9804066338493638 0.04461581879064331 0.6096831155588303 0.36320318282753516
0.9881086194707369 0.046161884025994034 0.6295514696724375 0.2989875593081033
0.9833286617062481 0.049215526827467125 0.638420663578276 0.3738046127882993
0.974600745691962 0.04846328501435139 0.6518015303000326 0.3703011907541443
0.9773812615373988 0.054074777104011894 0.6638931720557741 0.3396234327169036
0.984983926964125 0.05019933741366725 0.6774431829525054 0.29352065876914185
0.9860293638696734 0.0508074821404666 0.6821389545140988 0.33005684509711036
0.9923267575749262 0.05556693979982063 0.7075903630173617 0.21107470175618248
0.9814235756090112 0.061749201323278234 0.7245231348738704 0.2758369240967849
0.9880323445937266 0.06778479110309588 0.7368971681944201 0.2129064039408867
0.9869622913321182 0.08110628857703416 0.764849074600258 0.2652534394266104
0.9809330332798255 0.08309521678360197 0.7681189495178901 0.2769382182995746
0.9897962858171717 0.0942552771749852 0.7935153464606162 0.18210794275568484
0.9868784830096777 0.08448011574034206 0.8026237443840426 0.19050521320824537
0.9802627271857421 0.12299978878976535 0.8057549298829029 0.11896025697888526
0.9896406111196394 0.14723700787876232 0.8012761506111978 0.08157286961247155
0.9919800385472773 0.2522470816123643 0.891812316129692 0.13903049681759222
0.9909434975826537 0.23268012858765327 0.897567107996572 0.18295053353960886
0.987056417281908 0.2350429013366539 0.9247041207407485 0.661849305458117
0.9880168697573806 0.22087339256013955 0.9245413417417321 0.5527445746779621
0.9942564008940893 0.24545001246571926 0.931892481664917 0.6038513632883812
0.9862806522202862 0.25275220982310675 0.9271062752571175 0.49792104876975
0.9893461127173353 0.24878838447933008 0.9152594543500917 0.32700319736459643
0.9878176736809531 0.28914961915733667 0.926438027306158 0.35160122332759164
0.9870490019546859 0.27473433989297613 0.911777691480945 0.2354898766581336
0.9885715386987357 0.29525375424750633 0.9339902296823638 0.565589765828274
0.9882795790914535 0.2828475571398616 0.9284074841658758 0.5071039269576559
0.9893341757316929 0.2987430310324859 0.9305179212120478 0.4244914655460935
0.9824115584624973 0.2970354109847225 0.9163104767749694 0.3070139032994397
0.9890864491389748 0.33116588176232936 0.9255520575868204 0.29683151632752064
0.9920541334172084 0.35413583092713463 0.9221360179548868 0.25268006358782047
0.9860988982412258 0.37094558123558563 0.9210586822057519 0.2564173220001272
0.9851822969808277 0.3257988165680473 0.9055894548764454 0.19637158824005832
0.9921248958732155 0.35311640421366197 0.8508896911609807 0.09363783721199491
0.989070119592773 0.37450158470504036 0.8744551844706143 0.10969663658445772
0.9946485742167914 0.3518964516407919 0.869120249383706 0.11106346123121684
0.9891886174730323 0.3539141414141414 0.8409696559830608 0.08850631098854476
0.9897527229552091 0.3819125425243972 0.8508606388230249 0.09764605805865911
0.9858239782457233 0.39438733119210306 0.8486764409483746 0.09474871180005424
0.9896541936477086 0.36611903087643033 0.8539495592297907 0.09957834472710148
0.9882650058142596 0.3684299235057695 0.8495619086377048 0.09904471747270113
0.9869625483837221 0.3936152973586129 0.8430454148121679 0.09412929412929413
0.9914774984376797 0.3519502842787254 0.8418352243887519 0.09805589627929674
0.9895529977893555 0.35819407330594666 0.854757489812175 0.11414537291538558
0.9827726781952196 0.377297725132712 0.8456742949052468 0.10517240185317277
0.9854779813692557 0.4050295162650519 0.8578176563386347 0.11540618313288571
0.9892636906370538 0.394687038085897 0.8448864691371124 0.10683277457067851
0.9844731661789281 0.44715952846395357 0.8466489226596816 0.10874684444328478
0.9858272599680128 0.4735974917217219 0.868818341068662 0.12667558261083442
0.9903243536565769 0.43665595769482274 0.8623416652134479 0.12255806742170311
0.994049112325922 0.46994062533217923 0.8776476172489349 0.14107406005652948
0.9896290794299243 0.45829119143572905 0.8874176390143165 0.1644045413693806
0.9865778974978278 0.4249134948096886 0.8856621461158678 0.16735392011834319
0.9910913037079783 0.48335048094981464 0.8872370508628847 0.16068291325297013
0.9892130926922793 0.4744853013148879 0.9013519893413441 0.1951301251505472
0.9897374523150573 0.43691364163765956 0.879886312112714 0.15582480881914787
0.986112988783612 0.4457319755049565 0.8959867603772855 0.19671408976682253
0.9862886419895228 0.43010929410797927 0.9103070460171135 0.24991386947534205
0.9900590248990091 0.42394172912488126 0.9156009564525284 0.25521880507359695
0.9901010200652208 0.44488174005627806 0.9264118015635053 0.3019958204182387
0.9917709302232228 0.4554878396081335 0.932730707848885 0.33572797657676695
0.9908666743092973 0.46657444916510227 0.9278668373017209 0.29761360645974433
0.9911261973937807 0.41204931813936113 0.9355116375444357 0.3861890515080456
0.9905826943484656 0.49857499502905245 0.9395443330905935 0.3750797751101656
0.9907528690464701 0.45949323662027053 0.93386468293166 0.3279086812530539
0.9868870852013838 0.4635847899417357 0.9386941295066215 0.38838692532553815
0.987727556067176 0.46228093825829064 0.9416728880115738 0.40584104198248927
0.9789533689795937 0.40701497990500546 0.9435824869027776 0.48559262400086606
0.994923547746596 0.4295567867036011 0.9486190463204113 0.4451909916635561
0.9841386129311521 0.38182634922672143 0.9471376161138085 0.4999480555459362
0.9883170674391435 0.39914802981895636 0.9627413145568002 0.6382180591316701
0.9877929703772083 0.37698547958279366 0.9526976790055699 0.5427210164107994
0.9839966422362179 0.3559739574168573 0.9558373603108554 0.6245825511313111
0.9913096225228585 0.21357820341031503 0.9505439046119883 0.6259665493951423
0.9920938807345955 0.31407210732252655 0.9608508669402525 0.6446710091569905
0.9911714654327298 0.28898020171834143 0.9669501101001217 0.7535539927307138
0.9884230571258784 0.313261845843644 0.9632495566213377 0.7944428815649953
0.9826822196690517 0.36366064954394534 0.9620762717345468 0.7557899842366921
0.9871787765238021 0.3775915520248014 0.954136988570482 0.5788691343631595
0.9877967341268912 0.3634476292526118 0.945342690870529 0.5563403524985148
0.9904783031201123 0.40077458756935913 0.9479497532448665 0.5466862922705314
0.9864296886108347 0.35476487723678735 0.9554893917264158 0.6782258301714756
0.9896533670856945 0.3348727422003284 0.9606146736931568 0.7231659651232712
0.9808592335336014 0.3527989316779153 0.9637731252328043 0.8396478435457585
0.9872200641465777 0.32082474226804125 0.9711336778770051 0.8695217963015364
0.9861594499048582 0.30447689345314505 0.9685091400502794 0.8566556134533396
0.9917153567968614 0.23860675595374137 0.9721077748710765 0.8318891844893955
0.9898709903218437 0.19420595712024558 0.9657497697222054 0.7844814161129569
0.9896406059773004 0.12874937161369604 0.964061744096971 0.7564802512380723
0.9901584803418633 0.11611317298886586 0.9521801559903863 0.6731045490822027
0.9870571627378444 0.0732017823042648 0.9535058875248799 0.699373359217051
0.9896973347918798 0.040681725325395435 0.969953424371803 0.8553042436253442
0.9919598079294505 0.03620974608103371 0.9668930835462963 0.8280735742512135
0.9892412765555757 0.0 0.9692934287405315 0.840537112094304
0.9887801061620713 0.0009641651936365097 0.9727143416585485 0.8711311085105524
0.9919366366151742 0.0 0.9683068368565151 0.7982986111111111
0.9860405013144096 0.0 0.9589184561417268 0.7617698012885508
0.986637433152374 0.0 0.954639319618624 0.7594075642920702
0.9924046739304457 0.01186546525113748 0.9695297123761171 0.8419970538886307
0.9923167997581681 7.891414141414142e-05 0.975912446630638 0.9179349136199276
0.9896019786135888 0.0007051564565888057 0.9760567688467603 0.9351906899319283
0.9878694645918832 0.0018973617636429347 0.9755868448379516 0.9453893985444609
0.9867829678813117 0.0 0.9745743246788886 0.9515080918008756
0.9853839852268774 0.022978005762068723 0.9664399645161852 0.9228893234996112
0.9927273455562329 0.009216292858984274 0.9723121214341001 0.9434593657332502
0.9895022568093386 0.046806387225548904 0.9753514105822862 0.951990106256783
0.987833187677518 0.002699055330634278 0.9596769913528846 0.8997074206410854
0.9887361628782457 0.0009066183136899365 0.9589090969883513 0.9209651872897685
0.984308574039493 0.004430995352858532 0.9519897727897788 0.9258624654160825
0.9842156717156717 0.0028163950143815916 0.9423434285981425 0.9021249934393534
0.9943916547823161 0.00507416081186573 0.9422732600363848 0.8966759794721989
0.9898213627744652 0.00963663690213067 0.9328784299375226 0.8924682012257253
0.9930905158276812 0.0024021962937542897 0.9424910349765842 0.9202714708131307
0.9954402877155343 0.005941499085923218 0.9428066149332829 0.9271812238572095
0.9838712682222532 0.0005438813349814586 0.5306160343285441 0.49179107663084654
