0.9861054409306772 0.008858354447048387 0.18100292013114352 0.1033325877879669
0.981942561393306 0.008495579117144141 0.19052772434020418 0.1341114292006166
0.9862050763923688 0.00768690680042228 0.19635006843319422 0.1875520978049458
0.9815997197571228 0.009217800348422588 0.19555078727457434 0.2319463087248322
0.9823515684823639 0.00980722334257114 0.20362728428043264 0.16641735228122662
0.9841049489831332 0.00881884869074621 0.18066300640545713 0.1338421444527178
0.9887913793082836 0.007869501822837572 0.18404319088545285 0.1935274028297284
0.9739535370696897 0.008269395460240898 0.17615777256330775 0.19524348810872028
0.9852624359296251 0.008908380200462725 0.18847248402963923 0.15290933694181327
0.9805064392663735 0.008934437385015015 0.20042682477290982 0.4170426065162907
0.9883797515416312 0.008706364232352787 0.19209620895645624 0.36675655797989704
0.9801081099691852 0.009299727219721438 0.19862778331542755 0.35075757575757577
0.9876402912177636 0.010024095825005767 0.1958036956151597 0.25422465208747513
0.9798221883377192 0.00988459662576837 0.19867776750305655 0.24926129168425495
0.9870288878504327 0.01041285792356172 0.20585394931080342 0.211816907986922
0.978760077368874 0.010892315536583253 0.18989729878307804 0.2608695652173913
0.9850605065836493 0.012904490806153798 0.19861546627020063 0.15418781725888325
0.9868440033467009 0.013875583880927876 0.19816068984852975 0.28378583345973
0.9860842545563191 0.013852553198962362 0.2062610134568034 0.1927588996763754
0.9808039308548425 0.013798027867878102 0.20908191640459772 0.19947848761408082
0.981198469738551 0.014727989023992584 0.21341573820358992 0.1645188110579921
0.9863785902829187 0.01673692655236916 0.20115103067282988 0.2263677430148904
0.9851321374745666 0.015197792969095531 0.21913149662120415 0.2139498432601881
0.9894399269115224 0.01690274395465311 0.22525271946347217 0.15986142044048504
0.9900686138972137 0.016278378420665592 0.2217347195083363 0.23123980424143556
0.9922965871954843 0.01728400461545511 0.22124415255816388 0.26078353779184804
0.9835225907233838 0.017226338746124337 0.22506380727472222 0.3389502227387178
0.9867290477978123 0.018063108400829277 0.23397855958476857 0.3402960859866153
0.9864952183269128 0.01748875603649374 0.22885940473175262 0.17905258583224684
0.9900200073119567 0.01693536242554046 0.23495871209605168 0.09209685436341689
0.9886567542947161 0.018533637977094133 0.22968051440204793 0.11519907377629125
0.9871126698413505 0.0176743851796338 0.23282486726997154 0.05603339691222514
0.9871972863375448 0.017931493467718312 0.23121670922291884 0.06795258779356549
0.9901354307049909 0.016541256104523405 0.2358715328700503 0.06468806430943089
0.9902575578273174 0.017285147164518164 0.23694888783493104 0.0336157234835649
0.9901372854531402 0.01572366953171856 0.2388232049775133 0.06568897036358082
0.989551661501251 0.016445222397181172 0.24650397057533713 0.06170730294781954
0.9890691105607287 0.01529294483132005 0.2457382917008296 0.11076666269226183
0.9902884851625899 0.014439507418808792 0.24360814598075542 0.04898908288337997
0.9841522418779782 0.013790658776182511 0.26258086363715855 0.139351403678606
0.9839144655754111 0.013685870779673547 0.255172182944528 0.07442725555030703
0.9805264971857434 0.012838080654156673 0.2650976558174265 0.054464037767286866
0.9922515770407845 0.01442391781341282 0.2641747377715048 0.09027134348113831
0.9912844477243777 0.013594318905609795 0.27385624583873225 0.10206331011374659
0.9884582563841304 0.015325378010304761 0.2708673740689512 0.13028915931673551
0.9884602140147816 0.012855426723750151 0.2846895921313127 0.07788388749781634
0.9854750893786107 0.015665590391350532 0.27823437378907845 0.16817294854678033
0.9858068525339357 0.015600301151068653 0.28010251609345094 0.08155583437892096
0.9892053598127468 0.015585843089073783 0.2825851320495588 0.11713018943974204
0.994220868056048 0.01659940809628357 0.28534031819104166 0.1260768596898644
0.982399406110251 0.017434223235328207 0.2857026058089238 0.21389720711360996
0.9868620470775594 0.017833546287499044 0.2963563378703643 0.44744744744744747
0.9852534343794668 0.01930075268053682 0.30317028441917865 0.4184795601243127
0.986506217290725 0.021027549859659277 0.30358948472635205 0.4749798224374496
0.9903210587497142 0.018609431875406715 0.31543859816745173 0.18002315802303615
0.9827154694801754 0.020786187824242696 0.31462263888635117 0.645769099006509
0.9872781799774598 0.020622657313860277 0.3205392759376514 0.38461538461538464
0.9916790026712462 0.023127003371476974 0.32953884054746463 0.5307438512297541
0.9892021687880844 0.021916418438670482 0.32057254858075196 0.2974779702218171
0.9867816906273896 0.023176862543734997 0.3257734360616957 0.3534307754770605
0.9876365060512 0.02211359575717807 0.3422939375312748 0.40631808278867104
0.9814211628117241 0.022389129593565045 0.35994004672828533 0.3909110035766884
0.9959986568918239 0.022282156788994402 0.35786159031540904 0.27923344356821844
0.9862347084385867 0.020937341195157267 0.3595697061702682 0.23474695551067867
0.9906126305102229 0.021294598242342446 0.36364301401930615 0.22554443790464979
0.9879157499676459 0.019110722007773223 0.3839385513716621 0.3576434930858117
0.9896540149694527 0.019137416335286928 0.3568017955243914 0.39656188605108056
0.9918099764475274 0.0171347026670582 0.3712316653389948 0.24974162114277276
0.9848590594532144 0.017346302629073447 0.3791411409761466 0.21102506623191358
0.9888808340973541 0.020222993159199933 0.37936058643298376 0.15426661423515534
0.9888901769612196 0.020511005361754566 0.38684969267479047 0.14295106927815074
0.9875066990624918 0.020416817257220846 0.3860693349075104 0.16540741601766826
0.9855076455822331 0.021235395707404365 0.38218811434089717 0.16741342489845484
0.9845306742544423 0.024101154160285184 0.39392577259559164 0.23870232734769165
0.9840138596208788 0.022312020391915488 0.403241070922286 0.26196110117158194
0.9874812648068462 0.02535218530626314 0.41840010067670036 0.47911467939676683
0.9914024400533235 0.026828177156818886 0.4269863275609524 0.5656131479140328
0.9851735307950553 0.02849136952392555 0.42303858761203134 0.24376881396748945
0.9829166671665301 0.029273509411969406 0.43056047442900874 0.22666465499899416
0.990427423080918 0.031299740034908784 0.43666397806097756 0.2866778082845888
0.9898986182990233 0.03284650592093358 0.44917797013468497 0.21876771464701522
0.9910443004355678 0.03382763278694437 0.4543550604948618 0.21265171853140244
0.9912874972758704 0.033492726989373243 0.46855080924013087 0.22961703505789005
0.9906305355152795 0.03553272710344185 0.4706017832247505 0.22050474493390246
0.989015555443703 0.0341037044237608 0.48591161415668377 0.18081071275437843
0.9916566361362397 0.03439811888613432 0.5013598550574627 0.26724933236222387
0.9840130696756589 0.036050252872267596 0.4951282799356522 0.16435364767405108
0.992750156145044 0.03633224474505045 0.4849314034768258 0.10974320833007124
0.9897646770668476 0.04516676008117957 0.587936838605654 0.14512726761355646
0.9891802972373038 0.03598324694833813 0.5022323137390319 0.15141676505312868
0.9904980802945406 0.03911406168670593 0.5635464256048178 0.2869989846734033
0.9839072091481801 0.031654375956588286 0.4543702735627114 0.19106515927464812
0.9869522733845658 0.03371924494036705 0.4845284681369373 0.1714887964887965
0.98886638708104 0.033743192859745225 0.5006665875545772 0.12580034460019995
0.9880083908824844 0.030661893234500862 0.4557780504714816 0.10076179063596678
0.9898290342943328 0.03075363095041086 0.46689387281265576 0.09519830301472006
0.9849265370569021 0.03337571909908748 0.4685043709428537 0.07474766940476477
0.9894012177067408 0.03274317504543819 0.47864419212572384 0.10017194166719735
0.9901484553758475 0.032705447179262444 0.4692031709011714 0.11321998612074947
0.9902764673376656 0.03214010624064095 0.48469634056044647 0.09581752303785912
0.9944446515789866 0.03356894810728271 0.46136816271355496 0.09061275991693173
0.9891026045429819 0.0337854080532874 0.4837595988141379 0.10162184059375859
0.987267419783558 0.03475595734861605 0.4880394366616423 0.10574599545645284
0.9885187917305037 0.03461852197823884 0.5050447387036324 0.11982986469692461
0.9842051559825481 0.03571032436516904 0.5341748316497626 0.14629671620869494
0.9827206615809924 0.0387581214451114 0.5281839902361272 0.13209955328653478
0.9941378571961321 0.04220063581773225 0.5531611763029749 0.11952986398580721
0.9888716730863911 0.04360214302352667 0.5698670213411845 0.1850568023682413
0.9817847423956073 0.03991271370751806 0.5594502277163305 0.19097656150373638
0.9799915362449303 0.04239429111985345 0.5766699955835485 0.23874392427730878
0.9821516447038144 0.04385371122504087 0.5728450953298514 0.20460540198354082
0.9867022902859083 0.05045457888075674 0.598440590353566 0.30974762872628725
0.9838278629325509 0.047771877119497125 0.5944276535197244 0.24222952779438134
0.9803779518432051 0.043703648931939496 0.6116849710892764 0.42275708899333714
0.9883208912997316 0.045804510590343836 0.6321578900319869 0.43185668086853857
0.9832378889702837 0.047314408990910176 0.6381794084799879 0.4890067786619511
0.9745897367775689 0.04740645062568774 0.654655904327483 0.417269485481406
0.9773584374648204 0.05277847195136477 0.662296272916537 0.3360131848695582
0.9851483175336255 0.047961519614416005 0.675006871897089 0.2763740045226625
0.9863312979665004 0.050184835251312794 0.6798702597706029 0.3056816182937555
0.9920517465911333 0.05410931260090067 0.7064773064111294 0.24133968609865472
0.9815000084126169 0.060085533224081764 0.7246461583396987 0.35192205780441077
0.9879726802832676 0.06394066766873982 0.7309531782955241 0.2239588534904624
0.9869728872894001 0.07635146822070543 0.7595156095134181 0.26439982412428553
0.9809151608559183 0.0800136169978646 0.7578770590462326 0.20631521392445437
0.9897988579659448 0.09059926716835429 0.7782862406433615 0.13047509713882022
0.9866792084869154 0.08207124412994256 0.7806317503459335 0.11925639202675303
0.9800541608281998 0.11656632550672286 0.7754304868067194 0.08152900294039027
0.9892420500989374 0.13848881942774705 0.7853675641160404 0.07244333665186649
0.991607479918561 0.24306101809192043 0.8804604404564468 0.11986812250065813
0.9910040144951602 0.22212649454830896 0.8909217657388029 0.16592867195276834
0.9870034803707571 0.22492226972405752 0.9169328483446952 0.42034868814631227
0.9877367593153463 0.21555055544905105 0.916730715413072 0.3682349437951314
0.9938410466377375 0.236304127862556 0.927648365587953 0.5070114560060845
0.9859702987857784 0.2440113682501015 0.9163391009096048 0.3171198659846241
0.9890161061904419 0.23789929830838652 0.9018945033084781 0.22499189977319364
0.9877204646833407 0.2728665985518191 0.9022148969135128 0.1779916852110611
0.9867950690036181 0.26202874176612007 0.8968515739713792 0.17113017286537455
0.9879826454802124 0.2842382319672844 0.9102353337861362 0.22736945141933013
0.9880992261363938 0.2668884499428215 0.8804652824658487 0.14025909005569812
0.9889471786790389 0.28312401883830457 0.884483704420781 0.14200918220251724
0.9821069133583346 0.28826841394751573 0.8618182901937536 0.11504466562163591
0.9887204148734909 0.3188581767968955 0.8633953012555365 0.10378240764794514
0.9916728499935029 0.3242608421919268 0.8389832488753484 0.08481824185941013
0.9857748308485753 0.34327267412117224 0.8327956317624066 0.0794345727198028
0.9850110473682484 0.3069629491236469 0.8067547016880735 0.06685208075813762
0.9918215367829013 0.34638295844452915 0.7742623479294773 0.056678196231765746
0.9887253767344403 0.36939388133103407 0.773822247403697 0.05276027224602974
0.9943894833384286 0.3489354429143471 0.7693895216584333 0.05581520279344614
0.988910217990442 0.3450118396746879 0.7386832684323493 0.0491916759204511
0.9895080155853219 0.3604957644260828 0.7718882622280422 0.05882626429129948
0.9855149987864766 0.37453387005161387 0.7722885050511746 0.058122897250473725
0.9891347749741418 0.3537868474955789 0.7826819576480056 0.06192418673739101
0.9876166731667867 0.35206672892652907 0.7719243579751341 0.05999863900443174
0.986645141656126 0.36977784923761287 0.7682843321512036 0.05999884482730168
0.9914644645190668 0.3407774260079083 0.7755083470236983 0.06532652480311904
0.9897649408909152 0.34015714923921897 0.7803067062647 0.07015104398045313
0.9826837750610332 0.3571994680493801 0.7864037485292893 0.07082811496282056
0.9854488183084149 0.3846970439327127 0.8000944345729942 0.07719772736117056
0.9890064508279381 0.3699180372360636 0.7906380630040807 0.0754544193145553
0.9842203691321144 0.42508913628756456 0.7995321206067051 0.08046796497440069
0.9854693860422175 0.43329135376339073 0.8135308398672563 0.08528094077740826
0.9894125428528842 0.4158084304125162 0.8010491653647178 0.0816377098880597
0.9935543342551428 0.44828318369327835 0.8246860273076335 0.09498281048560378
0.9893088344865525 0.44254290099055943 0.8331823634947416 0.10453679653679654
0.9860931139568849 0.39371729327843885 0.8326943830104719 0.10705829953819827
0.990625474375331 0.44045572142501327 0.8391928728365582 0.11009606328875494
0.9887395380134208 0.4440319770754978 0.8480033215067563 0.12009375774168345
0.9895372187091837 0.40879067112452094 0.8310507302623574 0.10759888673357511
0.9860511210659578 0.4129381494971096 0.8299956676954491 0.11226192563764616
0.9861658622849353 0.4099726619411659 0.8435125239202608 0.12875391781027185
0.9898310229687342 0.3981315946296491 0.8504044788324842 0.1324216037862043
0.9893990419908971 0.40919928658593824 0.8568157640861419 0.14323675638607922
0.9912949930726954 0.418872958905654 0.8624047752586627 0.15229766965566957
0.9905319162351441 0.4324556942216658 0.8464190281120041 0.12957333492908862
0.9907510646401395 0.38344136267711787 0.8561779092788283 0.15510193604692202
0.9899312753142449 0.4591065892319113 0.863251252051752 0.1602715769982512
0.9901036855240117 0.4307038805826874 0.8689260200058386 0.16177487105864838
0.9863809406291274 0.43454453696694423 0.8714291961938339 0.18114754655661244
0.9872214430419199 0.42873991990783916 0.8636397335728235 0.1700126512721557
0.978927613394123 0.3735709860899927 0.8542134294255604 0.16817970853058573
0.9947094736175162 0.3832097233580553 0.8567012072614388 0.16888647753061356
0.9835827205841232 0.3486420556187998 0.8731307292321173 0.2029588919421545
0.9884413341188341 0.35151603075583926 0.876427639911487 0.19830997526793076
0.9876274550970375 0.31289164261071606 0.8758094905463488 0.2130962694058276
0.9840131666642798 0.3167376351130036 0.8868270722203306 0.24343744744607013
0.9910736046455983 0.18291040353429233 0.892138760941733 0.27852833645569414
0.9921052835661163 0.26834299534089695 0.8838670617740505 0.24388952055423338
0.9911717096389795 0.24110808425737637 0.8804299369236142 0.2403283973553358
0.9882913241373673 0.2622610010394683 0.8867282534200699 0.27583504970000894
0.9827860222103025 0.32455892446202916 0.8670654184352194 0.23451023492237943
0.9872038329747125 0.3941021646881882 0.8530392830864753 0.21296854091919584
0.9872694965097017 0.322587479255676 0.8671121726608779 0.2550036663501184
0.9897293280490002 0.35318346293017167 0.8718083855362119 0.26161388172351197
0.9856824034725319 0.32665805340223947 0.8788644043272136 0.294541259104769
0.988565077114966 0.28120285283225893 0.8764691185500434 0.29482069292372004
0.9804151664356834 0.328734756097561 0.8929940351588753 0.3484078731850865
0.9874105286919553 0.2984480039837331 0.917869037187518 0.4229223221981457
0.9860596080150998 0.2749564459930314 0.9149164825891638 0.42290202883282074
0.991841720471517 0.16997026759167494 0.9079136465110293 0.3900380433652787
0.9898302530831868 0.10490914566810561 0.8804861746144351 0.3384719240388659
0.9894233920009032 0.08592964824120602 0.8991613086325514 0.3895782403634837
0.9899234360410831 0.011258603736479843 0.8622959721209175 0.32302982327302554
0.9868835020711577 0.007761194029850746 0.8739221692532451 0.3541153439528143
0.9896466110452953 0.011714268462049393 0.8862260247225404 0.39181987603651897
0.9918785503561627 0.019131600660066007 0.880329337430565 0.38031842579631625
0.9890775352122558 0.0 0.9051376097946199 0.46280763463771546
0.9887971058339046 0.0 0.9241204696009169 0.5415956719109508
0.9918001717816153 0.0 0.8931670741646291 0.4408302530565823
0.9859683606505405 0.0 0.8982181390178513 0.4779249941626799
0.9867437564838947 0.0 0.8864485260961642 0.4697844582585238
0.9927488729993849 0.013292216078264567 0.9172557736365133 0.5594299559700909
0.9921173355636899 0.0 0.939233245831083 0.6704495853339153
0.9895395545015839 0.00020905194940942825 0.9615219044187732 0.8213999171799783
0.9881347799029788 0.0 0.9694236377518 0.8904831968333745
0.986642831694679 0.0 0.96057622606878 0.8508870372200934
0.9855726430080123 0.008205643473164197 0.9443172871247117 0.7950232562812051
0.9927806238352059 0.0013701593711689622 0.9567963383491279 0.8518441609809156
0.9897550322116331 0.015146136551887351 0.9529519075337938 0.8393192954575552
0.9879050378502922 0.0 0.9425687891530551 0.8271073733620183
0.988608026519469 0.0 0.9311731631674067 0.8153264703765027
0.9846622796126149 0.0006673137587964086 0.9279883323828565 0.8391903421496376
0.9843788669233892 0.0003846647006026414 0.9195352356774965 0.8364613765802271
0.9946729247270213 0.0038395904436860067 0.9264353378450608 0.8560536131668584
0.9899903294120528 0.004269357655734524 0.9184273058346463 0.86174660624796
0.9932024878284905 0.0 0.9375253306113871 0.9107358869865186
0.9956204148747787 0.000591715976331361 0.9345075334573614 0.9118479010104067
0.9837863459184613 0.0 0.5724677855002013 0.5785583090941253
