0.9870925193141135 0.004096289505409139 0.20103682534907624 0.0036782556240528494
0.9827331307615593 0.004151056900657434 0.20420270060745396 0.0032874975583328113
0.9868618705905879 0.004036090723247277 0.21540320446568106 0.0034668282561192824
0.9830569031647898 0.003502449099851475 0.218485186421656 0.004916696818349356
0.9826457113112963 0.00491065864234374 0.23009366309209472 0.004690372688233799
0.9858625691607069 0.0033661694564103167 0.2034857561383084 0.00414075831499291
0.9894019455862157 0.003449459613917989 0.20773799416183522 0.005618678986140592
0.9756204350034919 0.00463746665151599 0.196040604019881 0.004505208604705286
0.9863889504684195 0.004420346344182308 0.20994041711938935 0.003937193036677708
0.981355894708122 0.004513853569220898 0.22630287480692415 0.005584569405151305
0.9897006972896313 0.004338792884456941 0.2236104124048396 0.005015299102798378
0.9813022515748482 0.004784670325972127 0.23281822619542014 0.004210394359979179
0.9884728182853642 0.004478701244395574 0.2291223576741974 0.0038250651256441465
0.9806755621794375 0.0043155652150999885 0.22510561803193357 0.005051281293411758
0.9879793050215901 0.005050554647727987 0.2369434146633709 0.003225824377340876
0.9797932090575114 0.005683043546685474 0.2256547089842059 0.003201998349096049
0.9870279004919198 0.00546340522404292 0.23324146005595728 0.0034560917937980435
0.987592744863269 0.006657477574396051 0.24069903722159205 0.0049989176061927855
0.986442083428921 0.0075858204204631696 0.2536668491135078 0.0029131954048656453
0.9822443736755496 0.006196904486599384 0.26304734077359315 0.002895995362542872
0.9814951478672473 0.007878999542192539 0.2600170213536503 0.003354392959928075
0.9877655705073177 0.006919155871071579 0.25506589676500496 0.004653628364414522
0.9866205268123992 0.008268224228172647 0.27532919770311093 0.004904964769407589
0.9893110435073386 0.009405932330701564 0.27315126002225254 0.0037115120611884685
0.9897684331115952 0.007570664924079696 0.28438356551304517 0.00502787817322021
0.9926450112778814 0.008288528601509767 0.2727604680751522 0.005788378126185618
0.9846276316732023 0.00944311350842899 0.27822473718556234 0.005380906317802512
0.9876663239350255 0.009842208199097428 0.29414592782895954 0.005443937150890113
0.987259070261549 0.008553552677633882 0.28592344578417744 0.004023780268334761
0.9903843423443889 0.009102922357734194 0.2826807450421389 0.004580903278168263
0.9897647484098314 0.010561897031778159 0.2842280620829033 0.006542111922596267
0.9881260366446322 0.008470942553920452 0.293550643076794 0.004714129161470733
0.9876412093157253 0.008609354614624275 0.2784910477922712 0.00264157383797498
0.9907047316009664 0.008414803322826372 0.29553679527626286 0.005117398412592411
0.9905297305267814 0.009584697175875413 0.29732879415937014 0.002007301041757687
0.9906308388570532 0.008226697587537812 0.30276714565014845 0.001619761085239927
0.9897608958022733 0.008555900027583016 0.31634583673256844 0.004344754503708937
0.9895381502989274 0.00794566086446556 0.3261440888885795 0.003470280728847707
0.989827026472449 0.00686699092114996 0.3124044580931083 0.005460676399805987
0.9845742405053262 0.007165976617514805 0.3272044319052087 0.006749881283495014
0.9846245543549046 0.007602982853941096 0.3190704581573461 0.006118218994244685
0.981329434535272 0.007312427291205912 0.31860614831344747 0.004548873060938765
0.9928125749340581 0.007831827105405259 0.3234255543046007 0.007519017684612186
0.9917205764014952 0.007977682325545571 0.32945109126532585 0.006541759760622619
0.9893574476214736 0.009893199013501651 0.3236511679339142 0.00452762932506735
0.9889885362039299 0.00837189134308785 0.3502203923416964 0.007245796928538692
0.9873592156165122 0.010107039825961756 0.3403511359057545 0.008331802985059608
0.9871797028786783 0.009963121046328197 0.3438558098791908 0.007842431785915711
0.9900488664831596 0.008431912360691641 0.3458863893752795 0.006921569445023559
0.9944416593315815 0.00959873981425829 0.34795134871043226 0.007854434302160691
0.9839745545521112 0.01064580397909442 0.3516935755783114 0.007734451335021635
0.9882223927231978 0.01241602975133021 0.35587160575731974 0.007425449590850626
0.9855791655546216 0.014273034812198951 0.35872812048957764 0.009734539005030093
0.9883303543188354 0.015846220927951647 0.36784235672129495 0.008333844327132656
0.9897993801077577 0.012634367868343595 0.36948401927030494 0.0069441402611206985
0.983989923863033 0.014504061737486409 0.3806711704174684 0.01119020733169579
0.9869985260858928 0.013124754677482664 0.3622987457240593 0.011538302521061855
0.9920540874645846 0.016991926821498318 0.3749049298033231 0.01128162641829397
0.989591928897884 0.015933414565740506 0.353375876482816 0.014426659178133483
0.9890988584830435 0.015824574380510385 0.36825284767507976 0.011982223894964643
0.9895549643344509 0.017482161247834985 0.37891956279016287 0.01214625594790884
0.9832881866326357 0.016126231301519457 0.39678760156233683 0.012962577316951092
0.9966212240722638 0.0166444782194934 0.4036225902989118 0.011786227345745848
0.9886095605340783 0.013698018520006787 0.41622004995528694 0.013328504655499784
0.9919882094555543 0.016422904587375487 0.3986223323132138 0.013767175159580224
0.9898137429555742 0.015488440305714864 0.4244107752624257 0.013278810763327329
0.9912093108854519 0.015332835175802145 0.4109345955815828 0.013680157326767034
0.9935634791903016 0.013510366610700477 0.42661466687591587 0.012594016102846162
0.9862164219735877 0.013901414250937013 0.43528109100592877 0.014400420410377857
0.9914012350285658 0.01646935181355372 0.43409489457874867 0.012808732598708072
0.9911981655476173 0.017198064595563868 0.44822999373618166 0.012478142085399727
0.9889830121746482 0.016690727720940414 0.43303025609101475 0.014371058393256957
0.9876915633678508 0.017468791352350924 0.43481481120537174 0.014623491508764266
0.9872284042400115 0.01926525904803221 0.4437458929992619 0.016750831850483174
0.9849883389416899 0.01790049962651615 0.44187161797303065 0.017734129224812455
0.9868543070347026 0.02094575558589602 0.4528017089692351 0.016430801485836696
0.9928456193575516 0.022914539159644462 0.4692540999774169 0.01793797418662223
0.9857039608734919 0.025477742230726477 0.45599880866432796 0.01589928997691336
0.9836294868365336 0.02746600246536779 0.46913970562405594 0.017574807265124788
0.992025969622514 0.02810328750611219 0.4580596975515177 0.018598497339950018
0.9919120448225812 0.028767334700266774 0.4476691602574848 0.016663364655270012
0.9927488331794885 0.029343434646624124 0.4305917208243201 0.017317333549546628
0.9931965175594643 0.02917324242349518 0.43305491207191693 0.020471075223367198
0.9922116772051665 0.031440324117469345 0.420985031050567 0.01878238822125186
0.9903464373004205 0.029147717252905308 0.4191454097894417 0.0215768781866208
0.9930715799595392 0.029188904586243885 0.46414180297238766 0.023857803954564577
0.9852189229641324 0.030395871299206668 0.4462740844939348 0.02254523181304184
0.9938789627941345 0.030261274158911954 0.4275972999727389 0.019292548544618586
0.9908409207594806 0.039435162717021695 0.43498148735137615 0.02114131807685876
0.9905316626357836 0.031757567730880974 0.44533032758766633 0.020632605274269702
0.9920862874422564 0.034407997454548145 0.4690790521863965 0.02762447015917049
0.9859074265549853 0.027485585077986242 0.42297072216416115 0.02645626412287309
0.9886942716849819 0.02836661319061781 0.41526749841404104 0.02226591824524901
0.9902624069130336 0.02915879403266362 0.43819610165024603 0.02036558057180551
0.9895037973041003 0.02691637004278575 0.44668129785697774 0.018503871834016958
0.9914323265835198 0.02947804610730345 0.46071324413810455 0.01833233466839068
0.9869233226259424 0.02804496892160819 0.4565725769703074 0.019238355238029643
0.9913836619255674 0.027686978844402955 0.4853347792851739 0.017336872436161305
0.9913543172265229 0.0294484453519508 0.5133473238116583 0.016932632987550773
0.9917419990057579 0.02989912742518856 0.5258030368520475 0.01828483626236435
0.9959564212103322 0.03003110957483581 0.5201820668036107 0.019120246940248872
0.9912018434232828 0.029054943377990857 0.520707059271736 0.021387753076001912
0.9891448000626398 0.0290027951213012 0.5217655727120841 0.021539632555598525
0.9902600665091222 0.03136200716845878 0.5241475532630173 0.026952039608310586
0.9858067995277248 0.03228690865129343 0.540416490682744 0.0276742970115844
0.9843640897755611 0.03610948124115556 0.539615840776843 0.027210429681817645
0.99565428607159 0.03722352285297423 0.566832941758146 0.02326999554802336
0.990634842103993 0.03586754139099024 0.6041907807370334 0.02535078698297049
0.9830197160768922 0.03525614815541708 0.5831341292844319 0.02703196278958824
0.9804240537681097 0.03881429634365664 0.6088400038853093 0.0265233631170353
0.9835308466609898 0.04248918483958127 0.6169460161890991 0.026590703332767498
0.9888397063356474 0.04640621919492197 0.6343942070589967 0.025523816428623215
0.9860861381043275 0.04361959730653133 0.6370803776133165 0.02865508713079569
0.9817230435051034 0.04028195978769431 0.6299824617701256 0.03112247081295784
0.9899691024451028 0.04230265665655712 0.6599057139560696 0.031537636337953964
0.985716087652844 0.04403290342754673 0.6550044151861483 0.03447827054442247
0.9765508063733378 0.046287518685106374 0.6628028551407812 0.03631636183000452
0.9796379424816969 0.052383947080334475 0.6711543853041204 0.0367853691834437
0.9876531147473543 0.042088183147748856 0.696427534026479 0.03241665386388078
0.985598655839866 0.050403650403650406 0.6852484562593434 0.03713670380337047
0.9938681462140992 0.05285049447353112 0.6999377770798454 0.03525715096596323
0.9841469933127206 0.05805229189399515 0.7078935807100252 0.03320142353203143
0.9905965835724417 0.06583254680350295 0.7093688762097589 0.03273314594340039
0.9896252463955574 0.07648136754850789 0.7273427268249135 0.03438321504303592
0.9836429456522853 0.08163363018289764 0.7147016892110434 0.032385304292534674
0.9912961296129613 0.09806923501611255 0.7049139234841768 0.02690235945679387
0.9880764028887131 0.08467479692076191 0.7031782518314119 0.026804491073932145
0.9822966404781657 0.11460021677090895 0.7043984481362654 0.029936500323575692
0.9906291699313443 0.1533836822074215 0.6470069212734623 0.026717237552285375
0.9919269524986329 0.25737135471362793 0.6678049687841312 0.027422146073510293
0.9912518342239662 0.22373085349456046 0.6632533350405326 0.028521599375762464
0.9851771059560647 0.23299600583762195 0.619432363814099 0.025447395199730685
0.9893480116408109 0.22723757782448348 0.6626914539535388 0.029457684379461026
0.995845598965183 0.23219714510056574 0.6124829183038737 0.026704794353857385
0.9882700618134667 0.2459629139900257 0.5977265057832727 0.02525562372188139
0.9914979621032822 0.2413873370577281 0.551293029767108 0.02189409685812235
0.9893421474020049 0.2677527241342108 0.570648552706741 0.022093040543554213
0.9889112891092803 0.26091052791357416 0.5640535728285442 0.022587653344718295
0.9900621132974489 0.2845576829086891 0.6003010037504096 0.02492591342619775
0.9900876638047899 0.26540856267872714 0.563986640863166 0.023994205236827156
0.990886061908224 0.2842705108994061 0.5760913440731917 0.025633532244443633
0.9834992114124439 0.29179602316063125 0.5639766021410882 0.026110093398718733
0.9901575900332725 0.31724073468243214 0.5913057219311265 0.026749602275360048
0.9934598379895255 0.3453179532682638 0.5723262146729942 0.027347970625869723
0.9876324746420373 0.3555742942315229 0.563607841868852 0.02554063143305546
0.9863239827710606 0.31776532743019503 0.5577930636890005 0.0251660645964585
0.9927270681253303 0.36163532982174623 0.5361693752324134 0.02580160651512264
0.9900623327327854 0.37922434218730516 0.5377740637123699 0.023810149486819483
0.9955400654254181 0.34831621344645963 0.5325742991265001 0.025689425238046387
0.9900663781365493 0.34946079860099094 0.5068313942924607 0.024715295546973364
0.9910938639618312 0.3541681617031456 0.530272324461212 0.026190613925904917
0.9869296193559446 0.40548300341627697 0.5433973629392463 0.02652913681719948
0.9908992507246203 0.35284702145347613 0.5230791497707412 0.025270465615188427
0.9891378732771823 0.34795698924731183 0.5071722231198722 0.02518891687657431
0.9889989181992178 0.37908378851901475 0.5083799249123307 0.02618307969609978
0.9923377779674661 0.35396170119731984 0.5222671865097274 0.027881596927281458
0.990136748293442 0.3480971752271604 0.5277079780843184 0.03010827987108822
0.9827902248664406 0.36079060514663414 0.5301520176094291 0.02935459490125974
0.9859737411035098 0.4062952528896027 0.5408966923105666 0.03098101388190712
0.9897209830699233 0.407589461266221 0.5599871135093377 0.03333252644574084
0.9848529918093262 0.45582568485952496 0.5494868847492935 0.03319214147072794
0.9859659798285003 0.46678701963627756 0.547245490736717 0.03216829531854572
0.9902753549943755 0.4571780653111522 0.5281558144538232 0.03144032367076497
0.9941056502685826 0.47728680718638794 0.5767662667803932 0.03644439477012172
0.9905440178464688 0.46476621819635006 0.5529320937203729 0.03640994523092754
0.9875410657608998 0.42921793239994344 0.5318973838628146 0.03504312420976579
0.9921734878784648 0.44549125168236875 0.5413814085378256 0.035668565882141644
0.9899262819995805 0.46361642118458163 0.5958990894816822 0.04095020851652896
0.9912748580812283 0.44559911824909465 0.545724190770958 0.03654917548187562
0.9878704068632393 0.4453038674033149 0.556509623758633 0.039197688795796506
0.9876667407161003 0.4366070876368359 0.558753941228402 0.04155013263873051
0.9907534793697425 0.42660311676481116 0.5628408627723113 0.041079258686948755
0.9910229604388622 0.4435824746643128 0.5781142278024696 0.04431857569524727
0.9929742872215979 0.4538225350169047 0.6239014344517266 0.052144877799935076
0.9913727800207888 0.47764474216291297 0.6175856506849604 0.04874983978173695
0.9909137304395202 0.41501358806203315 0.5865012841732297 0.05087865505446665
0.9919840094451982 0.5509870023578931 0.5747864351498658 0.049889457469688495
0.9914215756678842 0.4793071476736345 0.6043407169923766 0.05175657038185753
0.9875029134732715 0.4634789563563261 0.5708489010733387 0.052960330910181805
0.9889263886376899 0.46817984361424847 0.5667914047703423 0.05225339671890352
0.9801340864172907 0.41337031411653347 0.5545988915446745 0.05286125528427396
0.995237669895448 0.3997613619414911 0.5536389108720297 0.05545497617552685
0.98541019429962 0.3879598662207358 0.5888047982607671 0.0611328343673885
0.9899379727365172 0.33464846717474944 0.578992825500564 0.0591670337078187
0.9899814046694941 0.3392793350639453 0.5912739096048507 0.06544924111722217
0.9861910862828519 0.31513260530421217 0.5949510668464917 0.06855249855731474
0.9925466626316211 0.23183418068048495 0.5924974554487898 0.07340643204990638
0.9930493653407273 0.3118534185479792 0.5775697802918042 0.07113788487282463
0.9924366373402451 0.26610718139311834 0.5772859285460393 0.07227229699139812
0.9909088699824805 0.3144147897980219 0.5929289887264904 0.0791823975094385
0.9844238032275937 0.27804145679969006 0.587576858423043 0.07893977457903313
0.9885048678026536 0.24587245527895024 0.5450347837359029 0.07468130391794284
0.9882347827346886 0.2857562740221569 0.5727061680032074 0.0855595850211631
0.9914082306268659 0.28763405269429365 0.5630915057765205 0.08548102400325627
0.9874691876925947 0.26703893004300544 0.5671464326133709 0.09123048102276798
0.9899434231252942 0.2383506537043245 0.5505141013199335 0.09131511138409912
0.9809103508474616 0.2614198056928584 0.5756728163847462 0.09966190104362785
0.9877444727266315 0.2522422561257513 0.6058397893818962 0.10931760083563319
0.987207666346203 0.21290620262342627 0.5716582781016927 0.10443941464308343
0.9936085742102179 0.19330013580805794 0.5848499191384494 0.10812006813296228
0.991716010850859 0.18066116593862913 0.553966608184385 0.10922360972713974
0.9909685131367082 0.17036864751715317 0.5627210406969023 0.11285823563944283
0.9924075916611771 0.13432203389830508 0.5433233034503179 0.1160342373357571
0.9887842092880063 0.08263728036311738 0.5367553875935659 0.11890142295923005
0.9918239508958111 0.09051385785882494 0.560436580020317 0.13026815303739123
0.9941876486581558 0.08974781605406297 0.5331472073819884 0.12305513966580346
0.9912616690709513 0.008862171541893902 0.5515069801954988 0.13773744379188466
0.990803156923289 0.008701586759938576 0.5661615850295555 0.15056855358040677
0.993164190876824 0.007813042572400862 0.5660464706141705 0.1588401152176559
0.9875926839444207 0.014563302087943035 0.584951203744747 0.17090258927897783
0.9875115920411228 0.013206188042397008 0.5643589699129979 0.17681226257420476
0.9938230362928133 0.030328590288983423 0.58008400420021 0.18593235723180315
0.9936689331894245 0.03659374080251153 0.5534278427590749 0.18964716843753004
0.9914611827982651 0.03448029442241041 0.5624563691849317 0.2135302406633035
0.9900558810004598 0.02739781301698745 0.6167957375254655 0.252708030487211
0.9900208659167938 0.03288422014158484 0.6003566991476449 0.2583818030743664
0.9880654480257244 0.029279994355663738 0.5491965273349129 0.25500723787655677
0.9945391773979005 0.015342930826233147 0.5988506839665172 0.2956166953206694
0.9917193518908165 0.019181340392066596 0.6748863205674067 0.37131601313945745
0.9901431967574345 0.012899499422410473 0.7322456324705302 0.46077766272717535
0.9905674461192419 0.01889297385620915 0.7361275220987451 0.4814297266834548
0.9867506421692596 0.019250031300863904 0.7541657606518729 0.5380552272025388
0.9863052167598415 0.008102173980270279 0.7660534990468719 0.5914865091335679
0.9963985387160168 0.019220405963714746 0.7927017437972883 0.6526407381595732
0.9920797241673062 0.011422750918549237 0.7707261205352931 0.6718683702722547
0.99418672672497 0.005357401418987403 0.7632724819115082 0.7051056147978629
0.9964401605331978 0.00321363699874249 0.7788836435916058 0.7320784715477442
0.9860183092737415 0.027357045609257998 0.8821969996052113 0.964186862232461
