0.9857207989932332 0.009518472608897108 0.18077694265922725 0.0490635716169876
0.9815510737933693 0.00928222589317786 0.19054797134660378 0.04817673675805164
0.9859687307793819 0.008404448023050353 0.19638554119736507 0.11394838001098298
0.9814874712894665 0.009531706610206333 0.1953186475237248 0.12016925246826517
0.9821134359722455 0.010327408148135377 0.20357734020207424 0.1428235846840498
0.983648485376106 0.009045750965499675 0.1807362585977435 0.09663218137794409
0.9884327002161397 0.008029179260069432 0.18395896886108934 0.16927835051546392
0.9736475464936567 0.008304688654374082 0.17602546620693893 0.1452513966480447
0.9850507881253896 0.008794359699655746 0.18818651880657267 0.11651676206050696
0.9801508383870913 0.008625728560756558 0.20027158044775875 0.3580278128950695
0.9881235826966497 0.008616563874437173 0.19185712439327854 0.29815303430079154
0.9796972104107284 0.009040957284724229 0.19849344194565818 0.2726350494547299
0.9872659462891747 0.010039697461921062 0.1956022250730204 0.15710481723553618
0.9797003252522396 0.010174951304682666 0.198495350619452 0.1715939632003308
0.9868809967433699 0.010540034242334297 0.20573295335634667 0.17790697674418604
0.9786467164853143 0.011275707991468294 0.18974386608593924 0.22677102147300823
0.984843676183785 0.013526867037694935 0.1981469730060828 0.05394443317785439
0.9865408750595058 0.014233407301806209 0.1974725130038754 0.24025270758122744
0.9859554792637415 0.014650537229842468 0.20638534673346046 0.157988034566807
0.9805898469968907 0.014600464643207356 0.2086636315264224 0.12344045368620038
0.9807296747728582 0.01559784920883075 0.2139093622220046 0.15268174173051766
0.98549672065194 0.016879694494322348 0.20075382269798966 0.18213296398891968
0.9847032329584673 0.01659090507101544 0.21910910736242376 0.26560283687943265
0.9892114586732553 0.017802980075405032 0.224478717603454 0.13872158538954732
0.9899914507408392 0.016987192858036796 0.22153071699208543 0.1012
0.9917321993927971 0.01796677162468346 0.22099348256232235 0.1755826859045505
0.9831168831168832 0.017894054335798302 0.22471965022252052 0.2502753910552985
0.9865556545301066 0.018644048108085846 0.23372403124934057 0.2566974088713219
0.9863617439235347 0.018172700602385773 0.2278633744909215 0.285
0.9891384983441535 0.017788887773707365 0.2336915025002112 0.17613850207000376
0.9879911226241408 0.018982422083850856 0.2280481076023766 0.23999272197962154
0.9872282234135937 0.018296294243416156 0.23072727749052707 0.12677566336102922
0.9869761648920582 0.018524812185082784 0.23033991697346445 0.18432234432234432
0.9897563999484444 0.017796962495701403 0.2364638502423933 0.23836775317243095
0.989709218446232 0.018087739078613944 0.23540599865188241 0.08043934743983201
0.9897748478925807 0.01658610868624142 0.2358263535887302 0.16193181818181818
0.9889807904403889 0.01692916031323495 0.2423555657436707 0.25403753819292885
0.9888466546701341 0.015673293296152996 0.24335114319189102 0.2399756986634265
0.990113581357598 0.014582200265112115 0.24217013968291018 0.2745072273324573
0.9840447002040142 0.014205600731877644 0.260514004009225 0.526603897525728
0.9836052505387038 0.014334049510752112 0.2540461229057274 0.3337018319646241
0.9799251070468799 0.013370392166896951 0.2646950636930266 0.1591731266149871
0.991903026184629 0.014802440365531145 0.26196204722510685 0.38422599608099284
0.9912147328588707 0.014342217129338706 0.2730736317870992 0.3333333333333333
0.9882188116920334 0.01556323800680127 0.2690035380569295 0.3244718309859155
0.988291634917963 0.0134061763451421 0.28159197374435235 0.31507397041183527
0.9855720693830029 0.016267498761638233 0.2780960020945469 0.534140775846937
0.9859241363774072 0.015906381873523886 0.2818505543520204 0.37026051070415267
0.9890662559369985 0.015888055734459172 0.28343513009962157 0.31840796019900497
0.9940995418634668 0.017190043357109355 0.2842254224335049 0.3318724663087542
0.9821355254410506 0.01754745572087193 0.2868747613153766 0.600147547030616
0.9868102580151785 0.018631051242488667 0.2963872872535909 0.574396517609814
0.9849851498054694 0.020011782078150013 0.3024568320827879 0.590625
0.98651229732281 0.021433090439183733 0.3034678393614022 0.6907365380647823
0.9899644200813742 0.019334450705714924 0.31599648239336564 0.46297886961003265
0.9822355229326862 0.021860183072969306 0.3147269304997064 0.5947735815285484
0.9868762080084619 0.021616746925804065 0.32021975064166036 0.5123117803365811
0.9910477801067074 0.023682971295992068 0.3297735910461083 0.5790909090909091
0.988687833627921 0.02268875751368295 0.32178428617483634 0.63391102376273
0.9864854262518341 0.024050194617570506 0.326627552774894 0.5886821116597037
0.987151572513247 0.02256387200908009 0.342502105532378 0.5884157343919163
0.9808971832618524 0.023555508206950605 0.3594326479063848 0.554968287526427
0.995573116446741 0.023462645792534063 0.3593156282505489 0.5007496251874063
0.985545462522109 0.02194168882579795 0.36108044948086154 0.48417944030375476
0.9900930332063209 0.021645144262337296 0.3667693976837584 0.3843210019714716
0.9874224228677339 0.020045432423579774 0.3858578331641999 0.5697086023381609
0.9895037689686885 0.019764814469231198 0.35840312233739113 0.6127768313458263
0.9913323531963486 0.018475961680822002 0.3730005579367515 0.3411610268378063
0.9844786402982365 0.018508185008839495 0.38119917008111887 0.4628935532233883
0.9886485455615849 0.021101698445261326 0.3783572907842992 0.21959116302691722
0.9886149322943433 0.021160234175705186 0.3866452784290222 0.21055077852660933
0.9873605277862898 0.02148745239213231 0.3860307380909053 0.23450118764845607
0.9850106348324296 0.02170168343077185 0.3823638387545496 0.21178558315995594
0.9841289255009174 0.024935804103242885 0.3958363596601149 0.32628179249091643
0.9839096644132428 0.023531095665387847 0.40431291555036186 0.36090670726549945
0.9877393255601391 0.026497898994392796 0.4192134173777659 0.5386496399945659
0.9912081819113224 0.02759289843104872 0.4278728410737445 0.6123135419713367
0.9848499610874348 0.029545017254434036 0.4267118756598409 0.4109450500056186
0.982583563980838 0.030252816097885823 0.43691797912050623 0.44065440547476475
0.9906837637451198 0.03228772309356409 0.44205935905892524 0.523521351906828
0.9900132089108523 0.03480902330849742 0.4571521143074686 0.4384057971014493
0.991432652242171 0.03542735761756541 0.4652802654803853 0.4020935960591133
0.9915235267783511 0.03477206573095843 0.4762386174603149 0.3443329473819632
0.9904510304440858 0.0370034841043556 0.4808751563742261 0.42042654431132637
0.9887369644585795 0.03538733848413545 0.49963269923617765 0.374981604120677
0.9916908937226747 0.03587282464939044 0.5089728567922435 0.4481917211328976
0.984144923225029 0.03733858779233176 0.5075307124007549 0.3305565839812415
0.9929856401251554 0.03828872476772875 0.49380834429087095 0.1650593471810089
0.9898517923632912 0.04746441686140026 0.5974701938044864 0.27226428079834825
0.9890179159585553 0.03749440493360521 0.5121263322174572 0.3195561556977632
0.9904410466010832 0.04075634531867806 0.5676907778128072 0.4360323269289417
0.9841099320928148 0.03258192839552946 0.45409906356259644 0.33702051739518285
0.9872629052049278 0.034837278458616255 0.49034607585151185 0.2861893485161485
0.9886397193764399 0.0349429594363956 0.4992833469877143 0.2285212848455165
0.9874225473787162 0.03156480355507514 0.4625265071676665 0.22296778366142528
0.989385539469024 0.03189060577712672 0.4655336667961616 0.16760149167753086
0.9850312897751379 0.03526949932141563 0.4701256254100637 0.1428501803294668
0.9894746121510507 0.033670933925863095 0.47902562998615206 0.22092936802973978
0.9899549609379716 0.03374289044896058 0.47645931240667294 0.24532125402312552
0.9900011584465233 0.03256192154080404 0.4969117475724255 0.2256246677299309
0.994291425952722 0.03405254005140122 0.47784218301130266 0.2171555910330606
0.9888014531447705 0.03542457145129857 0.4939584119254204 0.18541167396633887
0.9876676105951022 0.03664141519652114 0.4929192971873637 0.1950887146114912
0.9882645147866878 0.036483869164471716 0.5050282525935905 0.22930334270540456
0.9843612617450941 0.03700347248695218 0.5334337605539695 0.26382762793239395
0.9824736403979085 0.040335771219115794 0.5276164955798064 0.2378981218569327
0.9939117474042823 0.04411468724069137 0.5518500967660391 0.2081901011247205
0.9890647475069265 0.04499430239746177 0.5729212316732992 0.3210645265439786
0.9815768326797939 0.04065648980037685 0.5612808676484682 0.3483948829350712
0.9796658720558323 0.04337211026184279 0.5792962757966316 0.4786336059087312
0.9820697007071715 0.04577606777529088 0.5781082808607058 0.49047681597267834
0.9866848860353531 0.05262027491408935 0.6036054804686763 0.6183968462549277
0.9839637123156676 0.04926712562863141 0.6042137707976356 0.48482924971435826
0.9803437853174968 0.04521128364327195 0.6151975513969057 0.7125145988680263
0.9883958827381444 0.04750448616514494 0.6347586981704029 0.6945800154122784
0.9833419543231928 0.04944804461657102 0.6415952522622074 0.6381961596685523
0.9746108668606478 0.049090614639237404 0.6576720351727772 0.6444605358435916
0.9774927018224336 0.05493099479104648 0.6685534557364049 0.47493157864088975
0.9851151403556371 0.04918799266526888 0.6843747288465777 0.4592248235689481
0.9857846757397791 0.05103794886736106 0.6889242798046157 0.5556582596064967
0.9925262268028845 0.05506586298693888 0.7158030864334352 0.44637291778613647
0.9814300709120723 0.060613090775346226 0.7315379977211226 0.5828973983399596
0.9879428169503931 0.06467227757196466 0.744235727722374 0.3920941134048499
0.9870617545309031 0.07739514495400658 0.7707581866033345 0.45169780163071527
0.9810751234648499 0.08207358250122798 0.7658752666428281 0.2808363034623218
0.9898888831730027 0.09384291255636285 0.7930479896238651 0.19068632886129283
0.9869970897579904 0.08435582163394847 0.8041309396074842 0.20806934074475353
0.9802147358985142 0.11825519543232302 0.8034044688914745 0.11911139540772132
0.9895328339861419 0.14628925977586454 0.8216230776419441 0.10345678747357237
0.992142934022172 0.2537558183355232 0.8876610366309257 0.12970419807443118
0.9911138677629241 0.23061941495455587 0.8900187457150939 0.1559262657435983
0.9870950080437619 0.23479769010154253 0.9166119548472796 0.38958604954367665
0.9876900571143999 0.22460890250786228 0.9258058711364705 0.5929165383430859
0.9941242883566744 0.24311218186310848 0.9331392289897023 0.6988678733645176
0.9864855795849202 0.24924992020427705 0.9242426687755201 0.419460343417825
0.9892104937849324 0.24582693545990392 0.9121723714978758 0.295556911632232
0.9876791551420668 0.2860006645254181 0.924236306278625 0.31941366428164375
0.9868311459466746 0.2711221848721446 0.9156545802034356 0.2655994178642896
0.9881806771175885 0.2925673771167147 0.9315852441706143 0.48989710009354537
0.9879762851565325 0.2789484038642741 0.9147893043224139 0.28780896522832006
0.9890098362869524 0.296641289744738 0.9067898916734295 0.20668883168883168
0.9818450457994785 0.30168963740227844 0.902063513429643 0.21082530609364525
0.9887997382040312 0.3327952713849952 0.9098061676421924 0.2014352840666382
0.9918726237472876 0.34297874392640554 0.8991157397358758 0.1639116834844975
0.9860953201124373 0.3542701393095094 0.8994324372934752 0.16635491050094892
0.9852660730987404 0.32119467685925374 0.8725092111584769 0.11749893875660865
0.9917860934831857 0.36158554703749923 0.8283176084813615 0.07819489202058583
0.988569430688697 0.38086156037025737 0.8407575181550476 0.08016614478514984
0.9943441127410937 0.36140350877192984 0.8310008734637835 0.08032111583537092
0.988986808241111 0.35565459610027855 0.8037516642005873 0.06830968409624741
0.9896473182374392 0.3729138902813268 0.8238951349671001 0.07934517549435437
0.9859870750237876 0.38901052942334186 0.8237787447026867 0.0784149935585583
0.9891445532741933 0.3704260968516879 0.8344344933012543 0.08509933360839178
0.9876895321543677 0.36620453474901016 0.8252943221896577 0.08189736235836194
0.9870992591465444 0.38227557383397204 0.8148136643170171 0.07752021854967407
0.9915071238415976 0.35455378173253077 0.8159860909177434 0.08156746692583634
0.9896201306841791 0.3571896195040197 0.823837652124885 0.08981983811540804
0.9825305341323698 0.38083811464421685 0.8218077515133616 0.08756207975116065
0.9850910311169625 0.40820746034324074 0.8382759486267353 0.09929495828661561
0.9887222970949386 0.38903910569433797 0.8357897705592514 0.09981711009230998
0.9839878404076929 0.43862758199936086 0.8410196694005725 0.10468919703973126
0.985357511721218 0.4505734230865121 0.859605363603173 0.11759135313719347
0.9894999033483396 0.4210592686002522 0.8426299683488673 0.10648969630194287
0.9934364749961786 0.45605406873246235 0.8569337812701413 0.11853572323381434
0.9894514988295562 0.45789132848155917 0.8717246139563178 0.1404259982621901
0.9864805920976312 0.41236368018316566 0.8696715053476649 0.1422189304821261
0.9910901449285439 0.46252003847386985 0.8667466021150215 0.13369795316778532
0.988774104048374 0.4590060606060606 0.8790817577118989 0.15410970240656757
0.9898214583680961 0.42302764939592963 0.8655302680357649 0.1377587437544611
0.9863764994328793 0.4347026466703449 0.866577467298234 0.1469526565436592
0.9865537607792118 0.4195964286882297 0.8782603160990774 0.17140310005803147
0.9903081876724931 0.4087779540185808 0.8838631802229294 0.1756907109672926
0.9899473970365238 0.4270311826142394 0.8875317852264369 0.1856463526842146
0.9917940001582709 0.435242747187685 0.9061454972874616 0.22995941407940007
0.9906339694271488 0.44674739947213166 0.8795646945059976 0.1683634065856912
0.9909247816631571 0.40467681932303406 0.9070475393008199 0.2520936789832506
0.9905010404773305 0.4715509525636108 0.9145975388305787 0.2607787274453941
0.9899577628561317 0.46415757834960913 0.9143805961938533 0.24873749061474693
0.9861547179986381 0.4631500373227171 0.914362010659604 0.27195455719080813
0.9875459392072579 0.42319182389937104 0.9034445963463746 0.2436739039859266
0.9791475661016488 0.4308956679203232 0.9014439316888556 0.25300640178462636
0.995114754617677 0.4012460055318349 0.8926992366334162 0.22331659385251637
0.9837381732932017 0.3738297064777328 0.9028329553170281 0.26528219268433445
0.9886245315901713 0.38601579425536375 0.8995198125430266 0.24234829050843182
0.9880840503786844 0.35593390420123094 0.8972126690623419 0.2556845889986362
0.984190528858812 0.3250379755017614 0.8983223799780933 0.27401987852015464
0.9913204490221039 0.20573527911011327 0.9081494393020899 0.3302939990360687
0.9925193055540168 0.31189852756146497 0.9068237762104839 0.29701979326649297
0.9913893259508587 0.2836243845418157 0.900915538763336 0.28677754745621625
0.9884702036488934 0.29333294498004836 0.9047649554151156 0.32911042808142904
0.9832794191170872 0.3443397982354912 0.8902168127584211 0.2832338537461422
0.9874443269463122 0.37081793194957824 0.88801255295129 0.27451399273659477
0.9873922697258424 0.33048544960555176 0.894271732375889 0.3168356117208439
0.9897604121051381 0.3356083292708406 0.8889610211175687 0.30101854342084394
0.9858715429403202 0.3332999532679084 0.9013020737929853 0.3564893126249423
0.989074703941161 0.30502256420246093 0.8969566375118511 0.345549028145589
0.9807412634650405 0.33318476360270166 0.9127327342445524 0.42152036959260814
0.9873787846010591 0.33723953280819524 0.9323133203029931 0.4914812418539668
0.9862178482974534 0.27106185252894577 0.9298955874108675 0.5027226742096874
0.9917225775782703 0.2668975968824421 0.936860824461005 0.5060768108896451
0.9898551833805285 0.1763745236799129 0.9207821659461959 0.4654250443072786
0.9897424694654989 0.12693722823057196 0.9275355577859923 0.491687984541607
0.9898315211641034 0.09759384023099134 0.9045357819370567 0.4270684184963952
0.987145043402528 0.07289090047892216 0.9091117075457971 0.4514801780354001
0.9895159095033573 0.03677850774284373 0.9174084760345976 0.4905719879636808
0.9919928475364512 0.037845261712192886 0.9070612538910341 0.45503306303697266
0.9894043959127962 0.0004193165140820463 0.9217633871851195 0.5235518370688773
0.9885266193660355 0.0 0.9330785517268171 0.5856419603078169
0.991912872914569 0.0 0.9151228972210113 0.5157015317481521
0.9862031359967537 0.0 0.9110285030503953 0.5207436792150776
0.9873513966218943 0.0 0.8977439219957505 0.5064256695133074
0.9932015495374205 0.004776941138369363 0.9313959757453125 0.6225629410227371
0.9921556871897635 0.0 0.9447816554955915 0.7124077791796931
0.9897014423004467 0.0004947229551451188 0.9612702643058199 0.8322581919193249
0.9884418776388443 0.003079088589777426 0.9701238776473162 0.9044801296355329
0.9868629886700776 0.0 0.9611321654419961 0.8683084150034576
0.9857294962808918 0.015358021408151054 0.9422104802406642 0.7955429694624004
0.9927695645971454 0.004818086354932361 0.9551184458924548 0.8540309701062876
0.9901028067986708 0.026048780487804877 0.9595818971707597 0.872697480204265
0.9881841969374987 0.0 0.9424939046901901 0.8281904059277317
0.9885598270289637 0.0 0.9358148908267825 0.8316274194152222
0.9845643957026086 0.0025306489708694186 0.9297155961133833 0.845863033660753
0.9845412361566541 0.0019850818094321464 0.9227481591345823 0.8421631079810452
0.994448408399971 0.006761732610296579 0.9271840090693853 0.8569031508066196
0.9901740203399125 0.005940956036925326 0.9184100373663463 0.8590134961439588
0.9936607069915122 0.0006912442396313364 0.9330604706364011 0.9012563753342063
0.9957688083704378 0.0024782010096374486 0.9269133483963732 0.8979213418038918
0.9837391179816294 0.0 0.5705814917800869 0.5751828859239067
