0.987554289368877 0.010164736442480837 0.1821714582790086 0.117265226886678
0.9833218323566261 0.009611873585054777 0.18970067110074929 0.12368439155258994
0.9877297332490048 0.00968567509862421 0.19645640837835474 0.3039324948256647
0.9834813515703633 0.010251677835463942 0.1951412134356264 0.21253556024593925
0.9839980394754894 0.01101352873257671 0.2039010491623447 0.1615217534390838
0.9860614060474298 0.00964860434034761 0.17953101491742784 0.18681937664288398
0.9899261939270398 0.008483944174709879 0.18336642590620894 0.20847431559520146
0.9760445914433922 0.009044579424626723 0.1763098014856882 0.3278585757271815
0.9866145086192969 0.00995704104354586 0.18690629192521774 0.2315546772068511
0.9828623395456585 0.009819316740026002 0.19885963381107044 0.30638195777351246
0.9906296547054841 0.009381378210799173 0.19116900468646963 0.36323452938117523
0.9826053704858126 0.009720419522094837 0.19862290942531602 0.3872896676401057
0.9886396176670978 0.011430177724142277 0.19461921699296514 0.3534278959810875
0.9820681785484606 0.010939432967024376 0.19783860110672724 0.3560222672064777
0.987927505892703 0.011579505032922122 0.20527469363066347 0.2779452819653825
0.9811883417623681 0.011531243706847825 0.1893793107775517 0.3582050613096791
0.9871212974638695 0.013522154165365355 0.19847322194236222 0.2408241494968855
0.9889768152492598 0.014082708694399877 0.19902904830685283 0.18519986411504927
0.9865397061949355 0.015012161446208679 0.2063081500694647 0.16528871818241
0.9819597633136095 0.014316216558894384 0.21079082108780822 0.15333516332692834
0.982680260265975 0.015465418659403943 0.21661225574167006 0.12942145556739995
0.9881036892363649 0.01697856606553429 0.2024513372227145 0.21866163996229973
0.9866162874866529 0.015854355083870255 0.22053512729761615 0.2256872913262769
0.9898616191364559 0.017524456433762672 0.2282838336198166 0.08884612832592396
0.9893717445465907 0.016644046897510017 0.22369043369069047 0.13387766272864116
0.9935683186327341 0.017727689359220065 0.22466347116196822 0.1471990183585823
0.9854928290254338 0.01773103688202817 0.23038652569666943 0.10200854024988139
0.987101081337405 0.018585534654971352 0.2368235316402425 0.17073045002319706
0.987725300860237 0.017350925838061502 0.23304753961634694 0.0804178814382896
0.9925759940182033 0.017862446300765906 0.2403309039786072 0.07314779188576803
0.9902320238365901 0.018848776916725873 0.2334508058626539 0.06934834019444688
0.9876268932049391 0.017545805147919515 0.23671341981201136 0.0447630269704111
0.9882089515814135 0.017643780013720557 0.23344358649016217 0.044640519453317276
0.991779762927332 0.0171934893932066 0.24025903770186216 0.04774183258459821
0.9916173945511222 0.01816876885657704 0.23882199123903122 0.03584516569687258
0.9915774884553823 0.015678005138651464 0.2435412255831319 0.05493103448275862
0.9911172341563147 0.016467143261871625 0.24787137395848186 0.04746704419483659
0.9910567025141392 0.015336839054283466 0.25202829394446163 0.06814555660214144
0.9904864812067713 0.014257501499265877 0.24303496346448963 0.04562024420456556
0.9836809376795644 0.014041179110987075 0.2647780487745172 0.07049915061264322
0.9856128337053941 0.013947641471785458 0.25546669420194007 0.05535863362027672
0.9830081696680988 0.013229617623851058 0.26752333493537045 0.04881684102942638
0.9934747348876932 0.015282125505712469 0.26451181073614777 0.06393042416844676
0.991553271450411 0.01425304596274604 0.27403639708002997 0.059709857170306795
0.9909673771005433 0.016713345367304552 0.2752112238131649 0.08246659901911044
0.9881321022271558 0.013694251674077023 0.2861913512091486 0.0610503942209648
0.9858729479899834 0.016715203381099067 0.2803025446072041 0.06667712090324604
0.986229665987896 0.016762148148539265 0.2810314244784743 0.05326506781640169
0.9885535484900673 0.016312341222088515 0.2858937882629056 0.07399084750766809
0.9956727422722937 0.01713350679779788 0.2866094002108981 0.07313104240451804
0.9823539646114126 0.018645155888017417 0.2845792310478931 0.09808464627741736
0.98893929547161 0.01863738480583192 0.29742106380628325 0.175591985428051
0.9855588560720089 0.02012211291061659 0.3047999089165337 0.17530378165575197
0.9886559216236227 0.022237353998303844 0.30537412994432606 0.1661023470565602
0.9918355934572907 0.01984763363096162 0.31707053478634306 0.0940458224722184
0.98343216492959 0.0217322485309647 0.3154391003894359 0.423358938547486
0.9872702821706388 0.021611813319231975 0.3243893265198925 0.12961955743852518
0.9923320515720425 0.023922434755378634 0.3312581586957197 0.1936450839328537
0.9902695955593801 0.022667632635916122 0.32097188597495957 0.1324138698106387
0.9890258639263333 0.02377447381082859 0.3257841890083689 0.16378976700983047
0.9896424863160324 0.023141566224347734 0.3418697609117562 0.18853251672173424
0.9838637886308156 0.0232959929369949 0.3606408546052218 0.17576158453680227
0.9962297774205947 0.02355095245041574 0.35704232193969954 0.15200600729457198
0.9888981763268849 0.022482766190718696 0.36008964728636367 0.1479344345455122
0.9911532126347694 0.02263331556050104 0.35853411510759087 0.12947123924033338
0.9901926922272754 0.020922765990459634 0.382276618346705 0.18721608040201004
0.9899321320950826 0.021617900519328895 0.3566547933851679 0.2509612919764163
0.9929432413052953 0.019263575722384088 0.37092923327697236 0.16510815483962032
0.9859169532642671 0.019137739042448046 0.379204029009127 0.1518400726942299
0.9911414699782416 0.022293271289020058 0.37772292380778094 0.1127393914492456
0.9909145863598134 0.0223017199017199 0.3841873327971902 0.08674707393662574
0.9895405353795084 0.02270033291561313 0.3848617237869019 0.10394322079260919
0.988071646752152 0.023956034242960722 0.38360240008687213 0.11194222892864841
0.9873954416391681 0.026541119681157233 0.392030748524692 0.14885737253100598
0.9851647757968666 0.02439399552995213 0.40033663143710563 0.14325466621163993
0.9850349522150876 0.02788955389462349 0.4146676307559512 0.18297273526824978
0.9926011142900165 0.029592865899887584 0.4255356288547822 0.2340519526418095
0.9843982187255038 0.03182738608508618 0.4199518327882013 0.1634951950614141
0.9836689309057236 0.03264552111704586 0.4282345635703082 0.1619596369715787
0.9907057344652309 0.033771736980578476 0.4318459496857281 0.21682717492041745
0.990908357668649 0.03599623507265133 0.43975707986697 0.1434013871251343
0.9929010633652382 0.037471932472720994 0.431966115495735 0.10694813365021669
0.9920609784670377 0.037595121627646166 0.454914336872141 0.1417398026465372
0.9920641902154727 0.03946225080066536 0.45801411542438525 0.14024985127900058
0.990743417795159 0.03825411919461261 0.46748974229698764 0.11319111111111112
0.9917020439559149 0.038726998886778864 0.4860101253813376 0.15552708728535883
0.9853672414943725 0.0393144209212966 0.4852549197295447 0.12953854317611282
0.9941052363736601 0.03913197802591431 0.46805247421287033 0.07983984616802982
0.992175246223629 0.04849114831277984 0.57064163694635 0.08951413522519618
0.9906136091435436 0.03905957380515955 0.49499557802476307 0.09186195532771878
0.992120711458984 0.04200627307502879 0.5538045536546927 0.17034089980107367
0.9854564035928031 0.03443867169985543 0.44548296573454116 0.12172473502939889
0.9883785556085817 0.03702440154489167 0.47464883107119804 0.1124060022457382
0.9893458899772269 0.03729511352988743 0.485581574741498 0.08236568937705484
0.9897064952003276 0.033873051455528394 0.4469287928008663 0.06794433967072736
0.9926147567543476 0.034368069286460724 0.46839715092346423 0.071860378452238
0.9872841578586483 0.03552544308928111 0.4581905752925982 0.05798857825884853
0.9914483478034098 0.0355356794209752 0.47521909535904727 0.06525747817635143
0.991728055447256 0.036040740508199706 0.46393051457122664 0.0749974414082489
0.9907680994315956 0.03554447602182399 0.4813259767491241 0.07301050863387759
0.9954781153765713 0.0370554485068241 0.45595354623537027 0.07573933796824737
0.9912555909706567 0.03714896826988265 0.4746145499823611 0.07907644836942065
0.9880956615985182 0.03671884043059432 0.4784890771658776 0.09342747867019711
0.990404674972844 0.0382446315540394 0.49824536899628125 0.10415341927279033
0.9843451449892834 0.03907498636375443 0.530950526438904 0.11097566284992816
0.9848986295123315 0.04248797412363154 0.5252131066928375 0.11184856005078779
0.9956978616796982 0.04549691414690638 0.5483310170351938 0.09048717744715835
0.9905573104557072 0.04748433763660337 0.5644328679382362 0.14795831520814026
0.9836045962233052 0.04378863046743434 0.5567112463922267 0.1756727000484432
0.981093192375147 0.0453324032455563 0.5754525700225286 0.21632807639245813
0.9831334109891199 0.04790245345461941 0.5721458410343855 0.20048016296440005
0.9886673604508099 0.05410849173425794 0.5976490817517254 0.2614298145792891
0.9847296085633911 0.05294674056644335 0.5927081040284286 0.2081874368434658
0.981884450536575 0.04675820060911678 0.6130990632371531 0.3929624006430294
0.9890031543015166 0.04980280847279422 0.6312577916887611 0.30930550803968526
0.9847945648657392 0.05143278411185283 0.6365359827015133 0.32299043586186754
0.9764317245306967 0.05279543594954009 0.6533272338939254 0.28989530722146034
0.979922714731401 0.05753847374821724 0.660527975799372 0.25886409855875503
0.9870550536191479 0.05234272568200539 0.6730816557182918 0.22519894577927893
0.9878963849303742 0.05669638847282676 0.6787674036732272 0.285562503794548
0.9921572617729129 0.05935673445141033 0.7059027063852771 0.26568318533371527
0.9836990838983489 0.06619928223778913 0.7256223540933079 0.33720495966537195
0.9905762722421776 0.07120583212531026 0.7317184639993599 0.22011020559362846
0.9897021922532812 0.08525187752359793 0.7548899661077693 0.21088888888888888
0.9836560185866706 0.09122428432507843 0.747995600978697 0.1539910487168754
0.9920874966243586 0.10217247463608294 0.760690721601323 0.09840669841303361
0.9877230349331054 0.09164546534925327 0.7710869077810715 0.10836129439052401
0.9821042484161883 0.13150543404667212 0.7619832791818126 0.0693830203726528
0.9891737290530687 0.15921291236834836 0.7663983023417011 0.06284696207236279
0.9923019227893977 0.2794696182148026 0.8601984150054434 0.08993260700670316
0.9929276915960962 0.24976061894365928 0.856976006297644 0.09385913318384002
0.9866576748122289 0.24923281801864397 0.8515052116677417 0.0967631775683683
0.9899909618181709 0.2403726583497132 0.8770458195513823 0.13012762919840987
0.9954855603968384 0.2644079958995387 0.8885229504397361 0.1522803469746155
0.9879331145671221 0.27207455257862967 0.8602580331061344 0.10225931166244603
0.9912417343718123 0.2665194111092485 0.8485060236270319 0.09358971098167883
0.9882855849056604 0.2973705581528061 0.8206614938285055 0.06638629111098814
0.9893853363596758 0.2943238534953563 0.8246269653804763 0.0705541939871428
0.9898161660237053 0.3143736833576406 0.8295193849242873 0.07368869098290878
0.9889745275227481 0.2947407468469211 0.7743466932487246 0.05442637864532809
0.9915122740474517 0.31328253798511785 0.7672123303502277 0.05242130802501682
0.9839835674625175 0.3141309914248668 0.7345961049697141 0.04761178540475597
0.9902506592791881 0.3376447124632687 0.7629581074604138 0.051566421444796326
0.9927341240185183 0.3596631003869793 0.7572494826717311 0.0523530353746226
0.9882803003823114 0.3740817138928093 0.7523906854514928 0.048619477434679335
0.9873773046561373 0.34012911600737145 0.7422056624198786 0.047124529643566115
0.9938073262644955 0.3749233165022887 0.7098473684550701 0.04340897280443443
0.9902620728621493 0.3980849714648066 0.7065072472087716 0.03947549992180337
0.9956388775487753 0.3745136069582816 0.7038641116165937 0.04278418890478481
0.990850871391893 0.37199871813834245 0.6732226669482276 0.03933830112532885
0.9915071609496571 0.39386588324210986 0.7097594609010134 0.04494833200529542
0.9874296077351802 0.408977678516646 0.718005014734854 0.044961335579998644
0.9913668303522044 0.37875141827612435 0.7302638279703767 0.04858751996026915
0.9898557070021939 0.3817976501636765 0.7181819966238763 0.047206200256279
0.9884795256289245 0.38265339575383245 0.7227901738926723 0.04942187156997336
0.9932932700288855 0.36273809678382696 0.7266115114840793 0.05262675843727633
0.9918522145685511 0.36292455142344854 0.718891230801721 0.05383521747838678
0.9852046641337101 0.37993768483312207 0.7333009186734992 0.054334505587591
0.9884119142965713 0.41665092685032784 0.7412620093484025 0.05775515557099411
0.9920400791664132 0.4028228576046114 0.7427059218769408 0.05948996356882635
0.9860862137558213 0.4492235212004886 0.7371628297742739 0.059135999337295755
0.9884934872974908 0.47027018604506216 0.7541204633629585 0.06239525778477076
0.9924065549794066 0.4451963612158864 0.7403244166192373 0.06057336512406167
0.9950944307498113 0.4755168016134294 0.7567686727860838 0.06675434740042634
0.9906997363339275 0.4616419919246299 0.7711018723219458 0.07488532064387826
0.9872648852818825 0.4225718314824608 0.7650070733656846 0.07422412234857713
0.9916783500376571 0.46364959347021417 0.7696694105262805 0.07478207796679134
0.9907720421335952 0.4666248774450713 0.7740641249803224 0.07809933988085654
0.9917932903359434 0.44415083327929444 0.7601201068553128 0.0735500371256497
0.9877777306770024 0.43919556401555904 0.7603472966173054 0.0765204727156879
0.9876061980521723 0.44039556781279066 0.7622230739360442 0.08111465284625557
0.9903242001840493 0.42012502170515714 0.770702168994895 0.08261765783945484
0.9918476889551554 0.4310928077658479 0.7778987268611157 0.0885215186193195
0.9931027443370595 0.4518686924697793 0.7844648557912148 0.09453036497069399
0.9927432407029577 0.46936664240009196 0.768551579764829 0.08316865677335673
0.991353147838287 0.4009888619163216 0.7818609453105 0.10099699956081122
0.9917597937302178 0.5108410410841041 0.7761351779262922 0.09641777601367855
0.9929164474001696 0.47382547147403925 0.7968254289005193 0.10184980131454144
0.9891984406634036 0.4883083576385397 0.7824609551475028 0.10540487804878049
0.9898264559918011 0.4409251148381583 0.7729822915742373 0.10129760777061061
0.9813315110222621 0.41402802294792584 0.7641450187477796 0.10102764936250405
0.9952798984058632 0.42800229213851065 0.7681474704405371 0.10521541130547925
0.9856192661576378 0.3916083916083916 0.7863204830690698 0.11906274885176278
0.9906025963960473 0.3895810918682539 0.7913851684191949 0.11753735881489649
0.9897092164941353 0.35366712498742414 0.7837289352499944 0.12267360101815554
0.9861382081130535 0.32669516560664513 0.7966759446904504 0.13581206364223838
0.9927512608800626 0.18225739057766635 0.8039779051109257 0.1528262417660673
0.993549244458718 0.2846114779075673 0.7859567338201399 0.13655625770351965
0.9925954603778594 0.23202857041830205 0.7891535723632105 0.1405696499789048
0.9901382456923163 0.2682716343292465 0.7919291406791407 0.15265291732769257
0.9848035855988893 0.344046384825097 0.7915132306204228 0.15156253140135453
0.9888416413185176 0.38282788499409215 0.7538620184146017 0.13257391907285423
0.9890005150260522 0.32996466197694774 0.7866245837526064 0.16424239398048035
0.9917018567531756 0.3397956852377689 0.7801103345171703 0.1615439573524832
0.9878048780487805 0.32927929432991415 0.7921609556571466 0.17988361851796297
0.9910518067825395 0.28422252341054705 0.7841647714674321 0.17974597289742567
0.9830500015089364 0.30377726547260153 0.7843974799378297 0.18443198268676794
0.9891741133080483 0.3192341235233489 0.8273886064843651 0.22606762978250516
0.9880234170610016 0.26599093910773247 0.8088405642080615 0.21398666338909114
0.9945459950008966 0.19436772762258342 0.8120413540114416 0.21544475614444442
0.9921111799807976 0.10380985669346382 0.7708342237198981 0.19689978347592885
0.9918349864632348 0.09146307987922042 0.7902278070173289 0.2133727738965392
0.9924512562563809 0.046388754241396025 0.7670792714837845 0.2070628632442336
0.989526168309682 0.03886571262607594 0.772315763303048 0.21696862164866806
0.9923706930772924 0.012839833624691061 0.7866456916527063 0.2386134954207565
0.9941867404858351 0.02030942901778965 0.7764800445921874 0.23017835150298774
0.9907395483633239 0.0 0.7704525470520919 0.23861622821597153
0.9910974683625086 0.0007640586797066015 0.8072927522597232 0.2869185179846216
0.9931968450911168 0.0 0.7838629141522909 0.2742717525520406
0.9891996013096925 0.0 0.7932551535997324 0.29302768839174503
0.9887753708238056 0.0 0.7791524733366436 0.29846668239883317
0.9938023427371243 0.01107919573245794 0.7960959291690245 0.3206198527641641
0.9933534073857743 0.0 0.8007042980476543 0.3474299574920615
0.9920313920946988 0.001049042748492001 0.827907032051587 0.41152934531874186
0.9907281524281745 0.00841779762927332 0.8660164773380807 0.5037671802963081
0.9895005512210608 0.00017678776628657296 0.8749552720238826 0.5430319252019321
0.9886010685718917 0.018050541516245487 0.8491573850048495 0.5202568867617646
0.9952266944671456 0.011599976565703907 0.8812415714387111 0.6063278783057572
0.9920671978444094 0.04443178581600683 0.8781283689954006 0.61819584646049
0.9900987395010142 0.0011121567285482077 0.8997085856431337 0.7081978262149835
0.990749842595519 0.003747355696585071 0.8951973579871444 0.7194878606094559
0.9867285973956316 0.02018616126499944 0.8909647208003435 0.7427384052423586
0.986405306718899 0.0028471818710052296 0.8799262821266489 0.7472129603365321
0.996468394844793 0.021550295073271004 0.8884530130419094 0.778386880562038
0.9921611733269357 0.02042241228835748 0.898366798566054 0.8258379407046711
0.9944561304302257 0.014109141791044777 0.9158797255691836 0.8760620824836326
0.9967164327889898 0.005187005187005187 0.9083718546232089 0.8730698351018382
0.9826035833614678 0.000863513994006197 0.6846868171617005 0.7540629141382437
