0.9856815205431974 0.00560370872997791 0.1804261863624225 0.16923076923076924
0.9814504695773221 0.004474537180701231 0.1902400718330202 0.1267794789148536
0.9859035713123027 0.003766569722480841 0.1961958608678328 0.18553285477636663
0.9814676205900795 0.00678031302428345 0.19556538286339178 0.22135416666666666
0.9821931141235518 0.007979562579960494 0.20324650769374675 0.17131732641142117
0.9837884832349623 0.00514982517362085 0.18067097298654308 0.12151735962280326
0.9879521673068348 0.00381049155341039 0.18364264850921783 0.23976956694477553
0.9737486778561579 0.00424593349269361 0.1758762198354572 0.2082612456747405
0.9852046109580685 0.004864652577327566 0.18805936287699088 0.13380140421263792
0.9804408160455861 0.004782978356606642 0.2000283044694768 0.3790262172284644
0.9883021065318368 0.005525171839421791 0.191875591893305 0.3621197252208047
0.9798890114443883 0.0058464676939671174 0.1983376476329615 0.3294445853411108
0.9871759712215996 0.008004165967651689 0.19576970788734427 0.19375305026842363
0.9797385202983702 0.008039676222623348 0.19841822472796053 0.21802439984258165
0.9872647593399574 0.008545024875866525 0.20606601872924674 0.30128205128205127
0.9785246500304321 0.009105695171888854 0.18966335938870588 0.28139303482587064
0.9848897072183931 0.011347113637730262 0.19830776077483517 0.15256615878107457
0.9866490834318082 0.012357557471947039 0.1979444344540924 0.30638953040800615
0.9860458610969653 0.012479999678790325 0.20655730672342007 0.24777549623545517
0.98035902475992 0.01267515600426158 0.20879957808932462 0.20419139465875372
0.9805133968192766 0.013362569830683348 0.21307013155278468 0.25233922471409476
0.9853388004855879 0.014997505139008797 0.20086067335127816 0.2945709281961471
0.9844871161723266 0.014156529340145895 0.21892714560745768 0.361170828510005
0.9891429896814694 0.01572353977050776 0.22469598818047506 0.31229967948717946
0.9900940353026907 0.015235883358842978 0.22180384682736518 0.23748473748473747
0.9914292644486817 0.015981166764756433 0.22097547172426954 0.2754875886524823
0.9826812866848454 0.016118587047939444 0.2248341556069844 0.39100661949326637
0.9861752387881502 0.016960791045801 0.23385720620411182 0.3814456203557757
0.986270911148508 0.016183555479994283 0.22793899073972354 0.46408182683158894
0.9891550627257637 0.016002978076421957 0.23392589757157492 0.3969510987923184
0.9878714169086718 0.0173463133299327 0.22822746044897335 0.4259590538660306
0.9874307925627251 0.016569445970380972 0.23134162163104632 0.3039726766133381
0.9873152610098455 0.016535979743526913 0.2306839113938001 0.34779661016949154
0.9901333677032891 0.015780794009705886 0.23751423011260742 0.3671245855045002
0.9897182376860321 0.01595782749433072 0.2355562252116087 0.24995530126944396
0.9896324870007337 0.014633631964258475 0.23600018520712984 0.39847554520431927
0.9891288780625141 0.014855375960454607 0.24214272465189685 0.42168674698795183
0.9893135849657588 0.01340548645368656 0.24350323573183083 0.39809642044278915
0.99027539599404 0.012527646685190894 0.2423738925654701 0.42083131166100596
0.9840407437167058 0.011760283478580356 0.26013737620851074 0.5976909413854352
0.9836456822025532 0.011915804645094329 0.2538302290367244 0.46782449725776964
0.9798662821860447 0.011378531061395435 0.26481329842051676 0.38095238095238093
0.9918955616708034 0.012850496667924054 0.2619589499651743 0.6100307062436029
0.9911067518409631 0.012362361622056794 0.2729652002171377 0.49753500295799646
0.9876380309495001 0.013474830034463927 0.2687739774470391 0.46263693270735523
0.9883977240156959 0.011239548300195691 0.2810640350903894 0.4610946257830531
0.985165041332864 0.014745405603843189 0.2779245402070351 0.6125981441827266
0.9856242709534925 0.01429259675606231 0.28189745791120663 0.4760885082084226
0.9891853644768028 0.013782319395671356 0.2834620488959243 0.41677010067576886
0.9942217029792852 0.015211224541794771 0.28519147094073116 0.43357271095152605
0.9820538765050439 0.015509011935378222 0.2866268861968712 0.6266714853632093
0.9863799382661521 0.016932059795945573 0.29648931878885854 0.6880552813425469
0.9850838425757876 0.01759545110537518 0.3021677186934681 0.6791145332050048
0.9866042914813984 0.01958469096504746 0.30336414868143247 0.7333062715648467
0.9898549561512309 0.016814058526587468 0.31592083248703684 0.5640705756549634
0.9826726592193303 0.01975861622661046 0.3146781256251568 0.691384560272255
0.9868849092890799 0.018657445600978276 0.3198578015219556 0.6339461003034089
0.990847714786925 0.022139332699797957 0.32965449626548804 0.6533764367816092
0.9885861565472355 0.020413725404599282 0.32089333676498233 0.6025860725969777
0.9864034558712456 0.022286953634632976 0.32623114059596364 0.6421639108554996
0.9871445789030756 0.020381331305071186 0.3421924963995411 0.6846495119787045
0.9808009069232883 0.02146774952769682 0.3589160782271973 0.6142625607779578
0.9953935049702577 0.02190912293060937 0.358889101560519 0.5911602209944752
0.9856205060473536 0.020357306084722956 0.36068497745923433 0.506094527363184
0.9900434342172821 0.019991501197558527 0.36462895691086084 0.33578012973711163
0.9870483295603851 0.01760429793725542 0.38467281940806386 0.5749159479608245
0.9892253513738464 0.01759805250909733 0.3576584198690363 0.6240232878811093
0.9908291623725995 0.016306447873464025 0.3719461122184645 0.38158502772643255
0.9841570571126419 0.017007614434955198 0.37914440136067545 0.3725284339457568
0.9886959271933846 0.019144425693272495 0.3780928003143426 0.2337669880357765
0.9886137507454784 0.01932979720825329 0.38612290386334575 0.20265912586198342
0.9872127648835918 0.019029737798004258 0.3853632534898604 0.22941546197360152
0.9847842671358135 0.019897702400599272 0.38210929703405055 0.23999770721082198
0.9838974829999676 0.023117139993671616 0.39510775600824277 0.34022971020004567
0.9837804199719121 0.021890953371827726 0.4040777996640331 0.39668098727992585
0.9877598152424942 0.023882124164247787 0.41869896390818256 0.5790366792846887
0.9911287678629973 0.02614785820789695 0.4276336992587391 0.660934004474273
0.9847826008509041 0.02796150326136771 0.42644241276607286 0.47431132487975514
0.9824684532935986 0.02787251891010996 0.43656937561270553 0.4902001668056714
0.9903804710548529 0.029988838713718702 0.4406338764895993 0.47701604913810186
0.9900131022401982 0.033205168387549604 0.4539479169449227 0.3403199888213512
0.9911032994636247 0.032913763144762236 0.46204784405802946 0.3323849878934625
0.991491717914281 0.03177078347758692 0.47392727997494377 0.3133414257338336
0.9902950319666842 0.03388957017121746 0.47890283998662 0.3908155767817781
0.9886585375846162 0.032549409260883164 0.4984666702534029 0.3757940031418619
0.9915947913568594 0.03265582344979468 0.5090995100138577 0.5008210180623974
0.98402540943672 0.034977826867137 0.5056110262926417 0.3087557603686636
0.9926886611788415 0.03630353357869132 0.4940829924097386 0.1754491017964072
0.989619813144861 0.04513125670451555 0.5958075387346965 0.24851951001865824
0.9888594936154964 0.03533922237459808 0.5107503180687353 0.3054254276064931
0.9901873623468775 0.038344470359824454 0.5674364451036942 0.4518127581459385
0.9841205849012754 0.030809956901593206 0.45736141133473557 0.32444837692860695
0.9869855978710413 0.033029932930034735 0.4876261835508624 0.2352964552535368
0.9884516977522716 0.03256088006370572 0.504142556388528 0.16705441752255576
0.9874440237758524 0.029235092926528483 0.46708191807062344 0.17930970837947582
0.9893457849352001 0.03013899775383 0.47061473902634454 0.14454291729912352
0.9850639770897415 0.03290055791776243 0.4772872101260582 0.1473965032633033
0.9893803813595141 0.031497697766048736 0.4808303557551613 0.20441347270615565
0.9901131887743397 0.031487531875245195 0.4784246680191365 0.20630844824853384
0.9901280303121719 0.030631875143564483 0.4998724467142112 0.19195055423364865
0.9942338918223259 0.03197742444022957 0.47775479266662063 0.16438688986612893
0.988812166040359 0.03301412092916606 0.49526204035071475 0.1581876544350276
0.9878149949026398 0.03491246949743352 0.4943844928323322 0.1531764356980956
0.9881628474422388 0.03504055985931133 0.5057870967689085 0.17478554717962047
0.9841660597405406 0.03589716920623364 0.5324134990105255 0.23556292735766027
0.9823524522028263 0.03892244570368986 0.5269667581371831 0.19866681541808445
0.9938226975864611 0.04269156698881606 0.5517857520975075 0.18460347940729702
0.9889807561431199 0.043009189360472704 0.5727610138610801 0.29049132831676794
0.9813690115111425 0.03904779432532358 0.5621888875555022 0.3055669763999671
0.9796229636723676 0.04144025437010926 0.5798706717059523 0.41452252051124633
0.9820758985292568 0.043422201503581365 0.5750448245831806 0.30637381910949896
0.9863927750926886 0.0508811148207287 0.601770419238671 0.5064671747185905
0.98381128177253 0.04659129772036623 0.5999248462622709 0.3595924679341399
0.9802517853273058 0.043682956852589 0.6128492626225146 0.5646187906461879
0.9880021615435964 0.045664797590722284 0.6321229336278793 0.5368319381841596
0.9834337272648515 0.04723287834815003 0.6405210788568887 0.5926964272877578
0.9746515789594693 0.04690482622006123 0.6560950092548947 0.5680033358815763
0.977189429690968 0.052384891094568516 0.665514091156849 0.402138517618469
0.9851008045591255 0.046862000229344926 0.6816517674931029 0.392528654308759
0.9859080263942835 0.04860690968906642 0.686500419431099 0.4846553748113366
0.99256917966984 0.05225207034249323 0.7111036292821781 0.2980718759841831
0.981345920382685 0.05751989352363152 0.7260522196883082 0.3747762692626708
0.9881050482818764 0.06289970363437841 0.7370510599812989 0.27210134949049847
0.9871624909801816 0.07455345414154448 0.7656711254612546 0.3452930318412552
0.9810815239236348 0.07767721436283984 0.7569816505212509 0.21081889101695708
0.9897847111476927 0.08914551474065899 0.7850648787722107 0.15731182795698925
0.9869380909164015 0.08101836932001288 0.789693550256985 0.14581911540086445
0.9802789699840988 0.11305551237759047 0.7877415893842765 0.0960159531588103
0.989643688009653 0.13591164209272527 0.8127854883875577 0.09697058393092346
0.9921975418607384 0.23621701179500806 0.8942008206460608 0.15125294976963705
0.9910979735710789 0.21685398632167965 0.8986178977295403 0.1984186433624636
0.9869828065474289 0.21845532324007264 0.9248865023461933 0.754215003866976
0.9880085043012323 0.2085459376989219 0.9272884384876988 0.7368143856745166
0.9942852201235199 0.22846356960145225 0.9342945153910167 0.8506441223832528
0.9866545547803203 0.2352803165225181 0.9259389763160505 0.4904305111450948
0.9896989496121054 0.2314192204700982 0.9090172088576522 0.2778058175056448
0.9878866633626264 0.2713253974417289 0.9231618084377904 0.3205747592182776
0.9872030658719536 0.25639673193468177 0.9112443432717758 0.24118148515079602
0.9888034441304511 0.2791784394696805 0.930693476776783 0.48426880316874465
0.988241332817634 0.267014181519285 0.9184711967707658 0.3357091518926689
0.9893208355237457 0.28315723072070653 0.9120170098080748 0.24025141880759138
0.9823316367661745 0.2812052597960397 0.9102614064384601 0.2684767864175382
0.9889969104565712 0.31266634045041714 0.9164781956992414 0.24306794227339062
0.9923577166659583 0.3212458475788657 0.9088138645095927 0.20120629535387805
0.9863408533428805 0.33841896369661 0.9076818060198513 0.19914893617021276
0.9854215506455962 0.29884587528911527 0.8929748014589896 0.16078579229289094
0.9919965946078845 0.33170807490529286 0.8499799206463946 0.09560946591024506
0.9888008927124791 0.3553901927113146 0.872658907932729 0.11003980926549718
0.9945935898392263 0.3325719338319272 0.8567381568279216 0.10169963568482221
0.9892067876394741 0.3313136876893418 0.8381289580198434 0.08926015561974653
0.9900204388971476 0.358074740178374 0.8415768527186097 0.0926042376864165
0.9864026158754078 0.3692043573845812 0.8417584727775509 0.0922635245455535
0.9895483416261048 0.34702064595257565 0.8486848295485885 0.09767303986957167
0.9880818359858685 0.3499795333606222 0.8434781405689751 0.09619933978187044
0.9874761053362372 0.3660998723032462 0.8279212026448777 0.08622876584041633
0.9915818307946804 0.3401987043316489 0.8278976997444707 0.09019519323298444
0.9896706861724919 0.3410429820621879 0.8423428690955986 0.10555525837167005
0.9827317359623706 0.36184788336553664 0.8343148016296824 0.09788159576700733
0.9853681408044599 0.38791606862142025 0.847205245487039 0.10827656675749318
0.9890450318915454 0.37197490289811774 0.8364302037494001 0.10228937501551909
0.9843141801216925 0.4218903143697245 0.8466769818756489 0.11152190561702802
0.9859181855908533 0.42927354428009734 0.8526708037427844 0.11250593879858942
0.9901159236336324 0.40790063922844005 0.8474976357417522 0.1121244706413371
0.9941167341690325 0.4349473365158748 0.8774351387592068 0.14505295894358916
0.9896579738402794 0.435923669565487 0.8818722834390597 0.15891132572431957
0.9864364938591841 0.400027343987361 0.8872849439748492 0.17404824014214965
0.991085520140722 0.4455485538859266 0.879654390033573 0.15299620279982398
0.9890610021384854 0.4424863410126295 0.8954083837420149 0.18672092609786453
0.989981415099225 0.40799232320603734 0.8716220357153951 0.14736299419812554
0.9864967977727621 0.41559139784946236 0.888912128443619 0.18519276380039995
0.986674342294629 0.3989146521953626 0.8946917844043185 0.2088335152176549
0.9904378135885397 0.39461111501440316 0.9033153249890943 0.21997459510955858
0.9902525079890894 0.41014094060898404 0.9135370129455387 0.25440317682784397
0.9918444820368725 0.42535629676982667 0.9256952819685588 0.3019545112377675
0.9907990825446205 0.43408944376062364 0.9141692673940292 0.2484279260119328
0.9911273786702689 0.40224254716620106 0.9283470514055948 0.3385017274795652
0.9905321275780271 0.45572578551025705 0.9328763080834449 0.33850708165288357
0.9901301124638641 0.44070071173524406 0.9245870292040591 0.2855984011286151
0.9861090164571251 0.43885960353404113 0.928641952239424 0.3311295523283425
0.9877859712700747 0.4222547743055556 0.9267933184618743 0.32544233390223837
0.9788835108245665 0.40183408577878105 0.9218891680044061 0.330814809407356
0.9948718296809402 0.39482463764052816 0.9274362535197117 0.3259164814334232
0.9840490975956764 0.36378387149115693 0.9234406376221906 0.3388544224971774
0.9887234665707467 0.3685298705067286 0.9312867758600797 0.35144680436477005
0.988353970858267 0.32202621670617765 0.9264157135182423 0.35495009751061146
0.9845419483622639 0.3192832704313781 0.928957313625265 0.38521348859776805
0.9916446907233701 0.19060538355144163 0.9376448809240796 0.4912942966669593
0.9926464479064311 0.2813494589433482 0.942603067063085 0.46193852794123563
0.9917016763720171 0.2614994704191254 0.942017850622113 0.4626145492315176
0.988763759535177 0.2861590628853268 0.947970976241882 0.5794556628621598
0.9834361400732173 0.3327866885324587 0.9361739181413602 0.4662800660615167
0.9876175095132687 0.3977970768904893 0.9347075834088653 0.4255737214741091
0.987461395028471 0.32295395308427455 0.9301419556318556 0.4545854150138302
0.9898324887609211 0.3394512916396383 0.9232668954038252 0.40813184146921866
0.9859155730434189 0.34272066162840437 0.9393123278967223 0.5333639758690032
0.9893715804553065 0.30587777620596973 0.9463438907736414 0.5777706308366686
0.9810568514980652 0.3217488789237668 0.9524164211116116 0.6884709170114249
0.9874963406074415 0.2821084810178874 0.9597352652566966 0.7121047631971774
0.9861956194226003 0.24465846552282292 0.9551982879401905 0.6951365383147126
0.992058315241199 0.21865484506537702 0.9622048597056155 0.7028463092773218
0.9900823414662587 0.13112757041224052 0.9548802009373795 0.6772349330047401
0.990293514118525 0.07098144422088085 0.9499164213148897 0.6270671145622552
0.9902680002788039 0.03139586301773694 0.9355899684801974 0.5658443610342493
0.9876342861718713 0.03006863492755202 0.9341078222409742 0.5645450145208132
0.9897630274422438 0.022079981208526632 0.9465460306830782 0.6425543623122362
0.9924678158189838 0.019095889008344854 0.9465537338415311 0.6451017110022318
0.989805498295814 0.0010032246506628448 0.9504413480766779 0.6739981575310917
0.9882007028554299 0.0 0.9549382611110167 0.7136436465223286
0.9917541162436128 0.0 0.9560077860594323 0.6968296300735658
0.9867118607959949 0.0 0.9452506116119154 0.6688392453879026
0.9874371128256313 0.0 0.9406153041501228 0.6717184723545621
0.9933257872923998 0.0023852685812422478 0.9511474738597665 0.7137332296712716
0.9924085889091612 0.0 0.9616801515467606 0.8020975958965519
0.9903271949995793 0.0 0.9743844115829658 0.9097616304448944
0.9888569572171132 0.0 0.977339369551211 0.9440611495171862
0.9868697570861331 0.0 0.9729531533829455 0.9340662838517462
0.9860430266248436 0.007473390201555069 0.9576619121888315 0.8645227580779152
0.9928124609032903 0.004101779755283649 0.9723070506567134 0.9338694387238077
0.9905664253388031 0.015885899814471242 0.972421341514373 0.9239430948206858
0.9887270727750491 0.0 0.953763522493508 0.8630685638633316
0.9885115363426193 0.0 0.9467405103230165 0.8652169707287818
0.9849933531353218 0.0 0.9463812528933788 0.8937547573308202
0.9849820162799992 0.0 0.9375554562125019 0.8803992349519887
0.9947176590616729 0.0034098816979819067 0.9434875495768082 0.8936979396889728
0.990470559721498 0.0004605747973470892 0.9255095785604286 0.8711058417334709
0.9938308557188333 0.0 0.9387130593120192 0.9097076690452821
0.9957049761232181 0.0 0.9331127285156113 0.9064734502103187
0.984073300075093 0.0 0.5026470282431857 0.42489747994578464
