0.9881174738379733 0.013147527872798683 0.1998406051576263 0.017004726047531827
0.9836176199315844 0.013159934820511332 0.2084761809712111 0.014846437661832771
0.9878905405311142 0.013403542364767831 0.21515158542981613 0.017421871650876667
0.9828316157943531 0.013438582437863916 0.21408599267006348 0.01838532909894763
0.9836847875153156 0.01301124103866751 0.2233179193230224 0.01933900449198185
0.9853616758957635 0.012657344238666742 0.19785194469440517 0.01663325445035648
0.9903659435746867 0.011440018978833328 0.20114798484885926 0.023380358322645834
0.9760929018627718 0.012880782797119898 0.1916856436674674 0.02338066896383697
0.9871815588771775 0.01277541088679623 0.20241816522992181 0.020007927499414446
0.9827486623392903 0.013073628829900923 0.22175763224176967 0.01860478247367381
0.9902777350408941 0.012967546342693844 0.20840179989639035 0.025129997739169754
0.9828212244135104 0.013327215752120815 0.21962130138581426 0.021849070316758524
0.9897807478971259 0.014703245820012192 0.21392116519992668 0.02170948963512708
0.9819841088330985 0.014115766872004673 0.22057919964251677 0.02183347940403155
0.988201055202206 0.01424232389446098 0.22696679478789225 0.01877692253371937
0.9816832026642615 0.01474840189176336 0.2106120840630473 0.020632427164695787
0.9871274475958598 0.01641814564579353 0.21702626653974047 0.020065624396834587
0.9887904611945142 0.016945010102689236 0.22671316927046645 0.019232537883501134
0.9865186596746616 0.01730655024637658 0.236499882200769 0.015818131877009582
0.9805283883575125 0.017204176781104304 0.24525479443754356 0.014920886234505427
0.9823093796592526 0.018482452381879795 0.25155085869427957 0.0118127316373793
0.9877786068313494 0.018733294619678813 0.23999438116754657 0.01471084450276502
0.9855377709417119 0.01872467477074003 0.25233589769111164 0.016922063581239467
0.9888640439754967 0.019796738033922942 0.25765212107439445 0.01331971591443247
0.9871298976763152 0.018522091452826548 0.26316990123943806 0.014343171083335859
0.991298326360318 0.01937323361387242 0.2617860465116279 0.016404310607636956
0.983211384509091 0.019361867311852132 0.27282413291539553 0.015431557535159401
0.9831403684288375 0.019703928851676107 0.2751643126566428 0.018676412947757966
0.986271433308765 0.019206890835676463 0.26260922992900054 0.016885746798921176
0.9905767733906818 0.020506095884036513 0.26709754867830304 0.01723570198793877
0.9865443805676156 0.02057161304517242 0.26101874530598035 0.014743140650266795
0.9871693291043532 0.019381635489745596 0.2632168750279185 0.014549502096956927
0.9875496149126509 0.02045661708940545 0.2604351017156591 0.013829787234042552
0.9906285002042616 0.019569308867333456 0.2712879418153161 0.01446529986474484
0.990649017618754 0.020474888178913738 0.2727480228800268 0.010731625158356461
0.9909109753958509 0.018445078736732654 0.27909088047716285 0.012575681871620033
0.99049634286553 0.019079846989136062 0.2772762634633319 0.014929988765320463
0.9891834383566172 0.018119451170298628 0.2814532156617882 0.01676212651687685
0.9880906768058609 0.016694451133616586 0.26532301448728235 0.01754986911603635
0.9835032748792841 0.016740133895615725 0.2850124933112243 0.02078517140883045
0.9849695751551881 0.01711000669786739 0.27404578903143906 0.0213157422365823
0.9817942098130239 0.015777436262525285 0.28140385136578283 0.019283575926499433
0.9926071107560172 0.01736125654450262 0.2851368935439064 0.020487548277246363
0.9918239303480703 0.0174079338361236 0.2999982723550438 0.018660857226022412
0.9898186227248239 0.019020017439198046 0.3033385821038164 0.01805903742349301
0.9870059201669402 0.01707974177825213 0.32072265590729554 0.0178389215015426
0.9844448021634847 0.020031611713989653 0.303754787219797 0.020164750694109817
0.9856924808237074 0.020018261755345258 0.3077393298862949 0.01739387748483964
0.9883326382345521 0.019976852269315677 0.3084829219869339 0.021308283763536367
0.9942247712334064 0.020557057318299675 0.3067438223608416 0.024859361591677172
0.9820161653872772 0.02188847235741906 0.30661229044952204 0.02357495973457847
0.9884962764628542 0.02264899405082059 0.3237224639536637 0.02344410500054461
0.9836434598131144 0.024401442150405506 0.32367504298916877 0.037152671815457325
0.9879522945675623 0.0260019129442185 0.3263092911879079 0.030875922996691372
0.9920625466462133 0.02385325948978103 0.32660583515961306 0.032366540563261874
0.9838720550069096 0.02599592334032024 0.33044178553004844 0.04533427724436972
0.9862882908042396 0.02562438461952238 0.3339244361921849 0.041432819015112865
0.9882132141960315 0.02720120303890664 0.34757749155724493 0.03437219256023898
0.9867236133144509 0.026169507357962488 0.33174375048716553 0.04223430933984004
0.987972305390098 0.028210707750484322 0.34135289242115086 0.03621654376755936
0.9878095251413249 0.0273166453552859 0.3546387083948806 0.03895289599498393
0.9809904529212068 0.02681735818145622 0.37159529964914273 0.04077626518137857
0.9924865256963615 0.027031308541642044 0.3755638262016938 0.034769891255631825
0.9881535136533035 0.026756748826665407 0.3828049432859028 0.03508646562812634
0.9910175041435906 0.02702928870292887 0.3744107521067906 0.03707813431765514
0.9901599953791949 0.024979817569385804 0.3984991953955691 0.041592216741187835
0.9882344041848746 0.025110667433019734 0.37631989992084136 0.046880134360509695
0.9893814097384698 0.02353941852115884 0.3909110673543625 0.04169865682608086
0.9813909364633234 0.023629403395024732 0.40068948469626475 0.0391438844140599
0.9885789477424383 0.026276625914198666 0.4008242741219449 0.03798662764553677
0.988977237703175 0.025253954404802142 0.41195633828098277 0.03166744511910322
0.9891507768149506 0.02687900082134988 0.40847296006317135 0.03616684445471161
0.9866818331487412 0.02849335999469891 0.408001352231536 0.03691336783477392
0.9850217802882696 0.030585408960784002 0.41359261462257424 0.042207136532397126
0.9839936810212161 0.02782776332430474 0.4251893410094461 0.041771131474044654
0.9824110274057651 0.03244526259854901 0.43689427578759243 0.04605088845394484
0.9917089509365971 0.03481343021840404 0.44531636194527935 0.052860315515392865
0.9811159726896816 0.036256965310402456 0.4352545800618606 0.05129377876820973
0.9820848194689968 0.03719324611781722 0.44237005036192356 0.06049688909794531
0.9883609743302374 0.038126950441365146 0.4388612072221929 0.07565340754078682
0.9896829331353494 0.04108698880167482 0.44136021884883303 0.07478766810892103
0.9918579730259214 0.04282508452812754 0.42603158053402596 0.06749147862104672
0.9897053352359155 0.04352564507700537 0.43873548258739464 0.07446297922153937
0.9910614184457047 0.04572112655962634 0.44568135367611206 0.08641390885226148
0.990469602104132 0.04442081204798995 0.44949048323512153 0.07467072050098132
0.9905787285391982 0.04502275098871119 0.4681640970749882 0.09312464265294454
0.983642384648611 0.04506435280341713 0.46790466587130863 0.07998386386973742
0.9909678711075517 0.04507869980182684 0.45588181646190873 0.04425998793692736
0.9912355898873096 0.05594979268874215 0.5646941649916687 0.0445710477658942
0.9891584626061543 0.04497040243738786 0.4826385698387904 0.046666868262296074
0.9914407853334266 0.04850141889002631 0.5517980409685735 0.07123693634026694
0.9846499833435485 0.03927193428885917 0.43884259085752053 0.05382640717138663
0.9875532497203646 0.042593585347362545 0.46258827718372353 0.04505703296194051
0.988175794720616 0.041349531733268344 0.5069687928744093 0.03229369873316568
0.9895291918351469 0.03915065128630357 0.47288006392182436 0.029038151347512267
0.9924608528065526 0.039452798537749745 0.47934486838079277 0.03372788596156294
0.9871304259815746 0.04106277598117687 0.4844276754483734 0.02961419957593427
0.9904930091750428 0.04178204068336248 0.5018465634794492 0.03067737966457196
0.9912066957523972 0.04269438679620685 0.5132946390801795 0.027990393032704092
0.9905665379628157 0.04227575200603962 0.5316023070252175 0.028110632375143083
0.9951248645128109 0.04352106825838808 0.5047268788849124 0.029369747563827327
0.9914598472388505 0.044718214643612704 0.5002040394367423 0.03722376270901605
0.9879847479571463 0.04356083124194642 0.49797174265666017 0.04017877006590169
0.9900737349300766 0.04437226593802136 0.5116127210318935 0.043207302245534485
0.9839599663538939 0.04501361794315417 0.5288668813932494 0.051532098102042574
0.984665880545155 0.048953138167801835 0.5302531516805455 0.04893122447975599
0.9953079418675401 0.051766366684312684 0.5607895079343015 0.041265035304135965
0.9904761100854593 0.05632746631535268 0.5797904994936822 0.04680318086753081
0.9838039410450403 0.052228094272174064 0.5736825282637303 0.051430295108340456
0.981375331884517 0.053613922793552767 0.6063210917023302 0.04792899757463457
0.9829604868644719 0.05677936653457148 0.5932752044346798 0.05163973486981761
0.9878281721173316 0.06293617021276596 0.6199888103351813 0.05983654187199553
0.9840239602874832 0.06509880056485368 0.6055432831238863 0.065746487481537
0.9816334500743279 0.05536600063051954 0.6130743414539923 0.11338487191147491
0.9885604599698672 0.05976294991964052 0.6464241530457581 0.09287454018783389
0.9844304271319033 0.06315403912415724 0.6462472277718068 0.11790524211983855
0.9765927537508666 0.06544752410781442 0.6571436009621415 0.14090113806000096
0.9802916916607086 0.06888096715643503 0.6683762948383108 0.14051781367559193
0.9875467158800578 0.06347533097346857 0.682718927409562 0.11491974410791747
0.9879304330622573 0.06767659855328835 0.6769961784827565 0.1518910741301059
0.9920151273106641 0.07305273086644799 0.6973135116047141 0.14592044601694007
0.9840862808215102 0.0773036312493816 0.7146459154809676 0.16726121141525918
0.9911244906962863 0.08538988205022087 0.7077574759859915 0.10991001124859393
0.9902140467536759 0.09868462583768303 0.7350649856322958 0.11576337060969503
0.9842564537786943 0.10105632473145595 0.7205224093121746 0.08984965176696023
0.9924211251813067 0.12054159733449772 0.7241756769357224 0.06389718828362588
0.9877267910226016 0.10969253369537751 0.6986246784327089 0.05247174128877775
0.9812104047666316 0.14038735474197175 0.6683016360989903 0.037149286293561984
0.9839869387184055 0.18375782081803066 0.6537466738174476 0.03519841897743749
0.9832476104307285 0.2950761385223336 0.7085136981318804 0.03365641354266795
0.9815146655468553 0.25856107295605874 0.6866974007436601 0.03266927067136051
0.9641252866218095 0.2605614844726469 0.6641761341758504 0.0329898229710083
0.9840848711691915 0.26250149778328075 0.6675050900394978 0.03155240878972436
0.9948032629558541 0.2679073749439439 0.6759864882221901 0.033644708874923934
0.9878243477115259 0.2680026959287264 0.6484707122856357 0.03050316766679909
0.9908284154892011 0.26979403011462416 0.6167277249078408 0.02733017644601457
0.9879804993922656 0.30527200672511107 0.6199095169609004 0.026249549669125315
0.9894099211937469 0.2965522365879031 0.6124818104372425 0.02629387269482451
0.99018637697699 0.31481561168724986 0.6763343510702565 0.032763536789037755
0.9890323853899917 0.29577609396496846 0.6168804934325705 0.028149470658296965
0.9923050401203611 0.3214657713361257 0.632703242159916 0.030284110171041687
0.9824995708030845 0.31863453204592107 0.5960824037667124 0.02911696625355794
0.9899987533239651 0.34124601238506286 0.6240615784718857 0.030313437820502193
0.9926423594899252 0.36241762964377805 0.6365492972668136 0.032912465412652046
0.9888300181772225 0.3646424075295246 0.6129203484815274 0.02903957784811671
0.9880481716982163 0.35176858513189446 0.6131709823163227 0.02909328998464734
0.9943363736648102 0.387262044653349 0.59890417893327 0.030422708906436925
0.9906228008873154 0.40242844752818735 0.5901432961524163 0.027199845292997408
0.9957576742475431 0.3780505345927027 0.5964266315489495 0.030493502810901615
0.991570633472668 0.38281921028736904 0.5667970496473307 0.028731919952446998
0.992218638691714 0.3860199680124073 0.6111024652669136 0.031687594793834435
0.9880681338049422 0.4000928629904327 0.6215288585986009 0.032202463626221
0.9921699363063451 0.3841241784505079 0.6231879189957292 0.03302842223605601
0.9906673859709352 0.37980629966876994 0.6108704065080816 0.03261055755399685
0.9896529014434108 0.3819665400800575 0.6326334449217351 0.036018843311308585
0.9939824822053402 0.36996394012504213 0.6442758133996399 0.03894596869381596
0.9924963717750583 0.35751195185753126 0.6295939822533522 0.03930050967297746
0.9860165218876409 0.3664743539081641 0.6359250045912149 0.03777780973058986
0.9890517690910069 0.4101606576755682 0.6239506827166437 0.03770532860618955
0.9925911285342714 0.3882343596939451 0.6218176230695406 0.03841615673791949
0.9864099064167839 0.4291849204519253 0.6048291453716511 0.03752903047465234
0.9893168744426766 0.4493259415970474 0.6234772820938531 0.03893714500114142
0.9934316165023503 0.44965862102125204 0.625260286260089 0.039975166099873054
0.9954569577362936 0.4738411812238302 0.6598504883603175 0.046160392483644404
0.9910351053485356 0.46118625493522286 0.6764219441452732 0.051486567036515316
0.9882927644133448 0.42305949753737776 0.6392570713459106 0.0464633308006802
0.9929147369994403 0.45288885451311006 0.6228377913546306 0.04404641718751772
0.9918010026373671 0.4765442002246109 0.6781849957049582 0.05345055419217389
0.992509320200672 0.4385633880045801 0.6236339388146935 0.04549580965665481
0.987955589314581 0.4364659702848245 0.6368495270443194 0.048430429020048
0.9880201888823025 0.4430455441704108 0.6598174345677614 0.05517297645970001
0.9903939910761969 0.43951759002053176 0.6437651709784036 0.051599105429748125
0.9928811502996958 0.4399632207117874 0.670869001560432 0.058056451082308044
0.9942716510374676 0.4570192166642218 0.6948535147638396 0.06536740022379708
0.9931082367741736 0.4860748393983873 0.6565142550849421 0.055131921819987814
0.9918373447227284 0.4195631562941629 0.6645378741569543 0.06406442174492821
0.9916440340082294 0.5445836403831983 0.6493057053551413 0.06142423138270276
0.9939507650874697 0.5219283720490135 0.6818563454898066 0.06452515293384918
0.9904061038978845 0.5161483402748336 0.6572312285243747 0.0669237482594285
0.9909062266470876 0.48975100442715663 0.643856067167072 0.06453875249327795
0.9819128093615546 0.46339574632851177 0.6569996295755645 0.068637253313054
0.9939323940542208 0.43993021596045573 0.6471539962513109 0.06983337549459938
0.9865842942332589 0.4165246481095752 0.6677504494184449 0.07647273587428266
0.9909591737664617 0.433567391676657 0.671153623238182 0.07477841860178087
0.9910703971279535 0.3750850918992512 0.675053069600803 0.08237794599574919
0.9876815848284355 0.34863274720866483 0.6911131022791194 0.08956078152437262
0.99310499729248 0.20656525220176142 0.7003431573055477 0.10012894123633252
0.9945519864048756 0.32922505487084247 0.683090852044522 0.09370921222270957
0.9937778495425182 0.2696689023741084 0.6985789209492324 0.09890398629214174
0.9918300815997932 0.2975295381310419 0.7169956677471243 0.11282468756124403
0.9851659818583743 0.3605363412265631 0.710008841457612 0.1098788860066041
0.9892024175412502 0.36836213844362853 0.6839310670885352 0.10491653863180646
0.9895497021603821 0.3422470180838784 0.7149152671583787 0.12504389669113272
0.9912536869670708 0.37396655096244874 0.7183587926937376 0.12787608575124745
0.9889231259025116 0.3489948419521227 0.706925242339871 0.13027391835344357
0.9925243427598622 0.3158510202888382 0.7073366094245424 0.13577686265998917
0.9845834764765415 0.3514171105411981 0.725281445963386 0.14704021453945992
0.9904303577304564 0.35090634441087615 0.7539996543560368 0.16439818604549827
0.9885159830942318 0.2861744301288404 0.7319993951750254 0.1582225364580639
0.9960029214048252 0.26705015906218676 0.7355424679507117 0.1589799468348828
0.993358614178739 0.1694977094904123 0.7083262583683785 0.15873414349242781
0.9932456229697906 0.15647586388815615 0.7263399021475453 0.1687077394400036
0.9929182260467397 0.08276438623380243 0.7034752642382629 0.16788687684164375
0.9905693665196871 0.0927920463960232 0.6937601841092191 0.16811401001477785
0.9933489645475494 0.024689892575227017 0.7155616509502865 0.18729152315558947
0.9953028577667247 0.03507646768623582 0.6979387505672218 0.17768912723488436
0.9916340332370366 0.0033201909109773814 0.6918907198612315 0.18660151003871026
0.991058175418909 0.0012795905310300703 0.7337515197062686 0.22304735367546485
0.9931746618563798 0.0 0.7236391715932815 0.22699458922953133
0.9902871503817936 0.0 0.7304035237143415 0.2388071410709645
0.9893293878118795 0.0 0.7162982308632881 0.24700795921576726
0.9936240494655842 0.011089508173111544 0.7338893909934667 0.26305218436248495
0.9934065159728409 0.0004105371193978789 0.746994781016841 0.2920384394448305
0.9926802035174712 0.00016498927569707968 0.7705842088033095 0.33962333083681934
0.9913678718411958 0.0016416317819912994 0.8263242083271051 0.4326140916823933
0.9900350989430332 0.0 0.8196869897323776 0.4408078242394749
0.9900239893070532 0.015336010004607385 0.7936220802998074 0.43144257254500035
0.9955941019511299 0.009484393861010519 0.8394316993075178 0.5211265505725191
0.9931173756383983 0.026046326672631473 0.8457257485192263 0.5525160059859084
0.9911951309434107 0.0 0.8550032185745045 0.6095689536623082
0.9908483239337657 0.0 0.8530761378081345 0.6309764383923704
0.9876014488975617 0.004325842696629213 0.85521849586717 0.668039912614839
0.9870343343392866 0.0 0.8314921463400277 0.6591855246262767
0.9964944208714326 0.0016196517748684033 0.8336876712102455 0.6898719682664511
0.9930718055161205 0.0 0.853391348084169 0.7532746879842027
0.9947407341530657 0.0 0.8726339372754772 0.8145677423073597
0.9967860857562237 0.0 0.8664873780837636 0.81738594282191
0.9826700002095103 0.0 0.715825201922078 0.7908664509135387
