0.9511247279634392 0.014247799003733524 0.20662520696659517 0.01496745304531697
0.9417053553913555 0.014505283381364073 0.21643751098342745 0.013845936419260442
0.9468222770222429 0.014128120961932675 0.22160030662568253 0.014537911877044537
0.9397214590064585 0.014923150154323628 0.21768379321012904 0.01393591333865991
0.9321856994925596 0.013891101637727294 0.2272609093120193 0.015340313675070669
0.9285399164483367 0.013238345280588414 0.2050967088195576 0.0123204248472123
0.9475471278682177 0.012481559335735786 0.20479379025035185 0.013558625648400185
0.9363686224960233 0.01308717330663738 0.1968055984893911 0.014854406439315144
0.9494102102866967 0.01339749279221269 0.20864599140398543 0.013462043009779885
0.9336841859453294 0.013656721897256419 0.2298331375827855 0.010785735621718305
0.9377195044938025 0.013590712690787122 0.22552092686880845 0.01091438193797309
0.9368248514903836 0.014031945212222549 0.24031633884825676 0.010619142590983264
0.946643949521482 0.014340701958503005 0.223150692296591 0.012399606501534351
0.9380105381593267 0.01474475571610826 0.2289909496883544 0.013641516467965641
0.9502611894754881 0.014481953839816673 0.2356671563893784 0.012887572834081575
0.9408318024496574 0.01495528591331149 0.22301265862070302 0.012916171580998299
0.9443618039320194 0.016975557875248657 0.22733997527128771 0.01622683591946262
0.9471860191709882 0.017606627259236673 0.2268710704545779 0.017532221379833207
0.9474027471024508 0.018306131008643336 0.24307837245568198 0.013916691904828738
0.9386551289411849 0.01812538770611775 0.2532320440892108 0.013834192719546048
0.9460258645401103 0.020102665868518808 0.2591550211310736 0.0129481871869127
0.9562593704025092 0.02045576144485946 0.24399362307915634 0.01414700354980163
0.9474056041970474 0.02056991335368887 0.25805018165077015 0.013900779932013337
0.9515796243200515 0.02167591278679418 0.2665147644270465 0.012723284446495328
0.9507678368251158 0.020531987894386657 0.27579736151753764 0.012537474422219756
0.9523569170075131 0.02086665167341363 0.2741557052074839 0.013331193354711283
0.9448397856953866 0.02110413986821726 0.28083026035257347 0.0132714765637498
0.9424116399897486 0.02101082110077698 0.2849525790635604 0.014174594899105296
0.9463557521107346 0.021598600812579347 0.2747548981765968 0.01325450711107682
0.9522887353101924 0.022123385039929756 0.27564055349077016 0.015919598707581355
0.9558252061175226 0.021846109879219828 0.26686761802517883 0.014261066286753388
0.946977977846194 0.021289522106928922 0.2742223412782804 0.011972581511816727
0.9491024323314787 0.022620656429770018 0.2702170021921445 0.012123960879451362
0.949455577264828 0.02194041020723894 0.27328882047525477 0.013637671369958972
0.9496707374007912 0.023013743438772955 0.2817433123175903 0.012359941330349447
0.9444024558424413 0.020904536393888166 0.2834382295656787 0.012858919726050458
0.9465889134332377 0.021661780252963628 0.2815099523572911 0.015153926644835981
0.9418437005814773 0.020295787092889234 0.2895365164436464 0.015155120717437567
0.9458708873745145 0.018909721662294057 0.2788776626126012 0.014982627382458678
0.9419005608096331 0.018553149240891815 0.2968442851335046 0.01742695842090081
0.9394677845039883 0.01907644960128814 0.2816162189193097 0.01964010115283281
0.93157166445446 0.01722479168198221 0.2898786320232406 0.018829157982668567
0.9450054953289704 0.018239223490419777 0.29927702881804574 0.01757100727733486
0.950083272469035 0.019183102992530288 0.30943884038703956 0.018252201531944297
0.946056579838911 0.019371677401416945 0.3041874359895666 0.019071141543425884
0.9419883894543969 0.01830410964698915 0.32808198183264514 0.017132449200295975
0.9405832269105521 0.020814836218445456 0.31416337439621767 0.018251661715446597
0.939873729006606 0.020391302833954274 0.31793147901861113 0.016820845410359775
0.9455719569079121 0.0210615094099425 0.3131652194495461 0.022346394260447294
0.9561626069086793 0.021993377265623424 0.30894799653138494 0.027332612863108847
0.9468899916761448 0.022369912173009727 0.30827749283035516 0.025443111880058492
0.9527902953272349 0.02260041630911115 0.3175495676107307 0.030322395534456675
0.9471439379492491 0.025547170062384817 0.3190621236334035 0.040668173201884
0.9495010038757694 0.02567284303505173 0.3260338302895734 0.030941856511390683
0.9534843853723657 0.025074910044779495 0.3322468544451883 0.031134842445664435
0.9486152152255855 0.026074317288132462 0.33887107734737454 0.040562036055143164
0.9467633578125578 0.0267462717282764 0.33912896648237645 0.04759223777049299
0.9503219192028645 0.027875547546930477 0.3534780612579524 0.03621730382293763
0.9530264574908118 0.02690033106648683 0.336969890279238 0.04230451474947757
0.9563039321191569 0.027531002951753036 0.3448805755094858 0.04361976303359223
0.9497181634232538 0.027824810025870124 0.36100903729229866 0.042195573132614655
0.935830253340073 0.02599889733141528 0.37948989923340243 0.03907157241764542
0.9501218898283754 0.024901632955788258 0.3792160533798812 0.03438290082750032
0.9475295671489464 0.026414290651570357 0.38327431839947984 0.041465335921194744
0.9518621641395141 0.026877638216822815 0.38091778379876495 0.041341653666146644
0.9497123249688063 0.023919355330305758 0.4005661111578152 0.04412102981509334
0.940034946706273 0.024061880246250923 0.3707375201399003 0.045494343250527904
0.9452004874504933 0.022944772018646004 0.3868855040084336 0.049545228451644996
0.9361714921733881 0.02217160924524592 0.39875890264837177 0.042749660625675874
0.9474912291922802 0.024197690764227262 0.39834914436111274 0.04512761705608068
0.9511068677661657 0.022385215358319308 0.4090324385270315 0.03756981584654111
0.9561759068431583 0.02570234126787618 0.40989866895663374 0.04215749403431688
0.9507839622155719 0.028057638922235735 0.41003087823236195 0.041330254836442905
0.9480191994781656 0.027530312969507163 0.41521031063549696 0.04778199413392546
0.9475429565234101 0.0240367649417728 0.4284637913748117 0.04258137363472521
0.939949050458389 0.030706031498366572 0.439139492584726 0.04635582601004103
0.9508118094076617 0.03262250453720508 0.44665244199526216 0.05906827990933273
0.9458906629917965 0.03200314331409345 0.439849309754401 0.05354616502912451
0.9420434670997863 0.03320950892397012 0.4439924555913991 0.05365679105230803
0.9439380562647641 0.036718785548528005 0.4449902600856315 0.06159935273665566
0.9496935309410403 0.03782949610152926 0.4587251361848391 0.08243602948061154
0.9508369484660665 0.03926054040432071 0.4517830325510814 0.07048157753532464
0.9512504135861125 0.03837913984858573 0.4667369595918561 0.06489651609243144
0.9538462260322018 0.03968164134879127 0.468301785347186 0.06939212182602461
0.9574071104420938 0.04004927049241357 0.47346116414249145 0.06400229742018858
0.9556444084335863 0.03953613896203732 0.48921936599920723 0.07178495285403433
0.946897659777782 0.03991225528744671 0.4894399018568674 0.06425835875147393
0.9491872456829422 0.04077306286870817 0.4728336985785657 0.0331942044397182
0.946740412944615 0.049449594672141085 0.576166839384508 0.03591411569072445
0.9453154654145092 0.040561296768517274 0.49807202188501787 0.036812326524802506
0.9498547416107502 0.044719202211061605 0.5723334098190688 0.049691182541104266
0.943632434201089 0.036403304415995506 0.44555696996181104 0.03838068525419141
0.9439443418321686 0.03815826617059811 0.48321694710373614 0.03181058160377577
0.9497395624840923 0.035706953408697215 0.5072797638449567 0.025626124565540517
0.9505747899482617 0.03575693385979861 0.4719642981016024 0.024310515132780465
0.955182923156614 0.03581872882960594 0.48985850694042665 0.0270927235177955
0.9488779812942653 0.036728015606605484 0.48973979209286395 0.025000175316797452
0.9486440319903425 0.03632754098411035 0.503899679704073 0.025961711958732977
0.9532002487036624 0.038587984645618675 0.5046035617054598 0.026651483092707214
0.9529694671770345 0.03763619881242761 0.5210281416264811 0.026384064496762297
0.9593031363911785 0.038116705773743126 0.49433870580320616 0.02824459331030806
0.9621691301625693 0.03921899152073381 0.49868224863993554 0.03559460022341292
0.9603201814693848 0.038477602925017514 0.49304160187690665 0.041021117887203265
0.9582499964537498 0.0402577785075117 0.510621109694654 0.04617688711759472
0.9517410903980686 0.041514096449757384 0.5293428876043977 0.05987554133366153
0.9518481046329085 0.04475454178023276 0.5185091880444157 0.060963185922667286
0.9605276452022632 0.045856144921090435 0.5507742389358977 0.050750114646343325
0.9512419591992309 0.048674493396661855 0.5688768704473539 0.05388981136184228
0.9497065946123617 0.04495668316831683 0.5701172628320401 0.06867658906839673
0.9492312340006042 0.04848629168651069 0.6021783164759128 0.06437380690234223
0.9481356163279977 0.05208383379591475 0.5825447999850538 0.08623921621425687
0.951868267896539 0.056155975494870905 0.6136154145418562 0.10307310803266556
0.951320627038422 0.05381752358462904 0.6077446939000414 0.10902099101085067
0.9439121987849344 0.04962760328268206 0.6224950461881722 0.14083839150227617
0.9539784536180761 0.05500666281980497 0.6378325124704481 0.15254237288135594
0.9475671076830592 0.05130117862699546 0.6466647581776657 0.12823400323400325
0.9415174351769063 0.058424975946623985 0.6630969559487275 0.1290039425723425
0.9542647865847809 0.06062924535343734 0.6733883810958207 0.16264927023440956
0.9558115107858174 0.048740401520638105 0.686744079376192 0.12983105083153523
0.956013918442718 0.05908060153734844 0.6889416627163752 0.14218561064087062
0.9622107334680121 0.06422273708096302 0.7134080337709412 0.1340946635064282
0.9522877102708187 0.06920342821918661 0.7238523813324674 0.12239112239112239
0.9562823943460916 0.0730648278179876 0.7285668327526024 0.10045273584806563
0.9518818730961847 0.07673903941623303 0.7526799799435269 0.09462540393727326
0.9494509742678591 0.07559111904802789 0.750882639396153 0.09157041790845814
0.9630000681611536 0.10176517785504145 0.7554230312357528 0.07041463067862942
0.9602707985648594 0.09979617703480406 0.7428071305606849 0.059544215757605656
0.9540106184531497 0.11400708597888239 0.7258863430216508 0.04352746504592161
0.9630102825987273 0.1623880454044734 0.7170006910850034 0.041014987500815996
0.9603501150328542 0.23973097546830008 0.7129463511544815 0.03023264210665672
0.9565454081626426 0.2126688607401171 0.6924422268440208 0.0285507570548454
0.9553362485283872 0.2214752134770681 0.6865392552685119 0.03012802552505332
0.9547827544308041 0.23084910935378225 0.7010406363942014 0.03130495134391121
0.9727731419290013 0.2298010931656598 0.6831600296436208 0.03159520165437616
0.9621289085899125 0.2225780709687716 0.6962221189895117 0.032568368014694524
0.964637155227864 0.23254042826764254 0.6566194724465667 0.028255358493315546
0.9625333466981787 0.2672629341205239 0.6724471639765591 0.028236241153599063
0.9605383184228324 0.2605067191645981 0.6702181844895561 0.028733642595028735
0.9655145006250165 0.2725835102465231 0.7138378994295411 0.033968105873998296
0.9682175078192155 0.25454053997858384 0.6656861215423939 0.03047670611287287
0.9734802406875823 0.27779207267276 0.6812674995276201 0.03293553542887587
0.9549274227592701 0.27535046983670175 0.6591997072677479 0.03181840490797546
0.9598073192528171 0.29757290731200076 0.6494168443305803 0.029670206401435837
0.9646624376597555 0.30273529164009194 0.6472494654207559 0.031198493053920414
0.9541111645941324 0.31259898155592913 0.6043496971968 0.026116827423272513
0.9566507058471988 0.30550890941319153 0.607608116931223 0.026500821306445446
0.9666174992111192 0.3328270182392101 0.5866468586966421 0.027464136837202172
0.9645881915988286 0.3435856289560488 0.5755828663054098 0.02455713294094155
0.9695137080145837 0.32719699005643643 0.5756766917905092 0.026882479815235442
0.9655207625475468 0.33969881606974783 0.5590643637006623 0.02659282745223318
0.9661600177321071 0.34238995890478785 0.5999785375555914 0.028856097206288678
0.9567888565882114 0.33429034613337955 0.588277667235948 0.027246704184760384
0.9642806905332408 0.3430620857465117 0.6016667282149759 0.028888320458382362
0.9646693070586025 0.3290648541782424 0.5928430369781089 0.029150783291122036
0.966897171530569 0.3075830390568993 0.5848346839076893 0.02978258186242528
0.970673461112547 0.331733431788813 0.6148870852572164 0.0334852366301498
0.9706089376137329 0.3284435180451226 0.5864565758481867 0.032948499945307914
0.9589970346195014 0.3179013188433498 0.5826587838655838 0.030785373869851435
0.9701171438827134 0.35446502626486037 0.5727830493817643 0.031603636995424796
0.9767220435849059 0.34392919471453504 0.566273550478434 0.03203069934998825
0.970460011586604 0.3782122988351455 0.5479638807090454 0.031573828003329696
0.9733024194864478 0.3909901305316778 0.5760006170153725 0.033142631682777667
0.972477950920274 0.36216893903776837 0.5799259760685143 0.03368058137305162
0.9777588250667364 0.4180618668760096 0.6305669356559703 0.04016012937254755
0.9775356524907713 0.4206257242178447 0.6389416605127123 0.043810730689699345
0.9744124859922368 0.3806796603217525 0.59035009751844 0.039097862976461596
0.9841545358582564 0.3980350674744366 0.5737584078135077 0.037672739732961605
0.9793067293456157 0.4225292929292929 0.6309168586082521 0.044696794863092734
0.9812417218352526 0.40056907475723336 0.5944222412051444 0.04041451841505248
0.9729055630152743 0.4033161212446352 0.6180862761575748 0.04410827747521296
0.974087580318026 0.3848440553812801 0.6382993471577312 0.049600672551492225
0.9783981541912177 0.38763332981307425 0.6220626731003893 0.046824145816220054
0.9856802401994628 0.3935544844532653 0.667458249372249 0.05533470378991707
0.9755697000974827 0.42835469923386177 0.6909513579620773 0.06085613857577243
0.9755656025646607 0.42843162708953286 0.6561863023144971 0.05230714618082039
0.9726086966525319 0.40586540479688604 0.6715208196798843 0.061262099221073785
0.9710122747038916 0.4776049973418394 0.6516955353932703 0.05794103378520627
0.9786884944526661 0.4498240504793108 0.6818589026699624 0.062244671714404405
0.9748584394751635 0.45288800367703386 0.6517168619189561 0.06299972203600451
0.9735380464517391 0.4683747440650766 0.6500219770540924 0.06274457013679681
0.9689439163799707 0.3872436045171699 0.6545339689705709 0.06590880735529814
0.9824876073969091 0.4332289661907908 0.6536691333061223 0.06877957884669295
0.9774708392221407 0.34789186344800366 0.6513525275312998 0.0713423867323639
0.9777254783210836 0.35936692983103374 0.6487587560931962 0.06814375583462731
0.9749117439920375 0.31795030628398374 0.6619653949755373 0.07618423288901838
0.9719657569785414 0.2831864931617945 0.6813523698024655 0.08329262903263322
0.9765107836856716 0.15803045519937026 0.6772222098028122 0.08874895952153405
0.9803633576354506 0.2600250402432481 0.6630167758259198 0.08490957819252964
0.9800436100057417 0.2263923459863099 0.662235047609494 0.08522035138739763
0.976467924611655 0.2440944881889764 0.6640675301761826 0.09140317174053672
0.9685860060722243 0.3218870216643045 0.6621107701290502 0.09086951921042
0.9728814573764387 0.41811610571493113 0.6333319201841824 0.08718504705321133
0.9764624996796368 0.3147590361445783 0.6597193037071627 0.10167453903938083
0.9775108209765488 0.3640722267331709 0.6674488117080566 0.104792926501185
0.9744136654493526 0.3071661237785016 0.6419254366877437 0.10375943519722391
0.9832051777612119 0.3260146133256167 0.6423384100566392 0.10829881748253602
0.9710269570122355 0.290640575964556 0.6744803347898911 0.12105871242083867
0.9799247575069137 0.2771962937542896 0.7057926254973976 0.13518853521162902
0.977455400201476 0.2716886377903327 0.6843112504242883 0.13095564940661356
0.9845535781964576 0.15969805401695994 0.6811379473424856 0.13109243697478992
0.9849984568313767 0.10852078416261259 0.6680239489427103 0.13779287926317832
0.9878765640570006 0.013012729844413012 0.6880876205485521 0.14833181045945612
0.9847266500917098 0.008977629513343799 0.6480284576472204 0.1414267290721769
0.9789953663673095 0.008135852353390849 0.6416510242951616 0.14213688999006527
0.980989694877674 0.0 0.6438436466238567 0.1496479853625552
0.9857824900006349 0.0005649717514124294 0.6227178985951883 0.14331655322098613
0.986041857856633 0.0 0.6218468761911081 0.15382822710400076
0.9866707305720032 0.0 0.6720642285239323 0.18373663359688439
0.9879674270256764 0.0 0.6636867938158989 0.1887867898286826
0.9870033033851773 0.0 0.6774336744280693 0.203756873609537
0.9860709263624315 0.0 0.6806306112521221 0.2198706630823621
0.9875509211789276 0.0 0.7103692110549745 0.24060584574701727
0.986589973240335 9.074410163339382e-05 0.712602637116806 0.2591012247918924
0.9860765550840167 0.0021571648690292757 0.6977109353003871 0.27157211082473687
0.9863500630958182 0.0 0.7671065075897685 0.34922124791069575
0.9890794969147486 0.0 0.7637898288952821 0.3660205329493678
0.9868252573045826 0.002384883507613282 0.7550286241726338 0.37865401037903174
0.9929082183368209 0.000324728040266277 0.8152299450049492 0.47161892288291996
0.9913770242392023 0.002298572465521413 0.8502090893569045 0.5548134673134674
0.9894586968854 0.0 0.8395524491551817 0.5742804455498162
0.9896937980014249 0.0 0.8259881731922579 0.5782973918591169
0.9866981102801998 0.0 0.8248297359323155 0.6108952443940846
0.9869010485592514 0.0 0.8193350127919856 0.636618714241322
0.9963692773643096 0.0008493170075730766 0.837726496747343 0.6918850491278549
0.9929375972900737 0.00019918334827208445 0.8377937593971166 0.726925085732563
0.9950746237745949 0.0 0.8384396384494076 0.7677079586064084
0.9968689477866365 0.0 0.844960621096982 0.7878379934920955
0.9480950374847839 0.03722631394358435 0.6729327511489892 0.7168890124258519
