0.9883653449168164 0.009229005842859447 0.2009108597905834 0.010042225579236664
0.9838406837846358 0.008545324328217275 0.2042091320434881 0.009028909963489403
0.9884446221976262 0.007362856816728605 0.21208443849002484 0.010729100826990594
0.9842601879669838 0.008799485791365278 0.21070495517367197 0.012412893046539827
0.9849451977056669 0.009345728029474597 0.22470804526269453 0.011546875551321407
0.9867437633453527 0.008136667702266391 0.20157907179522028 0.009654348275335364
0.9905792399097003 0.007195522959283299 0.202231488637318 0.012179178733873823
0.9766320170277772 0.008032253424204843 0.1959369486960545 0.012956600361663653
0.9875442835912616 0.008095596672057287 0.20995895435838338 0.01075582242690996
0.9829538053162596 0.0083832241543359 0.22083024352897881 0.011199339458566836
0.9911256588973609 0.00803687256037321 0.2096451427552456 0.01578306008311915
0.9827130406555249 0.009029512876917233 0.2257905502052379 0.012132220344064902
0.9895396094853384 0.009850607995224418 0.2223491771143911 0.010333270145238509
0.9821268495667282 0.009619010588141047 0.2183330469733629 0.011748269767329502
0.988351603395077 0.010159423437731884 0.22943738744146958 0.010045415344982659
0.9811330400636851 0.010560609200064982 0.22431114909159963 0.009392537103557596
0.9876273424345572 0.012184251970054967 0.22353941267387945 0.010721403415716665
0.9889010834456288 0.014137592978589327 0.2324035651138455 0.01013766852608298
0.987694053698892 0.014284668010389944 0.24278292715545177 0.009272373124702237
0.9822957626777585 0.013471985729344037 0.24429895679078734 0.00948485708907726
0.9824378575314076 0.015260681964928104 0.2540948113665441 0.007874686895960098
0.9879667714949669 0.0167178523647388 0.24691462347139526 0.009350202707140426
0.9866944760753875 0.014800708886457523 0.2639953184272869 0.009791279577518448
0.9905624874020859 0.01721684645249656 0.2636620975886779 0.008544011131819866
0.9906201853240852 0.016324700312332168 0.26938708463240524 0.009276543811078345
0.9937690763285248 0.01758842360044765 0.2616329244803175 0.01154601571268238
0.9853574106661089 0.01746773978352063 0.26413477081578285 0.011210035083074072
0.988024922336265 0.018626012225893978 0.28005244208299285 0.011934732562366214
0.9878780914501734 0.01811439717191893 0.26706412870011786 0.01024083465798703
0.9915794081804091 0.017309871582037374 0.2646861013964636 0.011697142175491216
0.9904958667793438 0.018044508485759773 0.26143309841737106 0.011815946317675989
0.9882241188029788 0.017832272975921555 0.2683574983237268 0.010656257593017422
0.9886940532673698 0.01817339379224546 0.26528194132531224 0.010179550747502066
0.9915347317756814 0.01705177630795633 0.2845321872890853 0.01020801829276878
0.991697497453465 0.017517196267413458 0.27802884197279504 0.008877183612203365
0.9913957125770541 0.015809002607375146 0.28943824342926794 0.008910999643669655
0.9908988544012534 0.016665701917232767 0.30209724209619826 0.009563330295282838
0.9908193846195299 0.015660786454640953 0.30376630818753897 0.009527153094130537
0.9910388791696395 0.014610010317570263 0.28979259109856126 0.010751678883190688
0.9849870565465598 0.014308696002818444 0.30539926986835564 0.012059243047670856
0.985377818384729 0.013495422602129154 0.2895186974484749 0.01286676246768375
0.9818796185570171 0.012855240757264186 0.2867176735697188 0.0133763975900003
0.993693708321832 0.01479898610978785 0.30206387443470073 0.012720123413833558
0.9924638193843452 0.013553412165230191 0.3163416255720793 0.011611526015970078
0.990572550098452 0.015384551041703698 0.3207065595356677 0.01135947341676416
0.9894136326616602 0.012520110076206604 0.3429932298538484 0.011005907803371292
0.9863797028439428 0.015083809455716938 0.33438321852211417 0.011543121428215782
0.9869138410400584 0.015429619252820477 0.34053516739077255 0.010469651695901097
0.990167364825426 0.015445657997337138 0.341665923326228 0.011483354403708386
0.9956756059824652 0.01664493389453045 0.3539035052709165 0.0119423927143727
0.9835307156347627 0.017713966864108508 0.3473735988583156 0.011266223866152275
0.9885859298397487 0.017591853710882278 0.3543703799898139 0.01193808898412479
0.9862796800877701 0.01921940041415767 0.34940846326462366 0.01574891371710077
0.9881551767467804 0.021563266752490613 0.3515684456751862 0.013820680996318408
0.9917371549599563 0.019046568238709632 0.36031425400602 0.013351673422961704
0.9838738618313542 0.021047878814473345 0.35438117322552515 0.018862312942207752
0.987901844386802 0.020489474681013743 0.3545528626759213 0.018930696388167266
0.9928246902112101 0.023221785601639185 0.3597839729641439 0.01946640230274886
0.9906308040247938 0.022615320207791594 0.34246885132393506 0.024028142445639705
0.988401231893392 0.0232860720450156 0.354502373246728 0.021595783060087387
0.9893549443620134 0.022619793394013096 0.36736370390350315 0.022261881026828047
0.9832018879909495 0.022635273946544788 0.37591466215843733 0.02680758050857156
0.9971397367951765 0.022759421062491906 0.3834338795846089 0.022731742058240457
0.9881073330223837 0.02053374202596355 0.3941808571019723 0.02167285781032433
0.9920346820809248 0.022048440144947126 0.3752390692728602 0.02527883889186852
0.9896273086690189 0.01936946492018879 0.40376125662985624 0.025413272770947525
0.991159999580601 0.01945240325164719 0.3889576162043017 0.02527199827725879
0.9935967912457834 0.01731834658318573 0.40044141877449235 0.02446897456792998
0.9866345899969825 0.017219739357896096 0.41258348992539395 0.024791653444126018
0.9907383607644791 0.02010220933001745 0.4141497412963977 0.022517087051661878
0.9906115854183198 0.02050390918836181 0.41614907977722865 0.02332585924165858
0.989203832177073 0.02003674816552584 0.4114805368284753 0.026275487222605927
0.9874982784534224 0.02067867333077688 0.40581439257714164 0.027896794024800838
0.986678257741539 0.024236632127370053 0.4107108155425006 0.03394471008804085
0.9856568968312587 0.022280557702645958 0.42614474768616495 0.030375649859596496
0.987053730939712 0.025222427168664893 0.4398584167079737 0.029250158876559944
0.9929039038170441 0.02746745319439723 0.45015842762699415 0.03253403730048153
0.9867421736484162 0.029230105098872635 0.44297321670444983 0.029394386154119746
0.9839561800017275 0.03004715274322674 0.4412587195232957 0.02970259229565151
0.9916984960611125 0.03182524014819517 0.43320938113705165 0.029905367025516102
0.9915835862726904 0.03321643345533287 0.4352830468394067 0.02614245387227427
0.9925885006674953 0.033939053562767205 0.41517510347304926 0.02894941634241245
0.9927939241365256 0.03353594601929292 0.41524225028302403 0.030787178929468292
0.9918261149059616 0.035416172211544576 0.4126105689775594 0.032418938966776334
0.9901849352510069 0.03350308879371068 0.4017573430325151 0.03329656476520643
0.9926351601473673 0.0341565664747262 0.45589034344257173 0.03922999037802416
0.9853627460280098 0.03582006480211501 0.4473296241380678 0.04174877170857308
0.9940304346494029 0.035314614150920354 0.43168781617633756 0.030243092254265438
0.9914780220815435 0.044156474765560984 0.5315449055496821 0.03789464002391409
0.990975181749812 0.03622628622960168 0.4685489484766011 0.034385810646642985
0.9924009311852224 0.039157842494546236 0.5307980962067748 0.046356627333318405
0.9858684142814625 0.031556708870497656 0.4315650871420137 0.045384002050289037
0.9887886906214184 0.03348716785308037 0.4414177325471714 0.03568793402777778
0.9901048683139427 0.034373601843521936 0.47036093460174794 0.0275626909142573
0.9896534245555201 0.03120901153454812 0.4551292447009393 0.023240850726851066
0.9918906417138066 0.03141761184648766 0.4708452149034887 0.023845932618317772
0.9865278192879111 0.033341621541975175 0.4653071682335216 0.023947406886663095
0.9911185056487318 0.03282408502766963 0.4809185332965534 0.026009675790994072
0.9918286035097886 0.033513273455386336 0.49079680784116747 0.023611806898748245
0.9913156333074411 0.03293033783083752 0.5079913594772222 0.025666451102967593
0.995800370895079 0.03375879976918638 0.48194169783953683 0.028177015501029922
0.9905928873515223 0.033647636680600355 0.47901140772358847 0.036134038452033806
0.9885280309241289 0.03409160280816746 0.47821555757750844 0.034875114808770945
0.990104475741721 0.034319470217833305 0.48288043454651763 0.04257210706571678
0.9855056973713119 0.03627146706939432 0.4983078180591834 0.0488140187820699
0.984594575979746 0.038490658664417185 0.5004143122287933 0.04444821394102817
0.9954426433390305 0.04177065499408723 0.517492338794124 0.04154399136365867
0.990429132504389 0.042329392049157435 0.5393055677319576 0.045851114272166905
0.9832517875031267 0.03924762790562222 0.5262965853889798 0.04606269336290934
0.9814059694628853 0.042974788024311546 0.5515011685232255 0.041742694767001105
0.9841030001636183 0.04504847690250808 0.5447941484779522 0.04925116065628483
0.9884844204652649 0.04981398111371432 0.5678959745286882 0.050828211340784704
0.985741712755839 0.04655396009437353 0.5515147113053 0.06840983195385002
0.9820650119692579 0.04368717783826857 0.5654822690854866 0.06952948823921226
0.9900770443449959 0.046234260511516495 0.6005595174040473 0.060366723259762306
0.9850381403217341 0.047030714979301884 0.6007459818488844 0.07617307575744456
0.9762886084420983 0.04754434032873991 0.6122530606430383 0.07662283392458634
0.97913473961598 0.05218954248366013 0.6248899101324654 0.08977415178479686
0.9867834726554163 0.04492412846314498 0.6348866590955472 0.07783618789214855
0.9867501562174547 0.049704977533651 0.6342082392332237 0.08500073426830164
0.9932407466644384 0.05269117455973567 0.6444868872163967 0.06893771110367282
0.9833233466675813 0.059724444394190376 0.6577014875516548 0.07180634826078906
0.9897934288628595 0.06340403858829169 0.6324979668109041 0.04837356262301875
0.9886654653600305 0.07377663916745757 0.6288444052047929 0.04225238434738159
0.9828032913634991 0.07759706497081101 0.5866556926519038 0.030664769787894463
0.9914154534698287 0.0902955944155006 0.5774111009575271 0.024785861375455052
0.9880461312922402 0.08244296418936017 0.5270196150338421 0.020414497568326598
0.9818592448611685 0.11177090460518102 0.5056906787558082 0.01899175643595006
0.9901156174752764 0.1387565550262201 0.5181247387207769 0.02001525955586661
0.9928953470397279 0.2480336564843607 0.5450224473040208 0.01956472599072822
0.9926061131425851 0.21151881450927598 0.5967844887577088 0.023556151290867765
0.9884065763174454 0.22838502342509776 0.5940954034855902 0.02414745766286353
0.9895408108295763 0.21239419588875452 0.6388388390005242 0.02779343933072367
0.995610500691151 0.2291870211343652 0.6021166533508141 0.026697914335849636
0.9879183403476144 0.23716028133698816 0.5732049414902263 0.024149573786519066
0.9908727258325262 0.23367721387523369 0.5527191981944816 0.02267418864625185
0.989324183208764 0.26918648421239094 0.563698148318065 0.022468212727405262
0.9888460936653708 0.2617896139626859 0.5365842438368502 0.02141974218612043
0.9897180131689404 0.2820268514508445 0.5715465710600246 0.023869070374887072
0.989570757638191 0.26527052412113206 0.5529426212885467 0.023933875196212987
0.990779959705277 0.2843777976723366 0.5618757232720667 0.025229168045535773
0.9836766069862534 0.29646731083496936 0.5431045135341412 0.025158331166678906
0.9897530829796746 0.3278247684033454 0.5594514272810488 0.025264872024936758
0.9926150745716003 0.3325581116558975 0.5745283933070612 0.027566101213534956
0.9873508053006149 0.33806261046413094 0.5489390342120511 0.02500216281685267
0.9867128076436278 0.30953352531741496 0.5407029084759277 0.024684287613162114
0.9934513012389199 0.3588759505703422 0.5542316742956611 0.02700903845775161
0.9901918270097497 0.3777270710527984 0.5470604271079158 0.02465935450174355
0.9960248365181921 0.3548912779102009 0.5584614131035468 0.02746053439499277
0.9905259421174331 0.34766399128022196 0.5275857424126202 0.026153507221048696
0.9911823501617417 0.3627366242619758 0.5614796040322784 0.028801058203185466
0.987062595980181 0.3800637232589895 0.5669923837303517 0.02831299277485346
0.9904442934537517 0.3600555485418508 0.5892263911230834 0.030614033379423162
0.9891706943580418 0.35216106906038824 0.5603634733710933 0.029274550262309167
0.9882523847112193 0.3604336399474376 0.605810855197145 0.03375520756889797
0.9932206404638946 0.3410309386196616 0.6174472065041291 0.0365406350377484
0.9913551690650658 0.3421975225283715 0.5976201642814915 0.03656372423183812
0.9841015460956902 0.3626039074495685 0.6028771384136858 0.03549753574192497
0.9866706420892015 0.39809997432397737 0.57037847956483 0.03353577649945396
0.9903939183711192 0.38088067226890754 0.5727419624449769 0.03473024099507645
0.9855402386071414 0.42476980673884446 0.5499593711651355 0.03339465257297476
0.9868694074913388 0.4250061319597743 0.5365326893736684 0.0321779053841473
0.9905618851542703 0.4132049327975613 0.5677001460100195 0.03502735006650503
0.9947981755108185 0.4501886055214079 0.5848373066767888 0.03828176695452802
0.9906304729562697 0.4470277859203604 0.5883913620250962 0.04012721280340831
0.9877485014796692 0.39959289359855116 0.5862546391072885 0.040647642021881765
0.9917459949592978 0.43731026346834445 0.5799059106528633 0.039874489594480866
0.9900057840631776 0.43668578221129906 0.6202054414774044 0.0447618116923306
0.9911931736451147 0.40660861727639985 0.5683654859212782 0.03945426679296368
0.9877833751705665 0.403489999176887 0.5764839702440346 0.04202503379708418
0.9875642681660461 0.4062290963078981 0.586946057771166 0.045456876656124454
0.9907140812871325 0.3999580756734095 0.5832231797789986 0.044144683622763616
0.9905543403580289 0.39520469138551756 0.6011605237062808 0.048194830351742934
0.9923650639456001 0.4112643763174439 0.628911806393461 0.05361321226316568
0.9916596839254048 0.42601502329561663 0.5992252265298871 0.04734652760288664
0.9911055587956844 0.39395153596641863 0.6028596685231432 0.053514310774426935
0.9912397603478317 0.4530513952554976 0.6016998464866667 0.054092811133574684
0.9910228937465889 0.4157208911307272 0.602851376852551 0.05223435566299671
0.9873692364643459 0.4162067112782689 0.6204186298452568 0.06037980156409963
0.9886161734964317 0.4179503810604832 0.6025745599199678 0.057763550618902836
0.980282347715132 0.37223832709464977 0.6234689875772277 0.0627169176318882
0.9951893548215605 0.37487158128557546 0.6184751507306605 0.064716052666578
0.984728743381598 0.3389181888345768 0.6156911084002431 0.06600753631988285
0.9899719258468183 0.34001809954751133 0.6418488804678034 0.06885341666824978
0.9892704840001466 0.2837744692583402 0.630504919111655 0.07230209003289824
0.9856623045848678 0.2924744259246012 0.6351689854500897 0.07558966485183022
0.9919429118092018 0.18094494968519614 0.6650358538365752 0.0885595017638965
0.9932858774157606 0.26260422896949653 0.662234851102052 0.08738537682564253
0.9924222394550207 0.23089357542949512 0.6728328021023624 0.09119625893264995
0.9898639917118224 0.2478482724701832 0.6905468624250806 0.10295301901986667
0.9844471349375491 0.3007318431310158 0.6958571337382924 0.1047155917414622
0.98865950467643 0.38271604938271603 0.6741425007256694 0.10081809068515095
0.9879495917816952 0.28429961622807015 0.7149902683014194 0.1242300960723615
0.9906102123789413 0.30978820835718374 0.7262464051990117 0.13046611136974887
0.9865449483565298 0.3011914160625852 0.715576207228464 0.13309183222328394
0.9895846038076258 0.25109185686108765 0.7361247363204311 0.14711276272290727
0.9815261659453317 0.25884367372217565 0.7544575314249675 0.1625809405876738
0.9883384220717613 0.2260928961748634 0.7889310783766718 0.1895487123792125
0.9867050832034056 0.20828130664196237 0.7504198696645099 0.16772742572136715
0.9930235216954395 0.126246423307032 0.7617731230792351 0.17516367463128585
0.9912655531836566 0.07888407888407889 0.7381015335801163 0.17321616297127204
0.9909979676393198 0.05071059431524548 0.7566996315845783 0.18700446388979217
0.9909769493922388 0.011045551097474628 0.7410413434008323 0.1884848720325483
0.9883600730858759 0.0017992475873725533 0.7427097636040477 0.19408241170470658
0.9908824585609254 0.0008775008775008775 0.757750948100359 0.21418873822739173
0.9934397917394203 0.008540138651662815 0.743270651498147 0.20484642875500836
0.990398118398547 0.004027983888064448 0.7289107580173043 0.20719962505102632
0.9891857757933344 0.0 0.7669999643300701 0.24533501122181556
0.9918333560786845 0.0 0.7762862458170453 0.26293885963550123
0.9875396439934515 0.0 0.7817600696869246 0.27921925422077637
0.9884680873672679 0.0 0.7741191818939963 0.2916989871369179
0.9938835338126014 0.0026825383519155 0.7970654546696284 0.3211227672242699
0.9921664380199615 0.0 0.8150298901290489 0.36223072504527803
0.9910977253231282 0.0 0.8740955333736213 0.49028982213096123
0.9889643696798743 0.0 0.8982675827676204 0.5746412247092828
0.9874616101616559 0.0 0.9209470695896486 0.6702008186764578
0.986853521351497 0.002204724409448819 0.9023231192135686 0.636105643242721
0.9932364986402948 0.00020782819535850364 0.9309763594761179 0.7414296920119644
0.9906735274056151 0.0006981150892590007 0.9322313112190749 0.7595433478461507
0.9893650169015169 0.0 0.9278855033166071 0.773417991127824
0.9887265166851532 0.0 0.9223341991406452 0.7867691333145385
0.9857534756703078 0.0 0.9188381460238251 0.8094668047107545
0.9852882969354535 0.0030838069899625105 0.9061309497049459 0.8015250380680535
0.9952521450966141 0.005343712890882702 0.9018480919651889 0.8039293757227779
0.9910604569643741 0.0039028620988725065 0.8850718179458337 0.8031246534938904
0.9936561293003948 0.0 0.873697894017879 0.8127989652379778
0.9959103038702579 0.0 0.8704419955253011 0.8205292901291955
0.9869964894713249 0.0 0.766661541437478 0.8527021000969927
