0.9895152046389319 0.01330487469561588 0.21915984405672223 0.009487347307574239
0.9847630073454069 0.012936627419932062 0.22519620009981142 0.009276301459377042
0.9898908641125675 0.012817174084638974 0.24588790987764914 0.008903989382122918
0.9859162329338087 0.013393543949828508 0.23052177065822868 0.00876241572211965
0.9859576443447252 0.013189001123244677 0.24133134813029733 0.009339489936255106
0.9876675666296094 0.012010510056087697 0.22652948565502856 0.007502722672087412
0.9901446846704909 0.01143534623660111 0.2144921939586822 0.009180859361061127
0.9785734339608276 0.012340116448439133 0.21348471196790064 0.010238473767885533
0.9876661095549749 0.01240694309579366 0.2252501673814306 0.008258940139049131
0.983950921993131 0.013112429276307746 0.2435561502907574 0.007689156939740065
0.9914155752142724 0.012526791725305008 0.25551008620027066 0.00784380633386239
0.9847276527726546 0.012958200486249596 0.2650905023508099 0.007641517549896766
0.9890964368625256 0.013765723194313989 0.26068803180123323 0.00838133384041767
0.9829039556493387 0.013354709199693813 0.24431543404621117 0.009715117931230463
0.9889590487795872 0.013867887847237224 0.2528702197499759 0.00847092469920878
0.983051198136435 0.014176144648585593 0.25277794416276445 0.008589998802942103
0.9886851549281104 0.01580747487993762 0.24257957556814988 0.010724642421070992
0.9906032750314907 0.016871582740571604 0.25255441008018326 0.011082888544605955
0.9870182086297117 0.017658705295606626 0.2673565527204737 0.00892630549236569
0.9812567643492918 0.017171800070316434 0.2868528191263809 0.008591281279936193
0.9820576690112408 0.018998095991134428 0.2802220707310973 0.008395681603605433
0.9889985641658833 0.01944549751055172 0.2704844206426485 0.009491258473111535
0.9877190353209885 0.019010327586081413 0.2807637957206279 0.009438075151115248
0.9894678543836624 0.020615684490393887 0.28567934330636247 0.008827761113956153
0.988016739771072 0.019611460254927097 0.2984146249906154 0.008734447793916142
0.9934707266468072 0.020293375125136064 0.28497522434234773 0.010490608070477444
0.9864836449677891 0.020434578590616637 0.2887604464964058 0.010553716650381625
0.9831868231614079 0.02071563287271622 0.31016320580118995 0.01004462387924103
0.9859924985743076 0.020518440656848456 0.2861645554493308 0.010504850143960976
0.9913636288371058 0.021067238156339763 0.2890112056969335 0.011537902086277117
0.9876746922260166 0.0214179364428593 0.27572985882085355 0.011283169062151526
0.986339698162492 0.020837308940036565 0.2873976184938204 0.010066343579622066
0.9881419021481372 0.021350755860211762 0.2883387213903223 0.009571134944895632
0.9917339862081823 0.020578762298673194 0.2983018662702693 0.01049375897492544
0.9912960864916882 0.021574463780466496 0.29136302057145114 0.010975964705341687
0.9923142204703937 0.019138618955128774 0.29568854747826473 0.01036394967353064
0.9914867911977188 0.020108272932076864 0.3003427455840659 0.011581698133630221
0.9895755962002748 0.018930485486696742 0.3029228443071434 0.011817122093633824
0.9885181806651773 0.017997452839835684 0.2950473465494925 0.011956953952683792
0.9840673751617958 0.017573729198978462 0.3236682033864388 0.01116121080164448
0.9857417115581817 0.01696734538846208 0.30548133857118376 0.013370470486096847
0.9836596978460678 0.01621841005253806 0.29963670699699124 0.01392169516374595
0.9939484910531248 0.017933282120303175 0.3177608292781052 0.012120570634916537
0.9918030822328212 0.017502754594156462 0.32825564129911955 0.012671282944139498
0.992555638482955 0.019237582259788874 0.33845009582591695 0.011521179865860006
0.9867854908356155 0.01678703719364714 0.3665482349931411 0.011140569042120789
0.9844540913706629 0.019700210533393287 0.3382605105237178 0.011742987405580914
0.9860674331581907 0.01952794884266122 0.34577897322941376 0.011074785451573355
0.9881772119007406 0.01963322477227622 0.3364757062889928 0.013228075422592672
0.9950556783691725 0.02044492412668559 0.3300914448918036 0.016337978289808604
0.9818419696812034 0.022129502142498682 0.33939512773961783 0.013891463462586295
0.9897174117652996 0.02231175377997559 0.35287820410697995 0.014028560229792262
0.9836728290925932 0.024113234686267537 0.34715220644852907 0.01791663473783694
0.9883768807150577 0.025991244724083287 0.3583828146827226 0.01508820037130093
0.9926544134894332 0.02411538655782413 0.35476966214481764 0.01650262088091011
0.9841197052143551 0.025642830601067673 0.3584077443044313 0.020341601579263582
0.9869155777898974 0.025485891988696302 0.35185020019660024 0.022080193302017506
0.9898703567509931 0.027632379215784375 0.36274586615982085 0.020838077415134413
0.9885294079416155 0.02674380371771045 0.34521056973837866 0.026440104350278503
0.98845799896499 0.028002758633855786 0.35253468569220486 0.02617663859468921
0.9886344968361841 0.027879380010899398 0.36941859864421955 0.02507738486070725
0.9816027136431957 0.026591524878150162 0.38651889252726734 0.02597256742173805
0.9918213589341474 0.026544512554565258 0.38696126929980496 0.021128645256552232
0.9892480814989189 0.02597044917860549 0.3974074300420325 0.023119948592167545
0.9913931489096027 0.026756136814195496 0.3860104467133678 0.024115384796433766
0.9919120907545635 0.024440390696516028 0.4083251202201335 0.024658571706169873
0.9882931343359929 0.024759440670429626 0.3863062383634607 0.02718477529273343
0.9886216542022167 0.022773829256719308 0.40280545565223486 0.026048039455603033
0.981873257610006 0.022174193254389334 0.41801269053877727 0.02436002042000637
0.9904929410649991 0.02510534255839359 0.4172292346261725 0.023648558964330275
0.9907365062610376 0.02493828292286839 0.42345469294538957 0.02344294105537037
0.9906906337331579 0.026005991059015448 0.4138694499355433 0.025574153546113972
0.9883214369491639 0.02729376142595978 0.41350758680926586 0.02669410253067913
0.9868256035067778 0.028939506354074503 0.41885006946707914 0.029634833621357184
0.9842827497690932 0.027092328807031472 0.4309200360604836 0.029450917630165878
0.98320947638129 0.03103643991227654 0.43311459591617607 0.028587995940994457
0.9920455338723771 0.03315173149696383 0.44332062207129763 0.03576174567493386
0.983636890108002 0.034662466831581175 0.4215530720914872 0.031121630076987948
0.9831592301088266 0.035900633208685216 0.4185933203052463 0.030445443400081734
0.9901841499702676 0.03739330367235856 0.4044841677410896 0.031325473148026174
0.9907975678270455 0.03996449690229595 0.41241633214309475 0.03006145556695397
0.9923509797469041 0.04157868313188913 0.394150585689213 0.029607366670929787
0.9908760906272246 0.042075982589248585 0.3907399480440257 0.030655400989636823
0.9919822338120386 0.04351592025076971 0.4057360206281028 0.03194679477617698
0.9920019851651046 0.04218206987112831 0.4130583524097626 0.029776924964076683
0.991142905408576 0.04251654265463644 0.4390854220230157 0.037742645362089634
0.9856397111321793 0.04393092856528157 0.4437577976616662 0.03854782786049357
0.9930438917483607 0.04349112859031503 0.4423283662720029 0.025346007665155414
0.9927144264715058 0.05368284596217607 0.5537247972738459 0.02804705806824383
0.9914715505583978 0.04293592567444479 0.4708778365159852 0.026825846838231887
0.9938584941103409 0.047022952736530114 0.557828897581079 0.027761426592797785
0.9864914834005717 0.038900972487346724 0.4608029669680585 0.025382373539976955
0.9887865495684939 0.04151566171085048 0.47687455471509343 0.023382280239969
0.9887964209661864 0.041200931630256836 0.5220125786163522 0.020818185297156636
0.9904841923326212 0.036825951558130544 0.4717354387537295 0.020506130045912764
0.993801993816447 0.037183278042213566 0.4949546441714793 0.021939556012284984
0.987949194846245 0.03998459829783579 0.4974295383760678 0.02035171902465032
0.9924631818286047 0.03913686549119006 0.510084713797033 0.021868018559890016
0.9925792571534754 0.04011403502067458 0.5181403649922709 0.020825972811818867
0.9903405780001637 0.039075076833016247 0.5313036929062263 0.020121235717491578
0.994810945279605 0.04143189260037215 0.5069186006487327 0.020532994782531223
0.992191264065896 0.04273162241691161 0.5174569371118397 0.023432307525851275
0.9888314166029731 0.0411654388860701 0.5124501630845685 0.024689122477877155
0.9915639831705009 0.04177364387915241 0.535428492994892 0.025012979060449143
0.9844254745085395 0.04262520191067161 0.5398600755288002 0.029939963941190684
0.9868034494142123 0.04685089242260551 0.538060986421096 0.02847813623078967
0.9959004329056342 0.05063534406609624 0.5658642484669729 0.025179578280682784
0.990465400770144 0.05405681661902833 0.5833132784682757 0.026895879629473513
0.9849111914805689 0.04876019999527799 0.5687478138393878 0.029410729124121515
0.9834184547046679 0.050733777729537126 0.5958690977092099 0.02821769967122714
0.9839063181043706 0.05250125561333018 0.596890989526787 0.02775853309315967
0.9888962619993215 0.06122946066112507 0.6275358448349756 0.029974603457494208
0.9850124885453578 0.06060972564686788 0.6055258409646482 0.03442378875442064
0.9828664124252515 0.0516075293029855 0.6073462917727769 0.039931250027473615
0.9894269581458894 0.054930258323253656 0.6297602735552256 0.039718671692391926
0.985429620625354 0.06069599491471735 0.6413020358684994 0.040316181273756344
0.9769833571574433 0.059833486930764554 0.639038321813505 0.05106904534931227
0.9816223861357777 0.06310998782938759 0.6264874371012263 0.0592110842210321
0.9886833959320875 0.0593943665394804 0.6513189815248838 0.04690655359236438
0.9871703687137472 0.0636818909771066 0.6375394942309888 0.04945862852559818
0.99190349866839 0.06709863401346151 0.6312194367759664 0.04679201603019279
0.9850659975295388 0.07240821603068733 0.6399933205047115 0.0491997408583536
0.9917850545846997 0.08123516718989887 0.5907203353504892 0.03234566431160858
0.9914996102159559 0.09635874950702102 0.5680377490055625 0.029550756173862724
0.9857258978117139 0.09787705131544673 0.561145697084057 0.028466141714134245
0.9931985906132581 0.11496506684061206 0.5211255003345462 0.022623179965055328
0.9866686011512729 0.1026552229934015 0.4447284183357162 0.01862434648564822
0.9818775073280254 0.13841760038279038 0.43944405323318325 0.01785861703845947
0.9840546725477443 0.17637206520113655 0.44212029690136634 0.01886708441294888
0.9874899057625344 0.29636116960959014 0.5005143074991388 0.01807596784674684
0.9866988032438868 0.25385666306142196 0.5282400313867823 0.020461130585686636
0.9721862741731718 0.2615866067657336 0.5392979659612489 0.022439544443419338
0.9881421839865178 0.2625807031023919 0.55783876103916 0.022758094061781507
0.9950013072397094 0.26487408957467773 0.5453510700015525 0.023444578677136816
0.9878060165602626 0.2656766195765032 0.551139903640711 0.023766762212110885
0.9893180953474849 0.2655918913376754 0.5264058645768097 0.022117355359212717
0.9869412900356836 0.3016033370266571 0.5441984243535549 0.02205708316787913
0.988066350324143 0.2919151895799524 0.513118875236187 0.021061151703510434
0.9903070982642272 0.3122479892475412 0.5911111437481336 0.025910779851812765
0.9889011541356729 0.2940816388993746 0.5613531974504219 0.02475918013346569
0.9919876659198766 0.31380974416606067 0.5785787859338415 0.026424912078993643
0.9763343373817104 0.3178275272262758 0.5497322601451267 0.026458523882367507
0.9842676626430663 0.3447597869974838 0.5654074107734054 0.0267710463330045
0.9923393146710426 0.37052380952380953 0.5832562893900723 0.029040247547943508
0.9897221261497456 0.3679889748250585 0.5526486410567127 0.025348830491010815
0.9890032102806688 0.3461921496354125 0.5557346021504505 0.025697297724399493
0.994849778062475 0.37978129308129077 0.5311691977277225 0.026282304256582564
0.9906027452244407 0.39549400785608846 0.5361277458068799 0.024018461219595246
0.9891995803542731 0.37234626865671644 0.5372677333173236 0.026976965270599597
0.9920241172031918 0.38122077133313087 0.5128833528012219 0.026230767053094965
0.9925539628872369 0.3900393122154644 0.5536561411083933 0.02798964491325683
0.9889838281438571 0.40956537552282235 0.5515937145411409 0.027521560669649035
0.9913609063904077 0.38020308984923623 0.5617013368090806 0.028465257950867257
0.9896352075646142 0.3774097101467406 0.529802065574418 0.0271372638321629
0.9893481611299902 0.3792729037862143 0.581082298564038 0.03201167074894213
0.9945863948803034 0.37189784780146223 0.5953673665896627 0.03429896824064648
0.994156114716704 0.3638888888888889 0.5857120458234018 0.03571699129644282
0.9871233238856025 0.363254989837928 0.584730792135197 0.03324205257519086
0.9901100057282473 0.4029603283905387 0.5591957235312208 0.032472868992489815
0.9915879238884042 0.388624527453935 0.5563753615310799 0.03315015414811904
0.9846830786544926 0.42726627890480917 0.5432954710620091 0.03286814726836363
0.9874994039304535 0.44851613291596437 0.5496046486277996 0.0333436452103241
0.9927661168543195 0.4566846665487833 0.5651362109002424 0.034788250654832945
0.9954810449763041 0.47342314493983007 0.6002970078522609 0.039749702413862636
0.9921363618433723 0.4666450059813029 0.5966787512996043 0.041721250844223366
0.989576276691506 0.4267764923112432 0.5779544141381604 0.04007073612618599
0.9933338970466442 0.46271643873002394 0.562032748484641 0.03843191196698762
0.9924330838294033 0.473120280349196 0.612383581129136 0.044809918060196914
0.9934420911688515 0.44276325121755167 0.5450691653619664 0.03802637046538236
0.9899656357388316 0.44028537455410227 0.5721499504611898 0.04145108328105012
0.9892885912218924 0.4742114849966446 0.6035193308688491 0.04811673185953501
0.9910156752190122 0.4562303575978935 0.5862946499082318 0.04468107516009437
0.9934790111763809 0.43903373565320375 0.6150085830773356 0.05007814814898588
0.9953483678000624 0.4561038588437814 0.6413961442232448 0.055930664425672905
0.9938787083765345 0.4911266346872891 0.6065407579928012 0.048160327111769805
0.9921880117352198 0.42407655969459795 0.6129029805994983 0.05585638279923062
0.9922788447937403 0.5441605839416058 0.6125337658068036 0.055773572028559426
0.9943348797239016 0.4758192116306267 0.6232506828456347 0.054793109086714316
0.990834702453448 0.4824013078809444 0.6210601925497511 0.06086884869864219
0.9921606810152441 0.49454137332925213 0.5999470200474782 0.05754840129225262
0.983347667302347 0.43362277812559546 0.6298422437198691 0.06378334081828241
0.99596702677239 0.422087014078053 0.6234965367528444 0.06591482081757609
0.9871993186680049 0.4119823152576017 0.6263037134201834 0.06811923558007303
0.9928913461463525 0.44509713835652404 0.6455605722145142 0.06953121262855776
0.9923759847963985 0.35065921380399784 0.653665744737681 0.07764724457623857
0.9890872677078525 0.331810203958119 0.6656295636718297 0.08271740274543732
0.9933039013164401 0.22141070029568602 0.6864272539684867 0.09595153901236685
0.9954067667733256 0.29828881339026897 0.6689463790481593 0.09032443060789776
0.9949268383300143 0.2344191239246076 0.687643012667393 0.09600510044900229
0.9928152891001332 0.29811362504840405 0.700399284401643 0.10694267970590335
0.9873228571523166 0.31015666255940855 0.7027945060338582 0.10787347111884071
0.991429632215628 0.39065527567377134 0.6832544334560922 0.10469647997838309
0.9913307711936459 0.3037835861816853 0.7022379347314539 0.12050684344996068
0.9936042776175597 0.3648691264585304 0.7031164046705913 0.12207020483760722
0.9895521641458468 0.33488160587260857 0.7011653715717762 0.12819458364198877
0.9926522003146593 0.3033993819305581 0.699733394661079 0.13226046422015403
0.9849755472563487 0.34455478318437605 0.7054409005628518 0.13728777750089385
0.9908979826818465 0.32145440700552064 0.743395735720368 0.15819687586985084
0.9892460702445645 0.2962977070160737 0.7216017753175998 0.151917684717248
0.995587846127938 0.1700728115174582 0.7245077700898126 0.1543867184632825
0.9941840545656447 0.1268447522466815 0.7001055626837149 0.15481068124789335
0.9942089703895416 0.11062375682154332 0.7409978947713328 0.17735637505647936
0.9935502332814931 0.03823930098181989 0.6972997908271481 0.16485564835418895
0.9911880107900888 0.017373634747269495 0.7000895037406727 0.17083810327167562
0.9937953303088981 0.00626865671641791 0.7159994514371778 0.18741361106371826
0.9958250719092966 0.024878885748889787 0.7079523086395082 0.18284723712349343
0.9921847228787333 0.002773722627737226 0.7073954957900496 0.1946305089216739
0.9919839858218422 0.0017957717737327565 0.7490125751990078 0.23188497693514892
0.9933831866185969 0.0 0.7432631615950139 0.24114623634975377
0.9913457844142967 0.001507689214996482 0.773877556381811 0.27304138727284477
0.9909027123722354 0.0006056018168054504 0.7636696798200384 0.2838177658571633
0.9951129031445654 0.016943068418407637 0.7837815959194029 0.3078411286157393
0.993732232419132 0.0015961691939345571 0.8039866886338375 0.35231204590763937
0.9945370975033908 0.002048713862963806 0.8531256408140135 0.45365570003362854
0.9927824350100619 0.01079983759642712 0.8820567618543284 0.5371652342827955
0.9913110053105657 0.006268500783562598 0.8926729041877283 0.5836484768826957
0.9918594794056048 0.014098425456222412 0.869729142841106 0.5573506774466432
0.9960905522095004 0.010500181037604096 0.892166137681758 0.6356922019924425
0.9943600414161125 0.03991530740276035 0.8970795333982748 0.6624354605713337
0.9932558829480468 0.008087640614660687 0.8982112633068506 0.7001747426857007
0.9918589851945392 0.010863631400807948 0.8856410011847621 0.6972586993838096
0.9886671985250236 0.020767081044617906 0.8725370280615652 0.704724685577379
0.9874091584809926 0.010343961837810696 0.8604465428057865 0.7122929024340355
0.9960224924729913 0.027641604158053276 0.8599461152481043 0.7322915084832337
0.993640794808912 0.03310221426973831 0.8473215428989364 0.7471027837170883
0.9950290852689018 0.02588778750842075 0.8533709428165965 0.7909152334840244
0.9960569144172025 0.017316017316017316 0.8569700899073175 0.8107992617778482
0.9883242445612834 0.025950655869678457 0.7604239232712086 0.8429057038652528
