0.9885028728279327 0.010896005985380944 0.18374489182000794 0.06757637853949329
0.9841618471461783 0.010552255718430494 0.19334568313743988 0.042578243694925556
0.988572445047982 0.010020519697697997 0.19810237219766738 0.10873869995695222
0.9842238252815798 0.011363522058128283 0.19745304768216768 0.10467908365241092
0.9846107125855644 0.011798572530903316 0.2062931313766062 0.06915413166634109
0.9865802052439198 0.010689047412619446 0.18209224057993745 0.09055931599572498
0.9908499965938466 0.009680583685122373 0.1865591367480054 0.09296633260980003
0.9767160201538306 0.010459179955991004 0.17722109502839972 0.1907839866555463
0.9876123616827991 0.010859144257681424 0.18959866005686604 0.20939907550077042
0.9831977800226619 0.01133832323906253 0.20208308476768794 0.16038377275817783
0.9910851673039094 0.011584358362401322 0.19312072077166298 0.2660680529300567
0.982856693168991 0.011647834293332188 0.2004938267726677 0.1411301464492954
0.9901052452202518 0.012580303934408444 0.19600567448574974 0.3733998698199176
0.9823936647688846 0.012103280808617544 0.20196693227469412 0.09429564146545279
0.9887920007295367 0.01239048294589332 0.209393551835379 0.06428028520757176
0.9813762580155125 0.01272188658546548 0.19223381900357833 0.12281180127610841
0.9879483483337976 0.014386661217173781 0.20073521549777457 0.1008498922671774
0.9890595886376478 0.015626978348949102 0.20220036321086193 0.08997188378631678
0.9872585752010405 0.015523115136291225 0.208921992592898 0.09020001914058762
0.9828134599290473 0.015447526155574095 0.21209509870649254 0.0907592190889371
0.9830520820972417 0.0166453146939152 0.21533938672223876 0.05343851987509098
0.9886065408887412 0.017860248761249874 0.20606420060701647 0.07299070530344451
0.9871823027235428 0.01712540707295434 0.22391969304659307 0.06240726791298592
0.9912851796790896 0.018680839249593465 0.22747475088810135 0.0443895278619075
0.990927613294732 0.01780196731701825 0.22623586526851605 0.07835438716285421
0.9941391677873531 0.018474144732870196 0.22701735221209193 0.07222431204606615
0.9858890162403986 0.01884824453139361 0.2336318190334014 0.05745436212003445
0.9882527340363046 0.0192235623235069 0.2387202775013581 0.10028663310961969
0.9882015167803646 0.01872179902670821 0.23708917408600114 0.047742192162323456
0.992176906967664 0.01904693219279597 0.2429295848483423 0.04689832785906241
0.9911188565108836 0.020521927877263084 0.23597903031922 0.04951367223343733
0.9886888435094673 0.01884139771152958 0.24089938819416432 0.035284263427913305
0.9891129741025741 0.01944734922489122 0.2354684133876499 0.03146499505407178
0.9924463883795877 0.018742989210696732 0.24117055433058682 0.030744401855961268
0.9923625104438001 0.019248378169569678 0.24567036199876494 0.024675022229749755
0.9925618952629468 0.017563098364194153 0.2492580862158281 0.036704545454545455
0.9917994563161934 0.018182719855521817 0.25192304779726676 0.03320858035526999
0.9914944116631272 0.01702703429612971 0.25607985030138436 0.044351618649794214
0.9908532824992398 0.015980897728247248 0.24681347655593147 0.03561179647376502
0.9853005319343354 0.015624966860308512 0.26829383851412675 0.06794309006819785
0.9860534466649173 0.015764328536163497 0.25675453149001537 0.04782339472661031
0.9827552795092 0.014687484681666379 0.26857251158816237 0.040537831490921584
0.9941846671012246 0.01613632699382521 0.2665025683713542 0.056182019295765995
0.9931252376542937 0.015693788996927756 0.27594708319743705 0.053769604330865375
0.9912399127812195 0.017114209016633356 0.2751840634016114 0.059371915973495
0.9901157803358349 0.015197491234657344 0.2880493812173757 0.051075897555841424
0.9867462475828778 0.018267259038772205 0.2817277178582186 0.05889502430826481
0.9874008351135891 0.01777715860974261 0.2797273379688316 0.047382169505930584
0.9906252616797748 0.01777687288645134 0.28368427441717653 0.05666380560570634
0.9963252827250909 0.018872526924769727 0.2879597974244328 0.06283524904214559
0.9840329632213087 0.01957953448460796 0.28425710583616653 0.08181214402157506
0.9896711422946848 0.020651311430857234 0.2971984874262573 0.1139708003924058
0.9860880727313514 0.02178442907917427 0.30582363990527484 0.19484083424807905
0.9890037549050976 0.023693106328588807 0.30688352464306173 0.12469347719470329
0.9924484761387166 0.021132965933360216 0.3160815507215443 0.07896011966208102
0.9848942489034691 0.023785496389454017 0.31575232456803726 0.4206040392810821
0.9892444491137923 0.023384376599728383 0.32345746831402156 0.2625431377754181
0.9936777523331821 0.025581378805016684 0.33169883783957294 0.3341187941821728
0.9915421856250258 0.024262236331935593 0.32030312929581223 0.189435643148296
0.9894609757497052 0.026137581545673933 0.32703998860473416 0.14267011197243756
0.9901351061548359 0.024852767094489386 0.3438462029022477 0.1727182736091863
0.9838545904706267 0.02519044672563499 0.3599535085195803 0.18136479746989417
0.9977007904479671 0.024919936577950403 0.3578236778504703 0.13095506886430344
0.9889247301896639 0.024520234104326438 0.36114879843191117 0.14654441036350585
0.9922697005318049 0.024660629990167663 0.3629507459205331 0.15653847524681896
0.9901697221898103 0.02224805574739231 0.3837525841395849 0.2
0.991733842784586 0.022240680845914747 0.358645366488362 0.31577172153264976
0.9938471669549159 0.02039456076421057 0.3731956325812981 0.19355991246482962
0.9869712944204613 0.0204426260480934 0.3820236273489625 0.1797153024911032
0.9916255048979543 0.022622968732926428 0.38128761695443814 0.14131594185231464
0.991480660897082 0.022440844800972796 0.385508896797153 0.1169162394889018
0.9898589722028686 0.02325329717254823 0.3847013465040382 0.13875101651664284
0.9882386332336154 0.024187009828124755 0.3827752823180033 0.14158439682157475
0.9872909859408255 0.027006393361066125 0.3927446916651027 0.18493304406373906
0.9862752632906224 0.025541593845734175 0.40214069615258696 0.20270216570633817
0.9865016479353759 0.02860819290700134 0.41770761531693595 0.38097046093097425
0.9936728688858417 0.03022086115765695 0.42714369204959485 0.40066790928859897
0.9871970928610595 0.03227685402710099 0.4226491763299731 0.2230867230867231
0.9851757663725731 0.03371775473038935 0.43212243863383076 0.23196967025216012
0.9921124844898349 0.03497019892519781 0.4349457955923258 0.24064345157840905
0.9922722246216202 0.03713430728848826 0.44582317549393474 0.15091287899555897
0.9936201304066592 0.038672581255518645 0.44002783633870274 0.1241966943845601
0.9933469088270939 0.03780764386007379 0.44671959233768854 0.11550528866928439
0.9929221186723988 0.03973330190113125 0.45895506166358385 0.1433900733750031
0.9913777260654641 0.03861084490261086 0.4662217523565504 0.10494041019955654
0.9926713770294648 0.0388370320203894 0.49015442625311767 0.16985544816703768
0.9862488715386534 0.039984428965437274 0.49195938459421856 0.14941215669474986
0.994954909949502 0.04062092024599798 0.46954855337545726 0.06732119400280835
0.9922940688823574 0.05021425639179698 0.5704095995847102 0.07375674123779821
0.9916360295204523 0.039798001896011084 0.4944462465838453 0.09011500506264074
0.9933834964345319 0.04311193886165376 0.5576940189514572 0.17612384467908548
0.9867992159922405 0.03540337566726242 0.44965551063666964 0.12311621966794381
0.9897553323923346 0.037784973908297464 0.46945950264901476 0.09344421989269981
0.9908563001418582 0.038346890638804844 0.4760417244035146 0.07173267107188788
0.9907991966713752 0.03521522918026147 0.43909683951928824 0.06106159747292419
0.9928058247281103 0.034390814277872606 0.4611243516052152 0.05215203536592141
0.9876463761618806 0.037629927098060706 0.46189398619487104 0.04805448430967505
0.9922094701063168 0.03684773290809037 0.4720323696502105 0.05022123249788956
0.9928610063409428 0.0376408124022083 0.4665245824368293 0.05460028528901017
0.9918961452423016 0.03725705728668833 0.486100114403396 0.05504069502307211
0.9963628493618454 0.038696290189105295 0.45852924724342486 0.05914574502771438
0.9917097742535226 0.03881167770352708 0.47497968657846046 0.06485184592687392
0.9893457139095252 0.03859525668584942 0.4702268991792041 0.0669373469880349
0.9911062147747475 0.03881315683519445 0.48931736589184843 0.0756634669678148
0.9854916609395346 0.04037502099708898 0.5198186816527186 0.08444776322041952
0.9854460127347389 0.04396343149453892 0.5073819170553447 0.08469313676216005
0.9963979631353476 0.047725696374774314 0.5360012677971191 0.07301497965191792
0.9909014917307671 0.05036762448150154 0.5500997597889293 0.09363250307241157
0.9844637598498699 0.046475790561475584 0.5446341624407262 0.10751268897386003
0.9827447872330016 0.04872482894275466 0.5663261920522834 0.11283107292480295
0.9850043445009525 0.050615592545959126 0.5552217436243932 0.09822536534824043
0.9897018490003818 0.057664664287027094 0.5888420544064852 0.1451545371498173
0.9865938993183723 0.0555375388282181 0.5757785991490046 0.12359276977283795
0.9833765278185504 0.050521723163390764 0.6012643654755546 0.21252680618206019
0.9909624886077784 0.05289049824141535 0.622673707383875 0.18835521695643848
0.9860008304484167 0.055188366777923804 0.6304036733779647 0.25303087294927806
0.9775814020021304 0.05583837348598759 0.6449611864746825 0.2388834612700628
0.9808324773357859 0.05987376814232829 0.6557987458666394 0.2297229485249452
0.9880133288081206 0.054560322022472456 0.6679928236344929 0.1999723413082561
0.9870704799381632 0.059981606093770096 0.6698072206634631 0.1957317464734465
0.9935226550458165 0.063924386234689 0.6871003601281619 0.13826074925827428
0.9844993743068523 0.07041771640073403 0.7167826201909775 0.22481324449828388
0.9910653803928897 0.0759949760342445 0.7194563200712255 0.15791342576936085
0.9902544555209477 0.08792671832772234 0.7461978288323521 0.16800900048216869
0.9842766530763766 0.09054432999598419 0.7503380075540037 0.15998176076199483
0.9928316334076234 0.10650349540244364 0.768116066158894 0.11112175266371363
0.989001539860966 0.09718240449101155 0.7641864106870158 0.09692193640767333
0.9831060413430578 0.1351424341842042 0.7621884668994734 0.07089720130785614
0.9878894142978354 0.16559863676182934 0.7549389024135224 0.058162395780539014
0.9822975416580573 0.27704120079020794 0.8392555260887422 0.07785767223299746
0.9671140333576502 0.2511540777413528 0.8506032931993716 0.11094171584004212
0.959081166005712 0.25201544610798726 0.8611584904381615 0.14509704212221375
0.9899677672062719 0.24756782887183515 0.8659821560301626 0.11003507136121383
0.9949355885534468 0.2637336650867254 0.8670737286558584 0.11365289055872016
0.9884530045191188 0.2735908197418052 0.8781837221667467 0.12854595558437348
0.9841159670128327 0.26761818037849394 0.8380108840380154 0.08848016586487843
0.9879414298018949 0.3036854115909116 0.8245623097261995 0.06884823268903112
0.986311454280593 0.29602232033095666 0.8233020748211997 0.07105679871242407
0.9899845388423985 0.3183753295587155 0.8651935681889874 0.10458328274006894
0.9895730888911627 0.29829944623522603 0.7992568911795334 0.06342283156675387
0.9917885212830827 0.31873541789928445 0.8118737775586529 0.06889822791110708
0.9792196858077725 0.31833338799785715 0.7879757105662921 0.0641735402868636
0.9877506966142375 0.3423249763481552 0.7920947524327662 0.06102695046583775
0.9930588992964298 0.3676299188945629 0.7821226198790232 0.05876873155816255
0.9886129615485019 0.3901849097219703 0.7645038520726275 0.052094903626265926
0.9884884976038445 0.35271682887408284 0.7543252846585914 0.05005989905536244
0.9948873842752521 0.3782735093444082 0.7382476707804835 0.04871443093042928
0.9909273212234487 0.3933793278055573 0.7329464209934972 0.044167221646264014
0.9929708844199702 0.37609669081510066 0.7233529204799592 0.046384487393663854
0.9921743135208176 0.3833064815962325 0.6961692392877612 0.0423521658378767
0.9930794967523422 0.40314601813042206 0.7307846545666924 0.04902552220081852
0.9889363705501032 0.4244610506133084 0.7343500752016773 0.04852253531471099
0.9919191482046492 0.3825641540702054 0.7453280512557161 0.05207314292439299
0.9876562052847467 0.39282022486249185 0.7384818153721876 0.05251052661936898
0.9898934785477136 0.40996173603103053 0.7474046422903939 0.05497989256465201
0.994524822661401 0.371627151672621 0.7475189256818475 0.05767666752080571
0.9928572689765578 0.3766372003063463 0.7532681064944661 0.062440170402321866
0.9859661723574421 0.3932215159446611 0.7515903234044529 0.05949053559660963
0.9883520003741202 0.4309371215522989 0.7578445810736589 0.06195888166024707
0.9919541440018717 0.4222006000162167 0.755463774449786 0.06316385888041097
0.9853947259187198 0.4727561071423375 0.752236836851492 0.0629870225521823
0.9876137012147541 0.4860169097835176 0.7680199793799986 0.06715256350441659
0.9920236972892442 0.4695370525492824 0.7662258773346579 0.06719288624255719
0.9958557381638342 0.49243607479137846 0.7857543376619016 0.07642654599539056
0.9898493619367288 0.49218056203621474 0.8090917563608793 0.09191899862119049
0.9878308135390892 0.44383934649421375 0.7979839759664615 0.08750470193232004
0.9931979647198014 0.4897257075251409 0.7992579949029233 0.08661136585189731
0.9916753465821104 0.4932843967031055 0.8185662447257384 0.09829565358664141
0.9925257628152385 0.4677653667355372 0.795177031780648 0.08666977342831148
0.9889718602567658 0.4547372178682114 0.8023543634405044 0.09434810713583092
0.9887041032241427 0.4800162140251317 0.8190012239778353 0.10835541930886702
0.9909591772966218 0.4629527136877789 0.8191204624371016 0.10637856542987524
0.9920802594876312 0.45736032446532904 0.8254481932959705 0.1145709519341049
0.9942208067015246 0.46771216026027673 0.8413794679857671 0.1294148849125064
0.992907923344141 0.4761965796315963 0.8204728509694391 0.10923809523809523
0.9920375757436387 0.4172804023711155 0.8356025700032538 0.135681060182855
0.9922554827753238 0.5260679999181217 0.8428727121766694 0.1375464886736686
0.9930267829444004 0.48775739950279096 0.843530705913591 0.13198656113224083
0.9892353339708502 0.4772248100024516 0.8455609482414812 0.14768196989942647
0.9901530334844635 0.48625429553264604 0.8373442802612289 0.141200567197101
0.9813384251888199 0.43936920735924745 0.8333046961595866 0.1444679203131833
0.9960919168491984 0.4213515195519137 0.8413678513918136 0.15355092443708715
0.9864000733619922 0.4182657351500016 0.8532995737972312 0.17260614840039953
0.9907289251744311 0.433260463200583 0.8662712796110834 0.18142377981881447
0.9906012490196906 0.3610058241656652 0.8553055603122249 0.1827546648561328
0.986967906680077 0.35009094900583326 0.8680251108978183 0.20648174994362295
0.9927810641674535 0.22894373047975014 0.8863616598254963 0.26345355494853157
0.9944113845612007 0.3007592296914204 0.8822089915029466 0.24040857000498256
0.9937826631442467 0.2442981581222156 0.8747591805520831 0.23112677998148623
0.9911462492503139 0.3019928746381652 0.8937058685588724 0.29177504145089933
0.9853300031896096 0.32299968402204826 0.8728084203683565 0.2454456670356143
0.9895404492862543 0.36111231616849593 0.8658046690862381 0.23202815203023908
0.9896237581388299 0.3273101265822785 0.8746510510666476 0.26761245674740486
0.9920638047139942 0.4070246491166818 0.8784689622232396 0.27234079472496964
0.9881307628972902 0.3273170080736638 0.8862601239417188 0.3102626410572218
0.9917009726878816 0.30962263553119357 0.8846291206922354 0.3105132291998725
0.9829246523590605 0.3319670754241559 0.9106469364387494 0.40263505666573224
0.9896907337695775 0.3148901545972335 0.9333951975397253 0.4918739883419568
0.9878825991312726 0.2835905156191193 0.9241428578540456 0.46479880166133314
0.9942344280819816 0.19592106896123773 0.9273273904494568 0.45796908163846173
0.9923237953838284 0.13968045524184722 0.9049991236536976 0.4006919234026351
0.9923284611514058 0.09670431688070555 0.9166234497110054 0.4397791518818797
0.9920957866186024 0.021981552016887704 0.8994368293459681 0.4084585151785499
0.9896797170838412 0.020593769600669037 0.9124014855684858 0.45881889763779526
0.9923802420482635 0.008183501582940088 0.9344678775781016 0.5614169329792501
0.9950530816025679 0.01691995947315096 0.9296740135385888 0.540626788780767
0.9915174171536109 0.002075134168157424 0.9353165517570224 0.5788303391804609
0.9906659472890049 0.0009514747859181732 0.9486042708921376 0.6607315201118634
0.9934389010414342 0.0 0.9326953992691449 0.5802802432867514
0.988929285653597 0.0 0.9263300819173391 0.5679926927205974
0.9895711970732559 0.0 0.9175828850326634 0.5685147930287988
0.9943480178987837 0.01895874990742798 0.9365906219687399 0.6426519178278983
0.9932364474040319 0.0021169995060334487 0.9611713272928889 0.800392683826857
0.9923054314158458 0.003079838900734423 0.976860245238513 0.9233018723086933
0.9905939505407729 0.006089824917533621 0.9779671455970698 0.9418686847685974
0.9891752197260438 0.002686897423739529 0.9759380794273641 0.9448662516604589
0.9885055321568305 0.021280662631411276 0.969142114309146 0.9228689248895434
0.9946094577807579 0.013124968081303303 0.9710073618752384 0.9376132781176885
0.9922760406615913 0.04068283343969368 0.9714335870509491 0.9230833525903565
0.9903522688057519 0.012530606366124153 0.9531588894801549 0.8669250161468425
0.9900797031248251 0.01148762064624423 0.9561748793737778 0.9066396452434938
0.9868055503832088 0.012094268368468856 0.9508946579293863 0.9153310436939516
0.9866445002727505 0.0030340429908464464 0.9377639286367276 0.8883229294034365
0.9963414724280059 0.009671179883945842 0.9375711572997473 0.8822102666065172
0.9924773193504007 0.01718213058419244 0.9274255907382608 0.8784279488797265
0.9946427352760527 0.0005461993627674101 0.9409533330008895 0.915994810998751
0.9967044401924577 0.007604037052398728 0.9379928862273165 0.9241502932644193
0.9868512038220565 4.9147294441441e-05 0.6118077948440886 0.6467584599791976
