0.988920589025498 0.00675735240949833 0.1807940178088257 0.007557354925775978
0.9844681439893317 0.00619019638658297 0.19084141357480566 0.0
0.9888802722496288 0.0047119228223022926 0.19653268553015 0.005599104143337066
0.9839654554350123 0.008232614640165297 0.1955687370555557 0.03269118505545826
0.9842562705839178 0.008165948966877579 0.2040304021196633 0.0963411424058963
0.9860837422486479 0.0073203115779535 0.18108494029863864 0.010098325803879883
0.9901317676758018 0.0051933565668562855 0.18425550950282849 0.10557918438829123
0.9755406331499495 0.005937291852024718 0.17624015134583845 0.08770702122696525
0.9871192285742977 0.006097065672311489 0.18900071308685648 0.06567567567567567
0.9820601567339554 0.005733349784277206 0.20039897653844485 0.2763380281690141
0.9899804138572883 0.007117836951244751 0.1921616945297803 0.21078057462496821
0.9815836103108173 0.0070708452190223125 0.19855410263500967 0.17372558965254883
0.9891217606787349 0.009016773272891902 0.19590990475716807 0.08325049701789264
0.9816076830378003 0.009021671560328886 0.1988273247754984 0.10412051395657954
0.9886073702660129 0.008451449402920932 0.20592757109095958 0.13544668587896252
0.9812495967884274 0.009044863222357835 0.19012291127342448 0.17396907216494845
0.9876989755808615 0.012417145948268132 0.19892873436063263 0.0025864095932283094
0.9886890801357454 0.012885990802932134 0.19829911711773165 0.18785197103781173
0.9876079806850315 0.01323422806527855 0.20672322134064974 0.128538283062645
0.9826682655599106 0.013591374380954023 0.20920199228591746 0.10135440180586908
0.9825865883129715 0.01430932306407651 0.2144465631089154 0.10773935544577747
0.9883105294119711 0.01592895989570312 0.20189630204920353 0.040777113578138346
0.9874478980865075 0.014671464147988972 0.22026231813115582 0.3007169970476592
0.9909026835277877 0.01665109903313503 0.22534002060164277 0.1426978818283166
0.9902535739406222 0.01589043840081466 0.2213222257997465 0.09405827024546914
0.9939138870129659 0.016760870810954422 0.22145880530608344 0.10764430577223089
0.9854853599947312 0.01687181083548223 0.22526594921091275 0.24720383474092672
0.9874924843044312 0.017652696458365695 0.23388184647151353 0.20764532911106084
0.988027700155661 0.01676905439224044 0.22761715226156487 0.1572312083729781
0.9919473537248518 0.017148673443982534 0.23448912309974343 0.11797520661157025
0.9907217321667766 0.01816002181507607 0.228723268146954 0.20055261340087496
0.9886208988704294 0.017329742698563334 0.2316355825973612 0.1318407960199005
0.9889768161647327 0.01771179206946265 0.23167344982551397 0.19728345580048987
0.993199550237402 0.016912787246236297 0.23916370644698057 0.2751083103584088
0.9914021464545675 0.01713724110565221 0.23606160335961174 0.08508446641944788
0.9918778152635265 0.01581383349559737 0.23604239838353608 0.10757839721254356
0.9916243704512194 0.016102596662630333 0.24263355520344743 0.2864057239057239
0.9911384377303235 0.014438881957351197 0.24341205481044706 0.14609838846480067
0.9906277651998266 0.013700953523486463 0.2416148036003904 0.3507286333202048
0.9839111712628373 0.012929259043793233 0.25915938124128574 0.3984743100740408
0.9860246334224569 0.012762734370403987 0.253942248137188 0.30092236740968487
0.9831804037537148 0.012053936620311663 0.2652362716295544 0.13519863306279367
0.9940449958614593 0.013875648211198995 0.26196691422402124 0.4251509473245888
0.9927774121712857 0.012934646275834159 0.27294323311052465 0.3148816686722824
0.9906488729484707 0.014498347349483286 0.2691243568213363 0.2828907965661809
0.9895745175421136 0.01220930109428376 0.2811098580008636 0.3141982395713739
0.9867474504913505 0.01588592005822208 0.2783342255620089 0.5770526315789474
0.9872854993901438 0.015326835582838929 0.2822694184070186 0.46977222127076557
0.9899978494152857 0.014693940806017266 0.2840975333204809 0.3880701754385965
0.9956470474533681 0.0160880366925723 0.2859316241147669 0.4651865008880995
0.9834366636563057 0.016620290452511614 0.28655854728286584 0.5779657758123438
0.9898603926873683 0.018107157678614334 0.29687089302777203 0.5231013285742614
0.9862124666124072 0.018480711652273538 0.302282745885586 0.499412915851272
0.9887892376681614 0.02070717441039813 0.30366594043880973 0.6219537596334097
0.991881405536986 0.01756234471335235 0.31660652304459386 0.42529842125529455
0.9847339915176804 0.02137160973964002 0.3147902167428912 0.5468386172308795
0.9889091490570271 0.019610872353772835 0.31997562346745767 0.46487752161383283
0.9935615086098598 0.023110472878751016 0.33008949447714264 0.5160938352427714
0.9911990002518287 0.020875301670472583 0.3221611569213071 0.57847533632287
0.9891781380121123 0.023026060363519073 0.32686158378906455 0.5303814452750623
0.9895094218235727 0.021619103573561983 0.342657428133956 0.5244034707158352
0.9833296048460289 0.022649536310204475 0.35978982098124274 0.514891284487484
0.9971856558179428 0.02256270213810201 0.3601866274870152 0.5399783315276273
0.9883844168079025 0.0219873252691433 0.36278433628507134 0.6140546569994423
0.9916070596855711 0.021707463147929908 0.3693162196149331 0.5314748201438849
0.9898827082820594 0.01933896247753096 0.38683061602055857 0.610387045813586
0.9912899922290327 0.019057673775611628 0.3588713289606343 0.6067373906569886
0.9930053622821573 0.01831200860287063 0.37379077633537533 0.33557261676263594
0.9862857748943767 0.018316704505888445 0.38187574644523065 0.4808891298454866
0.9914248857184487 0.02016723540597567 0.380656636201505 0.2563475792461757
0.9911401526513218 0.02034341979811333 0.38867936619831134 0.2609226077011056
0.9892387367045553 0.02066832813580553 0.3871049044528581 0.2773990962701999
0.9874030590004838 0.021251217802219814 0.3840778087632231 0.25623730190979277
0.9869923066592483 0.024325577083526468 0.3978458025428191 0.36950655358519663
0.9857902890700998 0.02330754610916294 0.405862136637995 0.403873168773831
0.9856079877356704 0.025716488743606172 0.41844280294832786 0.6187229797140007
0.9930488951008507 0.0274427444121576 0.428641448506516 0.6639741518578353
0.9864050917187436 0.029468383601408188 0.42796145077256625 0.4614479874542603
0.985523903675052 0.03014618174305916 0.4393147407681731 0.5162897661939441
0.9916463423364945 0.031721972608672114 0.44333652955210967 0.5607983245041271
0.9917616966349189 0.03463751455373216 0.45560338641396403 0.33412631417389305
0.9928774121657672 0.03455125621793291 0.4653535490900385 0.3584670623580274
0.9924803529346644 0.03344553385316143 0.4765932972881381 0.3407773943616121
0.9921702992177337 0.035627716450334086 0.48148696016744075 0.4145343777197563
0.9905805151160082 0.03413564114370205 0.5009413366817597 0.39820742637644047
0.9919870326649988 0.034595981524779176 0.5098774913862405 0.4927032661570535
0.9856233043449751 0.03611749384078108 0.513214449686917 0.5248262664920939
0.9943410612454615 0.03708303992906137 0.5036587436055641 0.2891652846876728
0.9913390295944947 0.04719080645977826 0.6054635849372112 0.4778877887788779
0.9913203088688017 0.03724101539554163 0.5204440101596647 0.652089407191448
0.9931069145411505 0.04004448563484708 0.5731076969523344 0.7078466226510919
0.9866331180419112 0.03186875688741957 0.4590173205394501 0.5154619970193741
0.9894028133007546 0.03356996005732425 0.4964749338495143 0.4451801056199259
0.9901133386871642 0.03539997784189712 0.5033914799053 0.3595476575121163
0.990376840013313 0.032318366034384566 0.4703281196571592 0.40079481895790403
0.9918118200359234 0.03219259243644971 0.4704408066010678 0.3236504763024815
0.9870725815783383 0.03390195240569213 0.47743023172968313 0.26690260605782046
0.991065810845898 0.03375234028020288 0.48297410564282434 0.35317721746421515
0.9918146999729531 0.034408747217435566 0.4817241199603927 0.3814719051522987
0.9912311067742414 0.03401571134277248 0.5001495075070405 0.34606151956679504
0.9956171729863946 0.035379214846054434 0.48123960153820583 0.31971475263705246
0.9907859607608813 0.03469698876461771 0.4936502786271494 0.33769406973784677
0.9889204397189366 0.0355688734538596 0.49451299264347176 0.3043535446534263
0.9906910712301498 0.03596679583055672 0.5080225070588474 0.3561184680476949
0.9849217061192802 0.036919084689785324 0.5341574768718904 0.4122090143635463
0.9846134115191005 0.04054928699986155 0.5316995768973171 0.35660821774404605
0.9954023265045893 0.043562728702999876 0.5535764343019081 0.3969016756244072
0.9899771868805864 0.04458703244778352 0.5780079896211995 0.5641658440276407
0.983721849167 0.0422208125528626 0.5670887531165499 0.6613453907908092
0.9818955932734094 0.04464079388131234 0.5837042759179641 0.725913114253739
0.9845952089959616 0.046160849603899386 0.5826871015253721 0.7353323338330835
0.9886362927308963 0.052366552314280626 0.6063615067621108 0.8040269991991763
0.985811060754378 0.04960211890267758 0.6089853003871278 0.6736036997509783
0.9824640095151459 0.04661762705898353 0.6176741372258414 0.8458727429062769
0.9899352919489963 0.04804775438698697 0.6368323939230318 0.77146428228055
0.9852641234210878 0.049787050629886316 0.644157405695159 0.7249138087461441
0.9766654404814821 0.05080622271480125 0.659644635938082 0.690390836757891
0.979206670649475 0.05491320020759013 0.670883427882308 0.5202856215514443
0.9865632184499226 0.05029757549148739 0.6875586002945001 0.5452642948761224
0.9865311361701352 0.05304992691071919 0.6921061596488843 0.7086058958457225
0.993430804693775 0.055960080922796356 0.7193760461195277 0.5513104095448756
0.983181368139726 0.06375228203063873 0.7350163595660409 0.725594356875381
0.9898595073283033 0.06895650685240082 0.7472249961812755 0.42872028978315885
0.988799014798674 0.07972119726658763 0.7723183721437081 0.4512245530639661
0.9826251811343748 0.0804372457923358 0.774436020681554 0.42158507934985856
0.9915118872161305 0.09280901803369922 0.8086597925362968 0.3240793632659279
0.9881837962697091 0.08585262976672119 0.8142638460342495 0.2928315532192721
0.9821096759573986 0.12114911355532118 0.8361238888082971 0.2633996480448594
0.9904718670462662 0.14566513719980947 0.8444232091987525 0.15259146098884485
0.9927492155800999 0.24042723467126323 0.9161876768219648 0.26253889412234876
0.992652714393501 0.22573849809063015 0.9161223046589397 0.3316315446447969
0.9888574046832421 0.21902624646306956 0.9261650915819162 0.7759721416134648
0.9904026987845653 0.21938956883855568 0.9300871508596398 0.8136015819791935
0.9962011938075735 0.24010783907092492 0.9366008804263117 0.8481574539363484
0.9881706796795982 0.2463606543318397 0.9341494635267608 0.8120983290488432
0.991513564374973 0.24323542034713697 0.9311615269225015 0.8167453982733344
0.988249304608606 0.2808628528659361 0.9390660422803772 0.8086709886547812
0.9893202154011329 0.26619828259172523 0.9373066007950084 0.8152059985487382
0.9905695827492015 0.2898444507646197 0.9391382401393527 0.7989138748661465
0.9892919769917814 0.27807548317411046 0.9358593237052059 0.8574461393300834
0.9915779345502425 0.2937284725300958 0.9431071042985241 0.8987549917782476
0.9840019728373973 0.29343719183166944 0.936933152963446 0.8512646825682785
0.9904388716632679 0.318848236692643 0.9461672974829906 0.8402422319948093
0.9925626103684105 0.330377452590349 0.9489031902134417 0.8503373261737573
0.9874861205522266 0.35628749846945024 0.9479895958215477 0.8846069629954018
0.9869544779301105 0.3219228139660985 0.9409388519963743 0.6446983789529631
0.9933198638044733 0.3490171073843267 0.9322800477220601 0.34154967028291855
0.990456353194107 0.36911666581122005 0.9370574914799997 0.34609357510633537
0.9965135745582658 0.3538533718547053 0.9206198715561124 0.2333893656551358
0.9907107080334565 0.35275268708684465 0.899897747957175 0.1682481054575559
0.9912913789740353 0.37424849078355293 0.9115823566324568 0.2087088235744121
0.9875153808720517 0.38491064529797364 0.9095723235205062 0.20315491232100466
0.9911658312729091 0.37001946123117896 0.9108134686811713 0.2029358127298275
0.9902937942734223 0.37532661683457913 0.9131593792696407 0.21568505310368455
0.9884176126468305 0.3860718611223254 0.9048544403960105 0.18885572139303483
0.9928921670352605 0.3598922146197131 0.9009906031075523 0.1827909215446703
0.9910219994561641 0.36928849876687264 0.9131627056672761 0.23270863612024784
0.9840477363039458 0.38722685412239116 0.9047720026667899 0.20670958531797778
0.98691147531783 0.42072163374102817 0.9181374685360806 0.2511167373530503
0.9908768752537289 0.4037373611629805 0.9111788209632358 0.2221761887006118
0.9860160415595609 0.4606379343643684 0.9195813836794616 0.25224136348336956
0.9875630067937761 0.4749495815667032 0.9370398371619657 0.3386630905714875
0.9921106075356216 0.44872455552692603 0.9277356082600285 0.28615922343536415
0.9953853226423724 0.4890209800895436 0.9414702587946134 0.34777057356608476
0.990985428357542 0.48202142524452724 0.9426683120984446 0.39377459433169737
0.9874431991535992 0.4338584343724488 0.9429183292119181 0.4450729383745162
0.9918886943463041 0.49193482886892675 0.944702544157697 0.3926332961277582
0.9900242193243016 0.48908147834994553 0.948403033126886 0.45410794935709176
0.9906235219791412 0.45836342151907045 0.9389744758470417 0.3645280811232449
0.9868748331570861 0.45639457591066207 0.9529049017982545 0.6040137508129704
0.986988359642154 0.44914922745941716 0.9536669787356843 0.6517778717590033
0.9906578914084795 0.4449932566163978 0.9587576079362157 0.6757193769799367
0.9907949493234718 0.45993331585059755 0.9598775127611928 0.6652387160861737
0.9927824457335801 0.46474509435733735 0.9667456126727753 0.825158554433895
0.9916499275402197 0.48766325211721356 0.9632784064309604 0.6885883184476
0.9917745331538435 0.4274485757288589 0.9645997219613506 0.8372117772259666
0.9912058595377465 0.5142647809773317 0.9686026315523736 0.7564850440610649
0.9915364658138023 0.4922371549172772 0.9679442772350478 0.6916429003543341
0.9874320760839264 0.49583098879738097 0.9691431911931069 0.7923467204596858
0.9883462345654437 0.4823122909011134 0.9705929024568938 0.8192698793658814
0.9797806138234371 0.44111649950402293 0.9657321684266108 0.8770392253405548
0.9957906933588004 0.44864210439424373 0.9770736434769849 0.8867252211421248
0.9852516315927813 0.4325367705707814 0.9667714807919314 0.7775808474668703
0.9892462099990755 0.43470430283581113 0.9733591259756879 0.8549239821977956
0.9887850135077492 0.3986128247023909 0.9680612009991719 0.7598281471179874
0.9851522505720206 0.3749756319448957 0.9687849720568682 0.8505438468006619
0.9923599207497606 0.23169890385057618 0.9658673124751849 0.917733191750964
0.992721826433839 0.3493383742911153 0.9754373073880852 0.9100123675861698
0.9920224124844266 0.30060907485493926 0.9752529154632332 0.9323923329858048
0.9896556790476685 0.3353166657131415 0.9700920471600718 0.9332583810302535
0.9832659534665038 0.3667262969588551 0.9707130744709876 0.931560832044695
0.9876767687966694 0.3556956704497688 0.9764174294687097 0.9407247134908935
0.9882231087068498 0.3795160864978903 0.971447044952406 0.8965354600806106
0.9909657177028912 0.3991249059957613 0.9751871354086005 0.925705954244302
0.9869241999592626 0.36092926444422063 0.971783824885814 0.9410424789657296
0.9897289198910985 0.3224791859389454 0.972134596055634 0.9303353717913762
0.9810552683324318 0.37444762611800475 0.9710898236985676 0.9545829892650702
0.9872294547887193 0.33444146424388954 0.9751350519765121 0.9551967375730188
0.9863018269394623 0.3152516619183286 0.9734400503757468 0.9421950153038916
0.9917406295317925 0.263465282284231 0.9783088742886953 0.9334250528505755
0.9904363150218766 0.24321355001144426 0.9773168538365301 0.9350134282680657
0.9897584239877469 0.19314198628397256 0.9783141804405969 0.9399471897397209
0.9905339518664965 0.14689709347996857 0.9750286515845483 0.9228182832890077
0.9873249308484674 0.13116768232750148 0.9741533582512176 0.9294215855234813
0.9899080926837138 0.046801518499631704 0.976951763622591 0.947755920181942
0.992391598373928 0.051741049534085336 0.9756504142447255 0.9332703260626259
0.9896658396106671 0.0 0.9772086685908703 0.9326037065654876
0.9899005506236656 0.0021543985637342907 0.9796921154053199 0.9486378143186863
0.9922276585071335 0.0 0.9810054146981542 0.9317104079797236
0.9860684000218117 0.0 0.9749692006548741 0.9027882012064788
0.9870207751098471 0.0 0.9717316175622741 0.8954272896282655
0.9919496455751414 0.017816901408450703 0.9785305811592588 0.9371611154144074
0.9917905371359468 0.0018522329697468615 0.9777358831592001 0.9333821436504084
0.9901618669339745 0.007227384639822095 0.9751002543944702 0.9297485533615701
0.9883475489736621 0.007053100932306445 0.9745176730203239 0.9392276024308959
0.9878970082675014 0.0029272686331907227 0.9732668886263559 0.9401963172412885
0.98547235120725 0.03650470618163317 0.9670824652777777 0.9289154445047981
0.9935293071801151 0.023905285220642385 0.9708981673430169 0.935451395919102
0.9896865369649805 0.06096024636058231 0.9683269962316798 0.923414035069839
0.9880189938239037 0.015529192215409224 0.9576155129963181 0.8933179080424586
0.9894897362164047 0.0074161211129296235 0.9594465877835823 0.9241700932279268
0.9847940522329584 0.02888987962550156 0.953284253409183 0.9351834281487563
0.984583550424302 0.011546912252816606 0.9404426648528191 0.9027231617886541
0.9948373799333347 0.01806230667255855 0.9439812262065422 0.9004934113336879
0.9898311060187073 0.02520679997394646 0.9272805115586048 0.8813525456292027
0.9933605738805342 0.014060989542139028 0.9379984173089263 0.9094819243914268
0.995353787210752 0.011140695067264573 0.930091473091906 0.90311487030701
0.9838809440329324 0.0004272287097692965 0.5127976421738317 0.4505979400139751
