0.9900249811391818 0.011257277089184125 0.18499539954458802 0.04425907037738598
0.9853166477057262 0.010372993602536977 0.19363511879997772 0.04743229854689564
0.990709061803572 0.010542472835965586 0.19917091036698203 0.06956172094893445
0.9864938230957027 0.0110165313370964 0.19878518753728772 0.07303448594247726
0.9865939141035259 0.01108654649054544 0.2080259489511097 0.05493662563465683
0.9892342822992118 0.010429274729337362 0.18379791933642822 0.07268874433274197
0.99039191350216 0.009494208396214811 0.18738451508325482 0.06769324078441943
0.9791651051203253 0.010740053957813387 0.17911254326598125 0.09366017679917565
0.9877009793732501 0.010494733778558604 0.18982186412041374 0.1338997137316465
0.9841750932718971 0.011381194169180655 0.203154937682195 0.10020184544405998
0.9922678700165591 0.010775893311891077 0.1938362020306003 0.15283692814947109
0.9851001174235671 0.011005469538711486 0.2026161975012722 0.08441298784388995
0.9896187757034232 0.012525996894909552 0.19548835120540653 0.2867097212780422
0.9837236310902734 0.012062951237309676 0.2025064963402297 0.08296661608497724
0.9889605921819478 0.011963011089203114 0.2107093034529675 0.053237970667631425
0.983636407896979 0.01241386018237082 0.19347782241188397 0.08036221879314545
0.989770954646307 0.014340306504353308 0.20237819324268644 0.05850981604575668
0.991521715611439 0.01451686656597469 0.20373008762180803 0.08169698371844183
0.9867792849217996 0.015509406283833072 0.21025352250609017 0.06013767209011264
0.9833598448338055 0.015084340477141774 0.2135604680212237 0.06611047907976235
0.9834203762601664 0.01617395227694548 0.21585162157439666 0.0499196721693171
0.9905535745601216 0.017182700919399482 0.20629189278760512 0.07132612726064295
0.989018317520733 0.016862887082745505 0.22570466939903538 0.06789176889592402
0.9904795597392789 0.018051555878663295 0.22928422121509023 0.038395124428643984
0.9892280674151064 0.017579767202655534 0.22736922934123147 0.05102136431784108
0.9945076154959896 0.018362261682281934 0.22944950466738548 0.05333060472730994
0.9877172530366033 0.018611094760387147 0.2365701938580857 0.048226227838117613
0.9870475246095869 0.018673884770245185 0.24059534175193478 0.06840708180113485
0.9875221292818404 0.017758903178101106 0.23751186551396813 0.037113240144495054
0.9938067863997644 0.018341628919049797 0.24393618711773635 0.041366311751868265
0.9913126235972386 0.01947902377627555 0.23707957204245972 0.04300919673290887
0.9882374386008539 0.01836467705729771 0.23924688749140718 0.029901373000183643
0.9885276803698845 0.01827841505396543 0.23349656852042153 0.028309908467963787
0.9936285413862616 0.017756267476691755 0.24129983130006702 0.030310551606369883
0.9913261112269811 0.01863442317032644 0.24359101240307324 0.021479597306279175
0.9928921340270388 0.01655578633587169 0.2480590938660735 0.029108656086618827
0.9917788821334064 0.01727771102899057 0.25379490402252164 0.027422509780318988
0.9912870158059724 0.016080815023528608 0.2557071276483468 0.03439827047802066
0.9901444553110436 0.015061514712557397 0.24459688497220988 0.03236360167874857
0.9836177623833663 0.014979318014444494 0.265975324258188 0.050161834211346
0.9862720666879845 0.014702963382269696 0.2568003219693683 0.04416223952647794
0.9849415319416104 0.013555032472378223 0.26726484001334766 0.033693412574586426
0.9935517814886757 0.015603414778731681 0.26629275653097645 0.047901776147436625
0.9915444091865513 0.014933018998458957 0.27499797344401034 0.04370110253298562
0.9939629523964787 0.016747069471997757 0.2762045028926058 0.04999376052910713
0.988303553920155 0.014305156925994598 0.2877736457928215 0.046986642806927846
0.9865118050658582 0.016659028606986093 0.28281584924976805 0.05188304465278881
0.986219005034643 0.016345235015548035 0.28057859196929175 0.04441685083502313
0.988978544746131 0.016711152619541626 0.284098593251223 0.04805864784143361
0.9968553661675532 0.017775334043808884 0.2897066617914615 0.05462639545236628
0.9833789917256588 0.01839472602217673 0.2859448693435309 0.062226430323161455
0.9910415901839748 0.018998468903907623 0.29922430927098753 0.0852337197143302
0.9855720817104882 0.020527332046074973 0.3064149826205971 0.17841837147246706
0.9902465147742201 0.021990040933356814 0.30967370410323375 0.10354331686241403
0.9934626701328249 0.020089388351925253 0.3174485641975785 0.06401956057579723
0.9851882965036581 0.02185288029717792 0.31673013103810116 0.2318810654552963
0.989809909889483 0.02207934714199147 0.32384279090451307 0.13857880004047082
0.9937800796016586 0.023859367790802354 0.3330062538579393 0.17416279638230261
0.9926967706254188 0.023208859676553364 0.3213585018323551 0.18326756116811366
0.9908511455386748 0.023908145342610182 0.3273605729872695 0.13360310567179892
0.9910944247254648 0.023943874898446554 0.34146252196993704 0.12395794539777122
0.9853913845676 0.023419818740929434 0.35883075901013123 0.132645191908406
0.9966996776483458 0.02321030137923575 0.356116430856074 0.12672493836647136
0.990782377994082 0.02272370501682741 0.35981646178362314 0.11873815326292987
0.9911454595384193 0.02327825306179236 0.3607355756107049 0.11178672830975653
0.9915932519680221 0.021539192071391433 0.38240749626874315 0.18220970680801724
0.9904168028026376 0.021217513244394227 0.3562124141335198 0.23569817510764815
0.9945374383325255 0.01903460814433494 0.3727025602161521 0.1488489435509303
0.9868032100808878 0.01917447783904443 0.3795025564454836 0.15679109882151557
0.9932841071415881 0.021630929665312156 0.3815532391877076 0.13794550523065854
0.9916657811061586 0.021992394002217325 0.3841917131368542 0.09095520207758481
0.9907459210257765 0.022536445658212893 0.3847919788206636 0.12832089357482124
0.9889622716032833 0.023418286993987743 0.38229720880574314 0.14315465411082942
0.9891962208953792 0.02599123082155794 0.39313405233851656 0.16468976577901032
0.9859949925560159 0.024129113023381474 0.4034355776842061 0.20414812460267007
0.9845697558062104 0.027008981280178486 0.41611596094748576 0.35810231494712774
0.9929156631726419 0.028625413190726912 0.426904405221838 0.41510197474910976
0.9864398759640767 0.03102715152588918 0.42485059316742485 0.27014082900963565
0.9856592832759185 0.031997726064281105 0.43369637372157654 0.2727649650168437
0.9912752133818202 0.03269060741230087 0.43834829687427956 0.35229099678456594
0.9919701800338971 0.03362835764892842 0.4512463322246333 0.2647144099739055
0.9934905938550451 0.03494124133041105 0.4535252851189465 0.20597364972063187
0.9925075700716892 0.03514885084066019 0.4681309149360021 0.23787591438634517
0.9933130955689146 0.037255854147822565 0.47526172379176823 0.2882109303970098
0.9924785364397704 0.03564295491175923 0.4872704938170502 0.19790984143624687
0.9914652628220467 0.03605620892566312 0.5035458558958281 0.3473352435530086
0.9869796970356689 0.03663836685441122 0.5031447413299303 0.2680560389836408
0.9946440405828696 0.03617735209799322 0.486722010732468 0.13994587598541006
0.9933877117621507 0.045483795247037495 0.5795397832085366 0.1300192724166021
0.9931518832616565 0.03688762431562157 0.5022858812546342 0.19154396432810444
0.9949185028370804 0.03945623096474912 0.5614175833197187 0.2686327310632384
0.9877248546801066 0.032123045591517525 0.44488460339123076 0.2119114038920445
0.989797302119763 0.03528508034053467 0.47943520004276824 0.177402497387095
0.9896770250542231 0.03659313587815662 0.47190773145280257 0.10559987108210458
0.9917282435635433 0.033889807088097586 0.43144816496175603 0.08763345195729537
0.9948214427684502 0.03276890557181221 0.4539787321124021 0.08331344296069243
0.9887331545480612 0.034016102060590796 0.4547030987584935 0.06488181835358135
0.993013188993962 0.03461536096042905 0.46567095855978824 0.06782126504671437
0.993003448188464 0.03562641140584449 0.46197313601862444 0.07136298045388954
0.9911247344709964 0.03538036684609301 0.47952216307130646 0.07071415171651149
0.9952701128302693 0.03630488032060253 0.4558752584138899 0.07540374475858347
0.9920178533616615 0.035064961936427545 0.4683820120537784 0.08262855592239157
0.9891645233551812 0.03530933841196371 0.47126194968501367 0.08802688539530645
0.9918464196328762 0.03636288944393322 0.4951630041092916 0.10584721081323277
0.9848913118225515 0.03806242154019306 0.5277115667595718 0.14663670057566439
0.9869861525252849 0.04070324139528292 0.5208378607977557 0.11888867995487025
0.9967509754285756 0.04349806904808574 0.5485863737543122 0.10832055214723926
0.9907449033090074 0.04567012708905544 0.5644823774641371 0.1476369719782518
0.98586193271005 0.04299910225056496 0.5584752286930532 0.1820840102111859
0.9838190868730354 0.04592687644336386 0.5801813380862261 0.1870793440136506
0.984571926057197 0.04791732550677519 0.5696200314902464 0.17871992215145083
0.9909011174919872 0.05219277789281989 0.5979479813185056 0.26374944316896826
0.9866133328640226 0.051723935664762265 0.5900164547517911 0.1935124785715876
0.9838999337559853 0.04750373620401672 0.611620864449572 0.34730082279751157
0.9903611398536143 0.04964922084855938 0.6340931077974303 0.4126798729209494
0.9861500605298366 0.04930847096430474 0.6421142449346862 0.5452215763485218
0.9774555275054306 0.05265821873586981 0.6597728363264705 0.6332344213649852
0.9814787813675082 0.05707574374289297 0.6706323619243892 0.49166666666666664
0.9884729854068253 0.04891781222579702 0.6810806733310087 0.3650600896109878
0.9864742953114357 0.05466716883937358 0.68480100085293 0.4089835568824919
0.9922014486747415 0.05894701085153644 0.713194081303107 0.3923007207284968
0.9847939677694715 0.06522219264813316 0.7317520362032606 0.5194321619734699
0.9913552480713059 0.0680119289667869 0.7459365296814184 0.41020934399720294
0.9914279702967103 0.08060241484688567 0.7715809983156068 0.4239978355954367
0.9854312757138431 0.0845298399235702 0.7742931024616722 0.4018143459915612
0.9929367637909847 0.09988107520614943 0.8046865773689281 0.2860353426513146
0.9887838552788419 0.08748219464895571 0.816813204528826 0.3490285378484593
0.983141601491257 0.12199242937003334 0.8391888427180945 0.2987634749524413
0.9854607128037715 0.1530661893234501 0.8513655701737141 0.21431632215805904
0.9644119788811217 0.2545271117180096 0.8911821572209742 0.22483190986734508
0.9545840367660852 0.23626299835002496 0.8883064674416797 0.3232790466094889
0.9552801210630676 0.23078562226979069 0.8802129418761514 0.24723673754424833
0.9865857504090436 0.23166947962040285 0.8976414257272345 0.20699806377682065
0.9938308991278993 0.2525673279168557 0.9060207607959225 0.22973000303367377
0.9885563991504991 0.258465312216712 0.9088748314100997 0.2440840606139551
0.9920068748786469 0.2553301306229404 0.8951780236110233 0.18658119658119657
0.9877750964901919 0.28386238989529666 0.8828995323750864 0.13070816440484573
0.9892866362102811 0.2796099768356408 0.8959725731600918 0.16722418290624522
0.9918750865281013 0.3058737774296376 0.8934427890456749 0.15365423317619165
0.9896418685058666 0.2804323153653127 0.8526015233048155 0.10015508658286851
0.9933849630857315 0.29836751591644006 0.8594870282254405 0.10365853658536585
0.9850894787506745 0.29224963080457256 0.8502626510172625 0.1037268550631207
0.991022162109193 0.32149943563238875 0.8499123496196433 0.0932540275577607
0.9930463640374481 0.3365801257679449 0.822130491384399 0.0768397013818047
0.9906506223444078 0.3623290843062224 0.824659971458891 0.07545445971753943
0.9894343535903283 0.3176499525633367 0.7967778344398551 0.06348279853128991
0.9955471461032334 0.36229967232648197 0.7725302306200205 0.057408811565546336
0.9920484153419096 0.38224439410522026 0.7591464301529173 0.04964796483896757
0.9966837201919437 0.35651898888159017 0.7454518128510377 0.050913279578739506
0.9930168836613061 0.35845599690900254 0.7118408996622061 0.045307505189826666
0.9932837393117376 0.38319081298208435 0.7547874388522169 0.05451282463370489
0.9898779290803089 0.4048589516458739 0.7549178649102902 0.05334078083168012
0.9925744596985079 0.36178815561704764 0.7661966371870214 0.05751427767790537
0.992471947747446 0.3720200752823087 0.7604501266062814 0.05739216995255834
0.9907108008635365 0.39159762056511577 0.7706305453549233 0.06218576562312185
0.9948226499879128 0.3530128852128092 0.7726692177920421 0.0651365128954507
0.9945408190890065 0.3559790476691848 0.7689135189302758 0.06752669918913573
0.9878471755123336 0.3821831327901581 0.7727641970105107 0.06643783371472159
0.990215858958743 0.4223345082057495 0.7863239048036511 0.07263898788310763
0.9931867157912214 0.40712569506418617 0.7903509786961983 0.07542399854499159
0.9866764744405359 0.4638374531171554 0.7976017806898762 0.07970334253382465
0.9898513772714667 0.47463008827078174 0.8186047480216576 0.08836555505599396
0.9931771702182608 0.4586888895231028 0.7948895328386459 0.07853774664652291
0.9959767155177838 0.4790152116806158 0.8079095903111878 0.08627727758278651
0.9912092825528178 0.4709564733522938 0.838638150217246 0.11054302560507978
0.9875596291618869 0.41662549222177303 0.8314100350433004 0.10796881118558957
0.9925975657045624 0.4702420304110163 0.8276314153925748 0.10272415272415272
0.9910510938829971 0.46767627422243935 0.8454816513568231 0.11852953598119687
0.9899070823490848 0.43494748643880565 0.8171375412057355 0.10047834624475127
0.9885717553541303 0.4450124876380764 0.8171994946385468 0.10325877609717264
0.9884534868883159 0.4397905759162304 0.8285881973079692 0.11585867339335096
0.9891539981025799 0.43577087249029495 0.8393563308196232 0.12285590511538597
0.9917850954397144 0.44269134491390427 0.8404740661783432 0.1257451767522033
0.9953460580836724 0.4483460850367325 0.8488726484263082 0.1358364923444495
0.9939734460337505 0.4703723837999456 0.834540414916166 0.11767342156275142
0.9896501389193075 0.40292376916039657 0.8488735801350676 0.15000061137400192
0.9920315656231785 0.5343832839544674 0.8544464998835376 0.14747916189402083
0.994396751793453 0.48477587375350956 0.8564837641458467 0.14322935045992424
0.9909923290839002 0.48608268522308634 0.8577546433218975 0.15964358530829634
0.9915951283821675 0.47262167369391 0.840748239093893 0.14241635176187906
0.9831147526125457 0.40560789466327474 0.8347797734841866 0.1457753806298176
0.9957957462578639 0.43644128935445703 0.8534356840592899 0.1632952361687064
0.987057425547779 0.3884976525821596 0.8709690348196256 0.1959671208137466
0.9919721234184438 0.3931881214909017 0.877474571108661 0.19730580968872286
0.9916590484717142 0.3346624225163344 0.8660483839073384 0.19574252344053178
0.9877543245775616 0.30430483222361393 0.8815967161477941 0.23233705489667955
0.9923739507933758 0.2062841530054645 0.8919226246735427 0.2787005433410178
0.9949494390356772 0.2622432344310401 0.866341748775933 0.21460423978141133
0.9942468428402882 0.22303232302190745 0.8754857587177094 0.23157569136403722
0.9915535171975421 0.2626651656100018 0.8781246881927544 0.25637509904571604
0.98617446954511 0.32669417552769403 0.8579722770292051 0.21817340773078145
0.9898100911110767 0.3722893319749673 0.8362510600737292 0.19323122005764357
0.9904146520799447 0.33629893238434166 0.857511589982931 0.2362515618492295
0.9921709081746517 0.38650486146648144 0.859182131016575 0.23918182361603965
0.9888329779673063 0.3261477185381874 0.8632766548119262 0.262304564650912
0.99208040829895 0.2815389487017099 0.8588132003372497 0.26230706000547993
0.9838434673404746 0.3529455602340053 0.8606837707485545 0.27024691358024694
0.9901273073203178 0.29554537885095755 0.8969149490987111 0.3488168853696323
0.9888467865570603 0.31771325487501073 0.8958843480382961 0.3523256338100727
0.9952988332493267 0.16008810572687224 0.8921001639835255 0.33998072056874323
0.993650211092504 0.12428760315506315 0.8557836891135931 0.2889833893287597
0.9937790094032807 0.08199878927962137 0.8646663345595123 0.3051526993776234
0.9934606030583567 0.02489414173374901 0.84938001043748 0.29857657499341006
0.9909213218775618 0.007073888573346414 0.8555658682683227 0.3153827154949817
0.9937541344051811 0.01751189986484104 0.8741373031380307 0.3603810728090469
0.9958103112050053 0.023549626035981402 0.8710476669499605 0.35586236093797774
0.992083380069135 0.0 0.8735221881037507 0.37640925174053746
0.9921363508789834 0.0016750418760469012 0.9015499931423414 0.4564628057651849
0.9937053443385704 0.0 0.8565855610497046 0.3659250930734484
0.9907156153155575 0.0 0.8723086396571983 0.40822724399628385
0.9903181137014625 0.0 0.8653632674855825 0.42179502223445103
0.9954255233372641 0.012699203187250997 0.8960203817831558 0.4953714791002708
0.9936098498144856 0.0007071580105287971 0.9273624995280664 0.623697380678987
0.9941094240423418 0.0 0.966342784515424 0.8372926081076624
0.9921335595642972 0.0010954902318787657 0.9753644332362426 0.9218913641308387
0.9907147551799196 0.0001827318410232983 0.9645742724149032 0.8651897606461959
0.9903518615495873 0.015415358264344847 0.9504687606447184 0.8172752481405655
0.9959925454340783 0.010938017898574744 0.9545676413814853 0.8496298642175686
0.9939006777854692 0.028683079327862446 0.9631821282862156 0.8870210054594445
0.9918281059528332 0.007385751654100631 0.9466954036193855 0.8426840783525866
0.9911472405376808 0.001953461648951451 0.9452672559118553 0.8640035837902411
0.9880370036157096 0.008649093904448105 0.9396717494964404 0.8757705006803965
0.9876050791719074 0.011824407547913484 0.9229230718047371 0.8494434878858689
0.9965642295798782 0.0209217526451073 0.9267235206175423 0.8583367001358471
0.9935258763014029 0.018279231011660887 0.9213666060687189 0.8667214283125763
0.9951738133695845 0.0007078572150874709 0.9457909317444628 0.9263141565464055
0.9967932132731818 0.0024626628535112808 0.9412331601409176 0.9272179760370545
0.982382710474 0.0 0.6558795230887823 0.7119881860850396
