0.986869667874361 0.003703156556768349 0.18080945453435437 0.021052631578947368
0.9825030771135157 0.003390794868430147 0.19076250385268298 0.01486374896779521
0.9867293112007915 0.0030685115493960576 0.19654273794274837 0.06606942889137737
0.9819789838496291 0.00496824194159419 0.195733614316048 0.12171628721541156
0.9823261846158536 0.004749665126774523 0.20399629104900646 0.13082390102658595
0.9841461248239732 0.00364070620642942 0.18118525403416408 0.07398439601829432
0.9888379221344351 0.0029208096938037388 0.18450306296973037 0.14761070803102327
0.9741365463758684 0.003345158471774374 0.1762516203347698 0.12432936785630977
0.985786872916049 0.002379933838032872 0.18912622503685678 0.13151498784769106
0.9802937803665434 0.003098927528022165 0.20040823227242865 0.300194390447098
0.9881777219677944 0.0028136814413172715 0.19198220368137708 0.24510551741673023
0.9800734105147958 0.002610000928999956 0.19848917201382033 0.20618818158762364
0.9884291434847985 0.004814896772340112 0.19619824908567837 0.13096421471172962
0.9797998057082427 0.0052739984050802595 0.19888963658234898 0.13912272928666372
0.98763347631651 0.004898365800429001 0.20632499318243797 0.14433237271853985
0.9794065663328156 0.005067677799714231 0.18986155199805993 0.1706374758531874
0.9853851465119378 0.009011878128645054 0.19865747374665899 0.054784857747472375
0.9873342701998314 0.00899181157711838 0.19820892550542862 0.23149637972646822
0.986337158578357 0.00881378136638225 0.20653914823305014 0.14640371229698376
0.981010852125726 0.009523558088221109 0.2092333554987253 0.1255079006772009
0.9814531645391088 0.011318841055795541 0.21433592016408584 0.11359315589353612
0.986696575493864 0.012853048534010886 0.20185832938993237 0.07085763663858284
0.9853585924726898 0.01034012953545976 0.21967251248492642 0.25427819218955683
0.9895163856002964 0.013930028867979963 0.22545733881318794 0.1429872495446266
0.9899333373538131 0.013067711275952926 0.22182992153625128 0.09956412021105758
0.9922474862358064 0.013712387137949806 0.22150881126304675 0.1462001337196345
0.9835406780385618 0.013765910057387783 0.22509494097342303 0.23601917370463366
0.9865646686814417 0.01465480773298363 0.23418538621453935 0.20900248812485864
0.9865325353308412 0.014073961917391962 0.22758139152816187 0.13201712654614653
0.9902695514102288 0.013869868033655397 0.23431967475526008 0.12892561983471074
0.9891175534067049 0.01487833230883917 0.22808092217569356 0.20600366636113657
0.9873476953435311 0.014538965537799872 0.23156545460867586 0.16354831609068898
0.9876900796524257 0.01406526667913189 0.23181217917816221 0.20089601509078048
0.990726896419654 0.01426439696953503 0.238904078216935 0.24370264181855417
0.990180093063032 0.014636626761925127 0.23584261230731146 0.08677685950413223
0.990322256111775 0.013152463065036061 0.23595957095838824 0.09320557491289198
0.9898741614846007 0.013261913213377613 0.2427084126245477 0.29666307857911733
0.9899255719930167 0.011497397128552007 0.24360038396913214 0.18405428329092452
0.9904323586454009 0.011308147537895646 0.24201721055247616 0.33705401634442894
0.9845129264156762 0.009937700793826174 0.25960984604211146 0.41956472963877045
0.9843139659665798 0.010684317616196946 0.2536676923364842 0.3394195656352105
0.9813259839274675 0.01003997208569776 0.26464481736584894 0.16063396872992075
0.9929435068398026 0.012054304105506078 0.26186572520416673 0.3833506763787721
0.9919035194673103 0.01016837002719669 0.27257271628887914 0.28098676293622143
0.9892809744939158 0.013100738283477834 0.26897820247957605 0.29347175084847277
0.9893059055922621 0.010327067955899426 0.281178748837181 0.32644469957902794
0.9855319434168023 0.013540980640111434 0.27799865449128075 0.5639097744360902
0.9858923417418428 0.01335962148443526 0.28247404250613006 0.5022085653927405
0.9895208809110171 0.012832372029400926 0.28449440697001566 0.3935413245758073
0.9948244583668033 0.014105495938828034 0.2859572882660306 0.4519438444924406
0.9833947401208811 0.014848692883134632 0.28669722313619567 0.5542538889955829
0.9877516304238092 0.015879553558942806 0.29623004189698704 0.4804679754114614
0.9849986098279553 0.015548828563115895 0.301782589761035 0.5148148148148148
0.9871374752820573 0.018631706347691554 0.30331360239914745 0.6015381417584702
0.990714551499218 0.015061665598341007 0.3160807592142458 0.35009633911368016
0.9834726571910383 0.018455935485735757 0.31428089110237023 0.5092244313093319
0.9874382328045739 0.017059826497536117 0.31940309942649914 0.41570605187319887
0.9924235026235498 0.02081770175421934 0.32935472978405234 0.4433533369703582
0.9895224571977834 0.018892770506633787 0.3216344732532465 0.5219585124275836
0.9868542929644822 0.02068017616933291 0.3256036628042616 0.378860540955304
0.9877492601886504 0.019320718515739823 0.3417297098847759 0.47704266088214026
0.9815847522165644 0.02037284179810265 0.3588821282152905 0.46409647359766126
0.9959268559384669 0.02001447678992919 0.35953652544317244 0.472624972949578
0.9862762710064145 0.01912756436215264 0.36158417167166146 0.5331594634873323
0.990511835923905 0.019211684250955686 0.3688006549927246 0.5088967971530249
0.9880328567813619 0.017326795087025473 0.3859180544455137 0.5425237341772152
0.9901456302192904 0.017616603847867042 0.358545219946877 0.5417130144605117
0.9918470743246728 0.016048417127417086 0.3735648357051248 0.32560450480291486
0.9849111181048902 0.01657775011775082 0.38209647830502624 0.5145797598627787
0.9894325238037702 0.01892890781634921 0.3824226883240344 0.3036071090545799
0.9893532986370454 0.019400042758528423 0.3910107575419245 0.2650306748466258
0.9877920136869777 0.01914919720070896 0.3901897612552518 0.35046402554635264
0.9858082812571108 0.020126717511558517 0.38619402538863035 0.3014215259646069
0.9851109038018336 0.022851366086913894 0.39796129813823006 0.39518336070060206
0.9845254011899657 0.021405085415425 0.40607937465288113 0.43202105745021746
0.9865168647905597 0.024116432588085084 0.41894477954476667 0.6088269843933546
0.9914254484014456 0.025352683258878746 0.42776081569218755 0.6314154952598888
0.98571713799109 0.027861224580287218 0.42848930018642345 0.5053231369020843
0.9835407091208155 0.028590966817545346 0.43893718742918786 0.5335644937586685
0.9902699515526661 0.028779818919905126 0.4430666578688601 0.6198838495575221
0.9904463662728606 0.03051031663399843 0.45724243482083404 0.44558500052372474
0.9915117090254932 0.03211557816916983 0.4662913863167011 0.4343683839096683
0.9915431162049823 0.032171486492332986 0.47937788824240335 0.44012917481091185
0.9904320477130647 0.03416603097019969 0.4825679963531953 0.4951122569556343
0.9888878874109936 0.032337884651268446 0.502436246591658 0.501324908275581
0.9911035227511747 0.03231064662290361 0.510819041513063 0.5793249441373632
0.9843519791625188 0.03408585372331596 0.5148648758417338 0.7162334895611419
0.9930701155805722 0.03335274058055394 0.5053081372450092 0.35221978624280625
0.9901861961441901 0.04214627702145507 0.6032271390652649 0.44355471816611713
0.9898490304954851 0.03342174537994496 0.5168001179154555 0.4801345576870625
0.9913098727953144 0.03611885933025712 0.5684561760079745 0.46379149333559727
0.9847477865140695 0.029564233130015955 0.45586198729211935 0.41821403806148394
0.9874592816430876 0.03213643639554347 0.49494997491296044 0.4154516759356681
0.9888216800353843 0.03330050147582681 0.501632098664164 0.3726434287264343
0.9885612806559481 0.030927943528506318 0.4680416830200165 0.35074187855415384
0.9905950523735235 0.029851960673522433 0.46962440131081423 0.3265749456915279
0.9857754838336403 0.03113696421132245 0.4774356579120708 0.2837174348697395
0.9895151132360525 0.031114751523866856 0.4824149519862852 0.34610756828299843
0.990228929468858 0.03290122576201718 0.48121424055950773 0.37793173584186107
0.990291555040668 0.032079942770276315 0.4998207558342376 0.33579922187517125
0.9944882173918274 0.0330951305851404 0.4817741692639539 0.33530272926905785
0.9892133044640636 0.03229102246137956 0.4923348666291012 0.3203945431347532
0.988230951552966 0.03256918981041815 0.49514558399654796 0.3280536391021281
0.9890222911563596 0.03366993947014157 0.5097469576474041 0.43340552246886843
0.9845076796440436 0.03489415312959322 0.537254674553163 0.5507124895222129
0.9829497279414035 0.03750768245284489 0.5328681189842104 0.4175388617080572
0.9942198409223233 0.040302102195563606 0.5545387690466237 0.5059724853777082
0.9887634213349002 0.041993716902205054 0.5781304823595195 0.625629290617849
0.9819841483706705 0.04026582412410477 0.5668894682633185 0.7234914455486118
0.9801672725137844 0.042268531484304366 0.5834048044376843 0.8002953538566397
0.9828467800215438 0.04222390990256733 0.5823713292569318 0.8400557944902941
0.9872485717352075 0.04788207564527406 0.604916618994594 0.8093308636258393
0.9841030370824279 0.04658723044463668 0.6084962615701249 0.7289412673879444
0.9810641329807138 0.0441374865391775 0.6165589665757268 0.8286977145321259
0.9891537482566026 0.045303197836041406 0.6364104500935676 0.8042171742894978
0.9840410351540602 0.04539951444597944 0.6438230665511006 0.8047882136279927
0.975061598770707 0.04792541276311604 0.6603063995334033 0.8250212224108658
0.9777903431936312 0.05197799294333861 0.6733440183241451 0.740663704263969
0.9851556381956847 0.045625555783569326 0.6897241958779642 0.7588808250572956
0.9857161647746141 0.04991717417783191 0.6927593492128965 0.8041449759355662
0.9925688537247837 0.053903603162089024 0.7221550811371578 0.7440481619994527
0.9817549754157451 0.06035540608098896 0.7346845866226688 0.770467149168155
0.9884047325821175 0.06375926812307525 0.7512295201233885 0.6353693921583216
0.9873441905135646 0.07272290571375196 0.7742512794555123 0.5828233374133007
0.9812349908088706 0.07661414038341544 0.7761664273876735 0.5072625043926438
0.9900971762805508 0.08996504256117552 0.810742690497047 0.4086168242518764
0.9872643743306361 0.07827553921758977 0.819542034896546 0.43418339117750615
0.9808050159265741 0.11209136503716237 0.8404363381815354 0.3485902891000915
0.9897054531915108 0.13453093571243047 0.8743273410880038 0.4234294656829868
0.9920671620568998 0.232527598801658 0.9250706861645145 0.4051705024167443
0.9914569778189104 0.2169658210483606 0.9202296497737246 0.43235280140664356
0.9881867164474287 0.20822614593077643 0.9248873763706084 0.7796282277735722
0.9889278617090047 0.2146347933437401 0.9287898071716384 0.8149048901242074
0.9946074486866916 0.23285275594649457 0.9352362484878673 0.8397004375631101
0.9868656315761721 0.24166406477105112 0.9327547863082576 0.8041062801932367
0.989999003860939 0.23704586659721735 0.9299182779518387 0.8106867726602196
0.9878547597958836 0.27064745937928397 0.9379662745003593 0.8044861337683523
0.9878831428000568 0.2600768173188137 0.9356154780406888 0.806913860103627
0.9889841308846664 0.28512160228898425 0.9380697264990213 0.7926320667284523
0.9885626800067937 0.26623246387214594 0.9348066529943634 0.8527039848197343
0.9899636235611292 0.283325703822385 0.9415180436441177 0.8791361357500964
0.9829236369585668 0.2788839285714286 0.9350127601801949 0.8424963924963925
0.9897484616633666 0.29872690333361385 0.9445049167465223 0.838437093745486
0.991794483368049 0.3103376661454261 0.9476243291361753 0.8681318681318682
0.9864943974609564 0.3364953496127765 0.9460259860273383 0.847297582975125
0.9857167324003883 0.2994492750175447 0.9416456822932482 0.8097616958077365
0.9927353548104575 0.32902500362721865 0.9160495571583632 0.22818251739495948
0.9895826735977472 0.3567167864429687 0.918888462895581 0.21678099705503728
0.9951942712778836 0.3364919480196481 0.9011648017504204 0.16670055147525986
0.9898609096733486 0.34470716716615024 0.8779520367212565 0.12521697663328565
0.9902726304605144 0.36087818839124325 0.8933307366961402 0.15614499012690677
0.9867824280918686 0.3678651685393258 0.8907157392157465 0.15072741106218154
0.989720587085796 0.3489189189189189 0.9017641021982779 0.17716154834266948
0.9887783740845043 0.35961011190260667 0.8969867617265305 0.1666686953028957
0.98728824641282 0.3634268985240102 0.8951501060531898 0.1653711162933126
0.9922779648073463 0.3399941501808126 0.8990750871844048 0.17970854763654176
0.9905595302836614 0.34818541624740057 0.904606885422713 0.20296696793630298
0.9835611086220833 0.3707866718155238 0.8912760132562113 0.1695876996293415
0.9859340032317885 0.40098351009428806 0.9083762277387127 0.2150126692145087
0.9895947522172864 0.3797202503465367 0.8937050980405139 0.17388726641927055
0.9846607483081622 0.4415467220141678 0.9119268858768822 0.2234583029285016
0.9859391684268934 0.4501382577901392 0.9191074392761176 0.23969170915735802
0.9899703173562534 0.4193701194304088 0.9096006918577696 0.21590729523307875
0.9943967981703831 0.44884640839759277 0.9248153111133732 0.2583344560710169
0.9901025835645787 0.44419716323172165 0.937736584535228 0.3649219429375958
0.986508261514671 0.4106393196288321 0.9345192390082716 0.3706356686564038
0.9906868465177937 0.4515472379545268 0.9266594555193698 0.27908837696012806
0.9886750147481749 0.44459055195765806 0.9342116840250282 0.33957328385899815
0.9896557239899975 0.42601423965609886 0.9170355530781514 0.24909032534246575
0.9863490026694774 0.4291279237166133 0.9386833866324209 0.4095623952654689
0.9862848405578174 0.4177221444453595 0.9327544796465641 0.3730163222945561
0.9897172472942243 0.40974834437086094 0.9459126542570631 0.47300921067972485
0.9894001768740099 0.4318072196176034 0.9401064624736573 0.39344841041267953
0.9914233480368206 0.43661780935969174 0.9458275026106772 0.43936522019680596
0.9907383946168495 0.4422410206628762 0.9334762108151919 0.3322486727179311
0.9903862417972378 0.395090857197222 0.9471315387312308 0.5037402720589821
0.9902298724899956 0.4801870594614133 0.9490785315263514 0.45312704864297887
0.9905276655590332 0.4570695751780467 0.9471194114318053 0.4171827437808334
0.9866677178021215 0.4588697017268446 0.9499867672078809 0.48524256474047267
0.987201872796785 0.44423654816578784 0.9447569397963042 0.4266770027544574
0.9796228296840291 0.40631077825190864 0.94332827168469 0.47498573669947225
0.9949319909162812 0.3900354205087673 0.9530331316799798 0.48471210663735054
0.9837039737921424 0.35667310146255277 0.9462988472967364 0.4945779474277783
0.9886313514958455 0.3694990212426593 0.9558108588256998 0.5417750355956336
0.9878829619426363 0.3357956183338138 0.9454090914928318 0.4698435189748645
0.9840814676336027 0.3219542634805271 0.9525622569347457 0.5790339879433412
0.9915163766991458 0.19083013422636064 0.9566507183595243 0.7122605613897767
0.9918628933534961 0.2620136064216551 0.9542738058008696 0.57258037196382
0.9909327987059184 0.24959493866214028 0.9574965416488901 0.6155261156410846
0.9886420756907719 0.28037886467308665 0.9609000305103877 0.7484380138112463
0.9825540777235869 0.341884176182708 0.9562670666943379 0.6622694580930001
0.9869361843192082 0.3932636349590565 0.9547722621369099 0.5766768716949624
0.9873352376747412 0.3571866325390245 0.9382152509278058 0.49407827593572734
0.9900832198619423 0.36895490635565853 0.9355516688579403 0.46463318716128127
0.9860677415243436 0.3241606845043869 0.9388479481340256 0.5265455634524783
0.9885080220610996 0.2935060565275909 0.9410691935138539 0.551800759188964
0.9799583054750761 0.3067647979956154 0.9526505296374439 0.6950222570620678
0.9870872092476415 0.278718180643494 0.9658979649363928 0.796132867561439
0.9861918223552799 0.319900945520036 0.9610082823786396 0.7228589065729085
0.9919753049275816 0.19553125742809602 0.9645421884547103 0.7359290212698538
0.9901216350413938 0.1447037521376119 0.9536098829158471 0.6559912496581898
0.9896823205267453 0.08329532497149372 0.9499715145227032 0.628174123337364
0.9911491638662684 0.0304893041553971 0.9433951253671536 0.6087849940445341
0.9875154445205282 0.035490260812149226 0.944577114909846 0.6259257914609352
0.990303316006272 0.005834447550747538 0.9509648328915896 0.6684857370402548
0.9922392017464654 0.0034166796086348814 0.9404747416211755 0.607377553332686
0.9896302135954036 0.0 0.9540081704128501 0.6949184516969936
0.990542131896708 0.0 0.9574539021899393 0.7171766946179802
0.9927174737229091 0.0 0.9484234131533691 0.645359266635592
0.9865401418015209 0.0 0.9350059992828631 0.6111268549051937
0.9871125510621044 0.0 0.9291607523431431 0.6068677280535534
0.9920684643301495 0.013137948458817585 0.9513967660491712 0.7081041632111461
0.9924052482909289 0.0 0.9703049302748856 0.8409377269829976
0.9902020635961442 0.0 0.9745720053040092 0.9060999440638688
0.988452150786916 0.0 0.9757756614117506 0.9312001228818588
0.9882689069743588 0.0 0.9730377754234562 0.9223920317789562
0.9855221731079759 0.01991597946164618 0.9598410593730772 0.8733706412149094
0.9936021378802526 0.01024900757849152 0.9717071550870634 0.9250808862219138
0.9893873871405963 0.05757234891093159 0.969222216381735 0.9144181072892532
0.9877106166169248 0.026539498237611446 0.957870828859917 0.8782572962542768
0.9900195026937628 0.015236875800256082 0.9565480844229695 0.8997270549015522
0.9845888837279775 0.02327596164953217 0.9485908435796965 0.9028483904110888
0.9842944183922385 0.012921314073261412 0.9372296829305834 0.8781639155328779
0.9948343605024601 0.02913907284768212 0.9331007734613563 0.866516832250723
0.9898053492537021 0.028063276432210207 0.9172778236514039 0.8546819809806101
0.9933899433493393 0.009991673605328892 0.9372445075156721 0.9065916633852731
0.9954183729690086 0.011252536432392548 0.9272638126482332 0.895195571333078
0.9803325048277726 0.0 0.554632792105933 0.5404509881947208
