0.9861689408283748 0.004222446804092312 0.17538144190839802 0.05968491213896183
0.981736626244885 0.004021036496102372 0.1829393426923939 0.04334483108450847
0.9860362313869708 0.003798034184325743 0.1914424280861887 0.060887708649468894
0.9824144514441518 0.004190612545294408 0.18955690610913184 0.050801860232320493
0.9823430361816493 0.0055967521816087315 0.19877067695729814 0.04727449117771894
0.9850261113653556 0.003785583155628329 0.17613066674033545 0.04791254148422902
0.989550328262878 0.0036645507145727585 0.17876619295720397 0.05718968924016526
0.9750693344723501 0.005348699878398906 0.17226039658441136 0.07831434803683955
0.9857852640448131 0.00475002727958338 0.18386801172316272 0.06044491992070734
0.9810190681976289 0.005016372406724228 0.19726318326872433 0.07182978203797545
0.9892293089842754 0.004435756855238645 0.18885028367204543 0.08542916863326816
0.9811754608378512 0.005412465154024576 0.1961194971968987 0.08386796529601435
0.9878553309836021 0.005071671231816026 0.19119235874736742 0.09780964925118299
0.9809594546071627 0.004791147357305011 0.19341480121482435 0.10169018576098222
0.987627866950562 0.0061396452540277 0.19946821337562748 0.05745034834147863
0.9791123446420529 0.006395691241955579 0.18368115403157959 0.08818886337543054
0.9859229828110426 0.006065409151768134 0.19177294015128304 0.07803406563271276
0.9870613847912667 0.007679150518073242 0.19230865532718464 0.07171333317790782
0.9855518405839011 0.009220164499760977 0.2001624738751233 0.05563992133237074
0.9807874686983856 0.007466194449284582 0.20593903567068814 0.04606058451255066
0.9798240273432266 0.009607178162601593 0.20854725804565624 0.05097358105739507
0.9854077514230278 0.008801624915368992 0.19593727156622934 0.05951179459108093
0.9849204596953183 0.009676152724281066 0.21296149883402937 0.06233016622627012
0.9884330627739676 0.011051003185743225 0.21616861715510374 0.044516383475202946
0.9884764490253629 0.008925715583588852 0.21611837643524434 0.045255226507735544
0.9913949548629645 0.009747103582603922 0.21837527800933504 0.05174053008189749
0.9826383553001776 0.010327253500292696 0.22313795185333207 0.045139030387003
0.9851944769570103 0.01172062627982034 0.22859617506714802 0.04987413699194771
0.98512337187935 0.009812399901345263 0.22574065631614895 0.04213299843632647
0.9889337313545856 0.01045223402144744 0.23070640219308614 0.04446357582356367
0.9880442654249685 0.012187830660653565 0.2262306113746602 0.047811187265089546
0.9872466557225646 0.009836856146111225 0.23087000271070712 0.03302611367127496
0.9868449647042162 0.010426262756104006 0.22565970869328913 0.03379026282526261
0.9892142059195423 0.01001288411274009 0.2336076367665986 0.03481163567000477
0.9896751754396745 0.011417381551178512 0.2334254509568863 0.0303766575957842
0.9887015977749177 0.009580850563669627 0.23612402334091584 0.039017831185192364
0.9885980008862101 0.01011601138942048 0.24476897975952544 0.032073749543629064
0.9883544489825911 0.009203196148740028 0.24562266475872485 0.03869686499144789
0.9891919567140616 0.007844664285551977 0.23975904723105917 0.0357449405840502
0.9838474463430872 0.00742977189985185 0.25625215235349885 0.04791326799316626
0.9838049182519368 0.008309615802222541 0.24968217310381136 0.0412453656892484
0.9802803460905359 0.007684294171909186 0.25882135266744605 0.03659206740870839
0.991950541730415 0.008084366248477314 0.25508453670693154 0.04581461730799018
0.9913500427696541 0.008845804493478791 0.2671571833354866 0.04969282411805687
0.9891842047613953 0.010046975041374815 0.26611142518174075 0.05190128606187
0.9882417784310124 0.008010191136671178 0.2815211600398526 0.04217421401192284
0.9860335303558653 0.010406783899271157 0.2753234645509217 0.05108882836449797
0.98614896431058 0.00962822901784678 0.27387972602976907 0.05176879856844318
0.9896973508209903 0.008293688147149363 0.2777062524985756 0.05632462242626989
0.994305659025234 0.010173865379701675 0.27952442919673487 0.06340206948618123
0.9829793993925299 0.01146812354905987 0.2797479130702107 0.06855852129927147
0.9866827521891496 0.012501990241817107 0.2925141126343796 0.07458192273013389
0.9838785102087388 0.015241372442713463 0.2974262517559106 0.09712013754566946
0.9871852868016913 0.016437429209374445 0.29975396545533295 0.08864254251933655
0.9888157430758044 0.01440184071949559 0.3104087035145042 0.06411511506845058
0.9815505751900746 0.015167228266323978 0.3117212644819972 0.10768124782154061
0.9857394185483043 0.0147956408993621 0.3161030978149753 0.07610324729392173
0.9902295531009021 0.01720923239744247 0.3248589183227889 0.07288414696902124
0.9873764600179694 0.01678965572488149 0.31501169537096385 0.07248917616927862
0.9874411872849779 0.017543273646915672 0.32010827539306846 0.07957141000167128
0.988147364274501 0.018088226271550403 0.33382326629779563 0.078393653603895
0.9811410860045299 0.016929391801556455 0.348623837921929 0.07756507136859782
0.9942622158054747 0.017248200015824038 0.35354761179377814 0.06012608012002135
0.9876501447762779 0.015285750176310276 0.35175129645362363 0.06811117617910717
0.9913805961089548 0.01684898408457025 0.35179863830232794 0.06109826207625719
0.9890192924930504 0.01510017326981873 0.37246746601969344 0.07518285704808186
0.9896306705631761 0.015996180768557345 0.3499262018554962 0.07808417997097242
0.9906073132626284 0.013474494706448507 0.3658082787097901 0.06307056134649175
0.9841762640424606 0.014371374313883615 0.3740071147439207 0.07038903675179795
0.9903978507106254 0.01655657544822853 0.3757810192916979 0.05987801440250122
0.9904992835623265 0.0172855380763701 0.383434011719868 0.05061769118632886
0.9885674467778365 0.016937316295261722 0.3833507220180621 0.056676490591702565
0.9868971472163773 0.01816000903521788 0.383429314663327 0.05933306510780299
0.9856623818888196 0.019756909232980274 0.38834696852855444 0.07497051886792452
0.9832587288452138 0.017723270205088897 0.4011683565041747 0.07163276067830479
0.9862919385873051 0.021071917516056825 0.4125095089867635 0.06723124548268761
0.9924660720181817 0.022191944300845826 0.42446920776488334 0.07356519250035781
0.9838866218551672 0.02398802671601178 0.42063573062931076 0.06838675977346456
0.9823671961226547 0.026547837247274986 0.4291171049874353 0.07176900468663118
0.991469512311601 0.028137152444529755 0.42722472145964613 0.08209327717984714
0.9907767929299822 0.02844308077535168 0.44686105082790784 0.07468482366083302
0.9920122006640958 0.02812993106261962 0.44720924489851915 0.07953754750307766
0.9923410280361722 0.029015695827808444 0.44791316913880164 0.08865938090061223
0.9912947287418238 0.030461555144182733 0.451066137026335 0.0955168521206257
0.9900233642671861 0.028715612213033988 0.4651108489507007 0.11042912783419112
0.9930057599623839 0.028617424366365857 0.48748992703375943 0.14918509340449868
0.9848901661941184 0.03012296540842496 0.4797205711992302 0.11770329546732651
0.9936387772971049 0.029068499659893835 0.46087011450688536 0.07264875239923224
0.9903640307390128 0.03647229725770834 0.5664578094491298 0.08885744897118211
0.9895581151386633 0.02916982393212734 0.48935965737998194 0.08178962345218138
0.9916891891891891 0.031039708105367745 0.5521741183674002 0.13758555475504322
0.9849588487857398 0.026323881612016202 0.44415193061872443 0.08989492609458125
0.9884490196661807 0.027424202770970633 0.46852050729211925 0.08150815722359636
0.9896767946058711 0.028387987860958624 0.48877844244329893 0.064522578903696
0.9884541680933758 0.02589953276278161 0.4479378808138906 0.06054951418827617
0.9901505130744229 0.027076167297503027 0.4546039863733664 0.062307041959171264
0.9862169631998341 0.027202408444285547 0.45677153846472324 0.0610247397593619
0.9912545526562394 0.027258939974457216 0.46524545437057074 0.057714397542692315
0.9912958750488996 0.02808884810949268 0.47045281621728113 0.05265238240843632
0.9914241114081395 0.02830464937884146 0.4948152463098657 0.05287638968099368
0.9957014872253009 0.029433326622168056 0.4690177991347178 0.049243151342309485
0.9910181743302612 0.029203544043790212 0.48612709808602844 0.058916128619829956
0.9887299116992555 0.02871495169462392 0.48724860802112446 0.06699265247400962
0.9899263686343858 0.028761723305356174 0.49338524581958215 0.08313359404566671
0.9848543684708659 0.0287550498319319 0.5177514646422973 0.09211396653519195
0.983963880731363 0.033030200965532726 0.5155672039285042 0.08217984600808076
0.9960159362549801 0.03601149573320584 0.5394238958002838 0.06893007287715727
0.9905172382587627 0.03621420148717968 0.5581906355096978 0.07868921946591849
0.982159299905987 0.03453336190832513 0.544217340500885 0.08062758322880467
0.9802955062501529 0.037665110921629344 0.568236917621984 0.08205138844226839
0.9828489697979257 0.04085059273951751 0.5691529106407244 0.0763879798792004
0.9880797726770719 0.04469290998100474 0.5894950299503401 0.07899171827665712
0.9857210438773738 0.0426449299396361 0.5888504017764276 0.08431123694230205
0.981239384944134 0.03822969669461631 0.598959377855026 0.10363039501895752
0.9891823026132597 0.03827290606872858 0.6185216298701143 0.08738868083653778
0.9849301804097441 0.04247783843607998 0.623914546564454 0.09349086770364749
0.9758983062535678 0.04054830427835329 0.6353181427343079 0.11333749950138947
0.9796051512248038 0.04677660120352661 0.647105576793872 0.10164556814608638
0.9873938776874464 0.04118421308258699 0.6666340724852537 0.08948022216062501
0.9865154705724646 0.04665153207459399 0.6652993689634571 0.1060042754902872
0.9927589856837263 0.049171472602195634 0.688366664548905 0.08266060987512429
0.9836602322198583 0.05595806955103147 0.709501629743086 0.08854625550660793
0.9902838537036724 0.06335351723106825 0.7175282211621467 0.0786190890629533
0.9896265640510616 0.07170507951027767 0.7444352108996866 0.08472448394756234
0.9835738415474793 0.07294166038253239 0.7491280065178119 0.09310946141198745
0.9916553716053733 0.08587873172417042 0.7672936676137131 0.06685838053006687
0.9877392573390961 0.08029795317268905 0.7662847743756859 0.06468083375147479
0.9814219467493757 0.10661620060260464 0.7693520836819555 0.06407526581813482
0.9898636629350498 0.14224580418745672 0.7570657306217209 0.054274658910683934
0.9928235166128482 0.24405730867617767 0.7997652807697775 0.05426683152608025
0.9916174141932586 0.21321686360980757 0.859781707466257 0.10419451274882918
0.9878184819954486 0.22047394999856262 0.865632497199169 0.11739326857917326
0.9878108928622734 0.21512326823404213 0.9010122843449575 0.21954662459520052
0.994627517487893 0.21778408919237394 0.8537190323568042 0.10207086073216214
0.9873137843055717 0.2318867845645721 0.8204984869610455 0.07370619330418325
0.990104559223823 0.224410140317324 0.7848640486802562 0.05785784426383637
0.9879684492036771 0.25148594030302374 0.8018107624580376 0.059025353134914305
0.9878727043171295 0.24489259465654473 0.7857454525511122 0.055538536482475656
0.9884923621606324 0.2697792308757282 0.8255642594879008 0.07334557734462942
0.9888834399885292 0.25091285296981497 0.7968550020954271 0.06315531335149864
0.9896752085636809 0.2711083886634362 0.7923248631920351 0.06195469585136167
0.9818205877753318 0.2777759991462569 0.7746986027557702 0.05963795244274738
0.9891050168780154 0.30095362752430815 0.7842679096371815 0.05858666541371047
0.9922862759334966 0.3323868677905945 0.7997570785421804 0.06696049754919088
0.9870458957503039 0.32699339886973455 0.8011770336395633 0.06526694292343863
0.9861126463225175 0.30393600146073696 0.7774101851315611 0.05673532648981334
0.9925211924013162 0.34109381780650005 0.7418712577985184 0.050698816602541684
0.9892770831912219 0.35872145888058193 0.7423343878065721 0.04619479325306744
0.9950606443786244 0.33372576343672666 0.7363470487445942 0.049527170077628795
0.9896444866434788 0.3334023481268573 0.6805854540173313 0.04078045500903067
0.9909291585089267 0.34269892369786664 0.690086949196202 0.04214127044144059
0.9871514551502236 0.3840309234764752 0.7060152980391934 0.04430421702910789
0.9900206970118614 0.3456288048801657 0.708958091791659 0.044422129775737576
0.9877955257040514 0.32836040995895494 0.6838742629796233 0.04205612922775693
0.9886506021231827 0.36307792631235736 0.696178413312383 0.04525812503782606
0.9921001056401902 0.3359130156699712 0.7124345415340384 0.04933165439752034
0.9892586022410381 0.3222246102886329 0.7177111532381819 0.05400736872584945
0.9820006246614955 0.33518869261592776 0.7092990466955906 0.05047284781125085
0.9855001970177246 0.3811633614114214 0.7043777228149514 0.05076132601525781
0.98944026131434 0.36955862378183063 0.7198184465842088 0.05546238540624027
0.9848179832651173 0.4177898335735074 0.7003147080052711 0.05224513452504423
0.9856465744354451 0.43715383241021977 0.6955353194092981 0.05038320244160196
0.9896826542827465 0.41140994956256 0.6912282283109368 0.050418650905227146
0.9935648133562504 0.4417706260801371 0.7372983955251958 0.06138589348591549
0.9902411394932078 0.4349267586955211 0.7249083412591063 0.062268031722383
0.9872717275045301 0.40328772659046297 0.7150781045699758 0.06058403276578166
0.9919512672756325 0.4400018904485089 0.7148290535238849 0.059294008593153036
0.9895356849045168 0.43637605642752747 0.7652212936754987 0.07492424831015461
0.9912012087693315 0.4254330846443854 0.7116903853004262 0.05997494325018296
0.9876893993641337 0.43974257393722815 0.7229515686614999 0.06518149661284639
0.9877079280295618 0.4218464204344896 0.7166393779860114 0.06717922541951127
0.9907323979920196 0.41022162684618385 0.7180229527054526 0.06568124698535198
0.9911672003890515 0.4452118033755586 0.767390097415043 0.08279734127471448
0.9928363673064925 0.4488050268778149 0.7874426232279771 0.09528459355700217
0.9921005064982847 0.4648576512455516 0.7650903897356516 0.08076372674549974
0.9914437752689124 0.386562228024369 0.7560763874270606 0.08902802448656029
0.9921600351664942 0.4959363078454138 0.7409232627664816 0.08314628316416052
0.9917858176954789 0.4529682274247492 0.7520534830976721 0.08312967666643784
0.9878479601116946 0.4400395237865716 0.7527942725530032 0.09276933226944108
0.9893473139647443 0.45336008024072216 0.7435521616275067 0.0889209613727023
0.9803632019982457 0.42968856064514377 0.744088029084885 0.09231926741068856
0.9959259200611678 0.42697567595782443 0.7246915499285137 0.0885726442615273
0.985651278312194 0.41930717968062364 0.7510554493405626 0.10011718076856799
0.990189505477127 0.3926945328814488 0.7627166679795465 0.10258659896077665
0.9898836064881774 0.3400315082146417 0.7612116643039362 0.1100461687126445
0.9860302485163818 0.3227848101265823 0.7524196703904741 0.11066413847770899
0.9924455080813037 0.186283325637349 0.7689671293718073 0.12898002415541762
0.9933651399068395 0.3062329764996516 0.7486583083654247 0.11610621610991398
0.9925425146361863 0.2655078617395343 0.7488869847467842 0.11850535723900285
0.9906710215154123 0.3043992499639406 0.7480388525368049 0.1252493046604708
0.9847053084433143 0.32289690069576216 0.7534291056215483 0.12861390022504077
0.9887937170313772 0.33798054848269815 0.6990362834818246 0.10941604893687991
0.9890528441872286 0.34275564731600683 0.7435326551591656 0.13752002750335685
0.9924091621480428 0.3488059844634123 0.7273820569214322 0.13150390841681384
0.9883760217053734 0.33414119794781405 0.7598461350529669 0.15708830308026175
0.9913707703831033 0.2867976059038875 0.7235714795687666 0.14261692556058
0.9819747979143741 0.3048691975133327 0.7592630853994491 0.16714188278741704
0.9888485626579101 0.31743432761443724 0.8003537489939844 0.19978883643558942
0.988112188908602 0.25700966850828727 0.7445522579318112 0.16517588956073645
0.9934043241929292 0.2238216448696568 0.7719536458341947 0.18233967855187297
0.9913739463527033 0.09766006484628306 0.715560370977474 0.16288956326692175
0.9911587401327416 0.069883100902379 0.7160967417027252 0.16377115412949803
0.9922571039826121 0.035683453237410075 0.6950067991933628 0.16496865487096798
0.9893703556313088 0.021389681099299975 0.6952803214776053 0.16941555165869945
0.991930970854697 0.01747976618705036 0.7309375040510234 0.1965882095523881
0.994271520529697 0.005992329817833174 0.7133595973496926 0.1860395217576613
0.9912642036397026 0.0001974463604054232 0.723904861482572 0.2045706722659807
0.9912588952356639 0.0023112989500099056 0.7695350928913973 0.2490688161968854
0.9936900468334777 0.0 0.7519649991669579 0.24687244195626024
0.9890510254677155 0.0019601437438745506 0.7805193964121495 0.281725380013758
0.9888432899074723 0.0 0.7547589915011075 0.2773631446620608
0.995022411124388 0.015044876347904695 0.7945270458969518 0.32175959060979104
0.9939217492875771 0.0 0.7820696881312559 0.3265824632721413
0.9925264400733539 0.010526315789473684 0.8198850630402279 0.4028948860731252
0.9910127268683607 0.0015365952284674485 0.83962085031182 0.4543467513205485
0.9911871416533518 0.006627218934911243 0.8395183802392514 0.473129877545841
0.9890985852973668 0.027481848408767048 0.7947331485315274 0.43528058951277687
0.9959463044914796 0.00420273491406348 0.8438074299465735 0.5269546997745646
0.9924045306395831 0.024756530445071447 0.8581153053898279 0.5781123387205287
0.9908731690785153 0.0030005000833472247 0.8660916002980226 0.6328758849390488
0.9916878928186131 0.001850917045263335 0.8669346021802388 0.6574261287537893
0.9877316838173944 0.01038553118192411 0.8692378460057105 0.6984127864108349
0.9864231792862584 0.005445989531010416 0.8576579495032788 0.7086693497482718
0.9966336601955261 0.01136842105263158 0.8700218520094348 0.7490547539076426
0.9925456427929791 0.009328063241106719 0.8504301729476363 0.7529759872538978
0.9941936183406613 0.0022104332449160036 0.8409628557511006 0.7749850191589839
0.9962570848037643 0.0044506717217505974 0.8444606072766185 0.7923595699916419
0.9874096802929823 0.002120462462765689 0.8059450551962956 0.8928639458552664
