0.9884890111807079 0.008253928638280046 0.18107462565926405 0.40290088638195004
0.9842092542363778 0.006921004056104778 0.1910383566040764 0.30513595166163143
0.9891036179429882 0.0058559737704122735 0.196957604173812 0.41237402015677493
0.9846907796714666 0.008667666975615206 0.19588720656361497 0.48040638606676345
0.9844708481062525 0.00968083573925552 0.2043001609231179 0.36363636363636365
0.9869954930101069 0.007792258889489992 0.18150377589145542 0.3081410766374967
0.9907471140747114 0.006292779863104438 0.18475830145377153 0.4814356435643564
0.9766685108180299 0.006532153130707246 0.1767334225655498 0.3958479122929788
0.9875744991356387 0.006541718932396113 0.189016475364913 0.26595474192728197
0.9834161053287468 0.0066452797844985916 0.20097477887751372 0.5624496373892023
0.9914220363061574 0.006743966268561142 0.19262794824376203 0.5577749683944374
0.9830223155658081 0.007197907271488919 0.19917106488668115 0.49429368501141263
0.9898877014988775 0.009620251691616679 0.19625595447150926 0.3675024582104228
0.9829615392655607 0.009181632042429114 0.19953428398883588 0.3938856889676562
0.9886459976340694 0.009550880511739992 0.2060057645240995 0.42305848513902206
0.9816074884666415 0.010052119940111716 0.19063475025270465 0.4741086587436333
0.9882778336341502 0.012640990547585758 0.19934200345499506 0.39977298524404087
0.989158044432904 0.013413201622567905 0.1986703460122309 0.4464880014012962
0.9871951685650944 0.014275190094987273 0.20667657110793716 0.41913809082483783
0.9826112891695743 0.014018250902759538 0.2094829323531952 0.4973637961335677
0.9829309554858492 0.0150913757268582 0.2149648944579772 0.5217207035388853
0.9887176452426285 0.016163531430606594 0.2021656961067586 0.5238197424892704
0.9872736547688353 0.015831054928379853 0.220557828551907 0.6125699526474386
0.9910892980710759 0.017300597224093224 0.22544465908044722 0.5468679585398828
0.990773627081641 0.01628361082889848 0.22174347895009502 0.5742142693278275
0.9944305207463102 0.017446214189226487 0.22171073594229562 0.561176732783597
0.9860414331765821 0.017415589206938486 0.22544676040507802 0.6394340483797353
0.9881628054116218 0.01798218788391596 0.23418909540039753 0.6651038178164769
0.9881154996671074 0.01779923802453586 0.22816304021669492 0.5317651789304383
0.9918846937918322 0.017899847436164216 0.23495255148874553 0.4619124797406807
0.9910029383778478 0.018757990247655253 0.22921953792560276 0.43248683803034993
0.9886797103533105 0.017451680838370696 0.23187863223898858 0.3362487852283771
0.9890235031051049 0.018136050491450527 0.23117315959055393 0.2987876837249222
0.9924456467041909 0.017315635096552172 0.23747226594352683 0.27216985448888076
0.991847836101703 0.01791926719929664 0.23709252853247148 0.312186279977691
0.992168677654725 0.01620559427676625 0.23707050657237905 0.3628173628173628
0.9914454183422958 0.01664063121917229 0.24460717804430168 0.22826253642079436
0.9912845092775829 0.015214017972768595 0.24400029608723864 0.5720064724919094
0.990770154880708 0.014159659911710235 0.2446176007963526 0.1730429358561181
0.9849066394464022 0.013740748051970106 0.2603271324996082 0.6412652767792955
0.985981881410052 0.013948222919528352 0.25528547086238473 0.35811384876805435
0.9825465802703992 0.013011719291510711 0.2660005088162195 0.35763446342085137
0.9944007672097739 0.014505247258531312 0.2630914486191715 0.4130099228224917
0.9930146250761065 0.014348507208057052 0.2737156833993505 0.46909143185738933
0.9914869878532919 0.015467561942413688 0.2702285289967155 0.44631550586016433
0.9896992996756474 0.012989954801901073 0.2829257845723041 0.2868890977443609
0.9871190093211252 0.016175489756715417 0.27849448835710716 0.6538335517693316
0.9875094630182013 0.015876652652162253 0.2820063544928644 0.34138023871488826
0.9901631700430723 0.015278006229207235 0.28375214346628685 0.45502092050209203
0.995852403299002 0.017046383228931622 0.28580250663881684 0.36321497288787824
0.983739651465947 0.017250040790388926 0.2868258675742793 0.6783978548684431
0.9897442951300861 0.018517952101512285 0.29738177342761274 0.7829076620825147
0.9864094733561857 0.01987974937799489 0.3026930720528627 0.8049382716049382
0.9889323954229056 0.021565220122752245 0.3038078980204044 0.8032691185055458
0.9922063173816145 0.019028543965709528 0.3172315217736556 0.5523255813953488
0.984422280581976 0.021720898639656958 0.31518326441658046 0.80042689434365
0.9887564542965384 0.021366546527365908 0.32068716384362206 0.7477284874398717
0.9940323143449539 0.023549722937456247 0.33036689934557545 0.7323362558019598
0.9912067281888319 0.02240325385085416 0.32242279269459934 0.804147465437788
0.9892654937205422 0.02402900534176934 0.32740963659008954 0.7733779512920618
0.9898628802148411 0.022235518593282166 0.34313163528760465 0.7589486425730589
0.9835474231560108 0.02325174204091576 0.36031865876005503 0.7994960403167747
0.9975793923190867 0.023157929174788008 0.3598871544659408 0.7008224811514736
0.9885702938473545 0.02226994342824094 0.36173902476274306 0.5697574190370644
0.9921388536666278 0.021559023945455925 0.3656203096927471 0.4137675795706884
0.9899080215979428 0.01950157052506473 0.3866721166716088 0.7908145580589255
0.9916751999944082 0.019377860072753692 0.3588307372013986 0.7763373810305219
0.9933514954448253 0.018022984005471032 0.37388499383045487 0.6225014277555683
0.986428837424166 0.018449987221013868 0.38084178988533796 0.5326594935333115
0.9913305513077613 0.02088506961038758 0.3796695100767785 0.31241778479347543
0.9912180490661185 0.020866281128289862 0.38739337658694145 0.24591201603544677
0.9892652883767742 0.02087930298803299 0.3862724077089794 0.31114616831502945
0.9879118694568125 0.02142537596820591 0.3826121685846325 0.29839002542065124
0.9870871119328803 0.024981629207904407 0.39571461609435654 0.36871548968323165
0.9860156153357441 0.023368913536893497 0.40454379537265783 0.43576061078729167
0.9865241372153665 0.026281758142147837 0.41865909523881645 0.7296473661297345
0.9936220754287202 0.028064547219430254 0.42909128825400134 0.8132259563264674
0.9871453362308139 0.029741218171496615 0.42800215047913764 0.5717157384415277
0.9847469278508333 0.0310956832690428 0.4387396619776947 0.6032328327410295
0.9919079463250977 0.03267206051130458 0.4429303528643877 0.5982060717571297
0.9918581500369006 0.03472953062513155 0.45610902331923736 0.4290325059555829
0.9932693556192972 0.03538575310839085 0.46496234518463664 0.41165980795610424
0.9933430950661626 0.03472066836515032 0.4765685063096091 0.37637244678893456
0.9924783453298173 0.03716445843148574 0.4819284605458797 0.4951980792316927
0.9908310897811073 0.035457798787886644 0.5018016942304893 0.49730715055099844
0.9927396445950296 0.03563637792902858 0.5103495758732046 0.5707191290230159
0.9859936203698499 0.036528779245245474 0.5119736637267391 0.5164050170279924
0.9948117904213137 0.037189819983538555 0.4987879233686413 0.2364190687361419
0.9918607375971041 0.04645587178163189 0.5988616820431281 0.3180649230918531
0.9915194505086438 0.03721872366404109 0.5130149807406733 0.3402600352012718
0.9929232702315051 0.03997954043821268 0.5687721235345695 0.4650415015329395
0.9863284469091974 0.03201263980264376 0.45492498949206245 0.4001261431725008
0.9892697069163737 0.03454555269073959 0.4923312164505873 0.35546767726698525
0.9903384818399795 0.035359030900634573 0.5002629943870291 0.3103979955671196
0.989881236980637 0.03192155696447803 0.464490178818117 0.3007661023361392
0.9919528058566226 0.032287777060371954 0.4692255571777726 0.2420540620822813
0.9873973025382559 0.03493629580011645 0.4751450189969237 0.18235914635795625
0.991645082021651 0.034283983847190856 0.4817945519655575 0.28363378400934736
0.992010306788764 0.03479390723565563 0.47931274351726383 0.3055225522552255
0.991532712873437 0.033764129519532546 0.4999069875314974 0.27542290112122514
0.9961359919184145 0.0352414632982253 0.47946962731793225 0.2665575843218921
0.9911654321046436 0.03593147935642926 0.4953479911446242 0.24175095340739514
0.9894913066279398 0.03597022798620761 0.4960503582385063 0.2372094453326774
0.9906635411162377 0.03612505408557943 0.5076296593526329 0.2845841866441794
0.9852867667574964 0.03735971033392062 0.533091061060226 0.31124878830024866
0.9848545842966953 0.040224335679825016 0.530316183139655 0.28852183222451633
0.9956631496405802 0.04387069874758624 0.5538550648239216 0.24746011369888135
0.9909272539500227 0.04546377559479786 0.5755052933189666 0.40373426425473397
0.9837145791795058 0.04219545284857094 0.5649695416530692 0.49197592778335003
0.9816744353297023 0.04478895399814874 0.5820007225570916 0.6092797035435806
0.9843418999205443 0.04666771528233977 0.5799582917419382 0.5638038093909161
0.989257106918553 0.05262322345074063 0.6062173757541095 0.7659467604218986
0.9862215002975633 0.05045587358669416 0.6079034009658966 0.6418125331514738
0.982444115742339 0.04662904841001901 0.6174347403228944 0.8745548885949741
0.990321120629375 0.04867818220404223 0.6369020217729393 0.7965931863727455
0.9857071156144029 0.04994233159439817 0.6439890682875793 0.7484822202948829
0.9768010095513985 0.05028657358840559 0.6601160501757195 0.7722212082496805
0.9799513623530285 0.05567846004695549 0.6714728695302652 0.5610724279299798
0.9873953685726409 0.0494324289408834 0.6882929912989176 0.6098455462303406
0.9866984442685771 0.052674176965984906 0.6913486172339788 0.6995897515287561
0.9935673935015787 0.05617052468316106 0.719370729746799 0.5850115549686365
0.9835004128455802 0.06187757044288093 0.7346012052029494 0.740486744166597
0.9903916405715703 0.06767517356839825 0.7491746260186141 0.5172317018410417
0.9894218481754463 0.07969188420058777 0.7744392486266881 0.548281990521327
0.9833985962603639 0.08255470461399847 0.7715805195456773 0.365681862649188
0.9921318474982799 0.09549430234803963 0.7991421630355184 0.2510139208593664
0.9887970268345538 0.08739182372100618 0.8173625353093681 0.37111524605091256
0.982582564435699 0.1218468660290677 0.8218619562867039 0.1784282277465918
0.9905736303092493 0.15092637151106833 0.8278506978090432 0.11952000932020737
0.9933203003762741 0.2502397420987125 0.8965766117698621 0.16009076217372142
0.9930297721154258 0.23014521591061282 0.9069322126394933 0.24693320089396573
0.9893215474410303 0.23318817193848787 0.9267561855429483 0.7390003648303539
0.9898939716978534 0.22087927622278766 0.9252532599515907 0.5528577567683713
0.9956683495294869 0.24196328135481274 0.9347494053535208 0.7640782045986507
0.988162603028974 0.25 0.9269330470847179 0.4793240469848478
0.9910097391492196 0.24406096810685296 0.9161597045851919 0.34877472402965265
0.9888435229479295 0.2844528855124617 0.9241142107984223 0.32680018345818684
0.9888559506142527 0.27294181034482756 0.9180260494424263 0.28693658874643496
0.9899277127007412 0.2935705049495268 0.9306063433891896 0.4535391904586856
0.9894290023078888 0.27758373354955407 0.9152854899037952 0.29708134217152254
0.9912046124242234 0.2919076767563318 0.9115022639068564 0.23411851449415966
0.9839297765277779 0.29277992617331694 0.9029509239137891 0.2214279410466861
0.9901911971536664 0.3224838686635396 0.908448847598569 0.2023569189357756
0.993045964596314 0.3407267066504157 0.8985252777780022 0.16700298858208384
0.9881034165787768 0.35692862153206106 0.8996256243298126 0.16897740022439495
0.9871987192645975 0.315773493244269 0.8757062555846972 0.12567096947026898
0.9938994559899809 0.3475794341286678 0.8264269319051263 0.08021961172835138
0.9907140464663073 0.3694230156200191 0.8453559546659724 0.08519345238095238
0.9962966495009219 0.34701579120919385 0.8324141596031814 0.08355287462829387
0.9910975224294294 0.3451564828614009 0.8000434000817986 0.06936051186676467
0.9919826520970125 0.36775855543482244 0.8242581643276694 0.08148037434753616
0.9879390359921381 0.3892317566900365 0.8311248131418436 0.08462224408843516
0.9910643210158608 0.3611336442912188 0.8376272252994504 0.08947133473630509
0.9898947242493121 0.36428589687875457 0.8304777050584133 0.08736372106530499
0.9889847181687956 0.3760247403990989 0.8206071945366569 0.0834667801431147
0.9937911693732473 0.35203125204829383 0.8226855455345702 0.08750742763362666
0.9919168305783227 0.3498839054977634 0.8294561611785238 0.09634177722721914
0.9850291801142406 0.36930168799053864 0.8243732156911 0.09139359864124864
0.9875734276200098 0.4045363976308104 0.841863478414512 0.10420242904528969
0.9910973535391822 0.37973946484671217 0.8385442791986261 0.10391502238227424
0.9861862473712066 0.4334560910639165 0.8465085578986336 0.11089908640587628
0.987536355211545 0.43870897966751127 0.8691138150853845 0.1310495840368854
0.9916227952196134 0.4258913676591173 0.8556069267682036 0.11967568401635607
0.9955451632701162 0.46175349042128133 0.8690975922743981 0.13300165347820952
0.991308576296286 0.4556633102872257 0.8865274284733875 0.16570779238209427
0.9882102640190901 0.4083181770355785 0.8834956561805106 0.16652785613855978
0.9926637844026333 0.4554551011872205 0.8779404649399895 0.15145920048387995
0.990766259862842 0.45854252985620275 0.8969557792096949 0.18923122354562458
0.9917443914451918 0.41778734086426395 0.8781135483393568 0.15693032060772275
0.9883368162487168 0.4162565699173111 0.8873347344271284 0.1825126176510708
0.988374475884348 0.42089650086044417 0.8992167671402981 0.2186027602885377
0.9911690443053323 0.41083267387672556 0.9007499779418252 0.21292050480866778
0.991679742340408 0.4183588580071847 0.9061747736847464 0.22957809929910214
0.9937163612008528 0.4323688765144104 0.9227943255825732 0.28730481323924817
0.9921539593509539 0.4439952576237585 0.9006673463713041 0.2088247138008399
0.9915586820548093 0.40064392227745144 0.92502394803172 0.3256641176627321
0.9918337002567504 0.4726738152888274 0.9294145686618976 0.31666015206344805
0.9922281995482153 0.4407863571766935 0.928373974717259 0.29866117404737386
0.9884626458450444 0.4450003733851094 0.9271888647346457 0.3214376198921423
0.9891737321391604 0.4501256871357145 0.9157928418976603 0.27511299173281445
0.9812110381184748 0.41156481689507973 0.9119652669585202 0.2866485983068761
0.9961442452662665 0.42970033422081233 0.9193401676203609 0.2881844380403458
0.9855845155171411 0.380532979309005 0.9208073357630366 0.32445993185051225
0.9905903681003456 0.3983532987031344 0.924464641583602 0.3139872063598944
0.99016141412593 0.35495606809445357 0.921300773902064 0.32754563979748325
0.9863552289349345 0.3538771613450727 0.9219617764922321 0.3417974383352384
0.9925568275980198 0.2031693345468173 0.9311421059238458 0.43844442443961473
0.9939386354675657 0.3124117979113745 0.926310252403867 0.36438040345821326
0.993224250214888 0.27179312175330833 0.9235475909525106 0.35693936106576907
0.9905233107119389 0.3071329533199815 0.924773914106875 0.40012254901960786
0.9852119430197921 0.35364081382897355 0.9156687114125169 0.3559355586768601
0.9893135440105524 0.40395466120737006 0.9113529627012021 0.32848636945182563
0.9891889000095851 0.34671743786760956 0.9160219331886916 0.38104492047571287
0.9912961764623133 0.3689352240002916 0.9062805748524018 0.3424792227554723
0.9873822594363008 0.33314467633533784 0.9148181662341252 0.3990592259995724
0.9907357017199702 0.3360912117848855 0.9212668076081193 0.42487566529971205
0.9825456697848239 0.3358134737927732 0.930926494968108 0.4963779186091207
0.9888854668221486 0.32007612537382996 0.9444546303156643 0.5647246933585157
0.987624705803882 0.27684877019238574 0.9458261415996405 0.5943447407825351
0.9937360098202036 0.22361497326203209 0.9502761653881538 0.5930623215185621
0.9916972219589891 0.13486440263865135 0.9404010797161964 0.5564718732932824
0.9918795268845707 0.14167056014120336 0.9373220305430559 0.5368754619521354
0.9917308467792121 0.03709794437726723 0.9236438858824763 0.49874046165935915
0.9893508658209094 0.004033613445378151 0.9287075796385501 0.5288745088278993
0.9916476936975304 0.008113468357473405 0.9341570484244384 0.5623012778211051
0.9943008800111748 0.008106041294927351 0.9281776031903837 0.5359863800808683
0.9911653950769521 0.004496011602610588 0.9366539202503168 0.5863576395079336
0.9901628888860543 0.0 0.9466121127792968 0.6469728012352277
0.9931715541792665 0.0 0.9333845253706594 0.5747895518692746
0.9885023510137003 0.0 0.9281004491060865 0.5766988309185126
0.9893686724311526 0.0 0.9141868500677759 0.5508218187194095
0.994881845106812 0.007109215320359016 0.9387556124438755 0.6471133586177834
0.9934485914597531 0.00025131942699170643 0.9544325856029546 0.7502527542055039
0.9921359518361585 0.0 0.9647218177163946 0.8347140013532955
0.9905888115313298 0.0005051525560719338 0.9729358092912678 0.9027906056207943
0.9886993931109281 0.0 0.970228992489971 0.8988849186791523
0.9881169083763889 0.005082872928176795 0.9479711967680094 0.8054752018513494
0.9946416686266758 0.004166399589769887 0.9614278451915214 0.8724250552870833
0.992325487002881 0.0235239852398524 0.964656022219504 0.8870954763403656
0.9902756192868953 0.0 0.9483042997525006 0.8402019188817804
0.9902755892291486 0.0 0.9422160116837301 0.8452514625670383
0.986631746189365 0.0054235392787251886 0.9365067327699388 0.8590508746533652
0.9866157473730048 0.0019954045229169186 0.9326075827883081 0.8636046519070386
0.9959878489844589 0.0063595068137573 0.9346673171909217 0.8704795288839036
0.9922797645860671 0.01248767663489977 0.9219268392789958 0.8621362952530329
0.9945965575904108 0.0029940119760479044 0.9379479164272416 0.906310847169611
0.9967454984663602 0.008009060755602298 0.9326675674087999 0.9072928883676298
0.9858899626642824 0.008205855536419816 0.5583568791992453 0.54975529962497
