0.9890747937642016 0.006245004244225723 0.1813330851317829 0.2167227998242788
0.9848408611464908 0.00569231662372656 0.19065744944548974 0.31657638136511373
0.989489924162362 0.005433958908843268 0.19659669129042256 0.4159201433324802
0.9845423782645147 0.006353057238921662 0.19563964494044964 0.35770609318996416
0.9852577202343477 0.008091626607769261 0.20447194035699717 0.30809743252139565
0.9871637257312535 0.0050695950226867575 0.18114509064168557 0.4216255442670537
0.9902552226345416 0.004769789056738316 0.18473515437917154 0.26959498003422705
0.9774848304580607 0.006163540972765862 0.1768323054419959 0.4808707124010554
0.9869247220264662 0.004880573479476439 0.18871254403318666 0.46189659397206567
0.9831422369153315 0.005950900420098121 0.20029441359519995 0.5036351619299405
0.9911254910454962 0.005405729609042311 0.19222559122963923 0.5871043376318874
0.9835640861695849 0.005401449441045739 0.19893746925906788 0.5591098748261474
0.9892678076175249 0.006747078157292169 0.19531614978433115 0.4391222274657858
0.9823352527820532 0.007841577268320144 0.19888211484731996 0.4905542869005605
0.9887297606259793 0.007981221118964054 0.20721416639872012 0.16141820629815246
0.9823395447402663 0.0075502547408067035 0.19066028021196926 0.2771264367816092
0.9881135373400634 0.0104213981048958 0.20024970988886084 0.16426294215879764
0.9899237489135753 0.01083095043842626 0.20081818262047896 0.16371174513119852
0.9862760077829372 0.011354157988611715 0.2079789919073509 0.131223005228461
0.9824611230040815 0.011061711263469573 0.21110787808835393 0.134176487496407
0.9834888265663242 0.012742158967253349 0.21688804816195262 0.12116200870955295
0.989211842417595 0.014186091475691614 0.2032604382828152 0.1883100800792537
0.987761870068058 0.013096940889396901 0.22192512057148184 0.23193713282978562
0.9904810476785982 0.015562100564916265 0.22837779965359922 0.11601163811019258
0.9889509030645499 0.01413304029946225 0.223656509008916 0.12800353790968502
0.9937465780755561 0.015223163300182566 0.22475331649501987 0.12316676325056836
0.9861293088109219 0.015322645088299988 0.22887621365460384 0.12131336880749083
0.9866220073627291 0.015970251140732226 0.2360765518826117 0.16348029652750684
0.9872653181737231 0.0151807744271086 0.23256221666134652 0.08240917184717753
0.9927797150684413 0.01513973815115677 0.24039055720498298 0.07552062231585771
0.9906129065058886 0.016973214643936956 0.23381348996907944 0.08026315789473684
0.9873732006569413 0.01592471504682199 0.23862398328482948 0.04862575902844359
0.9880765200759687 0.015388668817342658 0.23577162040945546 0.041798245614035084
0.9927579541619366 0.01517263195301034 0.24340478288893858 0.04316406834435501
0.9913665355031583 0.016423417379779766 0.24162512858338323 0.0313745487727962
0.9922940595698754 0.014475972853967737 0.24484757142552574 0.044243079510545916
0.9915965975274322 0.014628813508484691 0.251206635316329 0.04492227226500073
0.9911564334375937 0.013157608622494571 0.2512481606481015 0.06846299476070973
0.9899269935828054 0.012622783280785813 0.24626892297224975 0.04374431071103469
0.9840147327856821 0.012461118719279808 0.26586236690507653 0.06320577439806115
0.9857822054495826 0.012524854862309578 0.25699464974797176 0.057222152925034304
0.9840308099887161 0.011388904589795738 0.2685653085421807 0.04761685964589842
0.9934640522875817 0.01392666921542031 0.26694039850992224 0.06340704340704341
0.9918576309162751 0.01210344499730612 0.2776949774604061 0.06637227097093477
0.9924269247914411 0.015303187806811502 0.2758661107614852 0.1000147732309056
0.9886248045449473 0.012028691865204126 0.2894745588351666 0.06846510947837847
0.9861240772240943 0.014084314550042052 0.28349174934477456 0.10466855403023342
0.9861448922301487 0.014575963335691732 0.2860215476101634 0.06875022109024019
0.9889409342426972 0.014255250719396588 0.2887256705624102 0.08700518759282777
0.9959000181677384 0.01532756594473456 0.29050562583072514 0.08268004186331233
0.9829349455901416 0.01669304086246841 0.2887429604085513 0.15209863389017847
0.9903480457600299 0.016047619983276678 0.2990320551737915 0.22181219484500966
0.9851755361477067 0.017435761959891532 0.30410051986815473 0.27103033280117894
0.9890166184616893 0.020117212040710094 0.3052978150254415 0.2983789260385005
0.993100740135578 0.01688083856979613 0.32006384535593385 0.1475593641132423
0.9848036394199855 0.01874537807358107 0.31451527032374643 0.7831240049531223
0.9890803973498868 0.018545975834527953 0.32208067409437935 0.2776881720430108
0.9936236678785426 0.021716276409683214 0.3300976132690663 0.490715870606096
0.9918768563091167 0.020187460896459727 0.32283682883525605 0.5213794710474193
0.9894864778471342 0.02058907840045865 0.32652312010275963 0.550986151909358
0.9899741810403083 0.020913779220220422 0.3424395386545811 0.3730331217943145
0.9843387612182664 0.019905352807625586 0.36060359137357656 0.46259364777883294
0.9967333695904076 0.020372448568782963 0.3587915731796991 0.5707447557370126
0.9893980938966594 0.018732280921666514 0.3616178819741839 0.5861047529285041
0.9910915223393212 0.02011363929188033 0.3647724217099599 0.31618952901896713
0.9905719433600517 0.01842444280223476 0.38697439217791474 0.677731673582296
0.9903569039239071 0.01783781738373633 0.35761469609253094 0.745114276250414
0.9936358994298777 0.016027779423546048 0.37303054887600895 0.5215217656383367
0.9865987554052 0.01569598854204576 0.3819248771250951 0.30197437238493724
0.9920956248163977 0.019193388162905542 0.3820562875541172 0.25026028823497176
0.9912578266280939 0.020265708873785006 0.39078502019871164 0.1827856911621884
0.9901455707907321 0.019731358197331846 0.3886346911979017 0.27408555143600244
0.9882465330983757 0.020200916520655535 0.3848653172606025 0.28736998514115897
0.9881890943973141 0.023892913560989562 0.39630147709918767 0.28732082507866213
0.9858605160311501 0.021628731969923445 0.4049859480377224 0.3693287533991699
0.9849696741782136 0.024393223320420977 0.41745251270270767 0.6005820298290288
0.9925689778309846 0.026923188148343997 0.4282152748394045 0.7440806781642795
0.9861363772904777 0.028297902099838942 0.4273768728482488 0.5228487294143309
0.9850815196530017 0.029677087149831166 0.43789028725141704 0.5184349872524024
0.990543822603972 0.030149923435775078 0.4411948064935767 0.5596164091635589
0.9912310134724167 0.031137528869890085 0.45496709987993605 0.4212434433816723
0.9926135572664617 0.03316636399716172 0.4636723544373489 0.3915795083605356
0.9917724289870354 0.0333832543346354 0.47664745924910923 0.4001862569014834
0.9926233325083602 0.03533310453958882 0.4806778341112589 0.43378119001919385
0.9909532822297368 0.03383075219265887 0.49648234635547545 0.3203679793415107
0.9910777056487912 0.033696927584873256 0.5052263728556458 0.3879668049792531
0.9864055412844897 0.03526661889026025 0.5087704288208831 0.3830255057167986
0.9943719461713572 0.03409192805007084 0.49754502287666513 0.2260940346525059
0.9926111245195053 0.04344207015134853 0.5954418929458333 0.2598095083034842
0.9922498217636355 0.03557390295824214 0.5071077144626467 0.24045461899369033
0.993942756081544 0.03776894055266646 0.5620526105630168 0.2832955544247583
0.9868528059597451 0.03126221816760068 0.44594392508255226 0.2338616875162404
0.9890880405114378 0.033627396311423974 0.4840800134389497 0.22980855251386653
0.9892584573974538 0.03518974943601024 0.48928895925221216 0.20540540540540542
0.9910524027223566 0.03178471990701111 0.45343423943275335 0.17060381355932203
0.9939562445112894 0.03196940956854244 0.46760793208529317 0.13789309807991698
0.9883136210542806 0.03260849523364658 0.4655799540864751 0.0973347119306106
0.9923230083954266 0.03273722060581629 0.4791682471471817 0.12979869577544656
0.9926335841922657 0.033419728430219994 0.47292410569369603 0.14736797758726014
0.9912632537056125 0.033296850918814395 0.4880442837301025 0.14146283401773493
0.9952708760476783 0.034820406736114425 0.4594000133106727 0.126939227295887
0.9912903678775344 0.033610447523491 0.47411270549788104 0.11682423306965078
0.98905290424197 0.033625935595330586 0.4839587751196796 0.16741502353528123
0.9911369901227913 0.03447413905101147 0.505392375352179 0.21337733906619027
0.9845392563135522 0.03600196216760586 0.5341706003126366 0.294215729088094
0.9855362111285674 0.03843692047939329 0.5304106075303076 0.25978451688410037
0.9964287174406049 0.041530435151442315 0.5544091417466358 0.21821692951400065
0.9901186366491869 0.04371242298109773 0.5741821230373007 0.35141087405368204
0.9846268921840278 0.041723755939713725 0.5634379983819715 0.4122933718504253
0.9826408678954514 0.042771822904638795 0.5804409934150304 0.5488372093023256
0.9840761924583044 0.04439433991603172 0.5788794651577495 0.5069767441860465
0.9900098703379498 0.04964632391810748 0.6058726539148401 0.7409411537346604
0.9860377666966402 0.0496416994187764 0.6087148090554 0.5971662730934852
0.983294217539245 0.04556326142081223 0.6176964762681485 0.7288006111535523
0.9898726234389131 0.04681397119076241 0.6362556025736646 0.7413441955193483
0.9855396738881277 0.0472510130091704 0.6433142607745512 0.7290121375590021
0.9772708699382994 0.05076303303661703 0.6607466425991114 0.796148738379814
0.9806934594168637 0.053077638459848864 0.6729239687766012 0.6485727300334042
0.9877847953998223 0.04652677967921485 0.6876274935705579 0.5839347136979834
0.9869177140344464 0.052752544598883656 0.6914085920197731 0.6976374375283961
0.9925189471748461 0.05503423856410693 0.7207085626276923 0.7140050298648224
0.9842929430806792 0.06296920006350502 0.7353770433524771 0.7522671412831596
0.9909819314237519 0.06498412087383312 0.7509044340300598 0.5866440720517165
0.9903998574888082 0.0752873697218401 0.7758559055518489 0.6134420623438116
0.9842420704716114 0.07900941366788855 0.779927356234562 0.6392383543012581
0.9927373166648236 0.09361839718616426 0.8135414221104399 0.5232226406481798
0.9886385666329957 0.08223285184579782 0.8231887397834229 0.5647421186133591
0.9826660727632364 0.11811126525524257 0.8483308554999321 0.545232131414924
0.9898897682093425 0.1389245059264744 0.8716361630663082 0.4221554454641436
0.9921990002074669 0.2532971811531181 0.9144237268078205 0.2570824303506619
0.9871225895032791 0.22747074153499958 0.9139476489058314 0.3744674433510538
0.9830633196132861 0.22940045819904478 0.9186822425842323 0.5742052473508245
0.9915909050101448 0.2246964995097494 0.9302443031674025 0.7367635562504442
0.9961086738643797 0.2506225524132301 0.9305286061068578 0.534215393370323
0.9885288079398807 0.2588707090150786 0.9284517443897246 0.5180361184240913
0.992066034781294 0.2538104310550131 0.9189443034835748 0.3714246377310433
0.9888321159953504 0.28050862489468315 0.9165351793905273 0.2590678627145086
0.990353210181118 0.27723242729560155 0.9085933206168568 0.21583655173793848
0.9910053661920268 0.30566033633725037 0.9070304370184112 0.20156181738750545
0.9895893768070237 0.276954852708003 0.8833958090087876 0.14859309161234135
0.9929013543849328 0.2930149871731401 0.8663976394684757 0.11219876050942511
0.9849198619678005 0.2911010061069373 0.8577020250972486 0.11196935055304949
0.9911562270765193 0.3202920299175837 0.8703091505462435 0.1135624368280805
0.9931867270943416 0.3258557902403496 0.8489971860471879 0.09514598015245218
0.9892813211721121 0.35115158795337265 0.8392778230637422 0.08471513818048472
0.9884417075081531 0.29241682227624516 0.8111950694008184 0.07009306848173358
0.9946653265790963 0.34869996169316225 0.7852373770634519 0.061477939950522045
0.9911768680072601 0.37504321659517253 0.77081353301201 0.052587279363762895
0.996555789730902 0.34885512047824546 0.7696733000975766 0.05674402932329591
0.992064601364417 0.3470784370043833 0.7315005893846178 0.049057375061490605
0.9922220270933126 0.37456929674524675 0.7743477467615398 0.06003938258273518
0.9885674063019924 0.3953218996375593 0.7767886773560916 0.05936855369796567
0.9918882921176511 0.3581131644702629 0.7906647991710142 0.06538045807786205
0.9911259981457666 0.37084764072687987 0.7820272025219022 0.06367285099144118
0.9892248143111204 0.3781144781144781 0.7809408928391683 0.06543132282294821
0.9942106910187477 0.35266620271281696 0.7873091708981765 0.06996836766229753
0.993691991689767 0.34959724730729175 0.7785103815380546 0.07053846387727002
0.9866844160994218 0.38270680785039607 0.7853031894220671 0.07086703729652512
0.9894757395979243 0.4130082651493126 0.7972611859947917 0.07729351011330336
0.9927370517974891 0.39363265758895144 0.7957864965489851 0.07757273326428774
0.9865858039332239 0.44734841143232 0.802820098775538 0.0823022349209424
0.9888861559551856 0.455100833213389 0.8119420523994967 0.08485539763773618
0.9927802794497641 0.42604888100280464 0.7914166415493528 0.07743382886149383
0.9962332778065521 0.45792989336928547 0.8097982925949695 0.08724741370975539
0.9920750140709408 0.4489055075173327 0.8408021592731876 0.11212063211034416
0.9880331671112142 0.41149191095973725 0.8395407652243589 0.1138493515333471
0.9921017720903019 0.4572823167136212 0.8322801225137954 0.10564250982740363
0.9913400560430646 0.4460356383848292 0.8383668913205378 0.11276236542180006
0.9925543922872203 0.43047051776920003 0.8249863077315255 0.10398066367464716
0.9891737447844945 0.43199351756503535 0.8265474952532111 0.10942967062267714
0.9888986094483838 0.42352282458336077 0.8270703454899268 0.11486930250886641
0.9911748926730471 0.4195995413248655 0.8463419945632936 0.12776403773930567
0.9920723671760217 0.43450583687520433 0.8451504915349564 0.12896031717936918
0.9938433800852614 0.4334611697027804 0.8502262458712871 0.13836291972741485
0.9931708066311261 0.4530576575502989 0.8354508288289656 0.11865302763593162
0.9916282621772039 0.39044087195512217 0.8463806981778441 0.14555605818909073
0.9919301951525945 0.48531869720377646 0.8525482480242568 0.14667587757300424
0.9933313800849088 0.45142604683127974 0.8622016126998008 0.1509984057764241
0.989548057455978 0.46121436141339467 0.8676990575948011 0.17388965579815813
0.99028916383524 0.44323729435335946 0.8447246885050947 0.14691413482924479
0.9826010885368212 0.3822603719599428 0.8365223681001203 0.1476886077724035
0.995999394087378 0.4053625909410936 0.8536207018521785 0.1635935195492843
0.985875867312993 0.33745247148288976 0.8697161325990347 0.1966068663569865
0.9913179133595232 0.3683800911685135 0.8771412989783749 0.1959126145172657
0.9904056999273513 0.3186374945119274 0.8734759393155325 0.20608373554832193
0.9868366406058076 0.29183187946074546 0.8810914651892903 0.22929280654223647
0.993043520819383 0.1671018276762402 0.8870148511407006 0.26436790509671526
0.994347485661064 0.24781025844357135 0.8710956969416886 0.21995304124396403
0.9934083462570601 0.21909980430528375 0.8703463399683145 0.22091951572756854
0.9912095049574946 0.25775408023928736 0.8785972983131345 0.2537535386609366
0.9854126819275965 0.31368569298318283 0.870600487320016 0.23864837662132138
0.989625410704705 0.39133610518035733 0.8345344315296268 0.18938228962123543
0.9895769589599029 0.31548544767829373 0.8550253403900779 0.2328929798831075
0.9919178365917134 0.35611370716510904 0.8536188934773747 0.2307470253872114
0.987670876084343 0.2901115955952997 0.8528117734229286 0.24581874551820138
0.9910454183560294 0.2722040047442964 0.8566495991233554 0.25784224171159137
0.9823763541583238 0.2490295259381249 0.84249177218954 0.24648186799489694
0.9895352199084684 0.21859670637701473 0.8828855608400578 0.3163477224432793
0.988029973917592 0.2616587417702999 0.8669901480934092 0.2883535744004045
0.994535565155654 0.12469733656174334 0.8787631589811337 0.3111410874053682
0.9923921841237279 0.046908743910401285 0.8422532019146205 0.26900753357353424
0.9926977378941995 0.02281500259261393 0.8396117859105792 0.26720820322390076
0.9931065821744706 0.0015736415047946889 0.8381086905138054 0.28136223677956645
0.9901417406411623 0.0006292546193009553 0.8455248295030539 0.29815107980664224
0.9926894338942596 0.0 0.8551274831150204 0.32423815494116787
0.9948555921148711 0.0 0.8484369232310129 0.3150421911052987
0.9915476541169479 0.0 0.8527756243345995 0.3358925535254855
0.9920609794394813 0.0 0.8775638352590324 0.3949794086135736
0.9939415892678124 0.0 0.8379474663517066 0.3332882143200624
0.9896356564866232 0.0 0.856507913091228 0.3784209289574685
0.9898516576426858 0.0 0.8553805765600151 0.39755080612640853
0.994353222203604 0.0037494486104984563 0.867467990941745 0.4230148666632644
0.9927616492011508 0.0 0.8894840109755985 0.49312456815293143
0.9930398890602783 0.0 0.9348994661914154 0.6686112588236521
0.9916598352461311 0.0 0.9589931445107627 0.8101722443551282
0.9905528997609785 0.0 0.9438420207579225 0.7516828300188232
0.989478645565769 0.007672406102239272 0.9296597017846782 0.7229528310460783
0.995954309855066 0.00456695481976839 0.9355860135199804 0.751157362127199
0.9929797823209552 0.024629913221031138 0.9373031230819288 0.7714501516708154
0.9908593093396928 0.0 0.9312457529165222 0.7810451360804258
0.9913482712716324 0.0 0.9327000366044144 0.8133994324101017
0.9874429974908343 0.003525724732306085 0.9283610200561424 0.8312213679106277
0.9871447199451693 0.00019602718243596446 0.9107442698692558 0.8071472112160927
0.9969021218309877 0.003588602598148281 0.9143347369459911 0.824651832460733
0.9931137299446259 0.004229607250755287 0.9162587350477407 0.8514336293320227
0.9950909197245359 0.0 0.9500617815077004 0.9296272429086514
0.9967301399441779 0.0 0.9425680437906229 0.9228277028540227
0.9801944351636378 0.0 0.7039336845461308 0.7736864266160524
