0.9893490381351401 0.011576520414019673 0.1869001498011261 0.04029633381878047
0.9845335019937009 0.011541435242836238 0.196074599746306 0.039633014336874633
0.9897846249712268 0.010895743187636007 0.20421629035282152 0.04281884973819808
0.9856978069192259 0.012076410155291126 0.20302447919118938 0.03895431112908117
0.9857493713475144 0.012307626773119779 0.2116694920639828 0.03951917390711004
0.9868743647178406 0.010474488220870718 0.1857657164779642 0.04434473279974129
0.9904809535518277 0.010046424439465167 0.1898555256421012 0.04149809544088769
0.9784825216590564 0.01116222393246111 0.1825996255325972 0.050787351711909484
0.9868570191880918 0.011474127621148824 0.191306469672289 0.04972842286546996
0.9827639137557133 0.011839179019741427 0.20893009262529763 0.03512211707372358
0.9899541997128717 0.011128071917255327 0.19875967766118177 0.047859151417766754
0.9843745196959991 0.012140704852181012 0.2087548993741538 0.04386565272496831
0.9887945616206647 0.012888596015194976 0.19786840821156426 0.08086501273464768
0.9826555501625082 0.012099654560823191 0.20509594057599526 0.053613155742493285
0.9887291764888356 0.012716198463876937 0.21223672218659206 0.04823503313645565
0.9834229063523822 0.013067317989885814 0.1973345061948665 0.05098152198111602
0.9887556757555461 0.01507935178882603 0.2050478162941281 0.04650340268800156
0.9911878651939307 0.015768070053925692 0.20823659302984127 0.04053458787045847
0.9863936243456638 0.016423879321499392 0.2180831776082894 0.033765815134176806
0.981911301149099 0.016066080983266864 0.22383835055593723 0.03440628236106317
0.9828443656722987 0.01803192328899657 0.22602637032330153 0.028993292596488873
0.989673376088113 0.0188912622223301 0.21525605294857605 0.0359810625986323
0.9875467186841045 0.01781363714856973 0.2345010005745874 0.03038341524000828
0.9894966708821145 0.01955838860174486 0.23438666994548807 0.025684485006518903
0.9878297530662797 0.018359844187908717 0.24146850065899766 0.02407082854898169
0.9933212090443023 0.019801289618715086 0.24408909405654933 0.02879524543621867
0.9869616254699476 0.0196920685599059 0.2535338811056063 0.025983392820816305
0.9853023327266041 0.020697555336187466 0.25293950244598307 0.0328533637472477
0.9869848308625361 0.019845644983461964 0.24447154635434515 0.02639578381203041
0.9916884763349824 0.019951269022798614 0.2473990349600235 0.031570807290373384
0.9883077092342428 0.02073398022721128 0.2404762688595012 0.028434468436175357
0.9879170197407652 0.019785863545485522 0.24540384538251456 0.02234149797019317
0.9881317684579345 0.020182426523783915 0.23897287520010613 0.022384107452730263
0.9916121499338931 0.019315529406451374 0.24916811244849685 0.023491392036761666
0.9908576799292271 0.02066303662309865 0.25153957023060797 0.02163963219340841
0.9924546444655945 0.01801656156664685 0.25241333088306833 0.022877283987563803
0.9910958803622777 0.019095966505337902 0.26033616517593744 0.024304469718166907
0.9902756140155498 0.01794596451153706 0.26488593798304705 0.025872988205217592
0.9893140271228357 0.016542632230491183 0.2514435517487305 0.02684221506223778
0.9835439404039569 0.016296296296296295 0.2736057954447832 0.028755330058833056
0.9851309039058022 0.01609994793940819 0.26346444992710555 0.0305971418314197
0.9837174336409079 0.014944382214671755 0.27074723981587234 0.02934901080027744
0.9934003073453544 0.017000542325466474 0.2729567640286743 0.02996845425867508
0.9915235640127935 0.016431595208956123 0.2841797218007818 0.0315733634159935
0.9926103450076215 0.01806409665404971 0.28414689274194166 0.03124365002067028
0.9875737703236921 0.015509303572618422 0.3003645633415897 0.029235373371010242
0.9853336164681505 0.01811511555179464 0.28814805674266103 0.03180202199755583
0.986062267440583 0.01817197298270095 0.2901487720536584 0.027459585810460284
0.9876232531105819 0.018288588646245593 0.29186040449937023 0.03425662910964024
0.9946126948760714 0.01933678508047535 0.2942037475611812 0.039688153404895336
0.9822219966631353 0.020605148819136755 0.291817789129543 0.03771652148463073
0.9902049714437827 0.020140806636467827 0.30541553369094115 0.042658685441777026
0.9840221585957923 0.022865070906451394 0.3104049419681826 0.05347801651463404
0.988916595697752 0.024292038326216986 0.3125624546648879 0.04584040747028863
0.992967553773241 0.022293161914039166 0.3180942350730639 0.03995243757431629
0.9836170130832844 0.024048422526037155 0.3234377731737949 0.06223818073010173
0.9876604935325283 0.02413157319384411 0.32752584587472516 0.05426126172295393
0.990099810847143 0.026037558139672817 0.34044787143775296 0.04472099698942799
0.9887629296031633 0.025111643335656412 0.3262454803037305 0.05044376713247839
0.9896943186448298 0.026452032636787415 0.3349759931266737 0.04932460494828234
0.9892892383290094 0.026355639013714512 0.34882722447946013 0.049800178663782974
0.9829100340246424 0.025333005315911213 0.3658442768698717 0.04960230299744838
0.9928751676790428 0.02503153148055234 0.36863169395242035 0.041445539550164265
0.9900239213458759 0.023999622354568234 0.37616587360408454 0.04086937109325169
0.9915496891435087 0.024506654546812293 0.368588493795067 0.04299014010551671
0.9917740098901277 0.02242863525658958 0.3944650058001436 0.048326380130008735
0.9877207240831237 0.0226762143694608 0.3684884038341502 0.05616138426545926
0.9894488937374608 0.01991926223810431 0.38395222807332324 0.05107771002835591
0.9827020662859834 0.01970378499842938 0.3945540932481443 0.0447128798356344
0.9916987728775258 0.023565987106311765 0.3945173754650229 0.041184170003079765
0.9904943601302757 0.023417445348156127 0.40612382055658236 0.035890793144679155
0.9908456765448371 0.023425446644574077 0.40439418642161523 0.041535514906758525
0.9887108569431461 0.024467475273200427 0.40198530021879353 0.04338393171089349
0.9874377914107487 0.027240536077235773 0.40627816689121565 0.05054519781397903
0.9847285115366853 0.0254316166735761 0.41855619340427064 0.05252339911255392
0.9833172775877848 0.029101659174277712 0.42521038498996117 0.0601738729196598
0.991829915891945 0.03068458917493711 0.4389615882387772 0.06939987547296327
0.9825706830937188 0.03314538630173387 0.4293179984027045 0.06608951967599308
0.9833731893878158 0.03421713584665115 0.43265367884745853 0.07522696166451111
0.989683731350398 0.03534854729268182 0.4266838763669192 0.09706413045311209
0.99033946952406 0.037007176632249825 0.4375700318211305 0.08610497730109311
0.9920566974446056 0.03855233164045254 0.4295196077376998 0.08107902927853836
0.9905753717322328 0.03936134946149517 0.43789806412407883 0.07661143106148936
0.9920965716637297 0.041345232223783515 0.44299328255732917 0.09059879358540533
0.9921225649303146 0.03990448824315027 0.4468881609733271 0.058805595721328895
0.9910870450117131 0.04013658086460857 0.46547274111725323 0.08700554601355692
0.9854257911529449 0.03980625479516068 0.46702441910364684 0.06482826756552566
0.9930287629732332 0.0391289055630459 0.4624622259078983 0.03777256235556141
0.9922652532008386 0.04821838557312053 0.5703260930571926 0.03744462603758978
0.9909567671772372 0.03927427819998972 0.48492935361615175 0.03597595554043325
0.9939115160881995 0.042507905281116795 0.5583441906461434 0.05289695409270583
0.9858908908197171 0.034502254909070995 0.44838941680739125 0.041212706996433576
0.9883408935754197 0.038273540679423984 0.4712134944789863 0.03627556344719094
0.9882126051252552 0.0390723856720152 0.517563783679123 0.029107722431786488
0.990086449520705 0.03476783929852148 0.4804539462457738 0.026613401488201457
0.9938418735735319 0.03465289937481572 0.49098840054245757 0.030555100032797638
0.9880085090800461 0.03742295680053066 0.49530695352817283 0.02710322267542446
0.9919777481461817 0.03797884516411513 0.5096558048404752 0.03103205109914522
0.992279981276029 0.03817726074940549 0.5190477467862555 0.028211016783582833
0.9902775386460314 0.036940230159678254 0.5333300941182523 0.0271885641965419
0.9947004906997513 0.03946927107853545 0.5097758266481722 0.027686138498403158
0.9921707262240228 0.03975552672415986 0.508530792547686 0.033522276536622334
0.9885429836587328 0.038503583336280595 0.5039546643193544 0.03694018823824406
0.9913329387315798 0.03799447054298479 0.5201031881995964 0.03855050115651504
0.9837772798937847 0.039200674822504014 0.5277528258916809 0.05120841079556382
0.9863746369221927 0.04211767227521166 0.5299881045154629 0.049096874167695696
0.9953141727051762 0.046292093555559875 0.5602266659807676 0.04101153788978971
0.9903245592787947 0.04980150495167441 0.5800664627302538 0.04535366755818585
0.9846991669908965 0.04586029883749052 0.5736448279223945 0.05178761657353244
0.9827261686803571 0.0474199876709531 0.6054993408473821 0.04974859012699345
0.9830675095768363 0.048465033536072316 0.5904937714488984 0.05494721271345634
0.9879514315470437 0.055009998122327465 0.6195393444549766 0.06118384685864865
0.9841143964538909 0.05590886089798821 0.6010989844743496 0.07343280705417517
0.9819189558156053 0.048421876497460305 0.6154448584953167 0.11143853445312116
0.9886991302139547 0.050777912886228294 0.6412810777709737 0.09146601941747573
0.9845466185068943 0.053939080217366764 0.6474070981951106 0.1052849788669945
0.97661250803957 0.05488033518273611 0.6562354584443183 0.14160301714575477
0.9814578969846226 0.057185288273163076 0.6605472222614193 0.1399199220863543
0.9882694857589245 0.052578339800713685 0.6717539722286882 0.12462260525882418
0.9868971219953611 0.056797833777350745 0.6596932926031656 0.14989139437125937
0.9915523927505592 0.059161644924177206 0.68439723956136 0.14141503195944458
0.9849351583243985 0.06589551584844965 0.688708446975558 0.11604820367182297
0.9915654008931363 0.07176047444346785 0.6677962095558247 0.07390422169757951
0.9911721204205375 0.0846897955247555 0.6743168585609826 0.06300452465422386
0.9855044821666985 0.08750799403112343 0.6588961731852502 0.05221832515655961
0.9931566803987223 0.1000673708430023 0.6502107037340624 0.03981523032396448
0.9881132452955697 0.09047196616140188 0.6380263119022408 0.037981186355541346
0.9829374540991358 0.13005736941699456 0.6071921219414864 0.029523151676829267
0.9886749233851291 0.15371922645369943 0.5826810952703231 0.027390779267670164
0.9918824936643702 0.2684308670532011 0.6244605061013954 0.025031335432231575
0.9930699626421957 0.24288616916751724 0.6232513095353769 0.0266375106821495
0.9759756619289822 0.23802977792406435 0.6049411707742217 0.027206437635406994
0.9902327000017941 0.22944637200181023 0.6131654988226998 0.02687738682106153
0.9953163053519369 0.2556708642684277 0.6184669811320754 0.028948888424623023
0.9878692677740609 0.26666878333756666 0.6222382800448175 0.029295976656198226
0.9918292027413564 0.259119087746272 0.6045677099070473 0.027492007028569656
0.9879282840642248 0.28797631449092603 0.6158632507330869 0.027120476716805227
0.9903575085457693 0.28426693996946695 0.6139982202973627 0.02758635582727875
0.9907757429246986 0.3066353417896132 0.6630819484761701 0.032846034041296455
0.989623183034151 0.2801364514405491 0.610400084950266 0.028831533906563896
0.9930279568803724 0.298279392779237 0.6299150125096135 0.03104672159038694
0.984434880869377 0.29872519241865075 0.6066320864376212 0.031112581600424252
0.990025221214852 0.3232121312483736 0.6296968786059907 0.031867045200803856
0.9925117057626411 0.3494122172272039 0.6363735809611785 0.034101910576334146
0.9898829861216097 0.3548019070722598 0.6258762891620264 0.031296437631808574
0.9884394678196028 0.3115392167053579 0.6217585995843846 0.03094275732970872
0.9944559766649796 0.355142955318317 0.6114942268818863 0.03232847995989701
0.9906166480865751 0.36886253341949543 0.607009277483748 0.028975250818200897
0.9955631599387416 0.35114826582263187 0.6143280499050018 0.03272339148738316
0.9916134151335207 0.34599482253058017 0.5876375082434143 0.03147254472762339
0.9923632515986567 0.36792989506045826 0.6268483290739266 0.03437522300720759
0.9888095916406322 0.40090881178999077 0.6225796081144322 0.033645392207865575
0.9921307535152025 0.3545897490777695 0.6292769674599937 0.03455150465060643
0.9912592138914741 0.3611742737007914 0.6219003631757172 0.03469518123787559
0.9900404776481357 0.36172669422029785 0.6256906724586829 0.036429266173734855
0.9940708698743778 0.34883417832053903 0.6273899272946719 0.03780731520204705
0.9938087710645971 0.34594123538363486 0.6278002020674587 0.04028948867853158
0.9869932679428916 0.35764110756123535 0.63476598220966 0.038373296910012684
0.9903388702920554 0.39240747028862477 0.6418998921103728 0.04067145028524053
0.9928795831106985 0.37682511356262166 0.6405908233186012 0.041821513081276754
0.9866502313842944 0.4287232493812782 0.6327541999923463 0.04146457715089111
0.98972813118897 0.4423306140771815 0.640852413397308 0.04238926174496644
0.9934651938899796 0.4359318111258502 0.6395818311094138 0.04280196906321521
0.995872018582913 0.4580414278348952 0.6637006218891927 0.04785064323815501
0.9917359111381309 0.44189147286821706 0.673676586955647 0.05251091377238035
0.9890727370589655 0.40452328955634664 0.6533349165309242 0.04954458447347799
0.9928960951110123 0.44842422977507346 0.6339008130927927 0.04661015936588198
0.9922936012350515 0.43468234377030013 0.6646151774291293 0.05263227321294305
0.9931045114027499 0.4110976567613562 0.6231977583711459 0.04673845357290289
0.989232124467477 0.4100831600831601 0.6324577333342318 0.04899453315030224
0.9888819967984386 0.41199803310932637 0.6584043761417219 0.05662830377184674
0.9909571151865583 0.408066783831283 0.6531477084137682 0.053915889180234565
0.9933498974393665 0.4123678126066027 0.6678485663006934 0.05830906093469364
0.9953242785431751 0.4132538529739111 0.6701560329707096 0.06101261821342957
0.9935664723396115 0.44639395304208196 0.6451548665659171 0.0534349650691887
0.9922439004202801 0.37656146961846443 0.6635974394131848 0.06439301622529778
0.9912835892293681 0.5001987018148099 0.6488389652132466 0.06149131077454311
0.993661900648742 0.43101232687639807 0.670373348263335 0.06272868765657172
0.9903444068168419 0.44346600915815426 0.6577735374547471 0.06719947966966908
0.9903545279690253 0.4570250466664809 0.6461454166987766 0.06450226523692383
0.9829315494400406 0.3652077969841854 0.6449802077387657 0.0664688212514929
0.9946448923161377 0.38885864114393787 0.6427966940343837 0.06881996696641586
0.9867473662918888 0.33742089904587036 0.6645427902472594 0.07587201879372861
0.9926172927475562 0.3438318274018071 0.6615089013231361 0.07264597514519452
0.9912095991399512 0.3046331633198987 0.6632773603790525 0.07927315741125247
0.988685173291677 0.2812830587879704 0.66418694251478 0.08197701488663917
0.9933054570028721 0.1579250246629398 0.6884818982829277 0.09630083475879048
0.99490477439461 0.24624927870744373 0.663065689641748 0.08846403191934059
0.9938137422270971 0.211560242140207 0.6801539710297266 0.09289781004653946
0.9908427598499414 0.23050058207217694 0.689005168440185 0.10214354160768344
0.9849979916399253 0.31467212456858495 0.6921477065853874 0.10333465855558037
0.9910170049515102 0.36917562724014336 0.6597345056162274 0.09691120341131285
0.9907533815297208 0.30421362429114923 0.6912856026724878 0.1152568307180346
0.9917678662061623 0.32744753282705474 0.6938225744341574 0.11700317574386912
0.9886451114054887 0.30132510437465965 0.6853794907789282 0.12114499476437096
0.9924244254192389 0.2940118683689984 0.6897859393768346 0.12718811066543248
0.9842244602112149 0.272709649905013 0.6925327399776736 0.13125951549925946
0.9903458758248702 0.23830650272531373 0.7199211853983819 0.14595366541535112
0.9886099386203571 0.2486566129311839 0.7133465562050856 0.14699730544513512
0.9952451118956402 0.10105973025048169 0.7138219847694132 0.14867047242136563
0.9935695616195664 0.06267016484332459 0.6897440453568014 0.14916638426837212
0.9942852304437567 0.01477445087354643 0.7016207508443114 0.15647128559938805
0.9935019694394749 0.014717425431711145 0.6800045546785088 0.15684641797497834
0.9906419989090672 0.0 0.6784196770468222 0.15968291451851319
0.9930715760746994 0.0 0.687400029052947 0.17178069893033823
0.9952623541225263 0.001503681426941823 0.6634144171828753 0.16111165426158222
0.9918001452654918 0.0 0.6786851223956077 0.17929148464045488
0.9918583682557982 0.0 0.7192811760683316 0.21067332819800297
0.9924218877384641 0.0 0.6993691171564812 0.20943118524717902
0.9911226511856116 0.0 0.7166428265264395 0.22782432552547496
0.9896880766411364 0.0 0.6906663753297198 0.22741877977894703
0.9931766308418803 0.002973661852166525 0.6867010916640659 0.22857300114525714
0.9923468104584369 0.0 0.69457847566399 0.2497987588519273
0.9926063798389153 0.0 0.709836291590923 0.28289069204114664
0.9925873358762699 0.0 0.7358085924937356 0.32318975412871215
0.9915073912060204 0.0 0.7612128382299193 0.3630264410752216
0.9912235093743493 0.0006705623143979308 0.7530266959760425 0.3786986546938087
0.9962543303443014 0.0 0.791670591162332 0.4422181816340071
0.9940049021377454 0.010621792576679794 0.8114588543678255 0.4953401329920642
0.9922735731124317 0.0 0.8326732947976878 0.5639805105280749
0.9922936017121461 0.0 0.8465453043279961 0.6126929784378491
0.9884645933133114 0.0009463125354867201 0.8568412685402104 0.6657488607003974
0.9874030348919863 0.0 0.8271909074778623 0.648989663407717
0.9964250685759221 0.000913755535249877 0.828846241114856 0.6807802725169252
0.9935531313012667 0.0026122291021671825 0.8503182263821858 0.7469780321820485
0.9950634061280007 0.0 0.8665849759012242 0.8050099456557946
0.9961382789908295 0.0001944201419267036 0.8558282794746057 0.803668690801378
0.9764381482477306 0.013994402239104359 0.6979752922141744 0.7597641770778871
