0.9875216782923961 0.004268019757663621 0.18045901111290064 0.4881593110871905
0.9830599318987543 0.003740985306274407 0.19034872707258693 0.4172167216721672
0.9878105921350183 0.0031758863026640867 0.19622381572774392 0.4812430011198208
0.9830756853389943 0.006756165227182848 0.19538497328691298 0.5689705453484981
0.983528512312868 0.007466145730320098 0.20365744035207226 0.435391152211947
0.9853014012726864 0.005501417896280616 0.1809401781045556 0.3658854166666667
0.9900063827193253 0.004334132514294922 0.18407262920379783 0.5331910858226647
0.9751336122176059 0.004268892596178899 0.17605937437548486 0.5092139024959179
0.9862966060497711 0.004838477257802927 0.18872678714834437 0.40015052684395386
0.9817521926374577 0.004942452306363493 0.20028691203946125 0.6100315126050421
0.9897007606861071 0.004915240631108386 0.1920636834184338 0.6036600651792429
0.9814261244234475 0.0054488885849789245 0.19848415495821203 0.5779863048440274
0.9890073646580412 0.006493726834952887 0.19575477192148752 0.48506541594667985
0.9813444627940636 0.0070335587265495094 0.19886034540110056 0.4922463447053611
0.987846929001064 0.0069745838105115185 0.20561833556128953 0.49796309609393724
0.9803801274232697 0.007405309555369993 0.1899531749505883 0.5473145780051151
0.9864535510520515 0.010824769184235857 0.19867085402000886 0.5020188425302826
0.9879004773691442 0.011895138349502555 0.19807183340843748 0.5575853852263701
0.986070576541943 0.011648485566377998 0.20636920799502 0.5324374420759963
0.9816454782025994 0.012284521442138322 0.2090996284758573 0.5615555555555556
0.9823403242582548 0.013473597410509344 0.21478603972675805 0.6110360360360361
0.9871550920592669 0.015250000252918937 0.20164252560981435 0.5939042713028547
0.9861836562763269 0.012607771409059772 0.2200078022415629 0.611431985660227
0.9904796641197535 0.015819227924739585 0.22566193603050202 0.4126013151858082
0.9908028888971352 0.015018862255458369 0.22196908559925516 0.6284403669724771
0.9932679118109213 0.015885793909577818 0.221409703878771 0.5774127310061602
0.9847148403198225 0.015992307045569195 0.2249357085355738 0.585680285600952
0.9877643043163002 0.017113806496317288 0.23438521723571418 0.5903997011580127
0.9873416831012173 0.01639537454581861 0.22825704496551902 0.43017985085538823
0.9908399294833115 0.015589200861219392 0.2349743414134594 0.351989907099438
0.989924394051119 0.016817060213304095 0.22911761021038193 0.31894264135537864
0.9878339146851152 0.016807438849836844 0.23228441431049962 0.22296552231125488
0.9883103691603732 0.01654353960689185 0.23171549032003536 0.26092726217135276
0.991284164944202 0.015765261590594035 0.23692189103824765 0.20105531295487628
0.9913396451798434 0.016103056288096235 0.2373102756971357 0.27385766275778406
0.9911676622830102 0.014797875313364664 0.23669001075602408 0.4628278752134099
0.9906555783773462 0.01519414569380291 0.2444010750950058 0.26582684746850677
0.9904054502627998 0.013685881077768311 0.2438490393916278 0.6107000569151964
0.9902990060817488 0.012814268089256222 0.24421059852731314 0.16377440347071584
0.9851928248715679 0.011812745324895608 0.2606223888726226 0.521306032097399
0.9851594673547526 0.012088206410141952 0.2554454368527964 0.2330779054916986
0.9814326925907392 0.011098904615122071 0.2653770548293875 0.2775151924375422
0.9933244659260508 0.012534102750737039 0.26277541384481956 0.2767744645107098
0.9929922959488015 0.012025752415081263 0.2728119685390613 0.28843183481017803
0.9905151881806025 0.013303117830005375 0.2697899340848888 0.373243738546121
0.9899483026198136 0.01099173291274571 0.28299899271388695 0.24154061114148595
0.9864560401317791 0.013499607532844135 0.27762892380098886 0.45349471159088434
0.9867239915513957 0.013672856581764738 0.28080950601371296 0.26185159190965357
0.9898135227868635 0.013652250122548759 0.2830743715750938 0.3661447971628752
0.9950061037941493 0.015303339354203324 0.285283034564356 0.2588041625022047
0.983834331771169 0.01570092896268695 0.28582391430928605 0.468327796234773
0.9883498184075897 0.015951728568244686 0.2965113314119256 0.6147871545929798
0.9854724296560408 0.01770107902013786 0.30207062850031113 0.7123729633811905
0.9879662525468735 0.018717246501525273 0.3030631556222985 0.6404902405810259
0.991567199750968 0.016804857828488114 0.31604325280353984 0.5442796898381173
0.9836006735093547 0.018947791619348214 0.3144611831566675 0.8193262411347517
0.9885186202285291 0.018362652739363817 0.3201834686041874 0.7719019918914155
0.9929033333730305 0.020943091901078726 0.32965147332135136 0.7841208501668716
0.9905960856827355 0.019562388588645983 0.3214983955456599 0.7769796191112596
0.9880371765582058 0.020902044214668222 0.326405436772006 0.7648953301127214
0.989080617863587 0.02016845551314538 0.3425692756817921 0.7306397306397306
0.9826440849284168 0.02034550941825372 0.35920471029395357 0.6791225416036308
0.9971681791473526 0.020355097206822034 0.35836754565490536 0.4691151919866444
0.9877448150696635 0.017732593410944294 0.3605419157138351 0.4419287608942781
0.9923233290319 0.01886639352813666 0.36373053255243465 0.35705960059056646
0.9898120127427836 0.015783915451175603 0.38385564539987804 0.5363437392005529
0.9915634975298844 0.016387217717874936 0.35840329940701565 0.6865905848787447
0.9929286134504007 0.014703533485156064 0.3730859954444868 0.567729342875732
0.9865875698355306 0.014081383745426322 0.3799412046215902 0.44609999102414505
0.9906374228274415 0.016784974666892428 0.37891703841047625 0.236620942812983
0.9907603278523948 0.018309733538290428 0.38733671930033353 0.21852119678206636
0.9891282411055798 0.01666744978881806 0.38516477722962095 0.2553275259609233
0.9875519616379098 0.017933526913950292 0.38160148010153294 0.24716652136006975
0.9862129167870748 0.021126172958869455 0.39404868531761045 0.33593293039578864
0.9857629912254567 0.020126385562972592 0.40231838740832115 0.38168753557199775
0.987281034324545 0.022923277802058196 0.417442513600858 0.6420645804762498
0.9931772457529561 0.02410461679168928 0.4271092687132639 0.7043695053142632
0.986687418961407 0.02694188302381648 0.4252141417097909 0.371836943046744
0.983938479626175 0.02737109310331654 0.4337585208882288 0.31212471131639724
0.9915044459032046 0.028716615794138686 0.4365920602316129 0.2997365323168339
0.9913704626110729 0.029717957703963082 0.4491115264110789 0.24649053971575552
0.9925516720374895 0.030836852097654542 0.45551168899630906 0.2413984241992319
0.9927890505720695 0.03105420403829653 0.4672148767463713 0.23324406894730887
0.9918998846862657 0.03341045826485974 0.47410837617086765 0.29527737262988485
0.9902036640567295 0.031490169649684416 0.4854514050084404 0.1990204081632653
0.9923056404543762 0.03155560795718786 0.5051719670910374 0.3908619572261828
0.9855342671101326 0.033700337152627484 0.5001131837028496 0.23231463667307978
0.9941784688194547 0.033142424879724415 0.4824028430585808 0.11573727005363013
0.9912342471979972 0.04112128702840702 0.5872109464007546 0.16094767242645258
0.9906962167531961 0.033252603254545425 0.501165309446254 0.1542040545031572
0.9920851489561453 0.03573369036117545 0.5627005396376198 0.28557683496747
0.9856075014584589 0.02950429234132556 0.45190524264550513 0.2576427996781979
0.9887590971573429 0.03178288418478347 0.4819662150650676 0.20700777939409273
0.9897891974921256 0.0324372472234705 0.4975233704949841 0.16443920663975325
0.9892056512650472 0.029138191151102055 0.4582044999752802 0.1365182017315114
0.9910673090012372 0.029114498043817875 0.4673057141555068 0.1363104644242412
0.9866796029914247 0.03140477072227746 0.4692014432290411 0.09747472587015728
0.9909723773584905 0.030705658271573052 0.478385108513322 0.1399104052127876
0.991600829291323 0.029891150226789523 0.47285939045950726 0.1416564700218643
0.9912454882356347 0.02941622296080124 0.4947868892682146 0.13883604457040805
0.9956761450698431 0.03144397444445642 0.47023574156886566 0.13246948150588408
0.9901310425194826 0.03185595347423273 0.4861911721814589 0.13849480312571125
0.9886266137712435 0.03175624484254584 0.4849272520014323 0.1268217054263566
0.9893711468781955 0.031934220907460266 0.5005697250799624 0.14702373606483196
0.9848075680708355 0.032944370571223236 0.5265668519441978 0.19941139039134584
0.9840458377864861 0.0352740651437361 0.52268797808786 0.1667284421672299
0.9951478206690331 0.03889149088466875 0.5468817772385881 0.15629582111436952
0.9902454267520227 0.04046624024862172 0.5666592615130017 0.23948039032879606
0.982967755344705 0.03787383403126007 0.556747345290367 0.2560095764987544
0.9810700897143452 0.03946861655059171 0.5741117213578892 0.3098367029548989
0.9835596163786532 0.040943134843613414 0.5713267341098579 0.2612021508129561
0.9883656067218166 0.04653122421227583 0.5967003945351267 0.368275467378863
0.9854083387751661 0.044369021062283596 0.5935408359927902 0.27417810405362275
0.9820157164042016 0.04054602811356649 0.609738699824972 0.47129745288654756
0.9897866161824855 0.04184782042601948 0.6317822874766289 0.5496618896953905
0.9847951905155622 0.0427023418789201 0.6384812483643126 0.5388206388206388
0.9758859323748506 0.04338646037780066 0.6541737309723421 0.518348900271166
0.9788767799370346 0.04719310799623971 0.6625830053281497 0.3560612261602685
0.9863523094608043 0.0422814352695951 0.6775810661995896 0.3327605300339863
0.9864316556505253 0.04338983710565751 0.680339334283124 0.3661613147109148
0.9930438553184597 0.04750152256993848 0.7039861849526884 0.2618549511854951
0.9826305844592845 0.05354332941126437 0.7236289995702444 0.3744752308984047
0.9892574285050592 0.05761686482070014 0.725319552526949 0.20182054616384915
0.9883541114298032 0.06485462871748449 0.7500796469891903 0.20856245964779482
0.9824934651315806 0.06662624745513984 0.7433068576729418 0.15827074555779447
0.9911350892535624 0.08208303877854878 0.766794250444659 0.11435934109291773
0.9883382556777136 0.0742025413540962 0.7781895076335642 0.1261448073267669
0.9816694636681468 0.10250494066189822 0.765907590553535 0.07724306688417618
0.9902489326517395 0.12374961515010655 0.7738053713317338 0.06773036601066765
0.9926256259190143 0.2193572152131872 0.862784244962259 0.09753898587195593
0.9922836491502246 0.1891990372721432 0.8911738567300986 0.18063254579050284
0.9886098602793448 0.1999843891777975 0.9174719704547697 0.47237594539752814
0.9890320371775871 0.19104514005303422 0.9069554277208679 0.2756723716381418
0.9952385126866917 0.21208891280501688 0.9239029273329598 0.4432756430612893
0.9876385346959906 0.22124687640161467 0.9110899732776584 0.2791473867860123
0.9903677789845724 0.21430702818834668 0.9008643328952368 0.23236549957301453
0.9886662371834929 0.2533516250641326 0.8920327971539395 0.15370850214020873
0.9882227341551542 0.24045252490292995 0.8913294602255118 0.16115291568339343
0.9892532308363136 0.2641400307735958 0.8991845429199394 0.18460671176548613
0.9890941861361708 0.246204358191476 0.860968945701321 0.1123322066634476
0.990550079874612 0.259260940105969 0.877712646846873 0.1335537554416708
0.9835260744923627 0.25707933277288614 0.8427179139846875 0.098006851448147
0.9899371511172125 0.2810492761959544 0.8521088784179213 0.0967361783161115
0.9927307639555617 0.29052662368526894 0.8378156265846728 0.08680266860004922
0.987537674828135 0.2964838187505325 0.8329087757539684 0.08305552287197186
0.9867335052479299 0.26223471836619455 0.8200328980560676 0.07654259997831142
0.9933691480070749 0.30912845633877223 0.7944445603990694 0.06567164179104477
0.9899704741673325 0.3255363643404849 0.7975271621069234 0.06213030629863754
0.9957219081341211 0.3027122365159046 0.7898931083750255 0.06403858485042795
0.9905697192798606 0.3003311092158732 0.7656169748975801 0.05796659230823152
0.9913694514440783 0.3162911718644026 0.7837480780908821 0.06447636742647392
0.9873948463863859 0.33837668629350826 0.7804218575104301 0.062173691726241154
0.9906190061028771 0.3174784438513652 0.7909109544478213 0.06649231219521406
0.9890182586403455 0.3196735095140156 0.7843326493043539 0.06624112372600034
0.9881907501738577 0.32809037643252353 0.7803656265997998 0.06632444626014672
0.993409733626603 0.31503868151116654 0.7816999763946809 0.06894357705707256
0.9917593315182911 0.31056979565857346 0.7932395943097998 0.07730345038869528
0.9846103995610993 0.32763377869598903 0.7923003532318118 0.07534666415688092
0.9872671936731164 0.35037201661996326 0.8056599751816351 0.08272090854114778
0.9906927556509105 0.3263722657862154 0.7917806882395896 0.07819720479392869
0.9857518565443334 0.3767585818795723 0.7981878673214053 0.0815116122711643
0.9869722787904363 0.3817491473067765 0.8129821996490537 0.08746438160290503
0.99078345843299 0.36863382632214997 0.8032293390764486 0.0842963028891559
0.99479237771189 0.40548540770547153 0.8384838153891272 0.10639544865229669
0.9904941950877584 0.3915159725285111 0.8416363065300467 0.11414813853295504
0.9876580446602685 0.34746753646378237 0.8397423700987132 0.11546896611880225
0.9919627244695409 0.39677307711323895 0.832432752854111 0.10744554455445544
0.9904551655482634 0.38620178041543024 0.846486326295354 0.12174227111147722
0.9915579670535165 0.3491421793822355 0.8388757421710528 0.11648330553922569
0.9881833065431761 0.36055609772801206 0.8389796067146926 0.12178413669239357
0.9880425659783025 0.35172310558179765 0.851316099512531 0.13997354073123797
0.9908427897312369 0.34228764841777254 0.8530787993845916 0.1380005648492969
0.9912057736556316 0.3480247612724326 0.8596664423506419 0.14756043304167285
0.9930992404232895 0.3619957950475004 0.8709275120678759 0.16463241761836567
0.9919300859598854 0.3738531183056465 0.8526195540320266 0.1366097250365426
0.9912651801139645 0.33728456679404195 0.8677359311241273 0.1722973211698948
0.9906166605484317 0.37673642431896087 0.8747132268965541 0.1795270958577844
0.9911745713675105 0.36310674858639513 0.8712639962751967 0.16587493610495826
0.9875748934011545 0.37296145054832164 0.8756122403567683 0.18872302081707368
0.9886084314668905 0.33790441070554 0.863184520832265 0.1703812091858251
0.9810765268021154 0.287108134634259 0.8581852430334435 0.17384006637309338
0.9960136332836734 0.29528698922484553 0.866754977009591 0.1817650349826187
0.9851821779033381 0.24747108579319868 0.8712234228308521 0.20061962699275734
0.9904260982090556 0.2208997765965642 0.8775307155785596 0.2002261031196682
0.9896981424664473 0.1368726669431771 0.8800945577232385 0.22303807442959991
0.9859101710057979 0.1892103205629398 0.8806950161449069 0.23205002363034863
0.992407944238158 0.11028420579645024 0.8908008361318621 0.2753160432686042
0.9937975360712042 0.15454139700959607 0.8916470740214443 0.26178739901112297
0.9928501654429457 0.1594037165611599 0.885788606173817 0.24992358489895436
0.9903863252545625 0.16792950365499515 0.8928132948605708 0.290409887359199
0.9850629147734108 0.21097461798570388 0.883590232246258 0.26650031456099305
0.9893564776270964 0.26591624304042605 0.879256480059465 0.2508195180043248
0.9890293242384726 0.2034951602576174 0.8829248807011835 0.2856179305414101
0.9919579195296571 0.13600066544668107 0.8844266678074134 0.2884106288166364
0.988023454873256 0.15964192465497948 0.8924681594118706 0.3291684710459247
0.9904280950770101 0.14208517552809583 0.8918188353216554 0.33094863552424597
0.9820430590521159 0.13374195758937069 0.8984316672950922 0.3694068831570119
0.9890634900668558 0.046333516692760125 0.9164827740000733 0.4309778952032427
0.9877397393294627 0.07686178937995032 0.9179557058036061 0.437610321255496
0.9932631082367468 0.03600669892072944 0.9183765286169956 0.42828212077839023
0.9915168969414166 0.006347946835945249 0.9101436275277486 0.4193840266889535
0.9913686246499218 0.0 0.920482409436033 0.4590867992766727
0.9918785820631688 0.0 0.8951053434618881 0.3964554973208109
0.9892927052721693 0.0 0.9052203423827679 0.43067064617590173
0.991549334822008 0.0 0.9193907559453992 0.49256587760920206
0.9940211469543153 0.0 0.9122200638469997 0.47020684242979127
0.9910456214109141 0.0 0.9325599577424519 0.5630761181597262
0.9905475551403253 0.0 0.9441171034156244 0.628073147424203
0.9932651814088899 0.0 0.9373264027635294 0.5865366848258944
0.988637617348938 0.0 0.9289412357910711 0.5765958090169635
0.9893618770866041 0.0 0.9299753488395132 0.6032703742567331
0.9945885576924289 0.0 0.9436774820717397 0.6615817709265787
0.9931118707232472 0.0 0.956219409989943 0.7463389496617809
0.9918105164524463 0.0 0.9770221748252755 0.8937229944019923
0.9903869103032378 0.0 0.9795451004295931 0.9354794170641961
0.9887334824202075 0.0 0.977854640271466 0.9339335843003325
0.9875866849865718 0.0 0.9707158975073837 0.9046175819964815
0.9945478002870632 0.0 0.9746647704185291 0.9201485911618761
0.9918496632663353 0.0 0.9742606948033304 0.9192331428798949
0.9897746246330125 0.0 0.9580570145067954 0.8653633029956825
0.9900574879233063 0.0 0.9589765720646551 0.8992736572890025
0.9864599279170562 0.0 0.9534869198519832 0.9069133123253463
0.985719251240984 0.0 0.9403804640991845 0.8812780406198444
0.9958630137661358 0.0 0.9456977550361774 0.8922898090195128
0.9918035596249418 0.001041124414367517 0.9278445598387455 0.8685187659281629
0.9940954597802707 0.0 0.9321423404684309 0.8923983879741987
0.996493348426688 0.0 0.9271019929002053 0.8960406035268788
0.9868147863501656 0.0 0.5282487534325769 0.4830643155706692
