0.9878272176713535 0.009226813968470105 0.18162807324629648 0.21592664092664093
0.9832565829417974 0.008214423254860184 0.19072270039800376 0.2590763151395406
0.9880537285737373 0.0074288997936753365 0.1969275055239132 0.3225900539594575
0.9836982096171338 0.010040899918924411 0.19600304286773307 0.25194859911523065
0.9840042961632355 0.010547547626725728 0.20422595618509984 0.1657732777446893
0.9859708027994866 0.009109839137504891 0.18082404680522787 0.20746677488079537
0.9902077711625195 0.008381718188767814 0.18457607459249256 0.21043232383361857
0.975640429225298 0.008897302045718683 0.1763949631955037 0.4670180210812649
0.9865971139967606 0.00956946125615373 0.18884591727015618 0.3936297053312894
0.9822626136007521 0.009646610668822537 0.20034852837087905 0.4666785778095408
0.9902033560707062 0.009405261494111198 0.19230402597828788 0.6244598098530683
0.9820728766644902 0.009816940520315422 0.19912794998170252 0.5443494776828111
0.9889395447394612 0.010730035863688911 0.19579211452209308 0.5677808727948004
0.9818220272811001 0.01087137075419524 0.1993699478698516 0.4292967000149321
0.9878826420572888 0.011041646402032654 0.20662027211555864 0.27462717916404117
0.9808417039550883 0.011665778179002377 0.19054724377636412 0.4805764411027569
0.9870870834494204 0.013799685417206319 0.19975277571227923 0.23633232888506242
0.9885978821031829 0.01490572531767759 0.20023236026446647 0.20857418111753373
0.9860647525057531 0.014929236103029988 0.20725855454176706 0.2676122487319181
0.9819861727097441 0.014898551194701836 0.2107377786688246 0.17358490566037735
0.982818220699444 0.015954650134313412 0.21366280138232174 0.1209711017687384
0.9880182725728962 0.01783348938605556 0.20364959968345728 0.17787963114530475
0.9865451207325292 0.016159251803650476 0.2218704385529879 0.12430504563096612
0.9908208350034022 0.018119867968608094 0.22545019878907568 0.07257511014678858
0.9905879380502973 0.017332374130722635 0.2240728879859275 0.1613472569495514
0.994063422513507 0.018505584775021677 0.22360992017629977 0.20049403046521203
0.9855701739690051 0.018329327238608882 0.2279186954810103 0.1714709825703888
0.9878795153204512 0.01930056052273231 0.2366828102137131 0.20157137548441897
0.9875839236958196 0.018463209057258144 0.23325397765473105 0.08920092938680675
0.9914696058863269 0.018163307756067937 0.2392249483376538 0.08430345584703702
0.9902946323619187 0.019677051320266006 0.23290831825446093 0.08319197059655074
0.9880283655722473 0.0189404939900849 0.23566206403801737 0.05693895442730363
0.98833209643872 0.019092209464381546 0.2344127289909256 0.05074622670676523
0.9916337145227523 0.018280199939045477 0.23959193631608533 0.0539961341289184
0.9917353036225321 0.018931829470452487 0.2409150713768831 0.052968950314249086
0.991737301391593 0.017270727840008184 0.2436815956956062 0.07244065880833199
0.9911242313868327 0.01760474970732801 0.2500514259231263 0.05905499801726505
0.9908877131099353 0.016450948182047644 0.25118662619221677 0.08698932351798085
0.9903448309551608 0.015489512621333138 0.245630154921808 0.05345695093607131
0.9849562396570339 0.01498243723645249 0.2658235835159528 0.10139365784689962
0.9854654477900197 0.014856665452663861 0.25618137223052434 0.07484229472102329
0.9819555290628577 0.013948685377165461 0.2673183379956338 0.06995989329074642
0.993625649268336 0.015720235091635067 0.266202520006646 0.08054731104515503
0.9926452750851587 0.015019993221205168 0.2748628909535857 0.0838656330749354
0.9908361693022497 0.01637755768677973 0.2732905649554588 0.10551985755206317
0.9899705848351338 0.014061371211103554 0.28656089882091484 0.07791770131252217
0.9861435442215796 0.016945036135812618 0.28054975283549133 0.08813538385522822
0.986463021093465 0.016792791119544032 0.2796257534703275 0.06708109546999044
0.9896836038988223 0.017014760124121637 0.28453277033950003 0.09428817738928207
0.9956251272889453 0.0182030301262641 0.28665828260502063 0.09099735384263931
0.9836866183759054 0.018929657965989694 0.2850692196087121 0.12006679212277029
0.9887662994029809 0.018910211972974184 0.2960267409122681 0.21046390285551655
0.9855049343048227 0.020954757152361943 0.3032998398684426 0.31202651515151514
0.9881262059513624 0.022107897664071192 0.30456093850172716 0.21475529583637692
0.9919350720408535 0.0200837858234938 0.3161189775608243 0.12409159072557388
0.9837541126542095 0.022215678462755423 0.3151856881996792 0.5226422933111757
0.9884529288515607 0.022161801372561168 0.3228966865234652 0.25343354601492374
0.992986066207248 0.024740913129242745 0.3313161580301599 0.2798046369306814
0.991226307127724 0.023238761683923134 0.32036022079946663 0.23259112182669126
0.9887747418811266 0.024557973194291254 0.32670380320918885 0.24890829694323144
0.989773022646449 0.02349111147133517 0.3427201788871006 0.2394883857688915
0.9834709977443592 0.023574168595250928 0.3604233523197636 0.2331706854896016
0.9976012224673839 0.023511935832401517 0.35625019682331316 0.17174106969708722
0.9883763351974915 0.022324271009708813 0.35899984789762096 0.15879856138418172
0.9923865320456947 0.02322327347621806 0.3616618973990191 0.15517627129478698
0.9903524643387799 0.02045202054349584 0.3811864469756708 0.19754455120308778
0.9915680630193511 0.020419586767169814 0.3576243220646231 0.26764067545391984
0.9932959192042272 0.018609973112778316 0.37219660659233894 0.19860385369039843
0.9869327732082953 0.018285133391546873 0.3788542661085681 0.16342594032915408
0.9911708617115783 0.02110943958023175 0.37746441763072236 0.12756196080386975
0.9911613988795197 0.021273695509993303 0.38399385663249974 0.11525439032097874
0.9894803095128848 0.021725805441949755 0.38279344781735364 0.1405859700249792
0.9881532792254841 0.02252712404539476 0.3788269780940521 0.1350491110282233
0.9869468665764962 0.025300842876180972 0.39014306455611036 0.18328125524980682
0.9860357406246322 0.023905826585451324 0.40136096007206973 0.20598636479638338
0.9865986037446675 0.027183189289950855 0.41473969244163067 0.319
0.993353347610881 0.028622547636578836 0.4238385073035986 0.25853385562395076
0.9866923078773359 0.03112865236488637 0.42001289821628485 0.1647823022949413
0.9843913265153106 0.032049126356810405 0.42881402740363184 0.16320235246634185
0.9912491707354324 0.03357292304188787 0.4295858920750566 0.16198444150888008
0.9914721159070902 0.0356897482636207 0.42769277481669316 0.0917239182856363
0.9929530332057325 0.036591482460355595 0.428805824241144 0.09753972082600644
0.9928904258677308 0.03671080104984934 0.436844260720507 0.0965252721263758
0.9922663300903454 0.03891325793062372 0.4517916836760624 0.12306341981180217
0.990633299894768 0.037590357544703204 0.4637269932988638 0.10293928064973572
0.9920940027884174 0.038141743673998384 0.4841185394797643 0.1478070277706531
0.985659183415379 0.03939033947533672 0.48385663203517865 0.11787472970762997
0.9945101948474308 0.038967003864940446 0.47205231987840685 0.06243037974683544
0.9919431569824403 0.04810675279418639 0.5825031882130224 0.06554019954190768
0.9914000976831588 0.03858546494755607 0.49912755660375774 0.06567129359617403
0.9926613617316863 0.041934814584282734 0.5563507411382419 0.11204054868323113
0.9860901466635206 0.034156485188446765 0.45774819242150716 0.09288434045323934
0.9889401700450343 0.03668356222208821 0.47803942156096396 0.08681564961260166
0.989981823157608 0.03713651195792478 0.487681076527038 0.0724798311894536
0.9896533499891897 0.03353011617891132 0.44543026211298564 0.06680395551045584
0.9918143575806638 0.033993788670342105 0.46537867326610705 0.06330034263071316
0.9869290655354431 0.03661284006357836 0.46305259027612883 0.05623714573853936
0.9915367617759638 0.03571993604050154 0.47184030687548084 0.06859730052964291
0.9919806434320239 0.03602493409793002 0.4656886019186913 0.07086985839514498
0.9913756610566051 0.03523325802884937 0.4835923573905217 0.0659281128957989
0.9958490706704136 0.0371524743701771 0.4594744098600376 0.06896162740416252
0.990800112841157 0.03741340814106601 0.47524843140862294 0.08289665453979062
0.9886752430801061 0.0368793163316486 0.4732667153436946 0.08072529063920511
0.9899949289041823 0.03754316180474332 0.49292368975644035 0.09124718256949661
0.9846423432536008 0.038507206559138855 0.5244937324751965 0.11820248028433272
0.984412833109489 0.04153590644084217 0.5168826568656579 0.09755309498067578
0.9957142719675136 0.044992768735508774 0.5447665143556912 0.08484922327139811
0.9905650362270761 0.04708384978727681 0.5585305766612356 0.12163398186187117
0.9836771192072986 0.04332382100823371 0.549787028395403 0.13514418729276217
0.981558512401344 0.04554719450658456 0.569638937249262 0.13795667308797188
0.9839403228545469 0.04741891206949495 0.5666317611367943 0.11692553549400023
0.9887264114448013 0.05372176805034758 0.5936378508134077 0.16541479938563824
0.9859732246989005 0.05169359611106662 0.5844304445301367 0.14879505872823004
0.9825878576135285 0.04691857876695236 0.6063828207955008 0.2791102943506226
0.9899880110405221 0.04955906821963394 0.628319511075916 0.28051266213712167
0.9849970317639475 0.051678694630350526 0.6345740441991098 0.28678192257112617
0.9763720894588277 0.051884332886823155 0.650113441681715 0.2735527098531576
0.979332198199051 0.0557609350974683 0.6556074172001649 0.22936230759280818
0.9867227567090128 0.05113843994991157 0.6682081476741885 0.20975204650610985
0.9870309122633402 0.054341071723321005 0.6733396669420076 0.242513424204874
0.9926740404911996 0.05717119271942362 0.6949641402837318 0.18108102801719905
0.9831049601921544 0.06383538247503139 0.7166146045681809 0.24549139080053314
0.9898829321847598 0.06889779126461046 0.7149497085802818 0.14973995271867613
0.9888681931595666 0.08040880764437058 0.7337719920544835 0.13522217808296919
0.9830119022931564 0.08170930528517084 0.7176997805796322 0.0934752294999419
0.9917871500922113 0.09462971068497904 0.7327785968448293 0.07239273230130988
0.988265962998738 0.08953116618388585 0.721791970145732 0.06263091339450731
0.9821984269255559 0.1236113472056956 0.7045489743337041 0.04662863020211724
0.989830176133657 0.15104254346937304 0.7068402010920701 0.04379435047907838
0.992083835946924 0.25272506653342985 0.81403771164374 0.06046265809712418
0.9927257146414677 0.2305536757627458 0.8487397178024617 0.09066176730381938
0.9890013299203133 0.23152967681789932 0.8816323508462995 0.15055451533919056
0.989531258978337 0.225958678269287 0.8435413147730241 0.08789051125254795
0.9953169016621397 0.24601158209814955 0.8977632595053765 0.1891405256289542
0.987769907453454 0.25303508268807956 0.8809446608324122 0.14126496239098382
0.9904630354116963 0.24872262050936744 0.8632460090483965 0.1147844430886322
0.9885576335204549 0.2833752315427362 0.8323894459672476 0.07447273820751493
0.9888236688840398 0.2767278097643458 0.8401793347997757 0.08250638358061178
0.9894646835671704 0.29834875075646233 0.8489824747631249 0.09036019818068854
0.989163626113782 0.27901008060359933 0.7899390695180158 0.06082257549376165
0.9908105234095346 0.2939580378976518 0.7995372044137855 0.06468900529072676
0.9835111903814074 0.2969427532740572 0.76532327471367 0.056260943783051326
0.9901814107029286 0.32151799594156805 0.7779904020695789 0.05652099723389733
0.9927816322394537 0.34038828387221404 0.7632602401674918 0.05430492142165361
0.9879506998220966 0.35366777720313197 0.7500796236267956 0.049588301773646704
0.986981374547239 0.3164644874525419 0.7454162401581139 0.04878308487982963
0.9936332611647279 0.354110036203929 0.7253975276051324 0.047023843791166184
0.9902383712999591 0.3705316340002031 0.7179365624531377 0.041921564431995385
0.9956024024229565 0.3522194066224523 0.7208380530088133 0.04615719645102005
0.9908519869727431 0.35023664638269103 0.6923903591461106 0.042751481928498807
0.9916462446259647 0.3675493488608084 0.7347233332738369 0.05048878827611177
0.9878267861411528 0.39081295602445276 0.7335065495348869 0.04938493849384939
0.9909024994679297 0.36239180356827416 0.7491011034001511 0.05347311856281116
0.9891648773602397 0.36439147247379666 0.7375882938700545 0.05255496436100793
0.9885628762446387 0.37876547773054886 0.7354133598046105 0.053509921609218955
0.9937131602693546 0.3507743333942702 0.735876478320163 0.05537164892184244
0.9921336398424139 0.34844244262487145 0.7461012630618841 0.06156954249632849
0.9851952886017994 0.3606006691805194 0.750460903561043 0.06041406184080327
0.9879290145614154 0.3960907022106632 0.7610210069065281 0.06456211090853964
0.991434594318897 0.37305385185684437 0.758536240913811 0.06575663026521061
0.9862199124021959 0.4237447820037106 0.7601520666906859 0.06659437863383391
0.9877515055659611 0.43400506110356746 0.7725656257325693 0.07000345044551341
0.9914789068594916 0.4276619963743167 0.76312541750167 0.06797134645635144
0.9954542961918063 0.45300012109469606 0.777759657714798 0.0744619417197387
0.9908182034454946 0.4468286183497041 0.7864864503155933 0.08175991610367436
0.9879771189399819 0.3945968687081167 0.7844879791931854 0.08238522519383222
0.9923753815206131 0.44136755435481795 0.7847789129183428 0.08168421766631057
0.9908976107956641 0.44261071353228504 0.8032131045582717 0.09191025936680801
0.9920690174994851 0.40252066453883295 0.7872004222707475 0.08516116768265022
0.9883528693346837 0.40019127837715396 0.7783818079447381 0.08474228616637852
0.9882860843286804 0.40051637093193443 0.7966703361104287 0.09852483794350189
0.9908942794244036 0.39451420901110934 0.8011828427351475 0.09767975322230804
0.9916008313146883 0.39074730398195706 0.8096300243221483 0.10545911637065784
0.9934342264314533 0.4039494590300371 0.8282716819530618 0.12116143285466309
0.9923015120760932 0.43070433588385326 0.8136886355827725 0.10521978419173104
0.9913567737475948 0.3806121667177444 0.8332067552377288 0.1342118132913112
0.990882459204643 0.45540648908732306 0.8288545543881377 0.12800359875863046
0.9917996245085176 0.42072632758661804 0.8347276170639837 0.1270637452064916
0.9882844098331437 0.4236398784866059 0.8309041019283375 0.13727605863192183
0.989458370915659 0.4256986301369863 0.8236219209535547 0.13097302153905926
0.981287188511689 0.3621105157211307 0.8183698588129534 0.1336117518514022
0.9959559634272531 0.3692584471805251 0.8141919864794415 0.13134414492400778
0.985678165212714 0.3444918032786885 0.8324727710728589 0.15280780602583088
0.9908845119104888 0.3235804795153127 0.8439352230736801 0.15626432782605412
0.9900980640459972 0.27119944211994423 0.8412810247100561 0.1677294654951786
0.9865105585587174 0.2785789001793186 0.8461048518285808 0.17871124160327417
0.9926189165290221 0.1640179745725559 0.8567104958045982 0.20937517139670797
0.9940078315681298 0.24392536881689325 0.8470951287364046 0.18814680005599768
0.9931786406392411 0.22373041865603915 0.8405784839273087 0.1815943842734937
0.9907117905039379 0.23924499377215674 0.8448292726418141 0.20229994740808616
0.9854801345151418 0.29832233441997297 0.8315835626275215 0.18649836482826998
0.9898386059813332 0.38713667285095854 0.8208724774774385 0.1761750263065591
0.9895677411373168 0.2838755304101839 0.8393705219663764 0.21393872011378548
0.992255827827242 0.3047626375317381 0.8361921068283945 0.20965032102690534
0.9879349952235819 0.2945217862954258 0.8467192294578929 0.23751585570044143
0.9911393643031785 0.25174347544755193 0.8468656088676033 0.24289436403443596
0.9828527324322913 0.272832802845909 0.8610309524029292 0.2749910114073412
0.9892119479615777 0.2374526032535573 0.8861645722385475 0.32546803075366215
0.9880146592044631 0.2364969801553063 0.8815080209916787 0.3221294105907007
0.9941273310163569 0.11826340485627078 0.8811129625439899 0.3177992291008799
0.9919740779483964 0.07240547063555913 0.846780274096816 0.27555469995164844
0.9920190766527004 0.02956109669412163 0.8521402970668143 0.2862322930825051
0.9922215459070693 0.0034970129680897567 0.8417742692470715 0.28779694659712396
0.9898407787985388 0.0 0.8553853923690417 0.31419506840512973
0.9922279596882111 0.0 0.8652028220409566 0.34367534149143764
0.9944532276805272 0.0 0.8608820721880436 0.3373527262356737
0.9915405874528279 0.0 0.8741688401223008 0.3769775473374678
0.9906336242808713 0.0 0.8928507405421585 0.4334256703518883
0.9934391102494771 0.0 0.863876495536352 0.37573969267482543
0.9889548722201721 0.0 0.8680514995302064 0.4002835440511876
0.9896564112035096 0.0 0.86347288861416 0.4146378183921617
0.9945726274934789 0.001841055538508745 0.8863933585887 0.46640124422186313
0.9935336227699054 0.0 0.9191324593602517 0.5838118731802006
0.9924640630004333 0.0 0.9518755462035143 0.7492411190417589
0.9909556203109927 0.0 0.9659652218498217 0.850092459166445
0.9895565012529449 0.0 0.9628069599899857 0.8448222191477587
0.9887974565176735 0.0 0.9440571225984251 0.7733429831682103
0.9952930754909615 0.0 0.957148271532128 0.8357078861772783
0.9926689667451483 0.002831466207066355 0.9609901799885064 0.8593989580726619
0.9906031604165891 0.0 0.9516837992571542 0.8459089603617962
0.9906079636408414 0.0 0.9467217498137596 0.8564306697890125
0.9871468135791419 0.0 0.9447382824823539 0.8795521875630467
0.9867169553648631 0.0 0.9379227416203216 0.8779511817521727
0.9964496939370086 0.0015766383328763367 0.9340022037331775 0.8684132345983298
0.9925160566938696 0.0002777777777777778 0.923894778255035 0.8670874884641377
0.9946655909287014 0.0 0.9454829922211139 0.9201745027645098
0.9969181766790466 0.0 0.9407010193048547 0.9217821001221522
0.9873804031797005 0.0 0.5716260014053091 0.5743100914218404
