0.9877416713386109 0.004058771968920384 0.1804732179448264 0.46749393040194226
0.9833588091114929 0.0037695169593230486 0.1904988610059154 0.40765207817230936
0.9879630275549355 0.00328157467073082 0.19638324413504488 0.4501679731243001
0.9833116925577529 0.007111427800791456 0.19556995394530413 0.5377881529034141
0.983719045960717 0.006912341888041161 0.2038358194385099 0.43169255067122925
0.9857578648797136 0.00538540470716247 0.18120419015377737 0.35081616269735083
0.9900038483510653 0.0041508449690176395 0.1844002867565223 0.537903427570678
0.975277693171651 0.004642647407701253 0.17618429616710754 0.4788896664334033
0.9865388877257039 0.004987087351407817 0.18902373528317484 0.3995176848874598
0.9820383272477899 0.005191177349228131 0.20051756666188872 0.5733118105999462
0.9899335840601744 0.005417086652105022 0.19226890599370655 0.5708552796588914
0.981732397327736 0.005829921065975713 0.19870234821665858 0.5475526249048948
0.9891204604259681 0.006497321951465461 0.19573799311096685 0.42857142857142855
0.9817431947380265 0.006800539349749148 0.19902987146107 0.4623393885688968
0.9881079028760704 0.006362131210722123 0.20561987092383388 0.472168905950096
0.980431419282039 0.007210665711474089 0.19002512053174392 0.5290226205719163
0.9867818250093879 0.010199466525825806 0.19882098851459828 0.5022337173759699
0.9882756995751699 0.011884582006089736 0.1981763318276275 0.5462590506838294
0.9859673598975622 0.010962191032668715 0.20624139462492283 0.49362392766056107
0.9820730904561878 0.012174763229050664 0.2092536238997415 0.5436420026583961
0.9826909425961706 0.01345831931531916 0.21492651253987768 0.5797883826387389
0.9878439857318285 0.014551577652095863 0.20179198326683617 0.5826312378483474
0.9865416034339711 0.012779812186530699 0.22033396470535746 0.6448075682648893
0.9907711346260737 0.016010889117776716 0.22583204947609664 0.4471041178439906
0.9904083104021439 0.015011788270149597 0.2215881460206596 0.6065611378756596
0.9934541319269174 0.015058634839300965 0.22119725300988247 0.5981724983285046
0.9849738298536089 0.015410454977339422 0.2247909140618697 0.65625
0.987519680772337 0.016453254630382746 0.23395600387039853 0.6433714527742482
0.9875989946968383 0.016570321926658416 0.22792137725889708 0.5605132133282267
0.991494461757614 0.015672032969964816 0.23518546027604292 0.4096730245231608
0.9903160162796265 0.0171601760461226 0.22927062985440205 0.3641131983410588
0.987975043774901 0.016664921003612495 0.23218537953172658 0.3675643327348893
0.9888435719613413 0.01674702940326712 0.23215585385457607 0.3705226071638285
0.9919093930571988 0.016108063479284205 0.23892768374955617 0.3959003694434513
0.9916606151755424 0.01652768333273684 0.23702419008352418 0.3715832205683356
0.9916881670169292 0.015300962605380927 0.2364965146457278 0.6157388028463793
0.9912744408065849 0.015499691867366478 0.2439572976034886 0.3559500052515492
0.9908353959713954 0.01404111716113538 0.2438138830845145 0.6624113475177305
0.9902073788987331 0.01306287159789811 0.2433192496358555 0.2214883044479457
0.9850425814250185 0.01202111895653503 0.26019020616813004 0.609089438783762
0.9856058292835166 0.01257275731038988 0.25493194617965326 0.3323792486583184
0.9821037616320644 0.011537866625419363 0.2650490408784748 0.37701149425287356
0.9932615749960358 0.012633962849172837 0.2621987736614397 0.36288140337781094
0.9930868384574464 0.0124571554154287 0.2725591664514972 0.39088808187520635
0.9906718461440489 0.013463375038310629 0.2696113869620299 0.5703174603174603
0.9902728533991059 0.011491697735322574 0.282242900498259 0.36502467641307385
0.9862659738438777 0.014045721200641886 0.2777738856558894 0.549565453557849
0.9864837410209725 0.013910185736673806 0.28090411765735424 0.33389487870619944
0.9898403782481545 0.013914458919292319 0.283203681100544 0.4527450764660579
0.9953621111030906 0.015632909981819976 0.28519747731666495 0.3638827714721328
0.9837107016547274 0.015827781373537145 0.28621871230716434 0.5461772889890023
0.9888836588902336 0.016307614299733143 0.29722374024034587 0.691929467616141
0.9854852802419078 0.018035186872683722 0.30233582116257396 0.7494784422809457
0.9884500767992664 0.01907476504418572 0.3034730193595047 0.7645975317738073
0.9922021198852631 0.017076648841354725 0.3168626966340201 0.7462149886449659
0.9840647430030348 0.019077631364555057 0.31458760347649234 0.8227848101265823
0.9890196481081965 0.019170458162481977 0.32039953068048127 0.7612153708668454
0.9933222116244482 0.02154762568953708 0.32999713810074693 0.7810714285714285
0.9912534788643473 0.020430749481444074 0.32219719011445586 0.8494427188013887
0.988819371013505 0.02238352194330591 0.3268864561869513 0.7946411841858723
0.9896447703992428 0.021012023198394448 0.34284970885633026 0.8014134275618374
0.9832656401411357 0.020907590759075907 0.35972055888223553 0.81948216548977
0.9977606181206912 0.021125679098127476 0.36006659474914665 0.7089414527763798
0.9884352155019142 0.019147794765681878 0.3616511957921626 0.5450906522251001
0.9925940312932815 0.02003885386258409 0.3663655258008169 0.465837242504589
0.9902422509954175 0.01730827410871146 0.38585905519798175 0.7231081926203877
0.9919208160744767 0.01721139770834385 0.3591968049519659 0.8061035238576969
0.993126193572575 0.01585054136369024 0.3740115414477191 0.6682320860475686
0.9868788771373982 0.015591263882565208 0.38151085165421217 0.5490522115064849
0.9913601129558032 0.018421793021523136 0.38176405398822094 0.36177884615384615
0.9912853613909959 0.019188512342593722 0.3899727044016061 0.29184835271317827
0.9896836751486846 0.018027744632408426 0.3874856977235327 0.33437765158932187
0.9881532366622116 0.019416263136941638 0.38396785536514827 0.3073750307805959
0.987055935863631 0.02232673831213726 0.39645347634252864 0.4217681469885474
0.9862709299252889 0.021165756700235905 0.4052226438448152 0.4879596789247713
0.9867628389239391 0.023883932207807722 0.4182478695748383 0.7502188503063905
0.9937117303890844 0.025379382161841255 0.4283616495040166 0.8084459972656843
0.9867851791997038 0.02775534739545172 0.4275133543487033 0.585554903112155
0.9846409462799012 0.028303542117119666 0.4368521413066508 0.4991153738709377
0.9915639102409596 0.029459083181689282 0.44008393088120973 0.4535668517727467
0.9917848786715328 0.03103660036198322 0.4539817123991683 0.3746790974192677
0.9932162455985863 0.031862413331528526 0.4649742449303864 0.43591407151095735
0.993152468021095 0.03181721349688327 0.47731637462875676 0.4196568928986399
0.9923341040286131 0.03443014317823393 0.4818717447091688 0.5290006353816828
0.990597035016768 0.03263374178849563 0.5021568917242804 0.5630580357142857
0.9921655592345975 0.03242921823912146 0.511043249363932 0.7092526690391459
0.9861311654716024 0.03446697046659887 0.5130827635851951 0.6058641377975614
0.9947565816683025 0.034210612138407856 0.5037297103105914 0.31032706670100435
0.992076220890798 0.04241023032827909 0.6001467195944018 0.354639844256976
0.9913409572014806 0.03377558322361485 0.510174821940616 0.29244457409568264
0.9926151497299136 0.036624906791513485 0.5673826985176827 0.427546232404085
0.9862122773338519 0.029914897147632114 0.453422889894848 0.35678984611928566
0.9892564363788704 0.032406068790213675 0.4881486635263275 0.2866420923292961
0.9899161331113456 0.03266745987016511 0.49643261269957595 0.2568792995622264
0.9895968743767616 0.02951558731375245 0.4578660832523259 0.19478115483370156
0.9915938446415277 0.029069136754815227 0.4655991925419772 0.19775193566709515
0.9871873983102937 0.032363897442835465 0.46717702161877755 0.147068995331143
0.9913651117186217 0.030958899895403926 0.4767154606704359 0.2203220932849015
0.9921540406449191 0.030155037927634656 0.4742054567418907 0.23432419879238273
0.9913674774507463 0.029454857697365902 0.49469769073389175 0.2139836227841267
0.9957403975548775 0.03163593795727246 0.4689652775195503 0.1781058234960692
0.9906166937861635 0.03226047868435845 0.4866847514614297 0.19359042553191488
0.989184634919128 0.032583555315912734 0.4870186595564016 0.17605585753599126
0.9900485043793438 0.03267996462223364 0.5028099027971805 0.21017666598077545
0.984755663199886 0.0340017013002795 0.5270458626742802 0.2726411312365611
0.9846657712892604 0.03644885226991272 0.5239092410844427 0.21674217169558652
0.9957298832393707 0.04056749931025701 0.5493024361394625 0.2254914940093996
0.9904762823845603 0.04241644525241225 0.5709193729696199 0.34300120476551693
0.9836335975271555 0.0387512847239939 0.5587778551448719 0.38371186275465446
0.9814897486671371 0.04062783690975831 0.5768886317305465 0.45035360678925035
0.9841672203325962 0.04114611120991167 0.572701782967923 0.34977424209847346
0.9890670490266916 0.04798789501521841 0.6018707619357567 0.5478446740292127
0.985964687127649 0.04615881150547204 0.6000627979779676 0.35492206384929564
0.9825361347417652 0.04190883327729478 0.6130897042478978 0.5919288645690834
0.9900664482658236 0.0423381760509517 0.6335189141967809 0.6083194905869325
0.9850947232186532 0.044708603520271756 0.6422485235448523 0.7092711465019907
0.9763754384261873 0.044224520673661234 0.6582818351988152 0.7136412998078691
0.9796430595408206 0.04908536442766872 0.6684089915641668 0.48759633233953986
0.9869981086053954 0.04375116054064091 0.6849510520640256 0.4916106434664708
0.9866790953449739 0.04639221691739483 0.6887263052876621 0.597080101675031
0.9933581976504265 0.049672875554301596 0.7153015908922432 0.4478028829368048
0.983107395448457 0.05558205023391016 0.7304826167964427 0.5565386546184738
0.9898362140676037 0.05969274070599273 0.7420166921272426 0.36379337415606844
0.9890578127500942 0.06930742567657645 0.7651082142590823 0.34351060695344726
0.9830605674639494 0.07011120993374287 0.7713136593046827 0.39945916254700636
0.9917640325889154 0.08541480644473066 0.8091723101878734 0.4262915129151292
0.9885609779132304 0.07664685114215879 0.8213684300740525 0.5234739178690344
0.9821407439300435 0.10905945771984873 0.8435751493771153 0.44085019110655355
0.9903106842749171 0.12765430308304027 0.8693503173145646 0.3867952969550799
0.992804056434991 0.22856057260805718 0.9236413624802909 0.3884686967885004
0.992727037424563 0.20119663710344562 0.9177472836604645 0.4157456848379486
0.9892104114465139 0.20815752461322082 0.9262144935357376 0.8426132145508537
0.9896701115589644 0.19883195906760573 0.9282508282750115 0.8466132198952879
0.9954249786559044 0.22494314110352992 0.9356638567850789 0.9130363307578497
0.9879389867310879 0.23088540885623085 0.9327109151467192 0.8148614609571788
0.9907927013676535 0.2262268255203656 0.9286204119612707 0.7734558666381706
0.9885685770591001 0.263869609994179 0.9372915335816249 0.770541298253181
0.9885595173478684 0.25044728538434013 0.9340447575298123 0.7168129909564988
0.9896785537931616 0.2761833849792504 0.9376228314077135 0.7982304704359086
0.9891419686098709 0.2592098350320479 0.9299079406902795 0.6041373560523162
0.9911928954817926 0.27247888157744937 0.938829042383271 0.724936967222956
0.9840204015349268 0.2668607687777123 0.928141066353057 0.542458753734898
0.9903417569426949 0.28308102973535176 0.9273315470523147 0.35197545942568237
0.992852012017259 0.30874029060792435 0.9123099305614327 0.218951118280654
0.9882260311747119 0.31767354229367 0.9094091195077486 0.21243791909834284
0.987350551515468 0.2762239826216309 0.8944397636384479 0.17100476921833319
0.9940407606103083 0.3092199607148452 0.8517505756015609 0.09993455834234075
0.990641947312848 0.33005041318018813 0.8636264665969808 0.10256389750807715
0.9961093061290346 0.3040968988407807 0.8602077754616585 0.10709830339321358
0.9913615260898688 0.30795943881094595 0.8332031586203679 0.08797372758666074
0.9920570795200572 0.3307891508791059 0.846327657125118 0.09846899896085902
0.988074844295712 0.36047165215653454 0.8423122913696828 0.09347693558219874
0.991213693507368 0.3196070341911196 0.8526566446103621 0.1034221761718951
0.9893820638703071 0.33006378860119784 0.845191328977877 0.10011672802370476
0.9887342595245256 0.3573596980636692 0.835320400245048 0.09326069184156166
0.9940105917208167 0.32075346201428706 0.8384611093976599 0.09884297309224875
0.9923479206613205 0.321282619728091 0.8579777965438405 0.12228568820876337
0.985387132207149 0.33848529572537445 0.846577590731313 0.10960800573444461
0.987837773056727 0.3670671338784137 0.859853575152929 0.12318857204034657
0.991343115612691 0.33852883364247943 0.8533249792250874 0.11899918341618555
0.9862187184227751 0.39738786476602733 0.8542571199722551 0.11932691358720939
0.9877066617863225 0.39982148653034727 0.8742681828417023 0.13943258569892739
0.9915054408262837 0.39291800248389797 0.861045285842587 0.12655774229483846
0.9954811264397857 0.42907356652885525 0.8814013225755841 0.15061502882423916
0.9911895397834288 0.40663730087307975 0.8871498640329657 0.1699020185649035
0.9881974759257046 0.3581203957710446 0.8849408796496103 0.17299771167048056
0.9924819958400686 0.41827599331446824 0.8786667680946557 0.15419693169603596
0.9909805796717382 0.40536157537646866 0.8942315993458886 0.18803619466862315
0.992002200258001 0.3599074322511403 0.8838431049328737 0.1702209954464741
0.9886393059848723 0.3758007728638901 0.8849241329449468 0.1803005609630917
0.9885531862965189 0.37321562421920546 0.8974339450239854 0.21793068966594795
0.9910309882458378 0.3691120106028585 0.9022250388331854 0.2210833781489566
0.9915916845878137 0.36396512628039723 0.9046933982048486 0.22859562190302954
0.9937931580233066 0.3702866055761357 0.9214119242126936 0.28859197307358864
0.9923650999573674 0.40192699199774246 0.9075930840667382 0.2279614541717785
0.9916269538257726 0.34147436648315177 0.9278971007616515 0.34909524699254063
0.9911102519759151 0.41056873754754575 0.9328106723460631 0.34738268534946426
0.9919329264369295 0.3713686806411837 0.9307498414671638 0.3192817083124885
0.9883072606039002 0.3738038123242797 0.9345598308078539 0.37209760490838983
0.9892046275306453 0.3952987154803299 0.9347365902844055 0.3607934846156984
0.9815676035844926 0.25267789936888424 0.9195668061032891 0.3315913216143454
0.9961164301918715 0.28394069310468023 0.9285884082874598 0.3364809972919974
0.9857206444498623 0.2387666724406721 0.9315866837110102 0.38850011973498655
0.9907151495174951 0.23044601210439072 0.94256051703978 0.42300017606667056
0.9902546802084363 0.14641090963584594 0.9415225158814289 0.4562117826904986
0.9865876725563401 0.17905722326454035 0.9431535636520622 0.4898012592558383
0.9925574815549658 0.10091794944216918 0.9455263750750594 0.5733802912753505
0.9940539672519672 0.1163881341422563 0.9501159603626397 0.5438335809806835
0.9933595793847185 0.13525916820323705 0.9443692554741255 0.4834217963741642
0.990869188730677 0.15333377739292614 0.948107831828762 0.5810971973762672
0.985388530012615 0.22215624734922385 0.9278673221677693 0.41736691572622664
0.9896973156929149 0.23329129886506936 0.9316419904743433 0.40700256713255367
0.989334751056884 0.17447081462475947 0.9311529205674821 0.4617426352524822
0.9920645193969034 0.13513290407792636 0.9278200468210941 0.43464570067661157
0.9882598860675565 0.14357474883790675 0.9340772590482901 0.5075089261191981
0.9908863619889615 0.14779802581624904 0.9317574503136419 0.4882674218670982
0.9824483007164835 0.12941085927579174 0.9439081720336632 0.617017610790455
0.9893203210133998 0.06799181027128476 0.9543715189710097 0.6819880953931516
0.9879413867047891 0.10309619475301347 0.9547109465814224 0.6772445241832997
0.9939539518337914 0.04201118386464656 0.9583510471764958 0.6789138540506513
0.9920480519306927 0.006936764853724741 0.947377180217663 0.6088403137666109
0.9920620407722451 0.0 0.9413252794762925 0.5626237025228598
0.9922107794448219 0.0 0.934232449501815 0.5515245173792528
0.9895164186874812 0.0 0.9382508726070515 0.5768154917536127
0.9920493219243413 0.0 0.9548681319926631 0.691270675083909
0.9946501383497334 0.0 0.9511769095102428 0.6699790237138692
0.9914656227685402 0.0 0.9582329129136891 0.7177978511317725
0.9907433043660216 0.0 0.9618960855384735 0.7464929946325315
0.9933431207358154 0.0 0.9536804622008017 0.6706008190656205
0.988948307499553 0.0 0.9459019130024925 0.6578504264916815
0.9896106623218582 0.0 0.9441093819871523 0.6680130344006713
0.995241954491658 0.0 0.9565511117330907 0.7291433485299337
0.9935075807838492 0.0 0.9680442972559622 0.8196251839455233
0.9921347270265449 0.0 0.9803521762167634 0.9199717754976039
0.9908019693107413 0.0 0.980326626417186 0.941462459164329
0.9888623110704529 0.0 0.9784706187115247 0.9392251402446234
0.988151522859095 0.0 0.9740038853668871 0.9230114436778026
0.994570384827103 0.0 0.9772121083827265 0.9346116852324072
0.9923166568305929 0.0 0.9753362144898061 0.9221423283267244
0.9902528039326436 0.0 0.9618700048041228 0.8781492023565235
0.9899858842257777 0.0 0.9621972747452522 0.9109110538852224
0.986741098250684 0.0 0.9567172977076918 0.9163906369710807
0.9862440302356735 0.0 0.9428487843309911 0.8860438098765848
0.9961495255269459 0.0 0.9500072976128697 0.9016676750190189
0.9922555769760396 0.00026380583890256773 0.9316931309253766 0.8742039363354837
0.9944859437261616 0.0 0.938200712515033 0.9019235088212809
0.9967625540688726 0.0 0.9383807063479024 0.9135837771762857
0.9867389846609483 0.0 0.5073841000374002 0.43439887591112675
