0.9888022904775859 0.007715299221539872 0.1831136867547218 0.12762005837092066
0.9844304231982608 0.006531604781370866 0.19117954243563862 0.25205133599831686
0.9889550680542202 0.006563415198392534 0.19688745670618293 0.45498692566305565
0.9844386918085657 0.008690235134514977 0.1971904553792065 0.17296384336294257
0.9849949701845673 0.009370801657622262 0.20507163627564204 0.21155973451327434
0.9869731404107938 0.0076906053437855015 0.18089387297019593 0.31215403128760527
0.9907802384519977 0.006592440668033987 0.18572455286226036 0.16277994657900144
0.977106511473514 0.007549360078711679 0.17669786251819625 0.4718759501368197
0.98759438852637 0.006750201906383143 0.18823274770818552 0.4161529951003635
0.9830663008204507 0.008021188784827106 0.2004994748730456 0.33860420877422426
0.9911492223871742 0.006814801059263429 0.19200991405581183 0.6214798990095164
0.9832159680697625 0.0077996339007155935 0.19924114336269128 0.4894232232536905
0.9897904770369054 0.009560146020080184 0.19592591148372002 0.6451543276494712
0.9824346987856999 0.009713131739664219 0.1996507194648629 0.43230527966544696
0.988793671720501 0.010255039046218455 0.20790129524781736 0.19017214397496088
0.9819462330776365 0.009193464717670314 0.19114049316327125 0.2829880512335597
0.9880331423449178 0.011989063231273247 0.20092318925140526 0.19951759539860225
0.9897844369539398 0.01329961497728465 0.20104568824764657 0.17442311421369014
0.9867842409117775 0.012563714259047952 0.20881751235751034 0.15457351428151486
0.9826108566762524 0.01278997488244844 0.2120017577627766 0.14549235916448142
0.9837458727460877 0.014344569057975027 0.21770887972563707 0.12663965662481447
0.9895153188617835 0.016187015783301614 0.20508181317328383 0.15275832467356437
0.9876399467810062 0.014566471822541966 0.2241742214561546 0.12586494446612967
0.9909916729750189 0.01686094964377393 0.2320093507061381 0.076699484294421
0.9900177526510278 0.015934742244382783 0.22646363941018766 0.09815986365080741
0.9944303492023717 0.01684702166864052 0.22671805452736052 0.10957499689325215
0.9865327645729445 0.016706461471202715 0.23134363453140747 0.09561911850709767
0.9875957577677955 0.01767822400233217 0.23811082530611705 0.1402454949072865
0.9879662520641252 0.01700350829636503 0.23469686207328794 0.08578035796015705
0.9928627200454287 0.016829087456248868 0.24214105785024437 0.07717871444494902
0.9910096843636955 0.018329698039203587 0.23488895380640548 0.07860928937202408
0.9880306860884659 0.017216259755247376 0.2389187646142673 0.048292409005053855
0.9887924796745488 0.017329216321739352 0.2360975041306492 0.04585161119047318
0.992626089090686 0.016684171135182748 0.2431130395991413 0.05001425646076881
0.9921589338901342 0.01772357923061509 0.24213163916296648 0.04263886021061326
0.9924614024048445 0.015575348395950962 0.24567595867652758 0.05575861141437635
0.991889259264698 0.016102237214403934 0.253460306542131 0.05084810855789541
0.9918494000320832 0.014690936639061436 0.25288714866106154 0.07423673722091088
0.9906161278589197 0.013889635495275705 0.24811115979303863 0.04738950211913744
0.9848751079175236 0.013523678372617814 0.2683686800219269 0.06780661371646346
0.9864014556119284 0.013447730570775153 0.2583857059489327 0.061295286053993564
0.9835551450883139 0.012609047039230279 0.27069126795773063 0.05732764956636778
0.9943525469101951 0.015137202497523213 0.26850677834510395 0.0675069594803588
0.9927231685778238 0.013407853095647545 0.27941387616417435 0.07225004799218164
0.9921480171992175 0.01617327341992682 0.2778604602404127 0.08963950050743502
0.9898954498071778 0.013034644769422869 0.2907157407451718 0.0684782270364491
0.9864750655762204 0.015789811214035575 0.28522142194516154 0.08587174348697395
0.9868252705386192 0.015950123529784404 0.2857151895830928 0.06437360516315821
0.9894431791994582 0.0161293574039395 0.29000374961453484 0.0792304579483375
0.9963419349849192 0.017206763430613715 0.2906263839626114 0.08070044456510674
0.9837522929719457 0.01817598310129456 0.28976772208449214 0.11299846722114733
0.9898364544949776 0.017782755639393223 0.29943271495139795 0.212734404898584
0.9861877867940491 0.019648052838680898 0.30504712661868577 0.24542547056047817
0.9888030888030888 0.021072811978017417 0.3066690628806486 0.20756496722161957
0.9931032638229533 0.018517220256312715 0.32115520752167875 0.12873909118266627
0.9846016019728445 0.020656144509832462 0.3148711610910397 0.7857476999844066
0.9889358217986988 0.020429194389077605 0.3242222913048644 0.2003051623294058
0.9941534879069701 0.023463684499636366 0.3312272200603029 0.42186104661546703
0.9920254297295668 0.02208983395758988 0.32308556227311924 0.3368493622888659
0.989670609423505 0.02265294889505236 0.3275596502579548 0.39511762094984465
0.990379438219794 0.022300515638748113 0.34437248354980526 0.3341789509770312
0.9844486737849404 0.022071492553599116 0.36188715020683565 0.32097402597402597
0.997403565583557 0.022170731615274598 0.3590899602045304 0.28640020763041785
0.9893472829625798 0.020531598266294332 0.3612328101285913 0.24280575539568344
0.9920960123099815 0.021971822277866655 0.3638449506621302 0.19701419481155164
0.9909544128280773 0.01956646589994204 0.3859576325087465 0.2763257465510216
0.9913340751846093 0.019676414912306147 0.35859682103523915 0.4750305652214803
0.9941954589863198 0.01772972471795083 0.3729231729148427 0.31443364868320123
0.9871884745754724 0.01733931435575782 0.3810455929716823 0.2445982205903121
0.9921219644511197 0.020747098608269163 0.37995770814705554 0.16062634170981185
0.9917465862671703 0.021449348313664112 0.38759163769418076 0.13306281618887014
0.9899327327875427 0.021196992842150302 0.38582976424274484 0.1920272939486443
0.9885976266108861 0.021981194271677888 0.38279184278708805 0.20411885401626265
0.9881027751398122 0.0254271162571539 0.3938322747827038 0.2473358229346935
0.9864249482246301 0.02346725674845846 0.40308516965784286 0.26572334484880034
0.9858220167511944 0.026336319590580196 0.4168285926410832 0.5019448045934433
0.9932976630373888 0.028685173407778777 0.4272378870650498 0.40282763167533514
0.9869666508788675 0.03058745017355318 0.42513183279742767 0.28516807392066273
0.9850504376783673 0.0313085532874688 0.4316735814059738 0.2279622962093936
0.9912330505644246 0.03253997186163214 0.43379756426335586 0.2583262571940749
0.9915842006888241 0.034300236330085145 0.43702388052172486 0.1499762339579216
0.9932564246304547 0.03572217488718483 0.4343901931249005 0.11795694864048338
0.992662054153852 0.03649030099405358 0.4564871588527731 0.15544883455819933
0.9927316067184542 0.038504347340135706 0.4607866521424456 0.15795789528604595
0.9911705386521581 0.03724368832759926 0.4733790475691242 0.1343342799866355
0.9918515718012723 0.03779971929847547 0.49195462830685344 0.19340090835263332
0.9863101762077396 0.03862887955191362 0.4906092301259262 0.16377668637867093
0.994772860342185 0.037849290621205574 0.4731437085084228 0.09044278825076721
0.9926815195120228 0.046877309195888645 0.5722018396880815 0.10361574996169756
0.9922638749448645 0.03831204701955664 0.4929196204332603 0.0919127466983232
0.9933572853534306 0.041215848057912355 0.550918078923815 0.17156942855586424
0.9866336915387023 0.03355243576853424 0.4448076221512226 0.1369906021725935
0.9893160892935982 0.036537264516456856 0.46438261796369046 0.11211830482681047
0.990020382171693 0.036772329668565924 0.47434903949968427 0.10196720818743331
0.9908440900961712 0.03381175385992123 0.4380621900949391 0.08697395307933059
0.9935516201659738 0.034118293407991086 0.46061736937333003 0.07735279591724743
0.9879794801592131 0.03565766917154637 0.453500826686892 0.06678303533518894
0.9923203894866615 0.035408108041622595 0.46534347435502227 0.0805430664030136
0.9927186107046444 0.0359368584892364 0.45557713701358 0.0946345585128855
0.9916982378801508 0.035438557328953874 0.47369140268605203 0.08621421496957977
0.9958827800430835 0.03764333132166566 0.4511066530194473 0.0909113493236613
0.9917062922913034 0.0372546241987932 0.4663516064941243 0.09274610753063489
0.9890821277812109 0.03647954096631223 0.46880203564683237 0.10335544535325562
0.9911380569448106 0.0371027176416398 0.4911895614615534 0.12079891178129458
0.9850223934265147 0.03883550684817524 0.5269345532166474 0.1733810535734258
0.9854697454592954 0.041668757342598055 0.5167807247205394 0.1351495818605052
0.9962755313110322 0.045309678855483204 0.5447466178160967 0.12241349025118567
0.9906403857704916 0.04770405596282065 0.559847145456765 0.17737161963716874
0.9845532178681434 0.04393567173719454 0.5505269793202119 0.21577141631821592
0.9825273354370001 0.04555766340356783 0.5715976669353456 0.30118787699367205
0.984697652227255 0.04749215865878369 0.5711210513815217 0.245729962535768
0.9898707039093317 0.053924691312606375 0.5989527646476339 0.3469288769346091
0.9862899969432694 0.053723347052900175 0.5951062586064175 0.25637315894557133
0.9833341732600918 0.047202685421994885 0.6143505943400789 0.49790936829020227
0.9906553934852128 0.04991150736953316 0.6358016703642092 0.5743898573692552
0.985569513192387 0.05236091033529916 0.6403402592266624 0.5120004560743401
0.9770789484439177 0.05406584804608509 0.6569338961379076 0.49251800180018
0.9804681853245303 0.056605492798149595 0.6659381309822902 0.3786719117458417
0.9877677688744676 0.05212231968810916 0.6792157285545963 0.32727609864639345
0.9871694096028361 0.05744411476672669 0.6843694873372005 0.3972510613257114
0.9930025677692765 0.05878419791608625 0.7128819421023909 0.3900378310214376
0.9841986894138595 0.06786773012596727 0.7318380330968106 0.5123488332481689
0.9909550529719853 0.0728234947828751 0.7406900191650618 0.3078640776699029
0.9901240464173691 0.08485519829151947 0.7643869170252263 0.2985461935282164
0.9840526781336846 0.08687679753402414 0.7646288408801156 0.26545704467353953
0.9926347940713115 0.09990456735888194 0.7789435389649004 0.1383824285609344
0.9886157932268818 0.09092352724057717 0.7908906190524551 0.1572543916720885
0.9827155210391834 0.129985754985755 0.7931598065320837 0.10533127145504996
0.9897053670006519 0.159301724034216 0.7960402074634553 0.08424772030454038
0.9915495809357558 0.27260556759187343 0.8806664715407839 0.12136650050579531
0.9924735182734585 0.24347317335174848 0.8823164026558177 0.14247531471146255
0.9843429542694877 0.24327973964152136 0.869302053731584 0.1283966642583363
0.9908708596547303 0.23566698680685436 0.8595155216235539 0.10367193939631825
0.9958036920306168 0.2627888511945885 0.8803218933988127 0.13678756476683937
0.9882793029408382 0.2716008608382519 0.8648482752868448 0.11215986730381897
0.9914557505079148 0.2652401859248174 0.8531376260475919 0.09970188505912764
0.9888835215264778 0.29383797171636755 0.8165333780540212 0.06572970244676249
0.9898039989698092 0.2909124134669132 0.8265943425003459 0.07288396106199341
0.9903465534329587 0.3166484248854019 0.83796189369425 0.08060539311471915
0.9897309059031637 0.29243639982583813 0.7953740242765738 0.06291538379870475
0.9919501553425916 0.3074315222272115 0.7821049681602952 0.05791978820481045
0.9848252869388261 0.3113928485405855 0.7546984377098058 0.053106336579684284
0.9909327507299699 0.3372288927910398 0.7814074289499621 0.05747330313449399
0.9930958178198507 0.3569067837498794 0.7723356537630701 0.05695182174554958
0.9885767294251113 0.37347837661237626 0.7672174046026361 0.05390270973987499
0.9880490234185211 0.3228385865263746 0.7528998069882027 0.05064845127171997
0.9945903832841253 0.36757245945366646 0.7289609794210516 0.04787995829986499
0.9911184170471842 0.3836109056594149 0.7148029767381794 0.04133266053053482
0.9964556386511383 0.36527309344138986 0.714579012304781 0.04495717296739764
0.9917265054514379 0.36275406755353345 0.6857117453543167 0.041848206588090985
0.9923797549311744 0.39107938251266094 0.7230213986494555 0.047996585961098626
0.988411259634144 0.4172760511882998 0.728289825486426 0.0480032616590607
0.9916002861625957 0.3770165355918532 0.7384117609693093 0.05088180836842218
0.9900856381712501 0.38256519180080356 0.7295369103184273 0.05044700753290472
0.9890038302334041 0.40320307663940363 0.7327336267892981 0.05282408359803487
0.9943008154564446 0.36771218673474704 0.7415796667105783 0.05653849633583642
0.9932554512550393 0.36475287199302653 0.730782028297436 0.05759465571541546
0.9864656834303468 0.39044756179024714 0.7474343241636402 0.05921275235911125
0.9887661994490667 0.43207072089331655 0.7611777834693205 0.06472972919836897
0.9923246909579688 0.41283492318369236 0.7602955404170004 0.06583644471494282
0.9866419451350554 0.468491546512479 0.7517834569891179 0.06389108848317217
0.9888140386379611 0.4848649741142084 0.7677987385746343 0.06802303142008712
0.9923984214614174 0.4756866849594071 0.7523232441667643 0.06406649046742294
0.9958575153257934 0.49685097642385706 0.7726571280004025 0.07213665329335862
0.9917373402591133 0.4772067742480308 0.7844768954797309 0.08064275896113401
0.9882810279563955 0.4295802976802396 0.7771914936310925 0.07905357515113613
0.9923343324809488 0.47955195424213537 0.7774483951695528 0.07848553389527126
0.9912536611107654 0.48784333917968686 0.7895830787190196 0.08478321145114892
0.9926495040026143 0.45323729229761806 0.7679464678599789 0.07695153677192217
0.9890815435695677 0.44665458113659423 0.7639463489141319 0.07848694271831504
0.9885333219752478 0.4662880086177349 0.7709645683373014 0.0854795763632673
0.9910876061772069 0.4493875482709815 0.7787454568114985 0.08623483268507899
0.9916977946801202 0.45021955034581534 0.7828589875097034 0.09065099940426057
0.9937403160119689 0.4448439441286096 0.7874763160984642 0.09590336353222952
0.9926533793308959 0.4841795018064271 0.76563627301067 0.08214401251890249
0.9918245945364644 0.40772563707130793 0.792740224310397 0.10645083436767343
0.9917029969773642 0.5357598840103006 0.7901998683299853 0.103064032880321
0.9929026594632356 0.47447547457062655 0.8061694779400498 0.10702845298662145
0.9891550241989663 0.47929380446520503 0.7945365865188192 0.1118992604371123
0.9899528181702367 0.49187966646683745 0.7809921306886218 0.10448217304352199
0.98209457545299 0.420084388185654 0.7790856299809352 0.10821709448066878
0.995935212143483 0.42689302377873967 0.7768723831696739 0.10916960264181602
0.9858952065173024 0.4086458995549905 0.8078952371290635 0.13247424062340818
0.9911888926376645 0.4367316659601526 0.8125420933917772 0.12956086138556344
0.9903524547642878 0.32576007386401107 0.8063286562234019 0.13772986071176158
0.9869302790314922 0.31175468483816016 0.8183891882098688 0.151815633876708
0.9926821157804946 0.17766404679217693 0.8299990286346471 0.17729068276277637
0.9942003530508778 0.25630935345388317 0.8064422689486891 0.15169466919173316
0.9933267851098708 0.2090200675815461 0.8089967705185223 0.15501954009345836
0.9909012892601416 0.2617147123004479 0.8143728408012172 0.17181193862447483
0.9854591487614616 0.31672770760146496 0.8147977647455109 0.171176428015705
0.9897236320991568 0.4188029974364031 0.7787486390536641 0.14625773653243343
0.9894436252135852 0.305773071679929 0.8123282639041951 0.18698870617247243
0.9918590660605331 0.3419489383215369 0.8042578926601663 0.18109069718769363
0.9875947622329428 0.32249294514419435 0.8144471824949013 0.20023152597832541
0.9909294130234945 0.29764088292960594 0.8114223570293715 0.20317633719823555
0.9829553961811266 0.3108332181843305 0.8173659184084952 0.21599801797491713
0.9896161074330336 0.27335640138408307 0.86495335080795 0.28187636223770246
0.9882081316000152 0.28519883310302474 0.8433504223580531 0.25517910891457024
0.9945644456745406 0.16437322443181818 0.845280401682716 0.2556009708650263
0.9924852688667265 0.09061014087010621 0.8074019585684287 0.22884835256210373
0.9923516662616683 0.056873727087576376 0.8076847659307458 0.23124612523248606
0.9925757023211355 0.024875857176637504 0.7924356319495276 0.22898768156405788
0.9900802491076479 0.020694080530452918 0.8127200469001525 0.2555907880193517
0.9926136306361703 0.0 0.8231076394657779 0.27791439952288743
0.994763427288588 0.0005187529179851636 0.8192338574828223 0.27410584998551984
0.9914078108723896 0.0 0.8080312286036937 0.27444300129883104
0.991514005527188 0.0 0.8464448162326103 0.33778323240977665
0.9933387558198239 0.0 0.811763063060856 0.301056553662483
0.9896827862563959 0.0 0.8281717495789849 0.3332607305225674
0.9899053771382466 0.0 0.8306040920847182 0.3600864617788685
0.9943236144441715 0.015703626583376713 0.8405906446253156 0.37921454151070294
0.9933482157463313 0.0 0.8596503297035185 0.43375203657959743
0.9929385343502246 0.0 0.9061677646234176 0.5739074261822945
0.9914678902521771 9.816432708353784e-05 0.9408242269389225 0.7243036759158132
0.9902087606220699 0.0 0.9417837254478739 0.744765196178085
0.9895862686373622 0.004193389245189936 0.9215268903797661 0.6935596250673748
0.9956025396428236 0.0017521090201168073 0.9321648211579361 0.7459334689928366
0.9931545651380853 0.03443236825280847 0.9337857552866415 0.7640411720693211
0.9910347079204173 0.005985426786953504 0.9347208317642844 0.7965480912953025
0.9910648544307576 0.0037324664379025946 0.9322785469509858 0.8156486718329723
0.98771571978185 0.013480982185844969 0.9288569607786339 0.8380859910213168
0.9871773779556292 0.00334696913350688 0.9178871405677521 0.8326307899137222
0.9967753140312023 0.011007673921247955 0.9156506079915682 0.8303098397927352
0.9930211495153236 0.012978585334198572 0.9144205120252599 0.8521625977436877
0.9950882793746725 0.001043079169708981 0.9429890805302222 0.9192036097360192
0.9966756337073246 0.001299545159194282 0.9350255840243824 0.9156271546345528
0.9842175546523636 0.00010026067776218167 0.6683390824124249 0.732173193936944
