0.9888946392124254 0.009594025808444168 0.20635467634140214 0.011980183299682031
0.9839868495095418 0.00938808381646016 0.21122705839028402 0.011846321173461889
0.9887434704106273 0.008494076671946214 0.22278245737028657 0.011549747256811738
0.9836884053402083 0.011266083624787196 0.21797330730644393 0.012891832671315797
0.9844460860184794 0.01072107849850124 0.22565000971671448 0.012087801593928558
0.9855437505073452 0.01015008838560111 0.20385370405504297 0.009549783661164928
0.9907042637112707 0.00980704162379462 0.2019344581947 0.014185535095750003
0.9771629467472517 0.011304989895849526 0.20220918447992114 0.014604209568874331
0.9874150275778026 0.010720159178121129 0.2137945853029652 0.012433436903679578
0.9835646259840585 0.012045799480005049 0.23274736116327435 0.011678760234022837
0.9912003288032644 0.012078093018131635 0.2274875943651372 0.013667704223822795
0.9840173327955772 0.012579960685792814 0.23442775952469477 0.01257645724046404
0.9897605910454833 0.012228447833106252 0.23206715390438196 0.011849608383249678
0.9825573818861337 0.01252642644168207 0.23305896295023654 0.01153526197271984
0.9888635005881737 0.011807224653673742 0.23174475522499938 0.011956789942746257
0.9823492394264021 0.012626314207594464 0.22417628256430405 0.012827334135282687
0.9886123712214355 0.014502774675105934 0.21974642062104788 0.015488421227059944
0.9894826431756191 0.014951138969516019 0.22731423054778507 0.01601772348567365
0.9864085529520771 0.014850521669341895 0.23788555781180276 0.012377453847773697
0.9777881393942478 0.015195604284303547 0.243995670553314 0.012395847561808495
0.9803304105759574 0.015717265339180633 0.24026493797038953 0.011742387526482684
0.9857459461672056 0.01813350449553071 0.2305014728608509 0.014203683341412565
0.985524338933579 0.016045867323380023 0.24233459959416734 0.015404391184458773
0.9880530612720264 0.017778162578965376 0.2412101886120607 0.013719904817920065
0.9871051577052878 0.01717121743160833 0.2502444129609264 0.014836029733275033
0.9919707927580518 0.018576853055916775 0.25274055910143295 0.0169794333624061
0.9842506493386451 0.018582238578397886 0.26605538618242774 0.015586474477982436
0.9824748380093112 0.01951718645337215 0.2701245953853633 0.01742846276036423
0.9842136842080592 0.017839826934514046 0.254132361259506 0.015747059259320233
0.9887678463483967 0.018131958857697042 0.2618313868087698 0.017325180637206426
0.9876436547786005 0.019064103407446388 0.2555685656600701 0.015331596772205957
0.9845647699933331 0.018836985220401038 0.26310799512297206 0.014105516104913497
0.9876775666549926 0.018933798023163754 0.26091454968985256 0.013600873443998305
0.988942887535719 0.017865754431039542 0.26299570369196457 0.015445402298850575
0.9886734830513784 0.018301960391874147 0.26951918494321997 0.015125052663832395
0.9881276622892252 0.016740057493171024 0.2684398458922339 0.014970877861235285
0.988990268905157 0.017197903415004875 0.27396148588695174 0.01663040408580509
0.9891716734307989 0.016149532091713954 0.2855075468043962 0.015575172687060186
0.9873119583907409 0.014812022309440199 0.27040021656845353 0.016813480990911733
0.9837068127617178 0.014380331499682842 0.285109719305646 0.02005102291124957
0.9834070213415345 0.014587286527514232 0.28007121958874986 0.019475952377907647
0.9803913872722478 0.01348785389490967 0.2819493688037759 0.020266822191441276
0.9913417481303919 0.016263141311163427 0.2868834435402539 0.019172484824948714
0.9911574608450547 0.014431585394183861 0.3021995543047413 0.017784846148567644
0.9900643695376958 0.01711845447797861 0.2997593889804568 0.017483125595262744
0.9879249806214483 0.014215311824862619 0.3203691958193179 0.017408534427853655
0.9846527716962956 0.017384732464955137 0.3025602064194191 0.018166182071337893
0.9853749582862302 0.018217361352144294 0.3003549610156596 0.01814916305719176
0.9880505889729635 0.01746182973523767 0.2996177402266286 0.020821618970714446
0.9958958758966493 0.018391865442451825 0.31106753721995156 0.021762253969352104
0.9822646224486427 0.019716532594245027 0.3030378402301394 0.023173407374327708
0.9882682515947077 0.019930216420743923 0.311120504501211 0.02467843813571539
0.9819402801012979 0.021415552519040353 0.3183775589772736 0.03491128616653169
0.9863951414721438 0.024149809850185673 0.320418784241 0.027832583915240506
0.9911346375255766 0.020653641868144855 0.3239277849780581 0.030675011777373983
0.9820644595736893 0.024128559694107373 0.32354627375970063 0.04021877541001212
0.9857379225380696 0.022528760865605135 0.3271777939877913 0.03753585427893276
0.9882796597458807 0.025696613488738862 0.33565425515052677 0.03619932792635132
0.9867419943634266 0.023480653214798468 0.3305377487843492 0.037737394191612754
0.9883379568531336 0.025766587001625933 0.3410112750022792 0.03309410432385968
0.9879693884924788 0.024810168250747413 0.35092793163043534 0.03572671222390781
0.9806142697520017 0.02445687656325865 0.37225469630613817 0.03408694507519663
0.9933607599949682 0.024309840816603534 0.3756095324128633 0.02762907538038923
0.988682281877335 0.02398298467395798 0.3817740611041761 0.03062531014329386
0.9920425200034663 0.024219711521131258 0.37057858496651136 0.03297373512148736
0.9911115989416645 0.021777778366991428 0.3924790876164195 0.03359979068982849
0.9877599254860868 0.022057210851255317 0.36856860624567056 0.04230255666691242
0.9872790195171368 0.020097385718477037 0.38836390653868486 0.03393280411816075
0.9809548053760248 0.01987194187610103 0.39944709214259905 0.03151978913266876
0.9882005829826396 0.023252213195380525 0.3973462869382001 0.03249566455125775
0.9894796080033837 0.02262570344916163 0.41051824018664795 0.029033410755762015
0.9897745867664338 0.02327752446988968 0.4002300445997647 0.034276132624651984
0.9877628637222018 0.024106843526418512 0.4015672033764994 0.03369132272805024
0.9857887302664553 0.02742920055948794 0.4076509130014353 0.0411263375258119
0.9840801610713115 0.02522396042251638 0.410459304990669 0.0459016133381982
0.9829936114523669 0.02891515979359091 0.41285279222266524 0.046568606885441226
0.9928762179631573 0.03075280680925528 0.4270678215322318 0.052180384806218644
0.9811359762679187 0.03315544720351658 0.4065023728950668 0.044454246531397866
0.981213207248442 0.03415869776043664 0.4171362465629311 0.04071442153969674
0.9890075822523546 0.035269500004978756 0.41220182520659193 0.04376114773167895
0.9895727470765626 0.03703594760667947 0.4018913404034217 0.034953490225546786
0.9906544813408265 0.038158227554446006 0.3944247816457162 0.0347973270025499
0.9901464378254353 0.03971818270055911 0.394016504777969 0.033418943108413104
0.9913841123829784 0.04157229340588641 0.4165514347973132 0.037216117216117214
0.9911741226211686 0.04027600629317656 0.4271166008670906 0.03523534897681349
0.9909735132293016 0.0411012457797901 0.455080722553907 0.04606397106609025
0.9839266690860561 0.040590088278186366 0.4586133897856576 0.042676538829865864
0.9914228302069027 0.0399090096677228 0.4618527263062907 0.03091582428151446
0.991342623448867 0.049633168952130366 0.5711391285192502 0.03313158592751561
0.9898355790208053 0.03967161692395087 0.4858062011009265 0.033690905281930354
0.9917516119855869 0.04333494443549388 0.5706894184042774 0.037123091742315886
0.9845139064243045 0.035482114694386 0.4696061276732394 0.03276134890392929
0.9870673295998724 0.0396399312099809 0.48266432568066453 0.0318030323285499
0.9875646430746814 0.03992025891794623 0.5323885614711539 0.025672276821823097
0.9894471933424506 0.03622787320244379 0.48049363546120594 0.02523116938461369
0.9924750352337474 0.035215302370694514 0.4911194906557835 0.027986945854614472
0.986567534614291 0.037513139419793916 0.4924589285948364 0.02686868837542326
0.9902460576810485 0.038735354948784516 0.49964886162903893 0.0292668712848207
0.9915785636604822 0.04003396209096333 0.5088428744967838 0.02759188491116608
0.990657482810395 0.03946360336338977 0.5238279703509506 0.027004987786505185
0.9949458423035522 0.04042843867886792 0.5078684702391275 0.02586772481203535
0.9915674278512887 0.040192261200391904 0.5160704335861543 0.029011548323661533
0.9883943020753677 0.03851718251174275 0.509692223237402 0.02991129401005944
0.9904437900588001 0.03948514786382391 0.5331144513898375 0.030240515867623625
0.9840823192504525 0.040535929258723576 0.5384266811673011 0.03639751725544549
0.9848178257844025 0.043654836359115504 0.5382960933804196 0.03416653768766445
0.9941624905744788 0.04675120254100612 0.5609487053131031 0.03210294676978248
0.9893752584453614 0.051277713223332556 0.5834139365904913 0.03517447657028913
0.9833653756686899 0.04802447301406689 0.5688256456471551 0.03737469538897183
0.9814263069832976 0.04932410685548761 0.602175190208643 0.03382043186026746
0.9820506689495652 0.05112261565294427 0.5915322176211832 0.03506301985637238
0.9867395980456254 0.05664307743940192 0.6183422487154291 0.03885134310879059
0.983476280710843 0.05845901178893822 0.616223235772972 0.03998210219469622
0.9810431137211628 0.0515919899426003 0.6168748004129445 0.052309635616165986
0.9886338514548823 0.05346164460019961 0.6456216488306088 0.05246569528929127
0.9841499054495444 0.05590315733954905 0.6406919219328613 0.06282813170981728
0.9758160364291377 0.05748077954184978 0.6413387851275782 0.0696139133178215
0.980417260334944 0.06150022424876663 0.6498414793867061 0.07148438745893534
0.9868532485841218 0.05497399417761916 0.6661395097521341 0.06392824293587925
0.9867847198730125 0.059110719820717854 0.6606434727646079 0.07374685847325654
0.992114237277084 0.06463083978520817 0.6723082612327134 0.06027014795030502
0.9840622812929734 0.07025322357768377 0.667888337396338 0.055641206176556275
0.9908747782920149 0.07601306268348781 0.6229838773676842 0.03932873970188767
0.9901409414252136 0.08900777563633946 0.6329615063344006 0.0387701121452822
0.9843305171530978 0.09172703300179122 0.6248647704769048 0.03630976221203625
0.9921302968784754 0.11054294471276956 0.618679296337849 0.031076440825670175
0.9878890196583474 0.09988129266714378 0.5312009945890962 0.023540277850890835
0.9820444560748416 0.13545295078935926 0.5126565121222003 0.021403849058751673
0.9891615485439087 0.16924952115619016 0.5428161082987316 0.024003686399092578
0.9890835856914489 0.2750871715861174 0.6108937112453654 0.023762882812888617
0.9861939207639502 0.2517976044605287 0.6146740817340708 0.025731552006451327
0.9821715331307952 0.2478366450170563 0.6540502856478131 0.03054645446497448
0.9881239129525256 0.2408490252714848 0.6533197489317278 0.030212943445557635
0.9939677745538205 0.2642160032018719 0.6695237646033215 0.03399209486166008
0.9867104185721332 0.27531164649244927 0.6878062135092606 0.03551826131292252
0.9859913947480266 0.27006168270416975 0.6440714203260479 0.03090728899387719
0.9849025131990184 0.302024139905731 0.6562460628967388 0.03052738336713996
0.9872850848141002 0.2964359957994899 0.6390938102832593 0.029341699623205555
0.988254424571364 0.31730779635340584 0.6992295729581895 0.03690851534894343
0.9870574964772701 0.29597897394507566 0.6392493372401283 0.03140085874192476
0.9890603908256814 0.314886113808073 0.6443017234453325 0.032517417714513934
0.9772420385971201 0.3051688565533717 0.627063735103456 0.032857214832728736
0.9831793687451886 0.335969309703688 0.6537618770681487 0.03433676887881627
0.9907026332846698 0.3634876277825547 0.6580955046835509 0.03579158000052658
0.9852308917197452 0.3657555022152163 0.6373823506929254 0.032019112373495806
0.9869379677910852 0.34231181494415824 0.637771958195944 0.03223778265132746
0.9934548111903665 0.36985671324960195 0.6247814254454719 0.03324259202661113
0.9877353268232518 0.38635904939704324 0.6190757546855652 0.03006808656787075
0.9845460080308089 0.3630157638914016 0.6263048590736027 0.034231147949493994
0.9900550823444036 0.36771991225691963 0.6130014355664006 0.03330706773099455
0.9907485719333017 0.38429666711218574 0.645815585739812 0.03609937645849435
0.9868808448021323 0.39803469610578673 0.6413940593671775 0.03480607132403761
0.9881310616492119 0.36806164641022426 0.6523077374657653 0.03709682023547852
0.986455398053716 0.37064884433305484 0.6369165932615765 0.03645853899308983
0.9867917388761769 0.378220430738726 0.6610211492848563 0.04023243539887143
0.9928041605466467 0.35886850748399995 0.6717731498986365 0.04324941532535424
0.9918463387388957 0.3476040492022138 0.6886227097530423 0.048426212887542196
0.984925069864996 0.36079617031997985 0.6827049895375176 0.0448879223345131
0.9877334523723271 0.39027864449087013 0.6779644183831955 0.045289501532372226
0.9915816529381773 0.3776375308106937 0.6691869182910823 0.04523828658683597
0.9833341897270128 0.42571341525337664 0.660502698678888 0.044879314497020734
0.9858611810236594 0.43565454461438935 0.679307349907719 0.04742309141649418
0.9893225874237099 0.4406048420876267 0.6833389304004701 0.04879524855035748
0.9928774895596295 0.4693200663349917 0.7153268436310773 0.056699481592345044
0.9903101449477061 0.46043031450836724 0.7232831888848803 0.061722320311570364
0.9880617480589174 0.4130996753637129 0.7297431169018068 0.06387425131738143
0.9923373955718163 0.447100332162553 0.7258599146013525 0.06259989344698988
0.991303676581566 0.4634029200819672 0.7623324246453714 0.07491640059700365
0.9923304113113202 0.4193669808850484 0.7340085643308198 0.06622387055505288
0.9877213181425029 0.4108672064101494 0.7342123472625397 0.06790274023409439
0.9877146172227875 0.4224577934825285 0.7660323105444364 0.08341426609143145
0.9900447012434364 0.4183098344248766 0.7535535655102683 0.0772060296383164
0.9927349501079723 0.41329177673463957 0.7681561960446598 0.08391096894979591
0.9941175728479366 0.4352329640309607 0.7814807833564231 0.09286703184253296
0.9932466115592614 0.45147992575949986 0.7724162191436915 0.08469829843185776
0.991923839217147 0.3996564557686802 0.7879733193227783 0.10331737360352364
0.9911875675800033 0.500686977951279 0.777346866823774 0.09700284134306926
0.9935418418791045 0.44295774647887326 0.7947478772418111 0.10104564150849893
0.9902873686663956 0.45059608001616486 0.7879284959290566 0.10862511152989002
0.9908161605545337 0.4770049099836334 0.7792437270766094 0.10363905585803435
0.9823447359982233 0.3603347910452084 0.7843598568200909 0.11086183354613671
0.995031870168618 0.3926940639269406 0.7870056448999778 0.11422670088251861
0.9864527545544075 0.355570161025304 0.8016554686761446 0.1286241456674838
0.9919013327780556 0.3819681662911549 0.8248083145826637 0.1385873066625943
0.9909291863371286 0.3055861750168901 0.8316596609622464 0.1571671501450435
0.9876881994652695 0.3218675907349991 0.8443653818613487 0.17531795809922035
0.9932640499107545 0.176303368375885 0.8616214886849385 0.2168057698970111
0.9943465542325552 0.2671411457966317 0.8469636572733011 0.18796237099278473
0.9939045836734423 0.218527404963635 0.8465893969923929 0.18886823681912893
0.9910019474056867 0.26274856654873735 0.8574236650322334 0.21851138896852748
0.9850496542194498 0.3155604343905595 0.845502303653887 0.2015788380306073
0.9902871509271658 0.3824229257190151 0.8330774157809092 0.18785903100159726
0.9905184481774735 0.3193550668269571 0.8573497879145012 0.2353970131191727
0.9913132454714509 0.3583684040142441 0.8505076236182649 0.22505011144377063
0.987592693690005 0.30947971627240645 0.8519688265571783 0.2432276806557037
0.9918048250760388 0.29914982185063677 0.8626616481418059 0.26554850701911753
0.9824634505299615 0.29723634280804756 0.8811599513549266 0.31286658482447327
0.990400268938223 0.19742349737879467 0.8912243166784367 0.3385596837234377
0.9877778359993522 0.28058798097708604 0.8918891792960607 0.34317190813715615
0.9943986860075447 0.0785758425631031 0.8925628090092633 0.3422254251247517
0.9925205548034929 0.07905310548482354 0.8673066440405396 0.30763298764640784
0.9931052087705475 0.016937229437229438 0.8789348958610074 0.33426869985811264
0.9930531270262232 0.01053786000381461 0.8625161030759415 0.32180712998008437
0.9909632673901726 0.0002257336343115124 0.8777806303639532 0.3571679023512732
0.9927845364565485 0.0 0.8924707202787109 0.4028453502421916
0.9950154007104896 0.0015264845061822622 0.8835560837962176 0.38241860371144853
0.9917603397345919 0.0 0.9033111522182059 0.4495923675467739
0.9910884559404128 0.0 0.9079172971884681 0.4749078814360713
0.9930829107356387 0.0 0.8868385268427736 0.42556209335736966
0.9892907007267613 0.0 0.8983362791811089 0.47149093795475594
0.9888327659902825 0.0 0.8885429283638483 0.47104631867537244
0.992397186215379 0.001553867403314917 0.9129387982143259 0.5380788002617684
0.9911559000731239 0.0 0.9435959619693371 0.6850224183332148
0.9910991528744988 0.0 0.9714289597688016 0.8605242448090078
0.9910616102847088 0.0 0.976781677241119 0.9221963666601841
0.9900876858558902 0.0 0.9718942643736257 0.8965418149357399
0.989253184207081 0.0027842227378190253 0.9509216888123876 0.8055580958187268
0.995020990921661 0.002214629207795495 0.9686077672380791 0.9005135191783693
0.992412782481919 0.007598316048875654 0.9649683251066346 0.8791765055872673
0.9906309433362631 0.0 0.9524398481226062 0.8508635425401535
0.9907035935406583 0.0 0.9439084380878445 0.8489439304025471
0.9870939947035096 0.0005766347595433052 0.9397704679713557 0.8650819677790167
0.9865321322866433 0.0017411491584445734 0.9194883798925414 0.8325348275944467
0.9965813882150905 0.0 0.8997840208480307 0.799079155567128
0.992326636327361 0.0025022937692885145 0.8848728159284843 0.8013432370731665
0.9943176833013249 0.00020470829068577277 0.891346078850226 0.838355378828758
0.9961797730957815 0.0 0.8971562162724238 0.8601154194798699
0.9843305374050494 0.0016030044884125677 0.6136038186157518 0.6419247979856272
