0.9885394750767892 0.004737885547665685 0.1806991328304045 0.2706422018348624
0.9839952453957286 0.0040096536115923455 0.19087651003058878 0.25984035232590147
0.9888201646281914 0.0037461211721062098 0.19687337658415183 0.37737961926091823
0.9844372697497096 0.006546666263980752 0.19580115977292462 0.4276546091015169
0.9841012287812193 0.00612084405140616 0.2038326829580348 0.3055482513804891
0.9864225605961321 0.005260749553485764 0.18144336318379356 0.29331184528605964
0.9905350522191652 0.0036501450773860074 0.18468747748239964 0.44258193645233923
0.9761603634066278 0.0036619348438206674 0.17636218629366404 0.3547935619314206
0.9874938007800302 0.004407481109067744 0.18914088341688914 0.2685729556386959
0.9828283138638138 0.004232957690999968 0.2007856939263629 0.5555254604550379
0.9907730338683209 0.004568733257978106 0.19258899729237594 0.509534706331045
0.9823864383937277 0.004668653646701395 0.1989555913412406 0.46233832107532336
0.9898839807462139 0.006223277541106999 0.19609058051191267 0.3484735666418466
0.982531129414253 0.006140688073977783 0.19923347594246033 0.3593265396544085
0.9885713511021935 0.005858053348021087 0.20576139998726042 0.42250479846449135
0.981327432120225 0.00642471890637613 0.19025254230810926 0.45979206450244003
0.9880755393504779 0.009479345611737121 0.198961666686347 0.3628027274864801
0.9888771351981632 0.011420929097581281 0.19842215488108647 0.4823008849557522
0.9872927774187267 0.010869532474548225 0.20654478976234003 0.4130333951762523
0.982980128687698 0.011923829501917652 0.2091921600929704 0.4564334085778781
0.9830094521156245 0.013320626505430835 0.21448576249922693 0.5118147448015122
0.9889000513420868 0.013905071767622523 0.2020512936731544 0.5057247785698855
0.9873772204321004 0.012188186770265907 0.22043768151909535 0.5861254295532646
0.9908363317837295 0.01565449976752812 0.22539601962851602 0.514049955396967
0.9906566856321772 0.014078305093942322 0.22139931924304523 0.5545142857142857
0.9941664510604923 0.014851505780563636 0.22146326952246456 0.5346556719411634
0.9858772826796536 0.015170764438255777 0.22533271058356708 0.6041524070271503
0.9880544842291693 0.015797427686714646 0.2340891538497146 0.6416666666666667
0.9882396238179849 0.016015430224965002 0.22766225496185305 0.5930066603235015
0.99229521444316 0.016075397307059657 0.2349079355048797 0.5057755775577558
0.9910369188450936 0.017014983435785495 0.2287292322443142 0.5741989881956155
0.9889345267658294 0.016139453423932863 0.23178470907221488 0.5443113772455089
0.9893615722805245 0.0164888467712618 0.23196751580495595 0.5383848454636092
0.9929815000294585 0.015735980648441554 0.23895317476878739 0.5055064090991154
0.9918714964405556 0.016219068912121652 0.236352538351961 0.4151240645923592
0.9923849897943162 0.014876122747977186 0.2364755471851296 0.5320582482069115
0.9920095655132407 0.014910723889426696 0.2434768949269957 0.4190354971008344
0.9915691537561042 0.013520370124921303 0.24385283451865916 0.5969041560644615
0.9905029460149473 0.012471319895148226 0.2421077480100614 0.41184607645875254
0.984935735465134 0.0117316935150808 0.25947820294167784 0.7571459742526729
0.9864714573868687 0.012458542437730926 0.2543312000664019 0.6012201885745979
0.9832308360296624 0.01149957486032268 0.26542779296655555 0.5472761427676894
0.9944714407715012 0.012413144142737535 0.2623512552280085 0.6685185185185185
0.9934469217078928 0.012530396012085486 0.273400318925102 0.6401925391095066
0.991628329945437 0.013448180980250404 0.2695750299382811 0.6055776892430279
0.9902478808117133 0.011485380414181009 0.2813340673820083 0.6291952363767593
0.9873666356482043 0.014884773229506472 0.27867293091932654 0.760852407261247
0.9876232979608526 0.014106641009907495 0.2824394608207992 0.63216011042098
0.9901787048150876 0.013465704699197641 0.28427842006644294 0.6642079381805409
0.9954309952725103 0.015602937772974442 0.28567227164285414 0.614435244493048
0.9839773726448898 0.015638187069826375 0.28665566473979576 0.725567435753142
0.9899360703856726 0.017429479552156776 0.2973245554331819 0.7499506221607742
0.9868343801924858 0.01817535873879375 0.30270705209365234 0.7802388289676425
0.98902730241544 0.01945566778900112 0.30363711438991103 0.7856579984239559
0.9925331757530659 0.017058479148766823 0.3169332505275699 0.6985958838238123
0.9848402567643882 0.01986807009758375 0.31480846807059004 0.7788702180908116
0.9890876366730839 0.019398214095512765 0.3201976128724076 0.718503937007874
0.9942769294523786 0.021865312901804955 0.33028685559130844 0.7256151531244468
0.9916472182221875 0.02090792582330047 0.3223850462209481 0.7949279328589673
0.9896735681282215 0.022447865200491805 0.3269895898029071 0.746234509056244
0.9902498100082524 0.02079087183244374 0.34285765544776653 0.7423753139576605
0.9838514313135259 0.021718818236291806 0.3599325685339933 0.7657789128055454
0.9978743389357244 0.021386691578148233 0.3606474331861149 0.8200706420112196
0.9890551904720122 0.020528177696239696 0.3628868700680573 0.7981195671456448
0.9925567977587177 0.020344237538848488 0.3694815381546446 0.736518771331058
0.9904924077890631 0.018384670197195658 0.38701821140820375 0.8439620081411127
0.9921454747077996 0.01804548471686256 0.3593140471949226 0.8194748358862144
0.9937308225381088 0.017645702330387016 0.37477594982250595 0.6679047779841296
0.9868652241903305 0.017518476722265346 0.3828348441709589 0.697239536954586
0.9919096342870409 0.01967700574895367 0.3824690047992569 0.4010215969172865
0.9916918194353831 0.020111982553081487 0.39125303942169015 0.4431885197562414
0.9892868034261098 0.019711970257117198 0.38872839519966035 0.4468887492143306
0.9884784100421417 0.020768899477329475 0.38522379565357795 0.40422789378705853
0.9876854378804084 0.023950525035572056 0.3987512506288134 0.5103666632621795
0.986379542654296 0.022633370196517365 0.4066705834645141 0.564142024843355
0.9861380621990239 0.025739697196007875 0.418716625679436 0.8028737487891507
0.9938209497277386 0.027121577251163938 0.4290172219617085 0.8232291001914487
0.9873203261964827 0.02914942630637719 0.4290762330116967 0.6630267394652107
0.9853239868176218 0.029776035628186016 0.43961515408800755 0.6586391437308868
0.992160255874736 0.03125414229984763 0.44423321733332366 0.6947856947856947
0.9922938104882485 0.033217066481268175 0.459724192411601 0.6167615947925142
0.9934003800890022 0.033840743954915105 0.4675742888898305 0.5175104175902119
0.9932336123604374 0.033485575586889256 0.4781339419900563 0.4207868714496108
0.9925931660988955 0.036182126486043305 0.4833636368099686 0.5630378226936161
0.9908825832641733 0.03429698873897973 0.5021350041801135 0.5032335948952316
0.9924153436294525 0.0344328082574505 0.510491119697421 0.5819803567849269
0.9862608471618789 0.03553410690103821 0.5160833315682022 0.8464429903939859
0.9949423412764814 0.03605168555453341 0.5082041627410672 0.45209811786485654
0.9921775460362544 0.04530030608314921 0.6044626963809934 0.4702865098556459
0.9919629510492157 0.03606598757169854 0.5165879203246814 0.4337057180655593
0.9935621681659825 0.038551735653722705 0.5695413904382212 0.4770620764857076
0.9868347412006317 0.030920578847698332 0.4556130127828642 0.4144451125810116
0.9897039238392665 0.0333959839025638 0.4937754409769335 0.391725841309046
0.9905655979603619 0.034066159984067125 0.5002723948016111 0.3655620683651558
0.9903557452821008 0.031197721345848896 0.46654787131573877 0.34295397398054006
0.9924298368511784 0.03052775935861113 0.46820285739497347 0.3223148799356978
0.9876556899290582 0.03405621304504239 0.4731198732281869 0.24425117924528303
0.9916700881536047 0.033004549433743965 0.482162632019136 0.3611530986827899
0.9921815191640323 0.032947870496756286 0.48020203024839103 0.3648576321986727
0.9917479505600898 0.032027498211913766 0.4993156665455954 0.34475545373045124
0.9960757761256136 0.034172032771375434 0.48104163454809473 0.32929725702044427
0.9912261385129787 0.034871979460650966 0.49275329454601996 0.33430123641813414
0.9896150337010131 0.03554480634525241 0.49419212249606986 0.3238977526162292
0.9908869097296926 0.03497500844031258 0.5075274758760793 0.35669702240867696
0.9855158329672418 0.03603325184732485 0.5343499067894409 0.4301337295690936
0.9850053437833987 0.039158212761239534 0.5303241111062632 0.34572334670273297
0.9955021154489105 0.04288341497055755 0.5514478722390624 0.38945716610484715
0.9908377531863963 0.044321711858528526 0.5772969411613463 0.554276437163309
0.9839357138541478 0.04141682816154714 0.5671599841904177 0.7160310995927435
0.9819274603287206 0.04339946836309222 0.5842668350847868 0.8234917927947133
0.9845985648465496 0.04441180066464876 0.5833837578302228 0.8633054438769966
0.989179212507238 0.05110777086053205 0.6063438694581456 0.8225718343712444
0.9860927443961423 0.04916570315113597 0.6087704468502984 0.6904801600533511
0.9825913741815099 0.04498912005573094 0.6175676967818521 0.8885032081624067
0.9905841249822006 0.04647954824862995 0.6375215996817544 0.8444052518126592
0.9858015348865652 0.04947290490099232 0.6452069430035768 0.8404980729321079
0.9766852845496264 0.04791214640461552 0.6605206581566119 0.8145734020819145
0.9799935013099722 0.05286714464102816 0.6729747213720289 0.6539829853054911
0.9873449785589837 0.048948899125546536 0.6907662170120442 0.7671171171171172
0.9863704397849882 0.049651987979094925 0.6929071046510652 0.8484992853739877
0.9935933766013294 0.05239056235057321 0.7222291885213061 0.7799427958526993
0.9834625175851497 0.058994043529365006 0.7354866336330825 0.8369638230496114
0.9902488654605575 0.06718347807260218 0.753409725095592 0.7215773572905072
0.9894136797305723 0.0790618214756697 0.7771598969028475 0.6718186501803194
0.983233336704246 0.07993083637014942 0.7791411610729818 0.6003898635477583
0.9921575183908637 0.09127067196985555 0.8132136191973667 0.5826299851813672
0.9887811084637482 0.0830453857203867 0.8246482089901761 0.6251440189766181
0.9826067908547171 0.12013393463145353 0.8482700540388799 0.5376913673671343
0.9910294611513533 0.14441293318740062 0.8760309310704109 0.4822994011976048
0.9934300991235185 0.24396972556097962 0.9241955141124233 0.36967729616192474
0.9930346642964584 0.22286788089043075 0.9166181662360254 0.3537586405529954
0.9896029789840777 0.22548684326236285 0.9276037168036261 0.8240778942156943
0.9902375314541828 0.21326830462819363 0.9297642935667851 0.852570564516129
0.9960379844281619 0.24018202219174667 0.9370542198360826 0.8985387600099067
0.9883695986942312 0.24812271699891808 0.9347282423435634 0.8586947902624693
0.9914753429425248 0.24121939030484757 0.9308166129430179 0.8089220462850183
0.988953527006047 0.2803177345704637 0.9394794064103626 0.8414487886783402
0.9890749252865471 0.2688315781465662 0.9374499372829608 0.8523893521488134
0.9902950974464713 0.2897866654985106 0.939294615063857 0.8273180308064029
0.9897156320465628 0.27511265637965987 0.9362066862327393 0.8831500696918073
0.991514429569042 0.2903170600919577 0.9432395933597283 0.9235099082427327
0.9843403946119504 0.2893300137324297 0.9368299807518079 0.8791841375879469
0.9905799348736238 0.3129505493844247 0.9462221445242103 0.8657851709675126
0.9932811293916607 0.3344879738498317 0.9486966639992442 0.7899822640817076
0.9883538381898316 0.34778407075315904 0.9468951980009427 0.8132288157553771
0.987446494249802 0.30989342258301883 0.9273638936267944 0.35934912931772767
0.9940206689903993 0.3372234907518152 0.9002210748356018 0.17304006688533025
0.9910402385372057 0.35885843092548453 0.9062295240318439 0.172844687533846
0.9967035076585978 0.3364616092182625 0.8946198980228945 0.15475799975115656
0.9913915617610767 0.3392309058164016 0.855041784884597 0.10340550376945074
0.9920054564970355 0.36168577626278275 0.8833724958017078 0.14096247064114736
0.987941799989376 0.3812602780684706 0.8800728039146279 0.1339407298554984
0.9915114011058387 0.35249613998970664 0.8884549161022043 0.14856291249733872
0.9900898422078932 0.36555021430153334 0.8826325015055368 0.14124087591240875
0.9890858038178882 0.3781454902858374 0.8741015405434815 0.13043516615354758
0.993751911772726 0.3478041124677467 0.8796689427672817 0.142805357524608
0.9923512807896849 0.3543972898716957 0.8886753022081874 0.16612109586756182
0.985217514385346 0.37591131256314336 0.8782567566117432 0.14676343515500645
0.9879358323784581 0.4083602624023966 0.9005216549384799 0.19141650360330262
0.9914259442107283 0.38692128191320435 0.8920239461717415 0.17310996563573883
0.9866539572650274 0.43859155763424307 0.9069948218698389 0.21014284823155138
0.9879734499657283 0.444533812768105 0.9172714174794369 0.23539756312021104
0.9919488377400851 0.4301750271692501 0.9126369806710269 0.22661966565187203
0.995678148044432 0.468187274909964 0.9230891482659341 0.2498288460732399
0.9913853031391477 0.4588789448893076 0.9355162299144455 0.3436054320250709
0.9883064815502265 0.4097253969705282 0.9300976834076671 0.33236577362708686
0.9926093561518593 0.46198040428371473 0.9271753389635156 0.28272697378254763
0.990995547894698 0.4672972264113829 0.9419190390172195 0.3938625777997609
0.9916834007491498 0.4265630168706583 0.9263195319388212 0.2916414752116082
0.9882108032120692 0.42679691064879755 0.9396285975200593 0.4182639048554648
0.9883224132988405 0.4289178488947542 0.9390955831272171 0.42732408834103747
0.991397651710642 0.42597020741449243 0.9467900783092269 0.4688445251058681
0.9915659389187242 0.4324867846472075 0.9417117195968464 0.4037264786807748
0.9937551681861087 0.4384919113700836 0.955738054877488 0.5597881240563353
0.9921188002604143 0.4587539293593924 0.9375003687853349 0.3546366528015659
0.9917365448543198 0.40681660365712524 0.9549000749899957 0.6051334395538738
0.9915502456551437 0.48542673287167953 0.9570677351432155 0.5440270801485041
0.9921937297058804 0.4485467590903563 0.9555557795885242 0.4954842664487127
0.9883701002234805 0.44582795535646497 0.9593012972443034 0.5983838475293691
0.9889279921378962 0.4769619542327671 0.9604728796798376 0.5887688793275522
0.9811455022408059 0.40324820725036137 0.9529552025976624 0.5865270686572309
0.9962421069540252 0.40515664469672774 0.9583246696140356 0.5324464752920367
0.9858761422228187 0.3688243064729194 0.9450626679860226 0.4699266897607347
0.9904160861861792 0.4058365053471089 0.9529296274373588 0.4851821345122628
0.9899481132023075 0.32022271396959096 0.9447018998320297 0.4584063756757951
0.9863475175351722 0.34056755043442594 0.956539273905209 0.6022967663946812
0.9927347361043902 0.1858894860135042 0.9596973954987237 0.7564626155641325
0.9940432743161893 0.2571627463911482 0.9633749258509974 0.6722333729563302
0.9932259531293043 0.2461982067385551 0.9655502631978888 0.7046381294819517
0.9906602855593392 0.2912243453644727 0.9630096038092828 0.7439802552371779
0.984976828424388 0.3423618634886241 0.9568775449399146 0.6423922303629238
0.9890664041628144 0.4047681288231296 0.9584150026586662 0.5882309705112752
0.9891179194862026 0.3458034781982501 0.9472545987091646 0.5550210384196935
0.9916015763506874 0.3787324355971897 0.942504111951815 0.504533917858791
0.9876124794147886 0.3206539509536785 0.9483061728731885 0.5909796042927623
0.9905343866277933 0.3287118644067797 0.952104999825861 0.6191441613750542
0.9823855221434508 0.3207066869300912 0.9581748762082137 0.724780037501803
0.9890493443713748 0.2864087262379955 0.9678318741749886 0.8081828824943004
0.9876117793545542 0.29132186647025693 0.9652467129524507 0.7724086058128974
0.9933713465986632 0.21245054992827023 0.9716951806491829 0.81563443231948
0.991081714294047 0.09516426010272314 0.9599194530821592 0.7094949779404862
0.9913678635155401 0.10759853298207551 0.9574776966349997 0.6790246114968844
0.9913403586338753 0.01717611431816031 0.94732270918275 0.6361849221652636
0.9887715679882059 0.0015678369449577245 0.9523118139619109 0.6768527078974259
0.9914656781150653 0.0 0.961659125676868 0.752714210759979
0.9940212152883163 0.0006079951360389116 0.9555690116624078 0.7061324244098396
0.9908636549716179 0.0 0.9574054872927892 0.7152736335872504
0.9902388290168004 0.0 0.9620145144232523 0.7488302776141129
0.9931251443158376 0.0 0.9547318024372926 0.6790621874884255
0.9883677579053087 0.0 0.9411796958369067 0.6335343305460239
0.989042433687875 0.0 0.9299812631028335 0.6034056271981243
0.9943718179973252 0.0 0.9615089933659456 0.7701161844256686
0.9931081465661621 0.0 0.9707877777824304 0.8449434018468871
0.9915644142882443 0.0 0.9789550748188773 0.9233457183297947
0.9898093199423673 0.0 0.9793978328001279 0.9390279658768831
0.9885093101711292 0.0 0.9773548519726232 0.9321006246480625
0.9873930510287799 0.0 0.9719912411755192 0.9179873027995895
0.9943739871988188 0.0 0.9756939916900729 0.9317870841838451
0.9917399002413035 0.002695668339840119 0.973082977086948 0.9204938372045722
0.9898714534880112 0.0 0.95722117902582 0.865640615454933
0.9900900800033837 0.0 0.9590017381292415 0.9010830475871874
0.9860389880438817 5.3544656243306916e-05 0.9542159696504381 0.9113198004551829
0.9858278783139939 0.0002655760344186541 0.9436352188765804 0.8930542801841996
0.9957615162929039 0.0014449996989583961 0.9514888857821893 0.9078586446904152
0.9915990971140947 0.0060650347095359885 0.9259935750150717 0.8645337715525542
0.9941641853078368 0.0 0.9413130304543185 0.9091677170676459
0.995930164690318 0.0008813808299669482 0.9396143060689766 0.9180546872429337
0.9855765816219011 0.0 0.5527388397798558 0.538449675885797
