0.9863638954383084 0.0005440782837308679 0.18047344913631663 0.0
0.982143065679792 0.00011123147269467762 0.18986595328500747 0.0014260975858205154
0.9862987418422053 0.00021752326993120194 0.19535530980135046 0.0
0.981963803832137 0.0022168033695411215 0.19445838586380101 0.0020742789411299883
0.9816629199780007 0.0021716541239589927 0.20321905135278565 0.0023145171660023146
0.9830732000569403 0.0019261943733864307 0.18041013084641824 0.007372914241365929
0.9867312867388183 0.0012884557105569297 0.1833472512342773 0.0
0.9731275803400398 0.001030720131745304 0.17543686227992136 0.0002190100744634253
0.9861385896030234 0.002662883926515241 0.18779393783083786 0.004760679361811631
0.9801237731767425 0.0016112544752985083 0.19938057001132126 0.0
0.9877086416226957 0.0022698861767221526 0.19094678121026556 0.0066746534314564435
0.9795336414845857 0.0021752137086367227 0.19800000463569967 0.0
0.9877400914210298 0.001703883495145631 0.19570876792976127 0.0
0.9779330477971784 0.002985775040328494 0.19720033120496622 0.004264998578333807
0.987457073275995 0.0015612933221957792 0.2053516710167335 0.019282511210762333
0.9778391834399479 0.0019579231597957525 0.18897701383269996 0.0
0.9854372342616259 0.003989698535303609 0.19614488754550946 0.0
0.9869207346027113 0.004576310119764273 0.1968444867637017 0.0004370083655887127
0.9853938507848803 0.0033447505913884986 0.2070477475480205 0.03234095894703855
0.980701162288103 0.003397537268229622 0.21034643988954208 0.015021242160631196
0.981666257238937 0.0039061657212896305 0.21220921596603368 0.01597232096307882
0.9866719062121361 0.003561893216184821 0.20009402747511953 0.0023192542705499307
0.9857709760448078 0.003964555642428981 0.21788852237768533 0.01390990287471326
0.9897454307257106 0.005174849894840106 0.22354332826104442 0.023430321592649312
0.991070920841752 0.004054255976109147 0.22113524157415598 0.011474584801207851
0.9918690034480717 0.004387172395957169 0.22138666596999182 0.014910911341982021
0.9832583817860807 0.003977123115974848 0.225101158130909 0.03028185418122525
0.987442400611906 0.004774713691708351 0.23461265798029676 0.010332856851133347
0.987246249724503 0.0044084479233807575 0.22826837747032055 0.00026187608023883096
0.9904338998452386 0.005245480526664264 0.2353621625734715 0.005789593966633656
0.9880329050221817 0.004839700383795661 0.22850010381485522 0.011627005658476087
0.9882937602198292 0.004500040096313401 0.23029086782535985 0.013203440031402777
0.9881425531057573 0.00520305398423961 0.23139514122814325 0.006100375915056387
0.9914420475248108 0.005329738356429209 0.2378101422470483 0.021178211412189032
0.9904272416301335 0.005715683384912643 0.23643247288883226 0.013285561105735283
0.9900649701887778 0.004810647977376122 0.23584694933434783 0.04167521227285779
0.9903739296886857 0.005170854468955212 0.24143016788296132 0.017194866752388877
0.9906779038145871 0.004420817011751539 0.24587619123686189 0.013642564802182811
0.9918375429024026 0.0031793538765851463 0.24166152351449174 0.0375186467392834
0.9845578380485903 0.0038718618841077235 0.26045462173023487 0.03496606668633815
0.9853976461584502 0.004255672565525058 0.2544020312229786 0.05080236848880117
0.9806764825654134 0.0028080429533300483 0.26615934799673496 0.038815165876777254
0.9917543776372626 0.004380674309441192 0.2605381291211862 0.11279938192119496
0.9915940047091774 0.0040629207968444405 0.27289251478056836 0.07615734546427616
0.9885548782507024 0.004272824334791802 0.2681065966630703 0.1151704940848991
0.9881692392509841 0.004358531624263199 0.28032377233910366 0.06278605797441615
0.985104471108166 0.004603436727231366 0.2787509160826442 0.0936172500941012
0.9864985088272505 0.00465974556880285 0.28262874489867235 0.09557767289144264
0.9890767488219202 0.005696090984569061 0.28502393993947983 0.058636955107351986
0.9943530146055621 0.006047768126041735 0.2847108742906372 0.04898655856624707
0.983386613157955 0.006453538815727306 0.28522521626347225 0.10495024719944927
0.988470804103364 0.005312625027055035 0.2940225834769421 0.11064469320066335
0.9874857310386557 0.007137938693913816 0.3009147007872852 0.08651374332608265
0.9872145211851057 0.007118932205083636 0.2996063815927135 0.044288645690834474
0.9913763861550451 0.006241282762703412 0.31017898617862444 0.0672170622635019
0.9841335005983497 0.007365224257263781 0.308604054607919 0.12594539505444402
0.9874973759041203 0.007738396505829866 0.31413443569398625 0.10656248501989359
0.9917789033535834 0.007683457235166511 0.32255860759361876 0.10885009641733483
0.9899266608890785 0.007822539496560586 0.3151426209277183 0.08649326230021936
0.9872189545889398 0.0076767831443347685 0.31941012032573024 0.09948662747371036
0.9873701557140809 0.007988049916698863 0.33500372759391916 0.11591169581900633
0.9812992354165797 0.006469978967167176 0.3518205812869561 0.10635742007022732
0.9944590946009092 0.0071908906145458345 0.3524101282161253 0.09320738447066201
0.9861411926609741 0.006784055806722173 0.35609355222794115 0.1132980631276901
0.9899350431619574 0.007785752588376026 0.35854823585531365 0.09301333746898263
0.9868983975759089 0.006490704710772658 0.37571005830381204 0.10044954270655712
0.9891591020072327 0.007544527094808169 0.3517197179048538 0.12746071880079465
0.9916435487539778 0.006040489065631989 0.3680808985773283 0.09382440476190476
0.9845829438797941 0.0063330635264628315 0.3761099307726087 0.08760803332711559
0.9893387413554962 0.0071660099562685636 0.3743857941127958 0.09229202469607281
0.9883283735494126 0.00699222677549006 0.3826635097911634 0.09054124045060209
0.9875940003220465 0.006833183631692185 0.38001729752782204 0.09540982569358768
0.984898728068127 0.007109439799581506 0.37888369710304715 0.09741281516448934
0.9843240754286208 0.008864672192776453 0.3896728201949652 0.13253280957057406
0.9842821312396997 0.007604369094686055 0.39514177938099043 0.10855660578494776
0.9875943357458145 0.009392395053945471 0.4039551254548633 0.07814232777041465
0.9922719856164697 0.009911227715592295 0.4160693813053801 0.10520203572770434
0.9858845799529045 0.011393741547875053 0.41134864088633455 0.07521103058925711
0.9849236526766544 0.012038381191799738 0.4229001686413182 0.09439136088652683
0.9916749221202392 0.012604035344921022 0.42106070831726444 0.0809040590405904
0.9916387999553816 0.012648562757124306 0.42587371124469714 0.06265199142543187
0.9918882390089298 0.012305733595992097 0.426758320818044 0.06356013878180417
0.9925097560515799 0.013425671206285817 0.4395014332059821 0.06470490716180372
0.9917998650907704 0.015524796506843146 0.429017517136329 0.05308077159750649
0.9907736248814806 0.014155258547978979 0.43339277586924585 0.04378958088024695
0.99322311990353 0.013134214744247013 0.4513707376846714 0.05151407467573673
0.9848283616176522 0.014832066479529756 0.4626788925165967 0.05961985307913233
0.9934672105354342 0.014063351132015775 0.4505896088261553 0.05103179371482521
0.9901861961441901 0.017097515409647393 0.5466920674437391 0.05457635654034999
0.9908012318638327 0.014298142503270708 0.47224559670358135 0.065184305847259
0.9925404007297202 0.014909337865821526 0.5451786069215362 0.10685121770157331
0.9862251244149798 0.012508150080018968 0.4412015302735907 0.11659831966393279
0.9882352661138769 0.013742776059842445 0.4680621674265493 0.10603924468994846
0.9905345091786215 0.014515634259980502 0.48917103997271444 0.11458030787104269
0.9920245892483296 0.013571960998833812 0.45736837784456297 0.09620461332063877
0.9929237185533739 0.011781435614853557 0.4582539926782199 0.10650471109092974
0.9872265897152169 0.013360934251109954 0.4646387298352807 0.10040840510400575
0.9925950256734759 0.014340027910741019 0.47456839941070345 0.13523932802431268
0.9924960796361999 0.014002684563758389 0.4717515953869908 0.1385512882839086
0.9918566382272324 0.01299452172940857 0.4916932874236555 0.15997674845499602
0.9969208415724877 0.015023118413716412 0.4717320081989882 0.1599193285286354
0.9907392969245657 0.01434745360565363 0.48172238530246686 0.12891478514202476
0.988298204222136 0.014569323337301715 0.47836461940539676 0.12265768913167757
0.9898734596215137 0.012574887771267468 0.49754067010459646 0.12703468627772443
0.9866346649928792 0.013262650133789891 0.5216002042937011 0.14219785823559408
0.9832607164783853 0.015485412104793969 0.5197436167027971 0.14789429792557074
0.9953655033715272 0.017090179510522267 0.543486726916937 0.14628389504885278
0.9910915209571879 0.016521581666084834 0.5651540684352259 0.1600434605459731
0.9848201975235243 0.018219387689967666 0.5542335562125908 0.22216092968520154
0.9817782642995615 0.018053344210955696 0.5677486695203351 0.18325048953155595
0.9833040585182274 0.018521434221030968 0.5657196099952982 0.17285294437792534
0.9884165114006637 0.02253587627908417 0.592908585870833 0.2031260392417692
0.987225230484319 0.02104945977357841 0.5981711370908483 0.20883430849353823
0.9841109249203089 0.019748786468498224 0.605230601340875 0.26793896338643913
0.990159394917213 0.02003652850118603 0.6196037784812612 0.23215939096738794
0.9861553828004168 0.02025452092689674 0.6312541775093258 0.27431632365379194
0.9782868879575829 0.018084967054604904 0.647876792326801 0.35100330988829126
0.9786767236251105 0.02429941933855087 0.6538855556155536 0.24549098196392785
0.9863312266534651 0.019188466366352405 0.6743272997104834 0.2790881156050162
0.9865694251401621 0.018415744133468463 0.6739137822316031 0.282403831299243
0.9945683553795228 0.01981714626700268 0.7029982795825888 0.2580199818346957
0.9838334970562236 0.023214453134988166 0.7184087788588028 0.30034358501634123
0.9899659735938477 0.0322868902769253 0.7345968681286932 0.25858606841157733
0.9879663957535137 0.03543337278895687 0.757269245703931 0.2611948198595575
0.981959459026991 0.034113520914016135 0.7641722249625106 0.3113762667538411
0.9914825155579448 0.0412675222112537 0.7971565969507951 0.27272062051807405
0.9898223214502266 0.03628962635541128 0.8100571553007823 0.2785507139972835
0.9832400827923795 0.050792850480248064 0.8321696293718005 0.2688715145644503
0.9913919547546147 0.06481302190487716 0.8610447148254733 0.27982207844723006
0.993730252398166 0.1041106849090275 0.9148670152307342 0.32370203160270883
0.9945062055460465 0.09914131097708549 0.9128295783058676 0.3873341725573739
0.9903229462029589 0.09424216931113415 0.9140117663337802 0.5047305133369957
0.9915435631000551 0.10151635910326365 0.9158475975705815 0.4398003080354772
0.99746247452567 0.10618238829370263 0.925078700023081 0.595719710044874
0.989320653606676 0.10117543554541641 0.92014306071698 0.691132224861441
0.9923152811049288 0.10946423455257377 0.9176040449941597 0.7254248312870966
0.9896668136221713 0.12805968511712107 0.9269459029435163 0.672687258101237
0.9907224411486456 0.11874854123787901 0.9243644061037433 0.6666917236713523
0.9917521724780102 0.14019606799578485 0.9253273242317819 0.6095799655492249
0.9907205904137256 0.13645979140574843 0.9234436078935051 0.6116566764443311
0.9935108153078203 0.14431038561627632 0.928734001477894 0.5605426794799322
0.9861560059812599 0.14200951946273718 0.9209183571762901 0.526279970683698
0.9920780351686309 0.1409489564245295 0.9287176277012422 0.5442480253613454
0.9941424503637604 0.16149363053449975 0.934786646440281 0.5618685497012493
0.9892955375091623 0.17651103117211575 0.9344002844777823 0.6251617456769791
0.9883732370671697 0.1709879484467791 0.9305602277652523 0.576785132050864
0.9938057697835566 0.18285018035298517 0.9268229106649999 0.36233447768513977
0.9908064095661093 0.1852723909077972 0.9252471416972239 0.2988757283146867
0.9970178962902826 0.1864513018322083 0.919893113247996 0.27252402245266866
0.9922048144874714 0.1896199273167777 0.9318680635334692 0.43776872595609867
0.9932371036097051 0.1931881699727974 0.9412324254094938 0.8020734516872204
0.9888757679378695 0.20153172337027536 0.9346263091780482 0.64057779974735
0.9925604597938913 0.18084649399873656 0.9363096494911243 0.574918008713104
0.9922629380735948 0.2086130543610808 0.9346623111434539 0.4830232651585165
0.9899178304968688 0.18814028071724426 0.929546485572495 0.4234597077522218
0.9939795896586971 0.19071166054126296 0.9360910982899184 0.49165890751086283
0.9919672001855172 0.2080349719741465 0.9402498735127548 0.6415238458967871
0.9861603555189545 0.21346476394731778 0.93977212132298 0.6889267637640739
0.9889693459128468 0.231836872166945 0.9413178735348722 0.6277019082933888
0.9925895680679878 0.21183609843001894 0.9401905986846099 0.5786260784632915
0.9879411272200539 0.24718883864826274 0.9387255283022727 0.5076544749238016
0.9895261653525317 0.2560739900643739 0.94968002478606 0.6848727876106194
0.9936224816545917 0.2380294134412586 0.9451596957515971 0.6459795856841379
0.997273522720644 0.26733038915475404 0.9496999560911353 0.5857089131252351
0.992573995986383 0.27205253995885426 0.948729020714369 0.6242550188205772
0.9891334484914786 0.24738569574841615 0.9449367699903662 0.6258727695888285
0.9921434845384239 0.255925725440021 0.952687168231678 0.7367860471308747
0.9897960124254519 0.25283006285323684 0.9505723036705229 0.7378398173279911
0.9915256967939423 0.24942290127044756 0.9514219556098757 0.7225157023418327
0.9876882395534495 0.24152099962951737 0.9511972793302454 0.8454020848845868
0.9873210327854696 0.2347077184553284 0.9468420114640019 0.7471555996035679
0.991312477145663 0.2317968446687608 0.954813068765252 0.8435386179760378
0.991152797484747 0.23038652889399158 0.9573242664744066 0.8524428006193016
0.9926873018712984 0.2645468813579027 0.9602643532280151 0.860635593220339
0.9916078047415903 0.25480788373481983 0.9572345242512811 0.755372024365634
0.9922480530957158 0.25828105875153 0.9573437223717968 0.7864494605337876
0.992085094726811 0.2805422893236789 0.9617800876833791 0.7665832081455517
0.9927394688402683 0.2883708227816674 0.960486329794999 0.6398753894080997
0.9884237995347583 0.281219195849546 0.9605363981472739 0.7161263752426898
0.9882563180303738 0.261289628074708 0.9608796688289805 0.6865937987954495
0.9799604717103012 0.25371876815804767 0.9580460264212458 0.7821306052438128
0.9948097824857862 0.23347275473451842 0.9662141300053885 0.7436560797049595
0.9841307302123471 0.2155358506857959 0.9613922088279448 0.7715621703304536
0.9888015485158571 0.2323646969860646 0.967304696440255 0.7922486436569318
0.9871353097478828 0.21148388035805255 0.9648953800826593 0.7880268784361637
0.9833070227717635 0.20354112873478422 0.9623147608296797 0.7882055515426685
0.9909234622877818 0.11476482617586913 0.9591719089205711 0.8151887732931162
0.9914765833199439 0.1779191536509525 0.9674614038372031 0.8187976291278577
0.9904707738678789 0.1618065018493284 0.9684583284985538 0.8345297481445432
0.9881368384420348 0.16890413196145682 0.9631117484626668 0.8429327998116982
0.9821013502625694 0.2350809977928622 0.9649545686706239 0.8528755404714305
0.9871268236815001 0.32986861313868615 0.973415458421808 0.8317881078303321
0.98715295356062 0.20035223400589608 0.9653568742017689 0.834678245197231
0.9899386818051824 0.21961908662707352 0.9703013192007889 0.8611309075359899
0.9861332829654544 0.1664067551633639 0.9663670427842581 0.8881761476554968
0.988743009688629 0.17499905098128535 0.9695530690941273 0.909894679569391
0.9815496441675634 0.08842030304229141 0.9631651534306401 0.8985469641930461
0.9868036931788121 0.1883363117290677 0.9728024059570058 0.9408258912096834
0.9867408107312691 0.03376994522505358 0.9696502485061248 0.9052981608131503
0.992367578938754 0.10072484232326084 0.9741270097203667 0.8832771617903254
0.9893920471939706 0.0 0.9711101963340308 0.8926744862646617
0.9887667339214444 0.010532837670384139 0.9730306928544785 0.8968609200853688
0.9893960069124539 0.0 0.9710577406480001 0.9055449171592707
0.9874783462004466 0.0 0.971551954770646 0.8933180917948241
0.9897174601534252 0.0017925430210325047 0.9750428119829995 0.919687695669397
0.9916905633348488 0.0016243654822335025 0.9726097096977021 0.898807640832218
0.98915514483195 0.0 0.9717902574940805 0.8622225610420161
0.987974736863603 0.0 0.9761148347603735 0.9043277491408934
0.9911111791855574 0.0 0.9795429120683748 0.8829865458375564
0.9849904954176373 0.0 0.9717711408810762 0.8659023393984404
0.9871206245864493 0.0012444846702115624 0.9718024692576356 0.8684348671698178
0.9912209155006814 0.009168510907366425 0.9740797652907812 0.8764802604261821
0.9911309181811767 0.0 0.9738751838453179 0.8773910805773685
0.9888906474928588 0.002686366689053056 0.97386871263344 0.9038528642047107
0.986559700848986 0.0 0.9748242521768183 0.930063547162505
0.9865546029247836 0.0 0.9753299294392166 0.9410934124567294
0.9840957720065637 0.012449392712550607 0.9696689499105763 0.9268957541714852
0.9927408355553774 0.0 0.9760483006077297 0.9472719644946896
0.9877587917923764 0.0 0.9730195465879453 0.9367216442273562
0.9864751116728203 0.0 0.9628605784582597 0.9056823913853982
0.9888042271889866 0.0 0.9625038468526257 0.92885522721629
0.983523771672711 0.0 0.9567117680414177 0.93620111605715
0.9830493581008747 0.0 0.9476055981378497 0.9208972648432289
0.9934278331451227 0.0 0.952900237478654 0.9225652145807991
0.988118453121997 0.0 0.9267421051952354 0.8826763470221142
0.9911827440324983 0.0 0.9319671413832492 0.9046306888617275
0.9934319673447147 0.0 0.9396648163987752 0.9248155430117756
0.9855034992156027 0.0 0.7659925860987711 0.8521441383549767
