0.9840375106286706 0.0020700916372461834 0.18072636163724598 0.09539063890371953
0.9796225577783227 0.002134120083562168 0.18961615031822168 0.02952755905511811
0.9840395412894172 0.0018725947975838269 0.19582193563890501 0.05534399593805534
0.9804712176996814 0.0029205560432657074 0.1945922282717904 0.13571017826336976
0.9798993855246494 0.002913472603615507 0.2027923677189703 0.09871018689128717
0.9808732337034846 0.0028891445653991014 0.1797872669735191 0.15334947538337368
0.9850155475350492 0.003043274860654929 0.1834029688936652 0.218562874251497
0.9708049866386829 0.0035372220406765945 0.1755915034676367 0.21110333566596687
0.9828977109149603 0.003906204688605598 0.18815242673282678 0.2718918918918919
0.9775550614497948 0.0036352143161882994 0.1990261092176488 0.33605174353205847
0.9850678833302966 0.004006311922208361 0.1904948066857776 0.27997967479674796
0.9770491762961178 0.0038898617610482814 0.19691945629667418 0.2318031955363936
0.9849184938760731 0.0038207300288832457 0.19467281134449566 0.19408548707753479
0.9759432465734221 0.004453705774193895 0.19723699831937955 0.29087284005316794
0.9853771525408678 0.004202102132815143 0.20521955158449015 0.25
0.9763223788881951 0.004472016094199317 0.18846967108818719 0.17740549828178695
0.9841495766356159 0.005306578226978569 0.19723104075754044 0.18904302845050552
0.98514036768604 0.005658369044368736 0.19636994601740662 0.21238938053097345
0.9849217393799407 0.005073435799399983 0.20567502439733065 0.21982495420313455
0.9795905558062228 0.004825590949759887 0.20847611859565035 0.221484375
0.9804434004852999 0.005846303751378241 0.2127078849774224 0.10587598158678581
0.9859221972459574 0.006075388251010794 0.1999772041719576 0.08823085058165886
0.9847634275780567 0.006003778500002081 0.2180608723240125 0.19804312375430333
0.9887220849456851 0.007073146275840171 0.22335763357730498 0.1490318550905684
0.9903591386243754 0.006212994296062322 0.22040048652849278 0.09813084112149532
0.9912074546300713 0.006861543810920796 0.21957446325061128 0.11004784688995216
0.9827301719356628 0.00656738186330809 0.22337582552603286 0.16627906976744186
0.9865665689477845 0.007292896315646098 0.23157390710635797 0.11832013076826355
0.9868147592127794 0.00649320174500886 0.2267324330230884 0.06898300786203398
0.9890601372984715 0.007007092851301123 0.2327571222715014 0.0283507496592458
0.9869925901097717 0.006487537963920652 0.22713245641063107 0.10957862728062555
0.9875819974041463 0.006828132315856053 0.23009954475088526 0.08360503027480205
0.9870892735457114 0.007269606147169977 0.23029130504283069 0.08470764617691154
0.9902856006403425 0.007289188115070176 0.23479321114946694 0.08360297990819475
0.9896413559155379 0.007516691265756024 0.23284480119271062 0.0477850697292863
0.9895232007302718 0.0066170871306099385 0.23400220438218672 0.10544323483670295
0.9898518542094606 0.006991459936339775 0.23798191151154663 0.09603683604670285
0.9902286795300944 0.005974534465640992 0.24213820041611311 0.15440893338467462
0.9908935226665722 0.004951211893665304 0.23850502207393082 0.1081975349491273
0.9848479860915533 0.004858662402595817 0.258850881401817 0.2502464997042004
0.9838400885017619 0.005570179216288494 0.2527097137749451 0.20292334007152854
0.9793048378253398 0.004378599488309865 0.26394653839844245 0.12923076923076923
0.9911542233243181 0.00572183006426458 0.26001167262907443 0.3283142956040152
0.9913527727384782 0.005471154161045678 0.2718600637230079 0.3261595547309833
0.98784038515424 0.005755522069980205 0.26718037702535063 0.326566811194324
0.987538776606891 0.005379600082160395 0.2801713994723027 0.27450251069369536
0.9841654427551098 0.005965270040153888 0.27664834418495143 0.43222128378378377
0.9855299573785821 0.00621868752018883 0.2812687635935997 0.41024645837376283
0.9882030351627159 0.006658292523531059 0.28279586731030953 0.3736745886654479
0.9930259489377726 0.007122706692223928 0.28340989883039475 0.267265306122449
0.9838164146703349 0.006933335050036534 0.2854446184256778 0.378003003003003
0.9867520083995649 0.007008580956038968 0.29398539969242343 0.3815095583388266
0.9867324945930329 0.008897016178308492 0.30042144821562206 0.30216681507865834
0.9862999591757172 0.009175731748345857 0.30111418414165153 0.22773972602739725
0.9894523079916339 0.008200593836105373 0.31301326446027505 0.18772269164206454
0.983639162887969 0.00993983450158236 0.3124319431401445 0.38701256322401695
0.986631944651644 0.008965966519728986 0.31716885717484394 0.3275130548302872
0.9905153101996144 0.0101898082950445 0.3263486259899389 0.3026381284221005
0.9890056361041716 0.009494861569636259 0.3187261067012029 0.26278220451527223
0.986330853534153 0.009716419460047759 0.32268533345779293 0.25595238095238093
0.98677580763031 0.00905978054542975 0.33827846521381916 0.24719755422914544
0.9806154420381663 0.008677730498252913 0.3543686816171836 0.21689221846302562
0.9947597846103639 0.009506461049532408 0.35437337142727426 0.2357485348961108
0.9856158879842617 0.00923721222236684 0.3580296488828533 0.26659543208227593
0.9897518803252755 0.009123197277072543 0.36297626356634477 0.19203990439571858
0.9867747430412543 0.008335631476786983 0.38130252866672876 0.25334570027825626
0.9894752057108287 0.008634185323649601 0.35479599684607827 0.27952610144390966
0.9912952940183286 0.007807823271561629 0.3688288289738819 0.12535112359550563
0.9838501672745448 0.007734942020522232 0.3777367268200625 0.24997336174746937
0.9886966832785068 0.008841854916037506 0.37697771856934975 0.15330834654749892
0.9882804143326493 0.0090210473637738 0.38454033353725875 0.1342448330683625
0.987633389847412 0.009439521869964067 0.3853017500553815 0.19474695707879563
0.9847880968234882 0.009195357456354239 0.38326380538815885 0.23032904148783978
0.9846898030346998 0.01061533211108201 0.39365828535896324 0.22090711962414167
0.9842706240808912 0.010021966503421988 0.4004261130147812 0.21040057338536275
0.9872109688630657 0.011666011094985555 0.4136635742407044 0.28774403470715837
0.9916298274623614 0.0129589098007602 0.42445168464114236 0.41536380036079373
0.9857927993273502 0.01492326679247998 0.42059860297481205 0.21097114993904917
0.9838156835504239 0.015480619903088917 0.43080683124938624 0.23025636955313913
0.9907316869332665 0.016050562900623927 0.43273281569895017 0.23418998923573736
0.9908189156921061 0.017092106810963417 0.4461743590237281 0.17757988475641698
0.9911692873930098 0.017350297401507796 0.44558608248959275 0.11969111969111969
0.9918168867878954 0.01749259898852843 0.45713361528304003 0.11621267990959915
0.9910126779779522 0.01975101933243415 0.4512453280466155 0.0894096208209705
0.9895877717480369 0.018301220674908098 0.4611738561837616 0.07126022211905868
0.9924119706306235 0.018418089820712046 0.4746801526958183 0.08052076263343
0.9840942283165133 0.019581058728274314 0.47934034917946855 0.08940678889882056
0.9928519739866067 0.018742171105073938 0.45992722202136427 0.05927078440582433
0.9896479770515045 0.023335489347940334 0.5578085119778895 0.064873270097963
0.9899886699891903 0.01933092152341576 0.4814005361688852 0.08226262302311131
0.9919582073345796 0.020706428488136423 0.5490176372642582 0.13607514597613607
0.9852349693600714 0.017324173833309916 0.4439351459328914 0.15473014570080032
0.9875723468650585 0.01807795453788536 0.47833136556631695 0.15133061938566095
0.9896127000523669 0.018803224234340533 0.4910169282491459 0.16251679988682183
0.9910605073882984 0.016696319009201727 0.45649928247966093 0.15176151761517614
0.9914528061178393 0.017323012174958664 0.45688288016763184 0.14624298834987365
0.9861441252055178 0.019002466378717973 0.46643589243105654 0.1282308861859253
0.991477403101805 0.01923197990354068 0.472641447030236 0.16548479712200354
0.9913023843276283 0.01836559797995256 0.47029131412061953 0.1704584040747029
0.9913838778704818 0.018083744218935136 0.4908197579461461 0.19390379669085187
0.995893090431406 0.02014154264264172 0.471136095318234 0.19097350357959997
0.9895382622969162 0.018940405350422133 0.4777471641374308 0.15043891207367965
0.9883109715933704 0.019664783663300378 0.4789002994433168 0.1434019040701445
0.988865061425991 0.01958286896990925 0.4968687183878435 0.1807693632262286
0.9856914737401565 0.019944050088492208 0.5234940173896888 0.1992030388797855
0.982411308440957 0.0215389234679703 0.5225501769065303 0.21212121212121213
0.9942918585015948 0.02374828789158145 0.5419548191783866 0.23872443738911195
0.9903594365055038 0.02335284210918091 0.5654546727982669 0.24579990247794672
0.9836928085225165 0.022658316442004417 0.5559504632689651 0.31424588493914535
0.9802296994826257 0.02363308031800505 0.5693961495890226 0.2950275678987135
0.9824323704523678 0.026298576517715923 0.569745149962671 0.3027919173222274
0.9874193194127602 0.03011482798975702 0.5943535130839884 0.3696745004398643
0.9861075285594032 0.029253319847621875 0.5997708483105679 0.3656354611566432
0.9825609378110518 0.025185294516558827 0.6087878600854794 0.41523746701846964
0.9887608160774116 0.02771255182608443 0.6268906799828826 0.4372992505353319
0.9847930013404074 0.028882242115235185 0.6358367184797938 0.48021727960067534
0.9759991825160623 0.026619295503862023 0.653337655351046 0.5684440559440559
0.9770685334223727 0.03218002917829992 0.6655021274941754 0.4861910241657077
0.9853833542289517 0.02497811071115867 0.6816185361960836 0.4850260416666667
0.9847014133884756 0.027058443811867373 0.683343671518049 0.5074452554744525
0.9929189223799425 0.029020437600093332 0.7145284435110278 0.5530976934582382
0.9820835290904831 0.03356617647058824 0.7270054286840748 0.5544460294816929
0.9888745128625062 0.03858761768354438 0.74377949736939 0.4700893143995374
0.9869387860480727 0.04507012381028129 0.7664966798415355 0.451786588350465
0.9805474019465399 0.04478512464690234 0.7728023077181505 0.5659298780487805
0.989664999897113 0.05496265302838213 0.8061010578243051 0.4968187356166238
0.9882535446844097 0.05051633785450062 0.8193050359060431 0.5175030767127035
0.982005869621874 0.0680827668932427 0.8432971707851147 0.5175545614748542
0.9914202311854959 0.08601654002770664 0.8725803166171936 0.5530687903336537
0.9936743157175872 0.13795927446262107 0.9265831763236779 0.6393402861993694
0.9937669485886198 0.1229273217330019 0.9206606030304447 0.6572498298162015
0.9897824443268026 0.12720326473908136 0.9198698600916242 0.6853865760407817
0.9913076685493467 0.1321966988590016 0.9240447452266332 0.7048817223354301
0.9969362325628877 0.13601849473413818 0.9278109558992377 0.6888194561729437
0.9886211111643737 0.14361645583076432 0.9269256853869787 0.6961375488917861
0.9918195205730176 0.14753143691888584 0.923389901210106 0.7181119285773332
0.9903238828230186 0.16304335812730025 0.9322253659579697 0.7087539301671355
0.9897583603747605 0.15868006354931513 0.9298088152947764 0.7078845679519855
0.9910005516995478 0.18555553153308973 0.932043948643741 0.6991977568346445
0.9908771853731354 0.17452698149396093 0.9289080952155783 0.7637113735641482
0.9927438899405573 0.18035327277014812 0.9346226537590351 0.7464713102178583
0.985777918955796 0.178262772125588 0.9292498400511836 0.7200374531835206
0.9917141697510858 0.19082436598589636 0.93749870211607 0.729471766848816
0.9943139114291231 0.21477579461811955 0.9414803732512353 0.7349388980204388
0.9890681036098965 0.2311909511125975 0.9401231848654017 0.7384287237824386
0.9882006831311311 0.2079490228219839 0.9383002990683148 0.7697225047217783
0.9937875361833215 0.22183847283406755 0.9338597860960008 0.45665460895596854
0.9911325680467894 0.22371676525627018 0.9345800064361934 0.3745547601756752
0.997271488708048 0.22361039366673474 0.9282005959577476 0.32407645495842974
0.9918911591752081 0.23197708018247323 0.93477758174406 0.44132301088456233
0.9930699091091926 0.2435423908845114 0.942998161386546 0.7057442196531792
0.9880770698206791 0.26593135774430093 0.9406550338331306 0.7282895563654643
0.9920274882679361 0.22511999799481158 0.9423377004199525 0.6801638115014131
0.9917722011186553 0.24684787429512767 0.9392605669412889 0.5399297740163861
0.9896122608133298 0.24147357291142832 0.9374015645752624 0.5020577760189948
0.9938206677378616 0.23077615587422032 0.9364537079803097 0.46973703540473044
0.9919978058120085 0.23832261542608496 0.9370078288924856 0.5039370078740157
0.9859470094407929 0.24655400363907687 0.9375173626618569 0.5488888888888889
0.98889334501019 0.2787973919343154 0.9426072600742006 0.5658284332123942
0.9925193451092615 0.26075047203680557 0.9351012196800431 0.4146106455662939
0.9879262411613293 0.29734541000882964 0.9318582812663073 0.3645134019593217
0.9891891765868852 0.30084854718436616 0.944041985831514 0.49049215146185243
0.9933193984314502 0.30114964526403565 0.9444586350683859 0.5442351494992589
0.9970553922254888 0.31670071427536545 0.9502762339154278 0.5625044646046146
0.9922116662507472 0.3248765054397302 0.9507293449186756 0.6306223535991052
0.9886667772648754 0.2956758304696449 0.9459608290650461 0.6011044399970351
0.9922121863467032 0.30222296354703704 0.9483621171398919 0.562756052141527
0.9904262502102792 0.3133461390703035 0.9503001166424982 0.6308333023463355
0.9917581247835098 0.3058841818888457 0.9496001203399604 0.5924546355465947
0.9877351292021933 0.29700050682680346 0.9468411189934413 0.608976951071573
0.9874776056850473 0.32410831626883463 0.9448147774402016 0.5957330239453414
0.9913201750452445 0.31116761822514355 0.9536600166564133 0.6984417965169569
0.9913764427080585 0.2901022188980304 0.9519401541008469 0.6969197883449557
0.9923183580691073 0.3155354152300266 0.9545713540062651 0.7369205598982004
0.9923416100503757 0.32602852300159224 0.9551897239037355 0.7117978124668153
0.9920214663288389 0.3424740911334101 0.9563750894245593 0.7413816412058942
0.9921156615190185 0.3538238660752611 0.9597430896111904 0.703297726990436
0.9926923262531626 0.3264484108046196 0.9578939236558661 0.6297321230905468
0.988471786153347 0.31613679593183497 0.957594655612717 0.7073007950786373
0.9891196654794798 0.32866244647942144 0.9577195971173488 0.6758222000940447
0.9807545416425844 0.3279397343318178 0.955260793254898 0.7614940801730873
0.9952778716951604 0.30270410479216653 0.9645282460105659 0.789887607477184
0.9860706132889525 0.2621092953149437 0.9575817604122525 0.7673449722253712
0.9898092718919671 0.27806242419742083 0.9636827668904385 0.8336687400902549
0.9885794456682208 0.25518029042258117 0.9603457477386883 0.8229945780620047
0.984973786748951 0.241202450491523 0.9613100322150384 0.8317349846558527
0.9920518582579534 0.22996936798016213 0.9585358387248781 0.8657541024160963
0.9932951199864374 0.26469208934962357 0.9655077281784469 0.8409881249839005
0.9923252687428423 0.2112826899128269 0.9657483368802269 0.8989568202825828
0.9903354103141986 0.2683492892370177 0.9603075415324172 0.8900439824070372
0.9842557488866447 0.2311996951945516 0.9599295308566027 0.918012204002712
0.989057225058622 0.3476400457292177 0.9713376871242908 0.908677724674351
0.9893697781097245 0.24860853432282004 0.9602723020265461 0.8780155642023346
0.9913762345592166 0.28150248406684397 0.96387157702437 0.8693177130599785
0.9868699241082751 0.2633096871729271 0.9582938073552838 0.878965829819099
0.9905128907319745 0.242527127159276 0.9619513610802086 0.8971426363478294
0.9836886947822161 0.2996581950493412 0.9656205123376034 0.9345259944746044
0.9888203854844891 0.2146521285336768 0.9628766453100287 0.9364997323389881
0.9879983324399976 0.27865882726839347 0.9699679356158443 0.9292197930279377
0.9940431134179171 0.15325182730086262 0.9623986111317985 0.9132057626374369
0.9910503019672816 0.2527133432645244 0.971976483670495 0.9070184745974286
0.9915870163915111 0.20401662470042167 0.9694440691013467 0.9081467007365098
0.9913142487385128 0.21191813077341062 0.9650746426810233 0.9236737054434148
0.9897815261506577 0.22915342926555785 0.9706207310543992 0.897566572389135
0.9916436435377132 0.21161074759849646 0.971623534341419 0.9169222155772436
0.9942514577703733 0.14884586160819557 0.9652139368019944 0.9035134805416616
0.9917521828142838 0.13504574678536102 0.9651087695445275 0.8931421615041255
0.989656746836444 0.10279996410302432 0.9701978439993908 0.9066244022994682
0.993110609100731 0.1120798905053987 0.9712977084302996 0.8793152527066953
0.9888012052241598 0.08544198811713967 0.956789774426725 0.8668027487346215
0.9905338632919335 0.18508623922009748 0.9696474269606306 0.8952487610447788
0.9945284524255178 0.12499493537538997 0.9708364253773267 0.9124055059396267
0.9937663901491582 0.09714223622731719 0.9680565756615533 0.925988958194225
0.9920585280080382 0.07371007371007371 0.9687436176658771 0.9346462675227554
0.9900091360039793 0.12152415891941468 0.9694066754373477 0.9530774942905581
0.9891536686525149 0.15078839789760562 0.9687163600491511 0.9620605295347828
0.987824736046761 0.10970778584036085 0.9654069731845002 0.9572755716585181
0.9948063910174343 0.12434599442821227 0.9678827370822126 0.9642853154350424
0.9914922598614706 0.10502527016476969 0.9672343661621151 0.9594840759819052
0.9901515866198617 0.11282643197229837 0.960995953536866 0.9279132911955844
0.9897328833724189 0.09098302687411598 0.9578908879254379 0.9482914178525118
0.9862124858358083 0.09834818517713541 0.9531380434161124 0.947350875465008
0.9867071034032191 0.05897469688982604 0.9438313006734554 0.9386741859539534
0.995926090636168 0.07868529667916241 0.9487454384264891 0.9345944780874377
0.9917695624344471 0.07885979507837815 0.9356179948262815 0.9188803423570512
0.9946777840760177 0.06301500105641242 0.9385389333955924 0.9313991558255372
0.996727023816616 0.05595351400090167 0.9386004078104779 0.9361133997293501
0.9893402799602384 0.005987522505547879 0.7661206389806151 0.8571646410187732
