0.9853112063119472 0.0020244903792049113 0.18064718717542008 0.0008723719794120213
0.9812772179291193 0.0019635933758778566 0.18992612888366237 0.004634180592613397
0.9853766526405624 0.0016126829317644916 0.1956238846372758 0.0
0.9813294409575245 0.0033743347215217526 0.19422940633483873 0.013338513338513339
0.9811080464946104 0.004465323213287178 0.20305376632243205 0.014230077890952667
0.9822379187141844 0.0031442118276259873 0.1799394555456762 0.03181088574347001
0.9862684690048287 0.0028327422019002817 0.18293276570363703 0.010920897284533649
0.972644398597954 0.0028312846248596518 0.17565837672310605 0.02304911117806568
0.9854126467831744 0.004504752707443379 0.1875389466192392 0.036999832579943076
0.9794240706415658 0.0031470558284178943 0.19917809656670904 0.07019328585961343
0.9868160900578373 0.004061908826483413 0.19036076820108574 0.05572755417956656
0.9789505267286994 0.0036621312979483477 0.19666827164952114 0.0
0.9870317163141602 0.0037234903674923103 0.1946932006633499 0.01848560255954497
0.9768790534209213 0.004107789169308319 0.19695602626820038 0.08768732280275415
0.9869935584445055 0.0038335131880920083 0.2047426917506363 0.05804491700119345
0.9773007807839977 0.0037893351580803947 0.18844646643479637 0.006709451575262544
0.9848170266374329 0.0052456420100480735 0.1963081839350994 0.0
0.9862030579995696 0.005931949310775764 0.19609925357060862 0.02307859786631831
0.9850332117085021 0.00518242455900671 0.20657472677942035 0.06756620682710704
0.9800061107900446 0.004894266991192551 0.20912076430505677 0.05389373781882891
0.9809798006635144 0.005613457520391115 0.21214489362790223 0.04693843031123139
0.9860929506896802 0.005457675172134468 0.19913486280208595 0.008662632016138603
0.9851434813175065 0.006012825278229824 0.21744718366818727 0.0521210366295063
0.9892826921597561 0.007184275892914057 0.2230578145697509 0.06186229613561501
0.9905348093846408 0.006070393599518962 0.22072389288380204 0.025418926576540112
0.9912074546300713 0.006766202946501681 0.22030599208702964 0.033042483192676296
0.9826862636346829 0.006041549454998607 0.2237320482770231 0.08724160924649922
0.9868572014887088 0.007321858547609514 0.23378841806121572 0.028496437945256844
0.9868369222689075 0.006328446916695101 0.2274886062644185 0.004000653167864141
0.9896328426622368 0.007006793324710875 0.2343154567518969 0.010763209393346379
0.9873050569087783 0.0064383378429819236 0.2274014609398932 0.03276463745637844
0.9876716719380257 0.006857975105047088 0.22914512326068823 0.03361583258368449
0.9879374329128083 0.007278666768751755 0.22959081722031832 0.0186487448816094
0.9909239343940287 0.007308487421551664 0.23561461856844684 0.04310831343607554
0.990206705009094 0.007754427448750414 0.23497377591942545 0.025038233097414375
0.9896742170708488 0.006810376429196046 0.2353229803960976 0.0821008984105045
0.9900339057737738 0.007251479403130761 0.23985605180866623 0.031468650807194784
0.9904179968198823 0.006314433523449764 0.24382564303946594 0.0343831048536495
0.9913171548526275 0.004673854559000041 0.23967344209660646 0.07539663048283314
0.984321243283362 0.005085375695535828 0.25926960342054683 0.07863324380781857
0.984778278722705 0.006039318611881319 0.2525484203773738 0.10209573513822066
0.9801155215704457 0.004582146071386249 0.2644519109421861 0.07185031185031185
0.9916219784722197 0.005791069038257296 0.2597415265324702 0.18628483861699072
0.9914817399042375 0.005236504163094801 0.2714698714964114 0.17343173431734318
0.9879931935532352 0.005686330104279029 0.26727014787092684 0.21739130434782608
0.9879702205438144 0.005843654439514416 0.2798390352434808 0.1250733998825602
0.9848905827549707 0.005770747662568493 0.27731623055438415 0.19966354747134896
0.9861372983724761 0.0061887293088460065 0.2810592108344451 0.21009156050955413
0.9887415742209497 0.007012978467566567 0.2833412868210328 0.1261930010604454
0.9943800229028897 0.00757429369233546 0.2837433021312683 0.10029162813855894
0.983334011691503 0.007674168747994251 0.28475618488690624 0.2677653263019117
0.9878006920554957 0.00696038455742481 0.29338356233807517 0.24389042175798187
0.9872705879710675 0.009027874881533417 0.2998130334643002 0.1618957018074894
0.9872022616407439 0.008585121292469756 0.29846991144479285 0.09923857868020304
0.9907024416577302 0.008161527841693512 0.31004157440177654 0.1273243352835544
0.9839287950147843 0.008976988450894638 0.30985295906262783 0.20702387790268317
0.9870968511450382 0.009260082967346824 0.31425198092448986 0.16908728463619535
0.9913263440712947 0.009383983987071957 0.32249184151977406 0.1606846248284827
0.9896499987585674 0.009404510813180951 0.3153355577955211 0.15123323236694072
0.986976382544465 0.009026092504901979 0.31930056465169054 0.15375325748426874
0.9868975733354778 0.009326855564695915 0.3352306187288403 0.17516728624535316
0.9808541171124805 0.008212582468650486 0.3525170623672299 0.1756310096153846
0.9943744405907362 0.008725753055649963 0.352182006305541 0.16621367342671964
0.9856054973423047 0.00876936344182184 0.3559775086223461 0.1543440821901538
0.9897699126505258 0.009218163195629908 0.35950210658488957 0.13282534809779628
0.986562103467643 0.008111905554811087 0.3771248855448067 0.15430149960536702
0.9889418722702906 0.008362300780481407 0.3525225509980792 0.17445128879851685
0.991444202647056 0.007146611833459594 0.36820532452669574 0.14764870578824066
0.9845054351797935 0.0072061751558532726 0.37539913423663396 0.14091341579448144
0.9890094399410552 0.00813789993966617 0.3746342080323754 0.14264796183458506
0.9882467676818381 0.008046028265362866 0.3815318562510244 0.12501635768811342
0.9876049147702691 0.00810621067274241 0.3799688354387396 0.12083382404899305
0.9846081620334663 0.008354472226162942 0.37874216737236593 0.14114326040931546
0.9841034397580682 0.00981422552440833 0.39131254167069185 0.17855310415597742
0.9840917854607352 0.009051833799761653 0.396308579577063 0.1509327833505203
0.9873628100372286 0.011001827528057851 0.40793268774628555 0.14054078953429452
0.9921026879543395 0.011855186540795424 0.4180686611029297 0.16933888599687663
0.9856798378804188 0.013244134374510996 0.4117155554709957 0.1031811498045404
0.984678930560321 0.014014379528985507 0.4220222307081007 0.12022331645745198
0.9913500984109819 0.014857035402453426 0.42183615674415026 0.10512620348685922
0.991070125326786 0.014865000176701339 0.42807873783071076 0.08072265149334691
0.9917194993690767 0.014442110517856042 0.42831634442995437 0.07196572228051766
0.9923447986577181 0.015166960121088561 0.4408166757885594 0.07219616353962476
0.9915511628589025 0.017389211888812126 0.4290206310374957 0.05579204033557879
0.9903954994047668 0.01662277600845814 0.43180181909327164 0.04431461053342051
0.9930022013565434 0.0156965562021319 0.45093205342641746 0.05291772838509474
0.9844816156921902 0.017291114085855094 0.4591335392378843 0.0581593320530108
0.9933847109390929 0.016302319707327408 0.44848719630499184 0.051342529721487624
0.9899603406371875 0.020297039719957104 0.5456665722450476 0.05554242495863862
0.9903234581041925 0.0169561511443951 0.47152857043962076 0.06657532161071782
0.9921692374074794 0.017889313118582495 0.5464423927310008 0.11905135036305699
0.985938172543449 0.01493067741118668 0.44334212075039703 0.12258047953997023
0.9880710240019613 0.01590842644497833 0.4701552733211767 0.11597969742294584
0.9901259683089122 0.017209057466246364 0.49116133345146146 0.12282041491663485
0.9915729324609104 0.015566159556513854 0.45756189593858415 0.10503125792982537
0.992512896129836 0.014971249063450653 0.45893367304754634 0.111482360531834
0.9868673865195139 0.01622929290602032 0.46646140592969554 0.11921143805201777
0.9923433927948186 0.01746667814812309 0.47352284950955825 0.15900823281638904
0.9923516825332426 0.01721556083153366 0.47159994161175484 0.1766061084781464
0.99183874922768 0.016431029723601935 0.491810602259968 0.1940999354792458
0.9965550091898497 0.018433016600026473 0.472276777880078 0.18578465869106264
0.990410768126517 0.017544334254178815 0.48195954039484595 0.1542886433534571
0.9881420861623662 0.01730354671266371 0.4790056014060705 0.13576424721935557
0.9894230496420364 0.016306582162743506 0.49996761044433613 0.15891440029371065
0.9861731430154222 0.017063035982671736 0.5231091560371557 0.17381421427489013
0.982944836128162 0.018695563477437043 0.5217351865022855 0.17264567348994284
0.9951320083382551 0.021047147234658826 0.5433730059219537 0.1692534411939924
0.9907921235310656 0.021303807167639542 0.565522363360336 0.186012732554546
0.9845858070035732 0.02155996199476518 0.5552434123119119 0.2865325509918972
0.9809537787888795 0.021939695870163853 0.5674329685561377 0.21321844975553048
0.9827114093294179 0.023067233652154774 0.5668020813957668 0.21139091087940193
0.9879709926083815 0.02625537881351835 0.5945542923889496 0.23738353299106293
0.986947594099618 0.026384171843196604 0.5997231049312396 0.22838572116376643
0.983319557909697 0.02337071555202897 0.6079841439536069 0.30226934523809523
0.9894177674197433 0.024437411364477586 0.6218053967095942 0.25347491059248606
0.9856977233058567 0.02605865276530575 0.6337855410353128 0.3149972632731253
0.9775052274065549 0.0237500788664858 0.6487910890471313 0.38159637889158754
0.9783134872915398 0.02823803095205841 0.65519071587941 0.25930447650758415
0.9860071520143812 0.024619515469579543 0.674844079593655 0.2879194630872483
0.9864979199533487 0.025404685007198724 0.6761313536583796 0.3062632696390658
0.993993185832384 0.02640514117218513 0.7060178463250809 0.29787147284292936
0.9833986283516276 0.030344182354275346 0.720828230512279 0.33890982627079697
0.9893845780499547 0.037430842148894375 0.7362434851182479 0.2797995684137376
0.987626893724247 0.041821917215246356 0.7599626721438586 0.2949371521967545
0.9814870997266972 0.03944926008960888 0.7672387145523029 0.363819424932097
0.9910334432503897 0.04754260652123325 0.8005957442896346 0.3334066127330285
0.9891340285410467 0.04448597004129118 0.813142224313138 0.3341224068175949
0.9827062633140118 0.060895161899011244 0.8350857723998188 0.3012845018732319
0.9912681447072249 0.07481865160002653 0.8622673774023651 0.30022468704304717
0.993743814330958 0.11993705807822781 0.9168802481181937 0.34616878912151955
0.9941265663303676 0.11192282115286385 0.9142594519103333 0.4161376203153799
0.9902781294079351 0.10739914898589108 0.9142817099701542 0.48544249063130585
0.9911173680593963 0.11858201897556363 0.9155175575649004 0.40866408518877056
0.9971767051151955 0.12178519759781013 0.9261175250915556 0.623441572163133
0.9889656494724292 0.11027151639344263 0.9184137466975033 0.7250769978926892
0.9920188666790685 0.11807175590819817 0.9156101822911036 0.7421977660972404
0.9893722782921718 0.1391248173172643 0.9262829855386875 0.7285341168788769
0.9902686736749869 0.12952429930573411 0.9237016953049777 0.7167546807489198
0.99130888336919 0.1517933882565038 0.9258856121908735 0.6660689951947214
0.9905775482354131 0.14952270033067822 0.9242455136216545 0.6546849757673667
0.9929428701647266 0.15775404023109127 0.9292945949147821 0.6179355155081525
0.9857401343095761 0.1546851228867128 0.9227597098269532 0.5889436862025461
0.9919231286280219 0.155233099439108 0.9305994772455081 0.628148691611641
0.994041615233268 0.1768873332931024 0.9360028028552092 0.5976018639540831
0.9890826710081172 0.1908952589617187 0.9351000735077566 0.6474085640502072
0.9877646310015317 0.1850127646793813 0.9323096322843967 0.6213834290021453
0.9935193928926161 0.19608662432548588 0.9302926989137145 0.4185452359483018
0.9905615212664226 0.20042019481759724 0.9277760170221712 0.32515193329614517
0.9967852697120805 0.19861000047038901 0.920876990758652 0.2879304295524034
0.9915714047780275 0.2031956960989699 0.9325894428082293 0.45963075227335354
0.9928021555975023 0.21063009001285898 0.9414617424518502 0.8138123806926643
0.9886844170742015 0.21190255220417634 0.9340213519710436 0.692465793646133
0.9924016014605089 0.18811977919984368 0.9363046472790281 0.6206103678929766
0.9919146141136524 0.22149003994103342 0.9357569081654326 0.5229645542427497
0.9895029410785698 0.20554161279691738 0.9317814694529934 0.47597347263902784
0.9937779780503857 0.20911199557183902 0.9373193717958304 0.5177551929384135
0.9917576693579999 0.21908061785865426 0.9412174586435087 0.6698374950455807
0.9856796604855954 0.22862152867454158 0.9405012963998339 0.7089721300247616
0.9883882313186858 0.24708550566303883 0.9415699912830198 0.6366123956765631
0.992167217905775 0.23076923076923078 0.9406026060638416 0.5889048695294843
0.987645979439631 0.26154025602892716 0.9401535214001886 0.5488947309956678
0.9893651992669996 0.2678704393149665 0.9489826898061643 0.6798554652213189
0.9933367647093073 0.2526368799485214 0.9456349393240082 0.6558101260340422
0.9974518161060624 0.2802240335139566 0.9506658442789551 0.6047251946458022
0.9926493716623006 0.28176153273809523 0.9491283884045683 0.6474585813093132
0.9891217845053005 0.2572034277865695 0.9466013881060568 0.6849735271871585
0.9922233501126345 0.2675014046071113 0.9537703700757124 0.7772042217818131
0.989573659577508 0.2646094094224775 0.9507547801079763 0.7524330900243309
0.9915544758746163 0.2633810537176759 0.9518845629223008 0.7405864781858723
0.9878291614346076 0.25398735103321574 0.9513243116037103 0.8687120606089125
0.9874339545738724 0.24595413376865966 0.9465255779358344 0.7721350490097213
0.9916703366706414 0.24630711095843352 0.9552808459147073 0.8612335782676463
0.9911482092817053 0.25214010691189115 0.9576528600098887 0.8600615489827321
0.9926654937573546 0.2769288389513109 0.959549981316099 0.8557832176551265
0.9918243010069718 0.2602878109215668 0.9564786216338047 0.7666991528600345
0.9919752099114327 0.261962605049578 0.9568505070614486 0.821588162039411
0.9923486035165578 0.29773346570625886 0.9630702419821078 0.8018675427978558
0.9923051291478996 0.3114761893440479 0.9602495449871744 0.6427646396396396
0.9881244544378482 0.29536082474226805 0.9605660948722539 0.7452319782378721
0.9884519702290154 0.2793437428126038 0.9621189283600011 0.722397476340694
0.9798859953310215 0.2692783061959267 0.9568858581535622 0.7853244390539721
0.9949067692248541 0.2451517815586699 0.9638815340752634 0.7396610169491525
0.9843578205863832 0.21845496110682264 0.9595271969995585 0.777964174011942
0.9890033644759892 0.23324312417395682 0.9648158623815382 0.7917129748368528
0.9870553577022455 0.22805020811654528 0.9624602861615732 0.7733794384805945
0.9834215921396601 0.2139797507788162 0.9600296305441526 0.7811004481806902
0.9911305809597497 0.13801594151393612 0.9586292490618941 0.8306503541532517
0.9916328237973084 0.21044166371795284 0.9664571745667127 0.8225786490433405
0.9906976075136156 0.18278468493924838 0.967040381707442 0.8259086985710176
0.9881833486514193 0.19408575953222074 0.9622267275576543 0.844307318327373
0.9821223402317981 0.2442108413452546 0.9635713530750769 0.8555210601918354
0.9870885200246566 0.32399700971841516 0.9720010334582095 0.8410312647830388
0.9872630216145029 0.24281173240861148 0.9655116718028728 0.8367234520044884
0.9899086679847059 0.2397479868774232 0.9697091030112942 0.8736671587926509
0.9855155567539647 0.24528301886792453 0.9675582637228214 0.8880322479649343
0.9885313394640671 0.22841823056300267 0.9700130785396278 0.9167007100476607
0.9813364750673229 0.24433386463476267 0.9666841640699183 0.908698001080497
0.9871281773931855 0.25726192440996865 0.9736834867088022 0.9396902865949873
0.9866000941389562 0.15656728074608353 0.9703806528611856 0.8860349917440833
0.9921485469877691 0.20378169693779064 0.9753093037274779 0.8842093313656487
0.989209170565076 0.042285769961514105 0.9698535062047317 0.8721861600762267
0.9884353691403661 0.14920146442404628 0.9723318097856717 0.8695341321817713
0.9890127535207235 0.0006235311046093338 0.9704358582551117 0.9049219158839893
0.9872710159656756 0.012865127069492777 0.9702340646442759 0.8921414512357829
0.9895411886594118 0.05943528096169975 0.9747208293970884 0.9179712277674879
0.9914568773597725 0.023693622094178423 0.972844918915827 0.8987032171354539
0.989100289077071 0.010069809106072775 0.9703090917435698 0.8625677727174149
0.9879151571782715 0.0007828401440425865 0.9747412108586471 0.9034895122783083
0.991006870567093 0.0 0.9777025161216965 0.8702051696127168
0.9851109671086921 0.0006144393241167435 0.970385323434598 0.8632119772388266
0.9869524402340034 0.0 0.9707112109933353 0.86987167438443
0.9909372719032737 0.02062319884726225 0.9731631524954434 0.8809703880388621
0.991060291060291 0.0 0.9734359786292026 0.8812572577565446
0.9889447034188389 0.01175663760164593 0.9732925513867718 0.9073382632825325
0.9865434535094878 0.004339291249095981 0.9745892829725165 0.9351759765732913
0.9865028986685511 0.0 0.9736112209700217 0.9382848362375636
0.9843126741771978 0.02546644265629145 0.9685646789493553 0.9263732714835149
0.9924285394105354 0.0 0.9742074305565983 0.9438660448414784
0.9882145071758897 0.0 0.9720953548455367 0.9361279230394641
0.9869585890198892 0.0 0.9628124134691569 0.908889394111629
0.9884287704541465 0.0001290572368845583 0.9618425020762482 0.9308994634692351
0.9836659986042712 0.0 0.9542216457582685 0.9305870190746678
0.9835332935640612 0.0 0.9442133327092341 0.9171263583807373
0.9935049646526593 0.0 0.9506990652826441 0.9187982147435151
0.9884479742640894 0.0 0.9208905323563035 0.8734616666908258
0.9919579383344371 0.0 0.9324338374946279 0.9067927441142416
0.9938338346129849 0.0 0.9403128917831742 0.9271202244601517
0.9860111277502055 0.0 0.7733256148010045 0.8593369460337937
