0.984503950783003 0.0009627648223599649 0.18071546135284927 0.0
0.9806746359852573 0.0011533135469752322 0.18986120590130057 0.00014757969303423848
0.9847080258447386 0.0010218379931506503 0.19578147836662768 0.0
0.9811521246918726 0.0025722812025062115 0.19428199870433935 0.0008404538450763413
0.9805794616754832 0.0028215530111958815 0.20264784251342216 0.0034279184917158636
0.9813744025091381 0.0023947995265499048 0.18014870284133466 0.01936324706758518
0.9853622788172663 0.002418118596260172 0.18297786533306762 0.0
0.9724397550940765 0.002553358776100406 0.17572843898156001 0.008486283797118611
0.9842809749691279 0.0031332744071438656 0.18772973132190368 0.0005996402158704777
0.9786627335299901 0.0027023929743659565 0.19946896218012136 0.011252813203300824
0.986131561193486 0.002998676172950413 0.19067076273873773 0.0039507320474087846
0.9785754776956496 0.0029454088256757587 0.19741364290262844 0.0005508630187293427
0.9865348991538588 0.0027107656676436413 0.19481122793479308 0.001524390243902439
0.9759641515884122 0.0035786461733307794 0.19692179130754617 0.032498447526392055
0.9865851853678992 0.0030833316116261477 0.2047499746526641 0.037109924093337084
0.9763731601826457 0.0033376660678730167 0.18851904068416322 0.0
0.9844705825348564 0.004889686543905721 0.19645177278462508 0.0
0.9857931288175407 0.005185270229878004 0.19656672638147923 0.0
0.9851229295060703 0.004270653547626175 0.20626062076651308 0.04784313725490196
0.9804989021972634 0.004307794123170025 0.20895387297720883 0.0685558583106267
0.9810448380570371 0.005147153157314038 0.21145679383382238 0.016709695926563396
0.9861198502047872 0.005087788396602471 0.19920467134639852 0.0
0.9854328261084287 0.005272272304585929 0.21655364607524386 0.002176049417380317
0.9896545172904533 0.006704192027289144 0.2227589756704742 0.025080084381592312
0.9905001380827615 0.005373105659246763 0.21974729754395927 0.00755522706742219
0.9918434518400397 0.006066521322926639 0.21985220184113163 0.012747988208110907
0.9832779861481825 0.005638512660890048 0.22369438289475813 0.019622181596587445
0.9872303263425821 0.006789835214175088 0.2323532314722077 0.0
0.9870356239018083 0.005796330208219206 0.22720303704378078 0.0
0.9902019827940145 0.00652875939967644 0.23376792709320116 0.002294235732721537
0.9879239428661722 0.00581616674177372 0.22798758960094148 0.01977561196736174
0.9880975848086386 0.006362288903794262 0.2292825060554285 0.01889270559709032
0.9882707578406571 0.006844965213609065 0.23092525543570983 0.00018842149889302368
0.9916793416147086 0.006976588869309687 0.23631175414843036 0.02263661267842553
0.9905381808976932 0.007420884635721087 0.23385582312863953 0.015051522519393307
0.9900438380225544 0.006372459669078569 0.23503500409505548 0.04418095843037617
0.9906612052686907 0.006757266854127217 0.2393064353621888 0.010856374430122339
0.9907082637300192 0.005789236576790236 0.24346662795852475 0.027156549520766772
0.9915314500757538 0.0043188811883441945 0.2390487040052693 0.042982136347065256
0.9840291817893942 0.004416000407826877 0.25826518323150977 0.04465916007303713
0.9851633903560197 0.005619034110310843 0.2528185551461538 0.07004646646785491
0.9805146698066922 0.004225543028707863 0.263831584898305 0.04191672052442064
0.9919929547995429 0.005468607615620044 0.25945971447420424 0.1786764705882353
0.9917267214511224 0.005409238827723459 0.27157130439385835 0.10453357573003068
0.9885625493542552 0.005395531031365644 0.2671997354970971 0.14449874521199313
0.9884909894279038 0.005336395211014286 0.2793690538841511 0.10568193410180557
0.9851505189196158 0.005912560984459282 0.2771413913027686 0.18045977011494252
0.9861890006642643 0.005946741280841459 0.2809771293298027 0.20259799453053784
0.9888079896907217 0.006804107299211971 0.2833027584314125 0.12864440078585462
0.9947617377309632 0.007510079093141757 0.28412890992949097 0.08705731873051403
0.9832795947739675 0.0071933874930368395 0.284395256892913 0.1742045593075704
0.9879104820411346 0.006784795418706946 0.2933070654552323 0.1909443236600813
0.9878589992002486 0.008550214754225719 0.3002170116734647 0.16745555906174397
0.9877576190003322 0.008770206886643898 0.2982304646918873 0.07652575778170449
0.9907148710392001 0.008117407905499382 0.3104622230766443 0.10022144890857324
0.9841233154571665 0.008885586374740852 0.3092860533463707 0.17356066977597676
0.9873916206514091 0.009073840837902247 0.31511160305465086 0.16484947111472742
0.9918051236734388 0.009699051803802986 0.3240365152069477 0.14849329385124543
0.9900024000860721 0.009432269670136143 0.3153804386619903 0.11900907875290309
0.9873463078760627 0.009124837525804725 0.3196587519716741 0.13269678051169054
0.9873269459151719 0.009582397800462827 0.33509604004947213 0.15419858795253116
0.9812599542365926 0.008145442171169833 0.35119164384125623 0.1250243680551043
0.9947832004371997 0.009055570446826209 0.3517253257377947 0.13894564773191664
0.986161973944888 0.008682720415380527 0.356403528606077 0.1527147766323024
0.9897754270354635 0.009552597265385428 0.3602140559267508 0.1250526822806912
0.9871874284948262 0.008458092968704393 0.37718404228861785 0.14762121557022537
0.9892527121665871 0.008528798096694191 0.35191465670865274 0.17409663992278457
0.9923798826086855 0.0074701573783587044 0.36742271539309823 0.12031676679410158
0.984791035857278 0.007737171039755751 0.37579710307675773 0.1339615116163127
0.9898587978867066 0.008841624690881896 0.3742179537310658 0.13399090213034276
0.9891520764864057 0.008836223006440292 0.3822916093513138 0.11375748134787243
0.9878860619429156 0.008835663190261715 0.3802173133039306 0.11636813340248135
0.9853493056037859 0.008977055598652596 0.37998599698530794 0.1516850813391816
0.9849428687570222 0.01048466052036454 0.3923327184675262 0.1813378092751461
0.9850975201370255 0.009545817245128018 0.3962407301226269 0.14254457427494063
0.9867433369446146 0.011329552289875774 0.4069541795621513 0.12146673736590936
0.9921863610130139 0.012427987618827314 0.4205940065067851 0.19993620414673047
0.9863406937407474 0.013790247523655461 0.41433620768940466 0.12020417555750805
0.9854114762573636 0.014234719297053694 0.42381902068287397 0.12697514801825244
0.9918575367317952 0.015565365992594702 0.4260273172028248 0.13194697355961832
0.9919721940059049 0.016117141734612345 0.4360977367529507 0.09361139425328521
0.9923902086643264 0.015771960358183113 0.43622348465274907 0.08249581239530988
0.9928457307675994 0.016225254518337364 0.4475755934724097 0.08010927644530151
0.9918514825351203 0.018434345393741416 0.44125362553152175 0.06988482619857074
0.9906378396095002 0.01705217580123998 0.4478422813603257 0.05694056777180203
0.9931527457184093 0.01707610083405583 0.46455503693708045 0.06485680860270196
0.9849292784019508 0.01837014490879582 0.4705164025397481 0.07175678010019002
0.9939999929286893 0.01759749058644187 0.4540479992489242 0.05365898066143862
0.9905924928304695 0.021610715709506973 0.551840996445535 0.05894459537334321
0.9907188761905888 0.018110519415729817 0.48021444880634556 0.07941296979178307
0.9928736109053193 0.018985806026187445 0.5481206345733746 0.12927846640830695
0.9866306831454119 0.015820363092727045 0.4433158431457206 0.12738026144874665
0.9886042157855712 0.01681078024638022 0.4717187132566432 0.11735998140831978
0.9905887387618926 0.017760293024771317 0.4905051376199931 0.1249933528316937
0.9917463894959291 0.015734914385542205 0.460278154953681 0.11502347417840375
0.9927322709816072 0.016179297357947965 0.46152993045186197 0.11242001163467132
0.9870710957143924 0.01740393369432883 0.46636632579896614 0.10766884432405363
0.9923338981065405 0.01832917168934045 0.47398895229049287 0.14208409722632917
0.9921198231246845 0.018021221997050627 0.47189398193047827 0.17448468341235415
0.9918974888732272 0.01751055020621764 0.49157622739018086 0.21137685843568196
0.9966555183946488 0.019265788140980743 0.47117935454509763 0.17563254696805186
0.991038067679313 0.01828899637243047 0.48233208727151067 0.15678437265214124
0.9879920975052118 0.01815999691522657 0.4778269554154087 0.12763273489063592
0.9900933448083452 0.01790821996173092 0.49766229852917593 0.14393919117843856
0.9859557137950827 0.01870274710136012 0.5231515571533764 0.1774073474672277
0.9833284051248617 0.020536101422912748 0.518451636504245 0.16127924938497626
0.9953822096589884 0.022386676715138186 0.5426217584086701 0.1926004537802825
0.9910162226866622 0.022384388324040667 0.5647298268018198 0.19837409435695091
0.9848613193901509 0.022228374004913735 0.5559878609285328 0.2833929917106255
0.9815261928350396 0.023421485369314984 0.5677344183931485 0.1983501072430292
0.9831131208930969 0.02495070164599157 0.5679367350356976 0.20302873078669173
0.9883417070376554 0.02840409220018601 0.594132463628176 0.23685333954282609
0.9866678911039183 0.02867578337328573 0.5999164853416973 0.22705616414536603
0.9836421044143513 0.02489398413710785 0.6082946814671292 0.30907864302235927
0.9894094116240895 0.025865062515725103 0.6216485044193131 0.2524601289446895
0.9854272387560534 0.026807707482485416 0.6335693039902938 0.31014838976432213
0.9774441756439504 0.026404967802117082 0.6509870321065473 0.38908501649401006
0.9785272110192442 0.029774930578099348 0.6582402818938524 0.28913590604026845
0.9859814345948156 0.025368019221153025 0.675876109322114 0.29984371511498104
0.9867015217416776 0.02756541192491003 0.6779579353902261 0.30714285714285716
0.9929462152174765 0.02836319562391854 0.7060833840743288 0.29614697202710005
0.9834632981511561 0.03369423502069044 0.7206121833877802 0.30741071808623843
0.9898400808744616 0.038893093547650796 0.7374804989822906 0.2799161299985023
0.9879586504600705 0.04362937316450981 0.7595950917811292 0.27732342007434946
0.9815998197616963 0.04159286252308708 0.7649253788335851 0.3067504430481714
0.9911864642198484 0.050246996810528015 0.7999625781507012 0.2967674827972476
0.9891996952484019 0.047616587449197494 0.8122368749400134 0.3080659645685362
0.9828006889292891 0.06467674189593842 0.8381405235811072 0.3301264313992593
0.9914704213586688 0.08112412969242093 0.8683964176521444 0.364087040449241
0.9942869938181265 0.12692186210480197 0.9211472237477578 0.4274002157497303
0.9947365979205227 0.11754294838498683 0.9170501910557544 0.47703561578126874
0.9909683627414214 0.11730873680943513 0.9171866254845463 0.555014670578821
0.991802130631995 0.12502031529335283 0.917225498941645 0.4316155122355869
0.9973510061013319 0.1288128200068545 0.9254255033858813 0.5622179239200515
0.9893391495047665 0.12485449668505491 0.9207259996255754 0.6513153046938325
0.9921325513886239 0.13133936497742857 0.9182994039817387 0.7211538461538461
0.9900304691671842 0.14718124959976092 0.9274074251191557 0.7025155230058908
0.9907614576099424 0.1447880772800495 0.9272060386817079 0.687936655798789
0.9915438293443577 0.16877226029250972 0.9282916847463217 0.6058173203474598
0.9914859217119237 0.16393167942528616 0.9246157923689354 0.5715384615384616
0.9935516776128185 0.1661394720549333 0.9302889101964865 0.5679545454545455
0.9864658397796037 0.1643582141234012 0.9207170566637768 0.47145641882483985
0.9910984759090024 0.17330292522864257 0.9292293106324024 0.4956412243316544
0.9937558989588716 0.196500851829924 0.9345512934765494 0.5063825703042518
0.9898386103776563 0.21186109073123013 0.9345509990813138 0.5371917463512833
0.9886623408488547 0.19908696006614882 0.9312904999880443 0.5221416674830999
0.994253667904081 0.2088232831321698 0.9273020963013053 0.3482246206788675
0.9912251528563023 0.21721495591010023 0.9273118866040871 0.295682500202763
0.9975323527145954 0.21448773589506023 0.9233167804130964 0.2789802086380033
0.9925039176330567 0.22553765474119455 0.9289364365424536 0.35173430402214134
0.9937423217742971 0.23079969799363806 0.9433768192686018 0.7815728858177032
0.9896650780100053 0.2356504910386941 0.9367526099970309 0.6346965271015904
0.9928002357029901 0.20622013069345557 0.9367489593002054 0.5771400778210116
0.9928887782911533 0.2343163334139419 0.9370207033511548 0.5069456066945607
0.9908902647208472 0.22411634276770576 0.9321458175512475 0.4195042400521853
0.9947420534925501 0.22518842565751332 0.9332046432636366 0.4026695979899497
0.9929006717935015 0.2297646005582179 0.9377077369991303 0.5183795078161275
0.9870751617359286 0.2360756328643447 0.9363423367667212 0.5236595543657979
0.9902180992057321 0.2599079360252139 0.9429094079661559 0.6063560062948068
0.9933501227624655 0.24103426413429996 0.9398661626859595 0.5205787431555282
0.9881719826032406 0.2760966901758801 0.9372017219213518 0.4631846659636499
0.9904038496509855 0.28019994445987223 0.945971978695635 0.5560683823800908
0.9943941579999698 0.26626383002531717 0.9435373693691904 0.5574083596562109
0.9982208211756114 0.2902342331436872 0.9485641619532139 0.5261278697277095
0.9931871491294755 0.2923722278769933 0.9513639788872797 0.6967797709098769
0.9899572396736016 0.270255606462503 0.9460258302827297 0.6164171788394103
0.9928798614208992 0.28211703986279635 0.94980164443032 0.6050441361916772
0.9911118587668136 0.2786319524326426 0.9502804167522906 0.6684715346534653
0.9928329848408654 0.2744342646249474 0.9489662337489077 0.6090858687365722
0.9887652035232761 0.27019142519994754 0.9505199645016215 0.7541241162608012
0.9882421888042886 0.263567131703571 0.9440912120773887 0.6256417006713176
0.9915698279141559 0.2595259985698233 0.9544603389253967 0.7988515312916112
0.9921644962554528 0.27074391318201413 0.9549248733973756 0.7029678599057599
0.9932500464446345 0.28283920019380204 0.9584575095589897 0.7870601327756246
0.9929162491774411 0.276021849689207 0.9524326701514649 0.6233145378769306
0.9928851708226414 0.2744462255902069 0.9524116389884214 0.6535661022896745
0.9930689673428893 0.31627293841936766 0.9601950287094914 0.6763084997813092
0.9936667118606677 0.32569088084365144 0.9583682726184798 0.5727320582558344
0.9896028993057936 0.3146242746379285 0.9619715369271185 0.7087249486682669
0.989642946112607 0.29624170965364777 0.9591862473241777 0.6294995163179065
0.9805654811485507 0.280385046130873 0.9544399373939172 0.7090365247935019
0.9956224696642348 0.25892672858617133 0.9630476956342128 0.6993091404062973
0.9858648153802619 0.23962253227580618 0.9573728979463159 0.7003308286102634
0.9897272058111164 0.2506954102920723 0.9652524597991236 0.7745661482983999
0.988182914880996 0.22419717605897788 0.9609726801071985 0.742795891913451
0.984589318389375 0.2192915392456677 0.959134724714391 0.7514511744103456
0.9920393811846193 0.14107802116662566 0.9570325606875064 0.7953459432553509
0.9927279456086232 0.2149202348384717 0.9653395982193991 0.7965441301033372
0.9914876525041328 0.19275572098152743 0.9673099584461764 0.8208769367082545
0.9886962716694372 0.20760146274204183 0.9623378282053362 0.8214890791702917
0.983565051646861 0.2554755475547555 0.9652377957119244 0.858325366661226
0.9883477946613366 0.3321440307966762 0.9709657251022986 0.8117772304095521
0.9889312594079277 0.24642966699614846 0.964088473856946 0.8041493284950796
0.9911975893551616 0.2522693022114744 0.9684327093015084 0.8411790323857787
0.9860094847096018 0.28160057163272595 0.9664317680792877 0.8537307801150835
0.9897063087693136 0.253357568413612 0.9697140648430939 0.9009657661809035
0.9825905090419093 0.287655804174801 0.9669823447492734 0.8925209589645536
0.9878654274612161 0.257864541219052 0.9723097662421731 0.9222871783768178
0.9870988342722065 0.21794477854352312 0.9706622799443783 0.8721974202263479
0.992857417935523 0.21931758067360255 0.9751714489810396 0.8792436961198182
0.9897260481969566 0.14578005115089515 0.972599687761598 0.8922463203264708
0.9897424191101751 0.19797519860492152 0.9717159224590424 0.8565697091273822
0.9895423811710592 0.019804331306990882 0.9708630978140852 0.9035575089145037
0.9876028766031356 0.08778548123980424 0.9711771225069156 0.8940648127233833
0.9905007013877773 0.08317175221961425 0.9742975756287614 0.9179164281625644
0.992245551605943 0.04794003959649288 0.9720161105682877 0.8939625778623839
0.9897560067051593 0.00032635300516725593 0.9677090488587965 0.851345990973123
0.9884832492905702 0.00014280614066404857 0.973695266133554 0.8981443167711748
0.991510519961509 0.0 0.9764889021410877 0.8651606037151702
0.98599992137637 0.004549966909331568 0.9695249640445643 0.867363842487622
0.9881065338788564 0.0034494653328734047 0.9694229410689497 0.8608807828426421
0.9916130374217622 0.01851157910514877 0.9715902390084199 0.8760994643211428
0.9922440472590173 0.0 0.9725948403886799 0.8811459452724696
0.9896077601419796 0.011528384279475983 0.9729081491753534 0.9092032837188334
0.9878270389709723 0.004604397669610976 0.9748750455796493 0.9372180892582078
0.9871684420197887 0.004317711612845192 0.9752112918495568 0.9512304980742868
0.9854524007840516 0.02098731636098184 0.9709663321237786 0.9351594226921301
0.9928630435326808 0.0 0.9763180989432584 0.9574201071716134
0.98900046692607 0.0 0.9739682454227737 0.9439472444653791
0.9877577063637086 0.0 0.9649162260397698 0.9159296721919187
0.9883880087401015 0.0006424257998201208 0.962706761893449 0.9332140826481953
0.9841120288786437 0.0 0.9564527698994875 0.9373592013561876
0.9844129003514678 0.0 0.9459722230348704 0.9207395728823277
0.9938138943383578 0.0 0.9533778203154941 0.9262101187463958
0.9894750629500916 0.0 0.9386629799183392 0.9073529374635484
0.9929315780166711 0.0 0.9383486475933469 0.9162707264807138
0.9946454413892909 0.0 0.9420861445124358 0.928896071532342
0.9862603100076506 0.0 0.764195394561866 0.8499567084643239
