0.9867388598746119 0.00034352387987386917 0.18088832481166123 0.0
0.9823731647958445 0.00015933156899507875 0.18997626824313907 0.00011159468809284678
0.986434809300184 0.00022157021448806152 0.19537694865122865 0.0
0.9823547339547886 0.0021430997932503446 0.19492665746132756 0.00030867373186541823
0.9819091387755629 0.0018772646790822126 0.2034628861527577 0.0008051529790660225
0.9833096670286219 0.0018771735888468129 0.18060022973013878 0.002224563868399485
0.9871341659503705 0.001165281265855206 0.18343804099616676 0.0
0.9734416196305004 0.0011036915269776663 0.17554312104198924 0.0015685328185328184
0.9861383155039928 0.0021299182386224527 0.1877833182230281 0.0016887137630171687
0.9805181556040109 0.0014534613058805887 0.1994184327178696 0.0
0.9882663180171296 0.0025716868601029447 0.19134869239287183 0.00516752792132022
0.979856792752823 0.0017807497142097177 0.19799465819231743 0.0
0.9878435753085444 0.00145827932748274 0.19536527480136726 0.0004098360655737705
0.978454360775402 0.0030088230778783543 0.19742804125490873 0.0
0.9876638662508586 0.0014213499968480112 0.2051958853752058 0.015650606358570962
0.978054697704313 0.002033886417963659 0.189071326792488 0.0
0.9855523118481461 0.0039099315811266435 0.19702712087874186 0.0
0.9867993186279754 0.004798393206782521 0.19727978484245526 0.0006212337702677517
0.9858078367709959 0.003550042427581547 0.20754943718644153 0.021786997334569475
0.9805294308511772 0.0036174875385228374 0.21092320310468304 0.008641680592026737
0.9813964805296014 0.00398341698474753 0.2124758167666133 0.012923411780710107
0.986722165434357 0.004085741775036828 0.2007799417634846 0.0012132105144911256
0.9860301081266377 0.004162384056807734 0.21848461023645072 0.008790697674418604
0.9898503308433153 0.005389868553312421 0.22318529357580008 0.021224356176342208
0.9908823618140596 0.00474478987583073 0.22152041139085718 0.010105923043666235
0.9918701451535968 0.006186070233956738 0.22170771926124133 0.011202389843166542
0.9833623741692165 0.004816317329156101 0.2256334934262262 0.017462010130631832
0.9876270725994224 0.005656602843429423 0.23545819954732614 0.00805804850105022
0.9870586580391053 0.005089231328601773 0.22871429322739464 0.0
0.9906314595069152 0.005634434377383477 0.235534832764483 0.00205670633171735
0.9879538696532802 0.004831724476271162 0.22845015420692377 0.0019345824526206428
0.9883350083995196 0.005147160887335167 0.23015401923188775 0.007009673349221927
0.9880895839107433 0.006042546146842149 0.23091285928560493 0.004740459824602986
0.9916228309773568 0.005667362532265197 0.23714050619891924 0.018348931602428634
0.9904034671344546 0.006368670602695453 0.23563010398264755 0.011279319435762237
0.9898543579781807 0.005321563656374348 0.23603481948199867 0.02575777286327566
0.9904434161880624 0.005561460136832203 0.24125993501206885 0.014486306130960656
0.9907877959425146 0.004625738091807894 0.24556884052248354 0.01493412741382422
0.9916874317928237 0.003312616532007458 0.24217058795959043 0.030146425495262703
0.9843061590164673 0.005312629879344414 0.26062734296334933 0.017344060181799185
0.9856067639379286 0.004780548937807655 0.2537138710999358 0.049651100375738055
0.9808072767502873 0.002876738385649649 0.26481407873303875 0.0394668513069067
0.9921146935497369 0.004638107107257144 0.25989914778013473 0.10474404389803431
0.9913643646729983 0.004392612626143502 0.2716452331025103 0.08173973075595443
0.9884669956109626 0.004540667081262969 0.2682834412761855 0.08276029447455707
0.9877726800275972 0.004615368307238942 0.2801855549584569 0.049429657794676805
0.9849446979658133 0.004753995979008275 0.2779006090966016 0.09835958434089276
0.986623285995233 0.005050462333510246 0.2813906600583462 0.08370499292940281
0.9892287634914214 0.006352435949987576 0.2843571449875763 0.05965362411802438
0.9949448642012563 0.0064867931865826975 0.2831872570980032 0.0321981685445415
0.9830530234946719 0.007249241133670034 0.2841465885330061 0.0847457627118644
0.9887320566615138 0.005945261611189949 0.2946057065133389 0.10410592227904976
0.9874130130809367 0.007776889244302279 0.3003960579000779 0.08516166281755197
0.9873775731251172 0.007613372311763048 0.29816096705016853 0.045737412420035685
0.9912025528035253 0.006620174541299199 0.3088863859984371 0.06622874806800619
0.9843917764028984 0.007858834741254083 0.3086550418134012 0.12202548776361791
0.9873614095504292 0.008147665601244762 0.3131130006994898 0.11202302280963547
0.9918634604826425 0.008249276629306372 0.32212596975252794 0.10217002808271637
0.9901385987375609 0.008251289153152812 0.31490337826207954 0.08674195691373256
0.9872241021978151 0.007983298838336105 0.3186565707217056 0.09059870747469821
0.9872258350231918 0.00828705145134157 0.33434777468064536 0.10927235344265583
0.9813618517827315 0.006750356335913193 0.35191693187299883 0.11059371362048893
0.9942949497021045 0.007499779455317647 0.350690436840892 0.09489591498998345
0.9859633972319329 0.007488433592581131 0.3554023022309142 0.09943204868154158
0.9894019034495833 0.008078583759545455 0.35810793155145887 0.08871091945171723
0.9868799829889324 0.006669792163326237 0.37579720010944195 0.09568577460861252
0.9888314709406132 0.007003845867428015 0.3516911454647532 0.11935223360394441
0.9914582727537075 0.006363152255340987 0.3679881039010346 0.091547444707296
0.9840597491281479 0.006641429409022472 0.37490910615272743 0.08894154818325434
0.9890746437679981 0.007195314048466008 0.37383487289376227 0.09159658591690724
0.9879989866713828 0.007068673110951259 0.38156272733813523 0.08759326632546094
0.9870484840839325 0.006761724304990591 0.3792982472888346 0.0913655848132272
0.9845566179508212 0.007417352385441884 0.37822066219981193 0.09201480698043363
0.9842053638450082 0.008973450998803716 0.38941283218625805 0.1317144632868685
0.9839094982842963 0.007712354513597499 0.3936536712294903 0.10511176572517761
0.9870312075163893 0.009756747171154816 0.40606659135492074 0.08537511005859671
0.9918214009887092 0.010166336933968442 0.41615370876536084 0.1039754308138543
0.9858725535236235 0.011781465047766067 0.4106642070821721 0.0706295058420573
0.9849674025826031 0.01218727865136705 0.4238580919981969 0.10414707694303038
0.9911696327980294 0.012596003514898375 0.41996751789241465 0.08221565874207137
0.9915620727631779 0.01238983455649287 0.4263591941871365 0.06764796785659094
0.991927373510359 0.01328114183206015 0.4274055733566366 0.059098334376574406
0.9924543774979262 0.014419427891266878 0.44212594862247734 0.06459493627635221
0.9917376798400795 0.016432504640524398 0.43366151188968793 0.05613144964936068
0.9905898134935918 0.015272229271664595 0.4387538264686351 0.046541959842114296
0.9930487083994871 0.014283721579020784 0.45233466570501146 0.050860038906521965
0.9846304839470951 0.01593644679826673 0.46354329090667346 0.060450379758080035
0.9936405496281089 0.014633589404837631 0.45047993301305467 0.04977845049619765
0.9901515882977696 0.01672742304473547 0.5467046482855847 0.05260014929086838
0.9905077361890932 0.014277553785760308 0.4731303924213205 0.06453165661336663
0.9924421306174315 0.01498436615667245 0.5442330425853634 0.10252483059500603
0.9862986410101654 0.012864018683279296 0.44125509958624065 0.11727520987154849
0.9883721345404732 0.01436387312601063 0.4663311790995665 0.10113107119095142
0.9904661168877734 0.014935852633777585 0.4912317979723835 0.1170686316424817
0.9919068409894842 0.013744573125999688 0.4576420864683575 0.09538961327933781
0.9929285202296123 0.011928135844530402 0.4584978683639543 0.09940122387208562
0.9872905208065891 0.014105009768672306 0.4661291545759708 0.10409013529253651
0.9925044017167299 0.014846318667109977 0.474456485266061 0.13261854251476407
0.9924064630777849 0.014175582030554686 0.4712903927546571 0.13244739178110804
0.9915672592506805 0.013762442510052254 0.49100136563992547 0.15379790316317693
0.9963162869904678 0.015725736258082008 0.47141694953292 0.15722713864306784
0.9905155164389383 0.015264171654619638 0.4807539632964374 0.12396752725728041
0.9878080599634717 0.015522341935753857 0.47615922410780287 0.11791177259872428
0.9896737813347835 0.012585755804374616 0.4986775883423641 0.13055731014042077
0.9864413590263933 0.013317374257129902 0.5210275009592985 0.13824098019031358
0.9827821458725957 0.014492854013372424 0.5192865129156915 0.14468380106298304
0.9952726297290242 0.017842774914013388 0.5438402999002477 0.14846867097499297
0.990776960257917 0.0176447078949236 0.5637315381574692 0.16505320199825013
0.9848202342096963 0.01844325496257877 0.5549120435163563 0.2229606122829942
0.9815825683865483 0.01824640450114334 0.5677133886363012 0.188936916619683
0.9828973481406739 0.01798520500132462 0.5657522552516907 0.16699285903200212
0.9881145070652791 0.022428441485552824 0.5929632828832889 0.197193596474172
0.9868914376012803 0.021636897015337227 0.5984266436621956 0.1906390317880401
0.9838285766123546 0.019461977155856014 0.6045516196377899 0.25668536129399333
0.9898569574177832 0.02029330839455207 0.6198932338019534 0.22827527612574341
0.9858826377210417 0.021600490211777467 0.6314078003129708 0.2640331017253494
0.9781479674339828 0.019049512017183863 0.6471839245699786 0.3054111477781294
0.9784912259604621 0.024532576446575655 0.6528681388646109 0.23138467744646518
0.9861087000968264 0.02152942615930503 0.6735492735716416 0.2569931417122602
0.9866858783623722 0.019366347346539914 0.6736264732547598 0.2660836976889444
0.9940873458491261 0.020351711254600256 0.7028065424175518 0.2519603279745068
0.9836730097961941 0.024287114786240994 0.7193058893775403 0.2843156843156843
0.9896091121092062 0.03330052048996499 0.7349698625470577 0.25901433941250174
0.98751845961604 0.03682682682682683 0.7573230167836822 0.25817188102161653
0.9816304716552418 0.03470359002655447 0.7647417525458869 0.32233199897794057
0.9910105365770849 0.041898338282681497 0.7965991819790474 0.26853634613288774
0.9897162916866125 0.036322738301859094 0.8102007567190441 0.28212082930816673
0.9830070379090233 0.049347656921102365 0.8312091325595367 0.26454213204904875
0.9911862794802345 0.06503415684921975 0.8624879401599078 0.29947200925791984
0.9936249706177086 0.1069297184225098 0.9157688840108189 0.3368722976154801
0.9945270133339194 0.10000969743987587 0.9117445576509302 0.3604604290769024
0.9900555510013165 0.0986301638124333 0.912235379456474 0.4389118676423799
0.9913639954988388 0.10461742772499745 0.9139888574129555 0.3876038098812931
0.997253717148477 0.10610750296404327 0.9254287348935154 0.6062103034580099
0.9891638956292502 0.10201537288519794 0.9206016377099518 0.6992759452936445
0.9919972059831327 0.10929911117083566 0.9177655125419191 0.7257669712793734
0.9894962398567932 0.12403999263407606 0.9256355285256247 0.6742905224508529
0.9905539105943526 0.11803022131988283 0.9240141019721549 0.6734972677595629
0.9915100703478847 0.139711628006551 0.925645912985683 0.6174749445079707
0.9906435917816798 0.13677212722694565 0.9236089312742362 0.6176925057944888
0.9930779368128125 0.14732383605968002 0.9279144918716579 0.537889075995437
0.9861521471329856 0.14599842163868498 0.920457183335208 0.507144660439283
0.9919796263375362 0.14653838157499596 0.9300543522426873 0.5783518116356156
0.9940284449925113 0.16488462333807735 0.9340647425517683 0.5306458247634718
0.9892943150163833 0.17814575226778942 0.9330953935853549 0.5670455151806201
0.9881035672292997 0.17348508507119145 0.9295917020183463 0.550088146842269
0.9934802020770388 0.18652493393984002 0.926989566305102 0.36261534924961414
0.9903423307532446 0.19051541084872273 0.927317512355665 0.32498813478879923
0.9967243542245926 0.19192197883927928 0.9196668481375586 0.27077996014802164
0.9919981521104844 0.19517881990147043 0.9335479204166902 0.47547974413646055
0.9931050441853873 0.1963729101728535 0.9408491413042956 0.7976808467606014
0.988987435775136 0.203854040506997 0.934455001488586 0.6451380018881546
0.9922162609428764 0.1838393707099554 0.936882875389203 0.609333541439051
0.9917830180778388 0.21381817241022458 0.9363657557353021 0.5166200817028596
0.9895290945662563 0.19437611221605777 0.930457533672858 0.43659600783316727
0.9936748113056523 0.1969552048461661 0.9376312710733965 0.5342280746180468
0.9916599667811239 0.21122558201766123 0.9412222194112592 0.6840339551669802
0.9858608923301161 0.21902985074626866 0.9393476981158572 0.6710871319080274
0.9887962977037205 0.23367934759644501 0.9412349643075083 0.6310065526028394
0.9926328818921221 0.2166715356899406 0.9409615166884628 0.6001943059896934
0.9878359943559388 0.2456663615155184 0.940133864909509 0.5546403492123743
0.9893034164719926 0.25454430997308825 0.9488229895596861 0.6964847233303609
0.993531235225481 0.23995792705460955 0.9453844370235228 0.6644060283687944
0.9972349036824782 0.2657069063011019 0.9489799377701266 0.5756386523509811
0.9923569673467825 0.27401782766589633 0.9487522045709483 0.6335899174410721
0.9890870322806675 0.25378637212006244 0.9454370599063885 0.6391538615046897
0.9920079815895043 0.25775465605531817 0.9523717316955504 0.7428687123189058
0.9899181701075472 0.2559326825536727 0.9502573652928075 0.7233952524013033
0.9914601026490828 0.2515606936416185 0.9502074516292643 0.6911992994467221
0.9877776046488181 0.24566758402134933 0.950742694933501 0.8359101785385606
0.9874775768489457 0.2367188761504925 0.9471265130435864 0.7720960362767724
0.991508341602687 0.2336557531053199 0.9542132738004139 0.8359286151692765
0.9912457085963425 0.24087256027554535 0.9576611643700402 0.8473266142808337
0.9929041573815917 0.2644655242363942 0.9591583806996123 0.8129602945885367
0.9917175434674188 0.25445473984319317 0.9560483181626755 0.7205898104180799
0.9921543134592816 0.25562722127155457 0.9560771812528358 0.770052917420972
0.9921806484284185 0.2822071083808688 0.9606646097398266 0.7428256070640177
0.9926119298374625 0.28783893409375844 0.960666884646439 0.6541192152771741
0.9883723853005562 0.2833727263385058 0.9601352418500991 0.7140257682035629
0.9887261108096702 0.27333753459188426 0.9597580840552276 0.6673131313131313
0.9801830062989163 0.25093737758128604 0.9576548156040569 0.7937703393770339
0.9947670973898807 0.2471935787940244 0.9642755883186844 0.7025623718165062
0.9840614189028216 0.22169933792029078 0.9603695663012863 0.7568501742160278
0.9890329823560989 0.23126552580734197 0.96630468180143 0.7854326208709567
0.9872530875854515 0.2125169783721659 0.9637074250666676 0.7776468123002777
0.9834954012516703 0.20474767012484615 0.9608272374800552 0.7746461039783231
0.9910993995017 0.12298569377227038 0.9591375117283434 0.8233841722177927
0.9916450683187418 0.1911482836731138 0.9676932330827067 0.8274624918460535
0.9906931814912597 0.17844161744661519 0.9688305232268118 0.8454395428458829
0.9881715179609097 0.17710225798079418 0.9637883823858646 0.8570745926315286
0.982204033340397 0.23662535299654847 0.9641221564146888 0.854020551296689
0.9871210945295696 0.33031977230872256 0.9733695451068066 0.8406960888292461
0.9871648761427275 0.22601563990082013 0.9659677932920858 0.8386135765943459
0.9901333900806961 0.22971675468074892 0.970847848853363 0.8739667713671682
0.9858591351875323 0.18957634867418469 0.9673147024115605 0.9004046807407851
0.9887982031098075 0.2018259372895308 0.9701217465236366 0.9141228823483488
0.9819811245199009 0.09640555182094981 0.9638987184411658 0.9071920113695864
0.9870282713845995 0.21973661259375546 0.9735679922760642 0.9429780784444198
0.9868427636987526 0.040450833373131476 0.9699090209568642 0.9066671235928103
0.9922965740755227 0.13815064885313413 0.9749499624718538 0.8900924226533823
0.9895445876507817 0.0 0.9711664535840764 0.8908991060804833
0.9886047333618062 0.022853926259499016 0.9732269564072429 0.9013749888634811
0.9894463603202072 0.0 0.9714121717759668 0.91030367103927
0.9877177216267229 0.003892164157747124 0.9719778421576166 0.8992847038727414
0.989766933079271 0.012477823772915436 0.9749610278953127 0.9188886199472591
0.9917680212644634 0.0001025010250102501 0.9729737780915951 0.9041453941422185
0.9896616301557899 0.0 0.9723195650493442 0.8726737415683431
0.9878454984698396 0.0 0.9762605454188739 0.9139733788912557
0.9912326717950878 0.0 0.9796173254357913 0.8845760574985357
0.9851933951078349 0.0 0.9718880609242824 0.8699347256057873
0.9873280955453498 0.0 0.9722967030345114 0.8775423581996465
0.9914478303786075 0.014213395638629283 0.974045067691194 0.8806187246492453
0.9913357027756744 0.0 0.9740278394836969 0.8811278336351714
0.989257455529358 0.004561850201570125 0.9750393504745266 0.9146308370431759
0.9869521365876338 0.001959503592423253 0.9752895186445998 0.9351787741989088
0.9869821508098938 0.0 0.9758756222199484 0.9460589833290989
0.9843800655371402 0.014224343675417661 0.9687558968570675 0.9233658770994245
0.992748678020518 0.0 0.9751618458820932 0.9440369539337616
0.9882259628973395 0.0 0.9724745887906514 0.9334485653121942
0.9870115842962084 0.0 0.9622451793904214 0.9030079776799337
0.9889749011813407 0.0 0.9618313316498535 0.9269146932905901
0.984019155156269 0.0 0.9557667165621389 0.9332406901046544
0.9833785688737402 0.0 0.9460383139372842 0.9172398690012841
0.9935611524094826 0.0 0.9514529708013428 0.9188878045359716
0.9884759879691959 0.0 0.9214086804569205 0.872123870243161
0.9917633342764319 0.0 0.9314225278362787 0.9041086977737777
0.9941136193092746 0.0 0.9385715166958494 0.9220485605360151
0.9855189424111572 0.0 0.740699818765699 0.82492385167261
