0.985864885896641 0.0010632605266266844 0.18113960141542543 0.0
0.9818284375609465 0.0006463450440366402 0.19031039235563685 0.0
0.9858403910461228 0.0006910157830837718 0.19581850912587448 0.0
0.9816960813850023 0.0024300259323662933 0.19454096953238828 0.0
0.9818106553839804 0.002588519762587058 0.20295272373618403 0.0
0.9825637960831187 0.0021522137688540126 0.18045492409702457 0.0
0.9869333553302466 0.0019616850747727495 0.18292557849642213 0.0
0.973033459212884 0.0018471839690124671 0.1759967853608346 0.0
0.9854154186160757 0.0023334107267239377 0.18790463060427942 0.0
0.9795645199948376 0.0023294010195661847 0.20002192401783875 0.0
0.9872937277477114 0.0025257190947652513 0.19073581292676545 0.0
0.9793156366703843 0.0025951557093425604 0.19792387275797968 0.0
0.9876149742400856 0.0019767218440864287 0.1954614099276441 0.0
0.9772282061340459 0.0031610462144174593 0.19710826039673812 0.0
0.9874563420024468 0.0027530719834323535 0.20528474702918426 0.001711212516297262
0.9774417143858829 0.0028130354191159782 0.18902517131915164 0.0
0.9852543214662096 0.004737496575956614 0.1971151241215923 0.0
0.9863917937226739 0.004928970944909172 0.19697311573842058 0.0
0.9856382056722752 0.003942404515022943 0.20705484512600436 0.008227192394417698
0.9808952346441289 0.004190546995369679 0.20998228115550183 0.0036688832836505388
0.9811780940425312 0.004926917560626547 0.21137175832803617 0.008138442963824174
0.9868110045132866 0.004959054376395874 0.19883234558166984 0.0
0.9859801083709153 0.005647116658473383 0.2166955448251393 0.0013594652769910501
0.9901804924555878 0.006407602992026558 0.22279744853571345 0.009240377262299261
0.9906044690249063 0.005347414894028042 0.21941270506306973 0.004748569341288202
0.9925745992802073 0.005914508468500761 0.22018894871077535 0.011838045463132045
0.98399657977445 0.005607392078743355 0.22441998520767645 0.006063230835859679
0.987922113956487 0.006283837062060422 0.2339585583015831 0.0018285515259697854
0.987474388488534 0.0055304849978548235 0.2280043937462668 0.0
0.990759244600784 0.006387114399687657 0.23484869923793739 0.00025999913333622223
0.988794187006955 0.0059131759643397605 0.22847908772643322 0.004669811320754717
0.9884906944882785 0.0059075892329587786 0.23006841689340987 0.002894183879792253
0.9885876046909351 0.006529833598516337 0.2313811772581405 0.002177925433739387
0.9920604330181894 0.0067413975245917135 0.2369231670273068 0.01247815449143656
0.9906227349230334 0.0071372316378402155 0.23535098256356116 0.008096242659216603
0.9901427329328129 0.006273971620673587 0.2355546828299652 0.027485515643105446
0.9907881632363413 0.00653973390048267 0.24087328966300764 0.007832467639541594
0.9908419750970285 0.005653761491648323 0.2447947126703493 0.007423646056499427
0.9916147987075258 0.004218706173739072 0.24160399082722533 0.024972117189412692
0.9839008971274389 0.004443849523159967 0.2594796136324972 0.009830205540661306
0.9855984616120451 0.005172477208837979 0.2539696654448276 0.03047984331646809
0.9810265530140431 0.003928068710230707 0.2656356912672849 0.0180585790619434
0.992554176144135 0.005064818996109707 0.2607026509499652 0.07803592227058175
0.9920360570330047 0.004924691757431971 0.2720861258762807 0.044318687607299546
0.9888109127034669 0.005048538812211938 0.26808448852955113 0.05207662588538313
0.9885712450212001 0.005005271215982115 0.2796456919850283 0.051554884327589756
0.9854038404026029 0.005607336993692929 0.2776859403678088 0.08040430388001304
0.9867695514542618 0.005792684859768842 0.28233488854014094 0.09200403581788372
0.9894195982230285 0.006321548678578708 0.28486034891916484 0.055286173924865185
0.9952247636561056 0.006908242731687421 0.28552527509656217 0.0395010395010395
0.9834029273997241 0.0066726441990196134 0.28526806244983133 0.08293655900141551
0.9888695669731532 0.006522416025259339 0.2948421922420517 0.08935095637223296
0.9877812068849375 0.007893284656782573 0.3005403902058548 0.07537347215934811
0.9879059150067182 0.008144988429265816 0.2990432879193871 0.042270309921144326
0.9910969379691341 0.00742239749885464 0.30967044369898333 0.05559743686392763
0.9845168590723598 0.008405799782196029 0.30864045056792044 0.10930232558139535
0.9873889903202302 0.008507703189481129 0.3136299695507984 0.09149078899840032
0.992483342959386 0.009013360996146117 0.3233341190316989 0.08099671992381759
0.9904693442989275 0.008913485232944355 0.3158211608784371 0.04981115141542949
0.9877994372213772 0.008657470445413824 0.3199216731574008 0.06929505212642727
0.9878386756918028 0.009018473662390959 0.3349062609221697 0.08367386651099436
0.9819901378704384 0.007587276544988243 0.35071555089559325 0.07073472271282233
0.9949284058207407 0.008484296057742062 0.3511728409176284 0.06826448953196992
0.9866191621909939 0.008074835071142147 0.3565897997657955 0.09188334504567815
0.990030334418467 0.009095806932249964 0.35878537398332766 0.07090538397644039
0.9874542651569257 0.007906848355195057 0.37602266424100034 0.08057173107464267
0.9893616773387766 0.008247446092587896 0.3522555231865229 0.10480823524301786
0.9926542404320455 0.007019755062484455 0.36857188138768443 0.07204035711693402
0.9850345908614127 0.007273652749318054 0.3768685934228095 0.07463620201488115
0.9901928498661423 0.008340512943501138 0.3755065688004306 0.07515193610001736
0.9893184124134915 0.008492663697601354 0.3833362787911841 0.07696843565730142
0.9880036571725155 0.008448340220259833 0.381287491194381 0.07808426795998788
0.9853859537988258 0.00856010561152353 0.37916354675020747 0.08252796590822616
0.9852210605582782 0.010107035159227225 0.39148023938223325 0.12508624938393298
0.9852645156951103 0.009002626324043654 0.39592685942552786 0.1080946657271936
0.9868411676395386 0.01071618743343983 0.41010445818573626 0.09397676496872208
0.9927245298296686 0.011529235733466335 0.42105741518076034 0.13723626686941645
0.9865722342133267 0.013118396646566569 0.4165953691040361 0.09014745308310992
0.9857116808898081 0.013042831753135024 0.4277149474320915 0.11006230645823228
0.9918393793203023 0.014390263372467627 0.42738890199495766 0.10418197501677262
0.9921280117711974 0.015306032299482878 0.43449896141321903 0.07124438926559068
0.9927276547424284 0.014862800293526773 0.432458162909875 0.06829632054709808
0.9933111589474589 0.015376725923568944 0.44701020077720205 0.06935710586668639
0.99254368676915 0.017438999209788072 0.4378268726640365 0.06014272747190835
0.9911669546244142 0.0160476012905527 0.4412021597586152 0.04766619350375151
0.9933211757738694 0.016125964836346703 0.4586030061034185 0.055535818329093774
0.9854164373101221 0.017358548151932496 0.4683889185436519 0.06609389686845533
0.9941626537120714 0.016589268547033614 0.45632362765253653 0.05440403958138209
0.9907568961254547 0.02048791154502623 0.5517008868223464 0.0557168833283578
0.9911453566335328 0.017014693226457427 0.47711660624912955 0.07020136073122123
0.9931479328234286 0.01760836809847787 0.5472819569491167 0.11125942211055276
0.9869507888814318 0.014922058231266732 0.4445228598966798 0.11663049806806754
0.9886530393644559 0.01590830005863127 0.4713046649212064 0.10904983055102296
0.9906750378580077 0.01680979881223599 0.4926076990114066 0.12059182266532323
0.9924080136965728 0.014861967039192615 0.45999768074486747 0.09735756905568227
0.9930864334356896 0.014801893920011078 0.46076588543488944 0.09967716798396972
0.9876786517151891 0.016281052025340758 0.46853926469434826 0.10113656946205397
0.9928808818769835 0.016758487320749724 0.4760192105961199 0.12395346308578885
0.9928083180085464 0.015843118006610885 0.47373727432251744 0.14248838409912234
0.9924230082793025 0.015483020091042776 0.49438688253513235 0.17084374788894144
0.9969457240738269 0.01739185341130124 0.47321499514035975 0.16002730206006452
0.9914046867727878 0.01695829824893712 0.4851423469573262 0.12943664483909598
0.9882632782188832 0.017398530005030707 0.48049183745702967 0.11968914129552927
0.9904432696217975 0.016861246913620835 0.5008981493001429 0.12941004245352072
0.9861796878249348 0.017384054303285792 0.5242089925900285 0.14572837244389364
0.9837357245238342 0.019399545288064847 0.5213678857162161 0.15178936465970727
0.9956451409225663 0.021155109218415645 0.545651708041758 0.15793798119351207
0.9915295037519954 0.021097612815177753 0.5679173664359265 0.16622240250333198
0.9852770047453383 0.02104520829271226 0.5575630068633717 0.25384483203024316
0.9818540964658541 0.0216012504602806 0.5712583542361622 0.19538223378676592
0.983674572371724 0.022628043893889168 0.5691248661524518 0.19289340101522842
0.988978089710263 0.02710380315708255 0.5956958231085409 0.20706438603810318
0.9871957931550708 0.026427022026104287 0.6013445063579397 0.21081367261176004
0.983962131024438 0.02282781596086317 0.6087048635274105 0.2862273794723028
0.9899606614571281 0.02384360294087053 0.621946790752185 0.24408834027364665
0.9864728156725242 0.025289508991896522 0.6343570456171116 0.2892317078485205
0.9780494471807238 0.023748029080508253 0.6514325659172214 0.4007753816331476
0.9790171769519002 0.02765645363964629 0.6581687218347517 0.2832576522031618
0.9865330732444968 0.02338096121729449 0.6761124909960603 0.29799991051053737
0.9865822122561275 0.024153848401186145 0.6776180806934878 0.30497818835001284
0.9938502565549161 0.023069346466125382 0.7046786637842882 0.2743486895907162
0.9838865196823897 0.029728065121321954 0.721721446755878 0.3154258381682094
0.9901995263277422 0.03660245499870694 0.7385892337259529 0.30275830976679374
0.9886170004027552 0.04145826053678098 0.760721404059042 0.29356339204071086
0.9821962787303904 0.0399123305016223 0.7673190149576434 0.35686608071070786
0.9915504912804156 0.04692052053314831 0.8007355071519563 0.31404077454576473
0.9896340389470164 0.041994931646180636 0.8138458811423362 0.33605161752845236
0.9835295302604907 0.06124234910703957 0.8375316944959802 0.32986530823691934
0.9913275315659742 0.07428140096618358 0.8660355307307718 0.34725893085514536
0.9945226152409344 0.12096108580686578 0.9195430557050095 0.3910539641562826
0.9949127960210666 0.1101684293743914 0.9178807307268073 0.5205715041672179
0.9910013201439499 0.10867982409304042 0.916978119554886 0.5701272512342674
0.9921313288752577 0.11652216437602518 0.9200156345237838 0.5402563259940848
0.9979010894402465 0.11958140261363044 0.9249799979295751 0.541392736324759
0.9897406337294792 0.11556095618343527 0.9215676711987068 0.6932779817978605
0.9925699500022802 0.12380906646177488 0.9194056298380294 0.7321944375670546
0.9897298407062546 0.14205159894948247 0.9290333832660794 0.7194002949369163
0.9910149009412388 0.1337228448504807 0.9260987554147126 0.6791779759596743
0.991956972149947 0.15905820231770523 0.9289216666853369 0.6676884898912488
0.9912283342988629 0.15147722372392902 0.9259559062902685 0.6742247651338561
0.9937109496514255 0.15722006494538684 0.9323242672130885 0.6573670444638187
0.9863619795519916 0.1532956439332048 0.9236986026972436 0.5925925925925926
0.9915881447192578 0.156653155761436 0.9328011122750457 0.6838380401497108
0.9942263853824064 0.17796538725566943 0.9364199551336809 0.6075342060060416
0.9898858071094478 0.1950586285073499 0.9371364317362152 0.7066389763515777
0.9888481842011286 0.18492066284347183 0.9345394673987121 0.6773031394750386
0.9944689616031939 0.19237836734203667 0.9329095444003771 0.45417430428261957
0.9914517419953732 0.19576257022742757 0.9339616105875468 0.40065086350356865
0.9976437069735024 0.20103463842559266 0.9280648082039337 0.3306968538665099
0.9925513032483952 0.2059171151234723 0.9370836582910722 0.5394192820898327
0.9937968417201164 0.21286179203840966 0.9425825780588317 0.7970063563666189
0.9897045630989422 0.2194386707022086 0.9378576351600443 0.7070897795102936
0.9928833582660311 0.19704245264994713 0.940429339685822 0.6575818752803948
0.9927987662548201 0.22693244340218274 0.9390480160672939 0.5586445754937751
0.9908902647208472 0.20842938824418136 0.9361811043712027 0.5308963950700374
0.9945689230933422 0.2104718844884051 0.9394618943465569 0.5487662084218743
0.9926840781291016 0.21936459909228442 0.9423674688753281 0.6851286298462653
0.9869529820752643 0.22993430448443303 0.9421541144549683 0.7388785782576908
0.9901268981225438 0.2503250702571201 0.9445593643288679 0.6793912051955778
0.9933054383516616 0.2289190206106551 0.9429594191682051 0.6135604976806693
0.9882680851412524 0.27009401581853454 0.9429964116107098 0.5769019392321583
0.9904820079058203 0.27418247977146143 0.951593826673767 0.7090353682401794
0.9946876521099174 0.2565460680876511 0.947627113179894 0.6762241246546179
0.998182507509697 0.28116215107356135 0.950914330348379 0.5925488552817035
0.9933691743792233 0.2873527199799448 0.9505664238051253 0.6509635974304069
0.9898912679069217 0.2612686544481931 0.9477393272989216 0.6790160173344096
0.9928123910068563 0.26930616079962416 0.9539775618342347 0.7584765230175503
0.9906889980158958 0.2687077626321588 0.951550416573218 0.7398695652173913
0.9924658882069919 0.266538277945122 0.9525695386632219 0.7181299603174603
0.9884226373243632 0.2621932019688106 0.9526936552971124 0.8567426400759734
0.9881269969200657 0.2525184146479055 0.9495474774984224 0.810595912017631
0.9917624836025711 0.24936015253276533 0.9556124548336529 0.8568024458232173
0.991931644951084 0.26013239537559174 0.9588610498882973 0.8619159488384234
0.9931359404908404 0.27219949861459297 0.9601871657083535 0.8607041236675586
0.9925883125771693 0.2703528213964052 0.9599832299542415 0.8280152765800173
0.9927022837870337 0.2671017556760732 0.9586786107675619 0.8473185878023537
0.9927685106216456 0.29984281130897267 0.9648296208905016 0.818097513999358
0.9931358738489893 0.30975914019767775 0.9638498849028463 0.7057061741490656
0.9891013248876884 0.3048891588217431 0.9640175253079614 0.7669296307983591
0.989375630608649 0.2877911521025481 0.9641978554156759 0.7479280926264473
0.9803274266882442 0.27444786287221185 0.9592608597169716 0.8301415216826799
0.9950102699812461 0.26298408886220354 0.9684431852755204 0.8068320941204574
0.985015580574949 0.23881622077232853 0.963181908955825 0.8186014028482069
0.9890208769266919 0.2448495776152793 0.9673825466772732 0.8157777182167426
0.9874896969400745 0.24074010267718707 0.9657550500566808 0.8098007098007098
0.9837697067574996 0.22009132420091324 0.9620272153862771 0.7995440610014936
0.9913376201778565 0.14038698019926218 0.9585700992449719 0.8269806945783289
0.9918213166561031 0.21336605264835234 0.9669237182338553 0.8228274250684622
0.9906046610441429 0.1838616916818628 0.9678992797087855 0.8409767865494917
0.9875914239097896 0.18932463846873773 0.9633307420896685 0.8568999377305169
0.9821091748698473 0.255511523219576 0.9660452094441785 0.87658771846051
0.9873618674282065 0.3223877671044893 0.9730042398650686 0.8564438272829465
0.9878154975542912 0.24876488359694332 0.9670797954329169 0.8554592137385302
0.9889072504750498 0.23869355454513902 0.9706136885598824 0.8899917809951318
0.9848627891687274 0.2691143618937811 0.9693442741254229 0.9116718604557044
0.988725957223534 0.2400754163611606 0.9706848454024571 0.9160137887809464
0.9820468119975765 0.24336317332921747 0.9671306355752599 0.906693978801774
0.9872245867331343 0.2625966625966626 0.973847373277113 0.9393266740658528
0.9860945465983407 0.189130046445159 0.9722881523784372 0.9070923571809472
0.9917441803090276 0.20741478430129917 0.9749774436090226 0.8756947707864076
0.9884987797871035 0.0926877563528358 0.9722682450920903 0.9038940034834536
0.9886341880090131 0.16265955810734609 0.974936190105435 0.911611575251241
0.9890111394270014 0.006492257381937097 0.9719080323739495 0.9253048996919058
0.9874319155753134 0.05782860824742268 0.9719114035830501 0.9008130081300812
0.9898104632741874 0.06378033619804335 0.9745647080479963 0.9200767508794372
0.9915000781032716 0.015833499302927705 0.974325608361651 0.9228107432854465
0.9884968757734024 0.00029911462072266094 0.9723086877166779 0.8899588273674264
0.9875093963491753 0.0 0.9759495643230073 0.9145074911645454
0.9908379936750379 0.0 0.9792851488765756 0.8872029688154666
0.9851616920312415 0.0007468259895444362 0.9714199295770629 0.8776952754648969
0.9870488870671049 0.006979584714709474 0.971628206594307 0.8813074245028664
0.9901922965405784 0.016764194211608414 0.9738648205550282 0.8955745012627333
0.9915775785160208 0.0 0.9740426775796551 0.8929484085856468
0.9891612770324333 0.011889862327909888 0.9726664860636044 0.9074635126868063
0.9867424857839155 0.0028056112224448897 0.9742799906872741 0.9329715154867256
0.9867894465649809 0.002417929880033479 0.9742307536855285 0.9436323237048299
0.9846419722914597 0.022631867129038145 0.9712825820367198 0.9403220411868699
0.9924414172280106 0.0 0.9764416653494321 0.9591066039682938
0.9881983494125323 0.0 0.9739019595715672 0.9463357640707466
0.9870063286267947 0.0 0.9633533999054187 0.913671099796244
0.9880372561490943 0.001347449470644851 0.962841512839567 0.9348647158112874
0.9834859310113657 0.0 0.9570689478924911 0.9403663642046638
0.9838864377517744 0.0 0.9477544537186994 0.9203913422234136
0.9936121412452565 0.0 0.9532145202100264 0.9258919807471706
0.9887821042490657 0.0 0.9343455575063676 0.899677744865076
0.9921324471004329 0.0 0.9331636839727455 0.9081219770501469
0.9939629653952896 0.0 0.9396135867354141 0.9255564196727704
0.9856569975408004 0.0 0.767524730974054 0.8534514237911551
