0.9862278980445709 0.0019496525071995188 0.18072813071242783 0.00035845505869701587
0.9821136198548629 0.0015682556988307727 0.1901780546896516 0.0047184170471841706
0.9860872113032397 0.0013152436741837902 0.19613553482570092 0.0
0.9820547372551034 0.0026176533981149674 0.19486461482612183 0.0012661789532920653
0.9816921723834653 0.0028658210988591537 0.20322325290995852 0.006756756756756757
0.9826720297218984 0.002757525644594984 0.18024481963903144 0.018420179223365418
0.9866892855563087 0.0025560054403051574 0.18364447795852948 0.0
0.973502393243949 0.0024036543330978335 0.17597470774253898 0.0038314176245210726
0.9861653203182233 0.003948934590211012 0.1880040385212799 0.006748709805478364
0.9803341715892694 0.0030853012331410325 0.19966618773428976 0.05959123368628417
0.9878071300712318 0.004048637803079749 0.1910700387295228 0.027583280288563546
0.9800844774265741 0.003398576095281264 0.19780164641075046 0.0
0.9879638668858051 0.0032192952081096364 0.19526392083341387 0.0017172295363480253
0.977696945550149 0.003735073631376964 0.19719869094539752 0.029258098223615466
0.9873662277457218 0.0028798135502806 0.20491603344259401 0.0498650376473931
0.9781179168685347 0.0036705679838845515 0.18872807333871539 0.001429337144899053
0.9854990127554419 0.004648436152970792 0.19665946969726592 0.0
0.9871082681874518 0.005239913611700032 0.1962623450490965 0.0
0.9856314728009363 0.003804237514645209 0.20649610143773567 0.03663583252190847
0.9809427607832735 0.004471572775481367 0.20943115010689198 0.05737551478846874
0.9818223916260297 0.0046123547857801475 0.21259066257318066 0.021620587391179565
0.9869280357786105 0.004725814635845901 0.20004869581482046 0.0
0.9863926922598705 0.004980452167970724 0.21868707894016434 0.009207261329502416
0.9904405260158252 0.006362920670500869 0.22390127279986755 0.017711083918335802
0.991088884892295 0.005302812746382903 0.22177287757904066 0.00776006711409396
0.9922740265935037 0.0058166979453989 0.2209606602798566 0.014490543014032947
0.9836903771491958 0.005534335285411173 0.2242911830831865 0.01921591348010815
0.9876199037621828 0.006580817661574556 0.23358891927977912 0.005191389215754136
0.9873386118420667 0.005418548977314133 0.22765768519496776 0.0
0.9912526991451475 0.00629738744794055 0.235254821626477 0.0001430615164520744
0.9883669150179081 0.005844582284266154 0.22846085735466712 0.011695359281437126
0.9884894122428048 0.006088070525458223 0.23033063741439683 0.0063197525884093044
0.9884840109287749 0.006648009886731557 0.23082357003362577 0.0
0.9919703118823671 0.006637340952537565 0.2361229175595499 0.02342646366347512
0.9910044148754523 0.0070759542359565275 0.23516851796098814 0.008900980787316942
0.9901667809113661 0.0061106012684157916 0.23581970589252532 0.03948100092678406
0.9909448332319726 0.0067297368306725395 0.24030862486928226 0.012024555407885577
0.9909603730974041 0.005619944639660545 0.2444075263579136 0.022133660331085225
0.9917496749723849 0.004095751783158045 0.23980366812282378 0.04548183728610027
0.9844094685771432 0.004528539999978754 0.258921428431507 0.04481475489403009
0.9858057221066006 0.005848979476029798 0.2527013549306458 0.07559962708704128
0.9809527898048547 0.00453834851099455 0.26412831845692286 0.05388056798288271
0.9924471034947915 0.00545601974559527 0.26003655150926114 0.14841048992326503
0.991712438418199 0.005076163595809681 0.2720970457394254 0.0921131248755228
0.9888886058537331 0.005334376909619039 0.26762762716969046 0.12404580152671756
0.9882434861256177 0.005386852266768365 0.2802058917101935 0.1033434650455927
0.9856571907432476 0.0059074979457898955 0.27764294522768523 0.17393104876281187
0.9866638699636687 0.006089850917491763 0.2808409292363357 0.1451401409604983
0.9887973946470715 0.006897064130596302 0.2832354728755761 0.11820366476419344
0.9954168547295119 0.0074681147708967575 0.28393634820451713 0.07535153019023987
0.9831062788055042 0.007884799917567025 0.28416089057401134 0.16969086021505375
0.9884784048963624 0.006768418706878094 0.2936735959403314 0.20413669064748202
0.9881955334653257 0.008696916779809476 0.3006307480774507 0.14123137383330603
0.9878605991729711 0.008431960632890933 0.2984489890697308 0.062207025864446035
0.9912995704481973 0.008095661139905914 0.31009022044429313 0.10940643863179074
0.984168382741443 0.008835915001409863 0.3094095597198275 0.19721401435204727
0.9879588899474975 0.009122188388643624 0.31459273152006423 0.16915269875442104
0.9920849636934772 0.009729582178652598 0.32327320545667476 0.15860705596107055
0.9906075924227091 0.009371123153721123 0.3159665037374347 0.14879101899827288
0.9875955159323971 0.009261074322870598 0.3192370559902459 0.16716290940025522
0.9878724874686644 0.009484518334522024 0.335433760583616 0.17575804939043452
0.9817827750086936 0.008152194616504004 0.3522625088186909 0.17044506785957994
0.9950431539244029 0.00918375694571175 0.3521809317478311 0.1774986346258875
0.9864171219307198 0.00880843381344877 0.35539367070375155 0.1548919791407996
0.9901333814237062 0.009441133348278358 0.3596592777848334 0.1373574144486692
0.9874014255734189 0.008326035612875832 0.3775899883152622 0.16470057371237026
0.9893951470067305 0.008447691044337449 0.35156812281058253 0.19359092707371753
0.9926014862687806 0.007359478033658789 0.3675045263156195 0.1455607476635514
0.9851243935900881 0.007607762501076386 0.374625699622194 0.1469678217821782
0.9898836860815394 0.008656316609600642 0.3724353166697507 0.131321165438714
0.9889562516507063 0.008547524129248847 0.38148153760147124 0.1157648890618918
0.9879376941052088 0.00832079428610952 0.37929353460986026 0.12464541965626565
0.9856575069664735 0.008745137794481453 0.3782003924783189 0.1358001502629602
0.9850064751307017 0.010528114716309237 0.39056839302061086 0.16138049672078272
0.9847617469289919 0.009206663284062446 0.39360085041059084 0.12465341044125802
0.986629379140962 0.01117822845512891 0.404992240451004 0.11249394492678019
0.9922628556833434 0.012326734923545041 0.4192575020266072 0.1724193809755307
0.9868798914795057 0.013655156753224096 0.41075535478977904 0.10059930023902726
0.9857577876417175 0.01423610423205699 0.42076176986986435 0.11574059039392069
0.9920258571815624 0.015360039671908755 0.42233178919229486 0.10757824405110772
0.9920596964622869 0.015366851548025461 0.4315808008001409 0.08487943936334481
0.9920869736598308 0.015111687233639407 0.43319150172085796 0.07908348903530338
0.9929399233665914 0.016713762912864225 0.4456200429676773 0.07940716702613926
0.9922292283778632 0.018318906980678465 0.439719373725871 0.06976425203600514
0.9913905819638837 0.017787826481576025 0.4482496657594133 0.05743642021676146
0.993541116037799 0.01631967213114754 0.46258025966087385 0.06455189405605175
0.9853017130824123 0.017970498128142224 0.4671953578024436 0.06829089401597653
0.9942489859123724 0.01672909108096919 0.45073135204030024 0.05162202015237159
0.9905307556207452 0.020842555926817583 0.5473924558140211 0.056528866349059986
0.9910328111143956 0.01718008987325184 0.4750076110365668 0.06977803073420603
0.992882962962963 0.01835537609889397 0.5440628543007033 0.11921627328860496
0.9868595326489982 0.015171666128559283 0.4408080028793838 0.10870421425758173
0.9889006449432238 0.016439931812729666 0.467975090937593 0.10675220381224904
0.9910140991867509 0.017712566853503347 0.48734312946142794 0.10477609948168087
0.9919933900733409 0.01588593725828278 0.45826547788758143 0.10123456790123457
0.9934790910481762 0.015360673304998013 0.4594061632749778 0.10815054259986147
0.9875701529382268 0.016601932950306313 0.46483038455330417 0.10655448859131354
0.9928485012400117 0.01772435242082154 0.4715358601607449 0.1418367048215697
0.9929063970413337 0.017563681183237468 0.469819321122168 0.16278053500639886
0.9919148879701688 0.016901705172975148 0.489433556487154 0.18093001089324617
0.9965277819524013 0.0189808928961715 0.4690344069269065 0.1628900725226445
0.9914249222422329 0.017848817318938014 0.4797870129786449 0.13494358160837192
0.987797879479901 0.017683851128368268 0.4754414719894329 0.12222410937964417
0.9901505551247376 0.016833183350415483 0.4967602504315481 0.13822024020676024
0.9864887188110928 0.017915716039194746 0.5209736403358863 0.16137381492467864
0.983425840820621 0.01961699494189926 0.5182283665743891 0.15716311268036365
0.9953599524689791 0.021177260005473986 0.5415098019230661 0.17118896515995338
0.9912955553517735 0.021603264161880957 0.5633467885219655 0.1834275420833592
0.9852552537674506 0.021803704735731157 0.5556353837821292 0.27567158194859004
0.981664471197772 0.022962823882838903 0.565740660654049 0.19134467738397418
0.9832854647753938 0.023457322478499767 0.566865762577539 0.18674240206125198
0.9885682268834474 0.026453481627002236 0.5930979490847689 0.23787984226397588
0.9869844663857619 0.027425784969488887 0.5979408461832786 0.23492805755395685
0.984262077793793 0.02382423577074822 0.6070301415425323 0.30536959880155423
0.9901527875430537 0.0253025828723537 0.62057904114589 0.23619198566654034
0.9861731484147469 0.025449852271393982 0.631587719897904 0.2910833969627556
0.9786054591204608 0.02422075110934738 0.6477481498633534 0.3276614101519436
0.9789698434283799 0.028580302991380136 0.6538781810272386 0.2377766340710242
0.986668089697216 0.024697867313039 0.6748255263915612 0.27927553690856977
0.9871310441595089 0.025805101653511887 0.6745706497046797 0.2687876119183913
0.9933490328358053 0.027089764759374926 0.7038227838310644 0.26679049034175334
0.9841945933912899 0.031955233743728495 0.7205138575971868 0.3191246765776433
0.9903254314623977 0.037010227221529725 0.7362291846251786 0.2705454807138745
0.9883021006391117 0.041888459451451934 0.7592011179405972 0.2748771723986214
0.9822488312672494 0.03919591418128755 0.7655139031721419 0.3222283135832666
0.9915288894833227 0.04848104810244397 0.7997034404132207 0.2983954657938852
0.9891681689612541 0.04575996692050584 0.8112867250453965 0.29551369197902505
0.9834289340229341 0.06101776791510046 0.8353941351050815 0.29479877089110396
0.991504602459929 0.07820962570719543 0.8673185671876738 0.36242216018896284
0.9943412589523535 0.12093018505657911 0.9220794723726815 0.46412516784400726
0.994680149805419 0.11625149423514441 0.9161395112984503 0.4508789497107254
0.990705109658006 0.11118682345611712 0.9135079832287655 0.43988239000315027
0.9917015627207191 0.12131544662486768 0.9110549229041185 0.31367623903426556
0.99744835469911 0.12554421452134976 0.9253339970454107 0.5828212751899571
0.9895949047028443 0.11819730462568166 0.9192335994113224 0.6057751382346918
0.9925858543188779 0.12532683903000782 0.9167420705684346 0.6372056847910628
0.9897529053967549 0.14210831619469494 0.9233765602450013 0.5507981685434971
0.9910620684342732 0.13489363915327404 0.9236765663644682 0.6104576052220031
0.9920112555530929 0.15657796200782625 0.9230830799424038 0.487869059523183
0.9911912630432897 0.15614701097159067 0.9187213486311369 0.42059973924380706
0.9938364414371509 0.16280345171074576 0.9242199072757381 0.4078182991770211
0.9863387945273374 0.16100237312490476 0.9167867561772872 0.3824409213281484
0.9918235118222528 0.165514960369491 0.9239849637256263 0.3640891589247236
0.9940636438526017 0.18550251104253646 0.9311492723080831 0.4286867382355315
0.9897418715732154 0.19964213932055494 0.9276118806819089 0.3880963559536278
0.9883537882983996 0.1904183929509249 0.9248249241709785 0.3829051911497488
0.9940245525447945 0.2002034831527919 0.9179019357036596 0.2610834009975641
0.9910099767331376 0.20439741510259776 0.917166795980697 0.22755637936360829
0.9971143888067631 0.20635804561522444 0.9126039099510936 0.21818899562005376
0.9920516436490955 0.21179193968679635 0.9178069504481559 0.255107125062282
0.993463664273443 0.21611062879821408 0.9382033413346905 0.5846430830616515
0.9893319262182252 0.2216929452674701 0.9296050632464845 0.45946577369363756
0.9929969765411342 0.19698853772946087 0.9338733615145458 0.5006283512064343
0.9926063200410601 0.2228000858379934 0.9307203263147859 0.4042159518932135
0.9902447258989094 0.20933358696341386 0.9254612276983796 0.3595705623852701
0.9942736527549672 0.2154356186182204 0.929537382178002 0.36251298901901313
0.9921920338262801 0.22388257425217922 0.9363752210016781 0.5021675497424877
0.9864414829094371 0.22701716650557469 0.9311996336621924 0.43674991891015247
0.9895083676993826 0.24476790799259074 0.9394150017807291 0.5519662367372697
0.9929160075999364 0.22918875745348885 0.9384371294926139 0.5133745223384879
0.9882802118225851 0.25536747685185185 0.9303443364412148 0.38157050870937126
0.9896857944199775 0.26253286054900044 0.9428012028857407 0.5183785640673308
0.9937291992239812 0.25642143761429176 0.9420616290026615 0.5393166642989061
0.9975709408928951 0.2853095664691199 0.9492841780449245 0.5501516577763832
0.9926459920308367 0.2830133259128714 0.9494312694939483 0.6598442532719044
0.9893387347317109 0.26103753588984263 0.944582750093222 0.6008503463695342
0.9922758448077478 0.26920161901536777 0.9485669717638029 0.5927501582167217
0.990402097942385 0.26634398404029175 0.9472836814855677 0.6157617964752701
0.9921022438925592 0.26576503177448263 0.9483504959715069 0.6090183836281651
0.9881190251413802 0.2563149100678177 0.9458613318315642 0.6464664310954064
0.9877090469474108 0.2466858152894388 0.9390041183699226 0.5574222376973074
0.9915545356719122 0.24892963193149645 0.9522687939021323 0.7294438758103037
0.9917091171035591 0.2523686803607974 0.9530557853445055 0.6712420713494647
0.9931301194372891 0.27641119082868315 0.9570314361507791 0.7342461825220445
0.9922714807205488 0.2653633969590373 0.9482710963654902 0.5445205479452054
0.9923668425951815 0.27064738447633035 0.9503573164275372 0.6008269122345424
0.9925432226076508 0.3000429092469427 0.9572990304271768 0.6372290084736437
0.9933036278526798 0.30619340818544005 0.955473992727856 0.5405963629457291
0.9891310308896719 0.299164653784219 0.9597616783947187 0.6869926691570934
0.9890696396700758 0.2783276895024746 0.9565914508263775 0.5864263241312422
0.9803296709523512 0.2603214111790488 0.9521631905357646 0.6681788723266364
0.9948864689841677 0.23688441133915653 0.9578080688416505 0.6121489016924739
0.9848502134056317 0.21221951074340814 0.9538116903002688 0.6496839503825864
0.9895603985624667 0.22792614261898023 0.9621361605545389 0.7207860170600241
0.9879018193370939 0.2114953886693017 0.9597123186414175 0.7049327778829767
0.9842456102856854 0.2136271186440678 0.9591075548818079 0.7346215549649211
0.991611849612208 0.12861501551620727 0.9574194431141821 0.7830990041007616
0.9920208758088822 0.19416313456498527 0.9648598789932444 0.7887532194982353
0.9911446553685319 0.17766422821012387 0.9668448526007631 0.8038115281187888
0.9887455633459745 0.19393235137087403 0.9608986710462224 0.791131727048892
0.9831146370347806 0.24365541327124562 0.9639803679336038 0.8334428011686635
0.987788747775665 0.3432085561497326 0.970221666304861 0.7750572310142331
0.988137373629241 0.23835398101861915 0.9631622011403465 0.7838961935063442
0.9908824274495455 0.25038384768923694 0.9681850559400567 0.8151212115395688
0.986517927742919 0.24198866372763309 0.9658998706540964 0.8517578014784719
0.9894335080799201 0.23411984749298612 0.9701424699751962 0.9025346374834259
0.982120368317627 0.19458195283570454 0.9644533948315134 0.8784915193071093
0.9877125698376569 0.23870994013926783 0.9728030630725237 0.929469476744186
0.9874492890035327 0.16082208193170822 0.9693999740866579 0.863240361484949
0.9931233595168781 0.18537659536221462 0.9748019980329647 0.8815406506694263
0.9900233594056531 0.024296984657083395 0.9686280666293814 0.8524103400093154
0.9893104176178064 0.037351908731899953 0.9683299142156664 0.8242855207910064
0.9899014671007177 0.0 0.9697239292086359 0.88799338986265
0.9880071491509131 0.0025834230355220667 0.9704843612672251 0.8870263732218453
0.9901818704223648 0.031363296311215975 0.974855061931754 0.9158606370587937
0.9924106383140847 0.00720601011907804 0.9715626981358413 0.8806724483621825
0.9899167468241069 0.0 0.9695518642052773 0.8447612078017118
0.9885818289495181 0.0 0.9744223582614765 0.8932603814162371
0.9913690221671387 0.0 0.9749073629495669 0.845514181886828
0.9855953901190387 0.0013131313131313131 0.9697924423199418 0.8558525681963325
0.9878215411709337 0.0006311803071744162 0.9698957794635475 0.8538469909674611
0.9919823611946282 0.01470734373447282 0.9727828433730136 0.8652074389657785
0.9916103915738548 0.0 0.9727875466507557 0.871802557953637
0.9895175431985248 0.004020428121264805 0.9747595839178173 0.9100637109252977
0.9872033454521822 0.0 0.9739212840433706 0.9316348835456395
0.9872164865916344 0.0 0.9745614654138173 0.944522771662506
0.9847503952677596 0.009962756052141527 0.9685164181365069 0.9225368511748131
0.9932615702882961 0.0 0.9752274596143133 0.9446094543389716
0.9883117610802936 0.0 0.9720953643905231 0.932776927255667
0.9870873950330978 0.0 0.9633918661188247 0.906679259736416
0.9890332961383653 0.0 0.9610311589163231 0.9259459658874309
0.984074427800885 0.0 0.9517555625279038 0.9272970313573325
0.9836991162052147 0.0 0.9425239053089433 0.912517724649629
0.9936893467197917 0.0 0.9508956930504383 0.9178772528263194
0.9885444554209405 0.0 0.9320207875919891 0.8937202264958432
0.9918764627184398 0.0 0.9341638816428296 0.9083996756275996
0.9940952255854909 0.0 0.9389412412902123 0.9228931313646802
0.9862512941088787 0.0 0.7616226071103008 0.8478478783344479
