0.986969918681219 0.0007714141898512868 0.18027892381237265 0.0
0.9825680048674587 0.0006092678864717477 0.18930672418212555 0.0006872852233676976
0.9865896351622696 0.0007648709735512474 0.19538324387779912 0.0
0.9826223830525614 0.0022496292594861213 0.19422504777927377 0.0
0.982028793800784 0.002065807233981615 0.202902899715839 0.0
0.9829979070908327 0.001982029858384262 0.1801768698068653 0.0
0.9870084844746189 0.0019594984856643872 0.18340030573156013 0.0
0.9738641487793473 0.001847074314086326 0.17573072558448644 0.0
0.9863934494510583 0.0030341073514960656 0.18784512375165527 0.00036656891495601173
0.9808431897207599 0.002467197927475355 0.1998197333349796 0.025294748124330118
0.9884411636888311 0.002758956936280864 0.19135549257330733 0.010627861347285808
0.9802861896347559 0.0028933505703154544 0.1980500500036682 0.0
0.98826886336618 0.0025235350447318657 0.19536610420236658 0.0
0.9783672380230961 0.0030625491200425414 0.19720746381086915 0.0
0.9874886585534232 0.0019465405337282208 0.20460070170223177 0.012934131736526947
0.9785149379002582 0.0031445040321520425 0.18873993681494908 0.0
0.9857400700156264 0.004072904297096344 0.196228471955575 0.0
0.9872705568665542 0.004574040045621594 0.19664128022851743 0.0
0.9860250043634503 0.0033047119282210136 0.20700461720925217 0.005560098119378578
0.9811384208756282 0.0038583954642011403 0.210143506181817 0.020698320327998943
0.9819773441558595 0.003852584960231381 0.2123339539962312 0.014239116798394178
0.986986528068376 0.003933604963516371 0.2005518679072248 0.0
0.9865925604862841 0.0044586431928845096 0.2188062968810563 0.003811269780007719
0.9904450209911163 0.00567062484576486 0.22365185222509196 0.005627432418218155
0.9914029275764239 0.004355352465961077 0.22209652139255145 0.005686433793663688
0.9925340049208486 0.005070226388109986 0.22167704346832695 0.009649122807017544
0.9839770847006406 0.004538713266368366 0.2250336401662774 0.0
0.9876444176016622 0.0059093345285905026 0.23400642627052892 0.0014162077104642014
0.9873254182166484 0.004955385862164036 0.22845103003146308 0.0
0.991214837163901 0.005844198690187297 0.2357894241442658 0.0
0.9884566673130837 0.005079138143081104 0.22922481896645205 0.000442526828188959
0.988435314082645 0.005331212357561166 0.23032336961073915 0.0001681067814275628
0.9885519673520425 0.005926214996664525 0.2312569539371205 0.0
0.991741736211879 0.006093054000680547 0.2359359088267109 0.018146996954569714
0.9912200936359503 0.006680915193301488 0.23554557183743013 0.0019956805817545587
0.9904391794917088 0.005588165995676983 0.23563573078714706 0.02097391938719679
0.9908848923944903 0.006070807464982677 0.24046943919344677 0.0010029531398005238
0.9908123157349351 0.005119236455677317 0.24462350766787308 0.012675081216381744
0.9918106614164953 0.0036399663334171894 0.2392677555908828 0.02774278435654097
0.9849611874093662 0.004080010710028114 0.2593944948935956 0.01751459549624687
0.9856064461928093 0.005088898067542983 0.25334699715580594 0.0509877046792145
0.980760927694942 0.0035151618726167715 0.2642810965728791 0.01516295025728988
0.9925365397274681 0.00480756636338202 0.2600183976929138 0.0954490018614802
0.992172513060555 0.0044439698194921416 0.2727234963059606 0.02752924982794219
0.989125506279135 0.004536006514098879 0.2677515368528032 0.08733624454148471
0.9885943723499936 0.00493557161188055 0.280672780547205 0.05111777535441658
0.9857115599320323 0.005349793805645905 0.27780616964553806 0.11902382142262202
0.9864141904576941 0.005415257819103973 0.2803848215980441 0.10849090516931484
0.9889910503153975 0.006304282751168187 0.2826089107140275 0.07293594964827842
0.9951125153136888 0.00695946032056211 0.28315445879465845 0.031102443030178607
0.9832125817282206 0.006871756554524237 0.2838312253524777 0.12695586995221586
0.9882979461778717 0.006298680937121355 0.2933424295084839 0.14560838033843673
0.9880681002913415 0.008300081934998234 0.3004246794747557 0.1082880926529135
0.9875369472018203 0.007736342397424138 0.29829837453976965 0.04791815369973828
0.9912291580040317 0.007388076625106338 0.3105848538555522 0.08146450592022698
0.9843461448634697 0.008222699458832177 0.30947391518142203 0.1663218207862486
0.988222202609125 0.008582027508389989 0.3142195312543562 0.13474677748820174
0.9919706647008173 0.008752449534543927 0.32238428832006033 0.1338063142958496
0.9905292887449741 0.008637075200166225 0.315081236613807 0.09958109796428309
0.9873222664185842 0.008372472210301584 0.3182716564648515 0.1336111472848027
0.9877763377497646 0.008870695953575215 0.33479551171532745 0.1401678219627873
0.9817306343681067 0.007114825304494711 0.35206669862467577 0.15191750829860867
0.9951229687776773 0.008140325260560898 0.3514921110554099 0.13098680075424263
0.9863951861310329 0.008261125169337729 0.35530726711765614 0.13098408022208374
0.9902956177076938 0.008787663254682459 0.3581564180776335 0.11049638850468727
0.9873737490466176 0.007664142034136288 0.3759443010588516 0.119580270586982
0.9895247995040333 0.007881952372722491 0.3510626484794007 0.15200043428695512
0.9924420786042585 0.006843825222801239 0.3660884591986854 0.1114426887138594
0.985067484503493 0.007125782257180586 0.37458726017770677 0.11461935773635751
0.9897344289909391 0.008033483925865212 0.37103420982216534 0.0999703242080273
0.9887476081944662 0.007679139474633522 0.3820493068713198 0.10478186321204039
0.9880301763088577 0.007713350491514009 0.37916915390939065 0.11418135620136573
0.985188077168585 0.008333257414751024 0.3774759600515771 0.11869516310461192
0.9850544390618255 0.009763161520769077 0.3903526527986513 0.15289628491176002
0.9848622249874783 0.008567564310296342 0.39289222832080517 0.10598861039573435
0.9867564783607836 0.010594253140458722 0.4031168263312733 0.0925170512025585
0.992251303096828 0.01154183674734564 0.4185317310108564 0.15128684835920514
0.986390990826306 0.012893701060025648 0.4090515779564695 0.08557328507978286
0.9856425352339071 0.013295192046381013 0.4190743019373616 0.09839995205848864
0.9918525096561964 0.014348099984892237 0.42195028784807836 0.10047570996107828
0.9918076950464029 0.014273867966353087 0.43042898654200856 0.07596149561032131
0.9918968940257741 0.014279289915909512 0.43229510445497016 0.07271775113621486
0.9924674271898425 0.01483055755915156 0.4455803663637303 0.07628088734506987
0.9920039886206997 0.016959624451043733 0.4364123560160273 0.06255611132486853
0.9910569010523359 0.016077175631308012 0.4433348134415433 0.050010452147608915
0.9933553021257392 0.01525633562626569 0.45906864349061155 0.058497072972816325
0.9847547371342841 0.016911895230527017 0.45924724958439417 0.05681724223465535
0.9938656597155929 0.01565877722964359 0.44657442961074756 0.04688869412795793
0.9902938797519547 0.019381439121493624 0.542481366477165 0.05058282789992419
0.9908773324061657 0.015893270499215958 0.47009198315159295 0.06047335743816534
0.9927881196005728 0.01714105583266888 0.5396713258442499 0.09686813925355078
0.9862938980040244 0.014203632302339326 0.43771797558915426 0.09587178038624904
0.9885625601774767 0.015687265239193855 0.46382394343117184 0.09242189916486236
0.990748941327491 0.01631577003787532 0.4829851502073939 0.08775031710035745
0.991866442469373 0.015297561913517102 0.4555952391502787 0.08725380140830696
0.9933296952042954 0.013832191693156031 0.4562440986326909 0.0897134238310709
0.9872362635243294 0.015497291161367522 0.4615761511168873 0.09002902277021367
0.992618388941953 0.016512099595424344 0.4705415025549819 0.11492289794807059
0.9925294379026883 0.016013997488180803 0.4683238987151177 0.1290716923468738
0.9917594482811875 0.015362979115351645 0.4866565047448848 0.1428169964028777
0.9965773811313403 0.017592495674607328 0.467157891022927 0.1375925245419707
0.9908571387760398 0.016797226881929216 0.4774166246851385 0.11424494437136296
0.9880259621338103 0.016587830124669994 0.4746816262049844 0.10974601299468399
0.9896550256644261 0.015110626968429436 0.49406070202963454 0.12121351413468168
0.9862487000445699 0.016412919428747844 0.5182631080886009 0.1404829914307972
0.9829317734069121 0.017733979924318417 0.5161173110195452 0.136822022349414
0.9950162156440064 0.019624603516604618 0.5401828756884375 0.13718725309454832
0.9907528511237988 0.019617605868871596 0.5592634183509657 0.14545316686043572
0.9849338226497766 0.020556068713346413 0.5522426633222398 0.22102347280944745
0.9810919898726745 0.021209286248342143 0.5613732373883554 0.15421139554087532
0.982682898711692 0.02136995732300893 0.563778213819925 0.15496764275619251
0.9880608749368226 0.02489105089962762 0.5899598446984128 0.18434250764525995
0.9866527449303074 0.025530200502233452 0.5959103520284075 0.19229491863168383
0.9837403803024881 0.02210930623349604 0.6046946441622899 0.24994124559341951
0.9896683470753895 0.023042078466606768 0.6177912155651342 0.1986287200401927
0.9856405931297545 0.0230813211757628 0.6289831610698324 0.22352980066774653
0.9779778616262227 0.021504745618171194 0.6456109813146325 0.289917597825618
0.9786090578569911 0.026548631224890217 0.6519586087509925 0.21673100851864852
0.9860097237563378 0.022580479740569898 0.6720405725199553 0.24409885116914778
0.9870066132055821 0.02247833567355918 0.6710132431798758 0.23079388481138424
0.9935371986518092 0.02323830903200753 0.700947793719494 0.23591866715635537
0.983645788169211 0.027707951495480363 0.716968675790988 0.26436526436526436
0.9896298488016123 0.034294949786257384 0.7312315750634293 0.21954971746398036
0.9875262049094833 0.03982014987510408 0.7554465081151771 0.23259563705343028
0.9816407125072806 0.036442737266725866 0.760864590770132 0.25914959545532795
0.9909115811431063 0.04482009252722375 0.79600225475344 0.25519842230910283
0.9890602985318441 0.04068482825454937 0.8087059141079456 0.26940049510278763
0.9829177766922329 0.05746999058034163 0.8340721310665026 0.2862412393950572
0.9915595194199011 0.07077157066293274 0.8655506301391991 0.3482670466451532
0.9937707076030772 0.11427549560596771 0.9210314673655056 0.44791607275215234
0.9944967411380807 0.11185822608964094 0.9135960737797472 0.38857586943850786
0.9900877658291942 0.10488774555659496 0.9113012289291466 0.3982940581176811
0.9913807345050746 0.11456551836468767 0.9066832755199006 0.2629348795718109
0.9970483551004136 0.12160922416129773 0.924025854731196 0.5209620344269178
0.9892205608663817 0.11549628109771737 0.9187334759159977 0.5425229017083436
0.9920301369073907 0.12149738771988688 0.9171326104032432 0.6290686205438918
0.9891883730621267 0.14034821612368498 0.9245853531931765 0.5472994068061192
0.9905167350318717 0.13597687886206042 0.9245833206909603 0.550068672743164
0.9913727682066874 0.15591903719912473 0.9245160366941374 0.4716184196971258
0.9906058051306756 0.15106916786512845 0.9183707246634061 0.416213630235289
0.9932613206557582 0.16054894743419335 0.9210347681721615 0.34217570350034315
0.9858303978749205 0.15552949943017447 0.914865545460568 0.35006386136904966
0.9917542327827679 0.16125327112763616 0.9203895214457644 0.31175030599755205
0.9938181712271913 0.18108876948138783 0.9277002253530571 0.3634505456435129
0.9891782248514984 0.1954435716123972 0.9229785491391636 0.32689008699914224
0.9877513142679455 0.18510099826592305 0.9215690799237056 0.34153066786366987
0.9932685591683007 0.19444809893435075 0.914887288604001 0.24270577228519832
0.9903945717453009 0.19882988182837408 0.9128869077232293 0.20563903427317237
0.9965124327126964 0.2006409397199849 0.9080480847270878 0.1968443233797605
0.9913501750632173 0.2066241456703397 0.9110749980853182 0.21587289830382936
0.9925864989229282 0.2138564775401873 0.9363618384019716 0.5300293620428864
0.9883088671241528 0.21764442995011535 0.9265485145295737 0.39868769973482016
0.9923543115693205 0.1944165768711527 0.9284608422064633 0.3901508925342713
0.9917638655753749 0.2224030550785555 0.9263175741135439 0.3380504893238434
0.9893543164056463 0.20820973198022377 0.9192533558745111 0.28702607296856497
0.9938514991788164 0.21084233088812857 0.9193803502862697 0.2688163025703384
0.9916835095707326 0.2192453080443 0.9289814963061229 0.3783456699783288
0.9856544960708947 0.22558419855902254 0.920531841271216 0.3072280831068319
0.9885262021881245 0.24532352039251762 0.9340050741358471 0.4388908123760662
0.9920853217524372 0.23132127955493742 0.9330187308112031 0.4137094678485837
0.9877685617491484 0.2580560035185457 0.9242245782564109 0.31528194648444985
0.9891565366197117 0.26406416946685457 0.9362156150281628 0.3991488229817795
0.9931003483014047 0.25436426503246845 0.936557151685189 0.43923737447242034
0.9968498241151798 0.2829559363525092 0.9442447085152061 0.4607984043645323
0.9921629621031861 0.2817471436132125 0.9470833250557906 0.5868706088992974
0.9886460004617239 0.2642745330476147 0.9387638741067356 0.47171180585793493
0.9918354671663184 0.27123719971662263 0.9426648975711954 0.47087283058141827
0.9898870371565257 0.26175448896717063 0.9424365512580146 0.5192868524698596
0.9912851749006593 0.2658544153913995 0.9419395546720807 0.484469465860558
0.9874246982775411 0.26043212930892295 0.9415353761819059 0.5407888108572614
0.9869997536043992 0.253058596265293 0.9320294559219333 0.438635894850228
0.9910939515674692 0.2514981435109231 0.9451302069888936 0.5494760350455248
0.9909864441074653 0.2528624507127692 0.9476178847626803 0.5564536428471543
0.9925852864097992 0.27735863435451913 0.9514593288240633 0.5962812691555504
0.9917793706919087 0.2674550742502745 0.9417867338931833 0.45165819737897833
0.9920444425011334 0.272207831784245 0.9449063911123724 0.50948391956358
0.9918042598053094 0.30294456897865024 0.9529636404774687 0.555467397576457
0.9926107808374371 0.30494066359893435 0.951166379156306 0.4875712510178717
0.9884512204596662 0.29894179894179895 0.9560903968599795 0.6174323744096178
0.9885850462399473 0.283701029549405 0.9504459478626647 0.5039553752535497
0.9800150731273339 0.2627431393767863 0.9479501329042972 0.5823416071630965
0.9948333708382288 0.23800788522615265 0.9558026576644449 0.5718835016977033
0.9842795785517751 0.22607924492446077 0.9528059843862047 0.6096827377239106
0.9892418266730079 0.2460564653873204 0.9624727653072176 0.6944655041698257
0.9875441282000582 0.21945272283933892 0.9583614229173458 0.6703447654649042
0.9837080155594015 0.22239599624648107 0.9580568425835044 0.7055499402738216
0.9910650572043403 0.1350517383555449 0.9560465301174538 0.7456160751662868
0.9915565808806419 0.21025588675649926 0.9650616425223781 0.7692881624659004
0.990657773312413 0.18739442171252674 0.9658336788821767 0.7759661699192691
0.9883920561759519 0.20162997125438292 0.9604441563546218 0.780701564093108
0.9826675849403123 0.25308154235145386 0.9634927401458675 0.8196754202149004
0.9873271199632786 0.3749645992636647 0.9701537271667917 0.7608028612191452
0.9876689277721216 0.24198529411764705 0.9618603332517172 0.7617467183770883
0.990787380028175 0.26042150937548425 0.9658285021590469 0.768791678747463
0.9863876371250399 0.24835115698475985 0.96196400645233 0.7805931222688568
0.9892247678446083 0.24349639603380777 0.968022192544312 0.8544971136160836
0.981750223450069 0.2346484375 0.9626833926011976 0.8351141372390966
0.9873292559332755 0.23607448912326962 0.9709002533636715 0.8948251454936298
0.9871965374403562 0.193714127013516 0.9684699111640139 0.839334303613238
0.9925721692226411 0.17932431188437817 0.9728618332969436 0.8517117989905777
0.9899242955329383 0.05569019239329344 0.9654810859971277 0.7958539208079818
0.9886427789477819 0.01900090211998196 0.9640475886638387 0.773138615623173
0.9900357874865828 0.0006247296842712288 0.9695492719693019 0.8809165232358004
0.9876977768876427 0.0003335371615987548 0.9692029554974687 0.8660260033917467
0.9898879010241919 0.014352941176470587 0.9742278731479083 0.9087582521219743
0.9918886689009763 0.0 0.969913109155868 0.8634554047447209
0.9893158849508977 0.0 0.9687993887568948 0.8336178814952918
0.9889101987864425 0.0 0.9738326514291715 0.8789966180467664
0.9913725650376357 0.0 0.9731239662439031 0.8227380492915035
0.9850260028634219 0.0 0.9677628677474605 0.8337129637868138
0.9873369677294471 0.0 0.9688184807179702 0.8433631319103893
0.9913936229355473 0.011032065161356842 0.9714145750130772 0.8548250802771675
0.9911522600041076 0.0 0.9714200020719225 0.858764367816092
0.9888931597842444 0.001682085786375105 0.9740584912222646 0.9022284623969471
0.9865921955279823 0.0 0.9731306925504247 0.9253794237788093
0.9868158155165015 0.0 0.9726967303545028 0.9316670167331793
0.9842478350592592 0.011206646700801855 0.9668925188495466 0.9128418487848888
0.9930234334977899 0.0 0.9738469631797424 0.9341008807390878
0.9878683209148503 0.0 0.9698974596887447 0.9218204737592657
0.9866725927176613 0.0 0.9615794104787916 0.9001218184087847
0.989241055911377 0.0 0.9587537709351919 0.9166211166041113
0.9839275466373183 0.0 0.9498599001521897 0.9198911162785571
0.9829255735205299 0.0 0.9416720092194408 0.9103419611796008
0.9933128593074421 0.0 0.9467512568093186 0.9075264614509181
0.9881772120597824 0.0 0.9201178751053417 0.8698945886256015
0.9912959911801329 0.0 0.930543063646469 0.9022989376039735
0.9937215618496702 0.0 0.9349080634789317 0.9169583214059605
0.9859940225633094 0.0 0.7755630222335095 0.8629422009072959
