0.9852751473473979 0.001812131461359545 0.18001536301153676 0.0
0.9813882060295346 0.0021874496080318663 0.18970278186467238 0.004441812259401836
0.9855544794019945 0.001994499953980858 0.1956012125727351 0.0
0.9816587787855116 0.0033477638125453575 0.19399253764157814 0.004899841475716962
0.9812195836997948 0.003989164730589345 0.20263239444810452 0.009784381228483421
0.9823155645854829 0.003172474018362193 0.17985313922659055 0.018995929443690638
0.9863055295533965 0.0031965949866295798 0.18291926837656458 0.0
0.9730667412267917 0.0033269550481678884 0.17557292030302626 0.0073468024711971945
0.985329501239795 0.004133381794560485 0.1876860169600102 0.013118440779610194
0.9796445133845222 0.0034461895130103444 0.1993140064477837 0.0495582848524025
0.9871250658643121 0.003715617967970677 0.19058588704397195 0.032081377151799685
0.979265321982669 0.003681362504380831 0.1971656549153202 0.0
0.9873233292511273 0.0035656618717447223 0.19456387921381332 0.0
0.9768998732167649 0.0042080791603377795 0.19690779953862014 0.033353068877047566
0.9872836048408878 0.0040578085276921335 0.20460336031182502 0.04305633017289459
0.9774603309859583 0.004329712101881074 0.1884785739517948 0.0011363636363636363
0.9849115113926811 0.0055941673346318445 0.19635996129650446 0.0
0.9864807519615892 0.005938147104188659 0.19618668499079844 0.005399772641151952
0.9854504676293826 0.005064386905903631 0.20660827993905956 0.043366172543964646
0.9805047772888116 0.00491956760550951 0.2094027040685375 0.054331421672200425
0.9812779563983048 0.0059300031901591286 0.21209476399083652 0.030234208658623137
0.9864005407972081 0.005642855335408285 0.19982218198865198 0.0003358710255261979
0.9856640362181502 0.006216053924501951 0.21740107129678815 0.022874861054232726
0.9899750454275787 0.007350053067466718 0.2232379436109464 0.02903621853898097
0.9906213378198062 0.0061253537470051505 0.22103629475742392 0.016725863739102356
0.9918120972056678 0.00680315321413323 0.22051180392569553 0.02875594833446635
0.9834673691994823 0.006186470695194922 0.2240282404753662 0.054032735160717806
0.9872813082216216 0.007450297906313164 0.23325421041173164 0.009317480278952784
0.9871627316000521 0.006293506444742513 0.22763927486589544 0.0
0.990463445772384 0.007271111111111111 0.23444583120469228 0.006074939714338713
0.9881777220208482 0.006712430903715131 0.22822891673474033 0.026612312202271893
0.988346344324648 0.006925620174141613 0.22966530410797514 0.019091804894071276
0.9884551199961912 0.007393443677044092 0.23055499226889054 0.008697059180453865
0.99180176928573 0.0076527101337041745 0.23570719436127252 0.02703573730573659
0.9908348979170558 0.007959430928804757 0.2349641387951302 0.017256335584608713
0.9902822358584639 0.006926025826726516 0.23539596281850006 0.054174811505166155
0.9906991543573238 0.007208971256126798 0.2400013378533665 0.01864278294073055
0.9909820314251035 0.006272951558816556 0.2443480219652123 0.028275441803778185
0.9915039914380173 0.004889532965299521 0.23963895184699194 0.041272175751447746
0.9841821217904761 0.0050492342808610025 0.25883245728219634 0.05740716441411888
0.9855292156783387 0.006180516457568296 0.2529591748898575 0.08073917075109285
0.9806729213608559 0.00481527232850526 0.2642112899484556 0.056133711762850834
0.9923779116827053 0.006009568816840615 0.25958750321754315 0.15847676062193397
0.9917147320051967 0.005806478195596754 0.27174222894968364 0.12640307412276267
0.9888720199506329 0.005893212972599802 0.2673891373139132 0.17001372084320818
0.9885213015188842 0.006097606168121982 0.2796885380956177 0.1228018178225647
0.9853367746060886 0.006618520504168112 0.27740452321867376 0.1925122536239441
0.9864986813297789 0.006548378376095092 0.2807524307643435 0.16454498537760193
0.988950276243094 0.00732970738466958 0.28327544974028546 0.12306634582330697
0.9953149542327899 0.007959361510400028 0.2838530770804765 0.0976470588235294
0.9832093228429739 0.007696872213465073 0.2840367962892653 0.1934955800502019
0.9883067355525212 0.007565353519253988 0.29329023730258447 0.19120596967022385
0.9879942560069267 0.009543724970324928 0.3005274996917814 0.1541992519551173
0.9880028098875677 0.009350240207154829 0.29854358452634117 0.081251432500573
0.9909209150803491 0.008575879691640845 0.3089045852734591 0.09928362960997612
0.9842648294323398 0.009781575241420183 0.30893772598229874 0.16932863168084078
0.9874873609706775 0.009740848504418247 0.3148005299948867 0.15724217014262165
0.991968483682112 0.010307982401005656 0.323069269633221 0.1531759624692829
0.9902415955830629 0.009983376769241478 0.3152344721867752 0.13549847873770607
0.9873522812966927 0.009712460063897763 0.3195517936654625 0.14206075790792358
0.9876043508309024 0.009976548903157294 0.3349354918268084 0.15761372535060866
0.9816992312471601 0.00871332218095787 0.3520954610595977 0.16248121914573943
0.9948497754059298 0.009591092098641167 0.35167668351318127 0.14603634448248617
0.9862901251956904 0.009510153058814065 0.35616062434804274 0.15899635985439417
0.9898720041432185 0.009745687401313163 0.36015378110389024 0.13586227020717828
0.9873410992465215 0.00892666501333496 0.37798183199722746 0.16120250231696015
0.9893389794365471 0.008967100036569526 0.35246470761913107 0.18584820078621106
0.9925463610014164 0.00781518655087277 0.3679297617969387 0.1328477469152579
0.9850828416732863 0.007993134954739476 0.3756884737904181 0.13547804599885954
0.9900483191361074 0.009069323076562384 0.3735466234848971 0.13490345484457528
0.9892252995130113 0.009155970062180364 0.3816665045470564 0.12213708842410437
0.9878405650857719 0.009147622166154841 0.38016284104572795 0.12161624203821655
0.9854126651882151 0.009270185911138925 0.37941076118609507 0.15278791036998438
0.9849716472192211 0.010825902169551057 0.39133808650023977 0.17638568129330254
0.9849336094003709 0.009955062374708602 0.3950141999630635 0.13325461752551235
0.9865846457049492 0.011853512624384523 0.40350225700479114 0.10887068044175276
0.9922818812161519 0.012940261420813172 0.4172530880169418 0.1527137200093175
0.9863427011556454 0.014327242524916944 0.40896879848575635 0.0936328398042829
0.9855361219101724 0.014642827334598011 0.4175834309121854 0.09920114122681883
0.9917020717968302 0.015921023978320306 0.41924930176837233 0.09786069520827304
0.9918071208271675 0.016367226119297584 0.42702824051387644 0.07525310510385137
0.9923986057815449 0.0162158426017472 0.4275462167895747 0.06875283599146262
0.9931002873702033 0.016663604828338934 0.4389196307312011 0.06734293193717278
0.9923512332463267 0.01883569083336954 0.43163422120761175 0.059148400389171865
0.991259387934748 0.017590390335897554 0.43722380886295076 0.04780225278818676
0.9932106040541319 0.017493203460294933 0.4548668928945354 0.05676984403007036
0.9851915876412298 0.018749958561795965 0.4618100351188794 0.061757276537114644
0.9940283485502216 0.01797319897537947 0.44746581022162624 0.04986262933302157
0.9904147938509643 0.02229806092390678 0.5452541699119964 0.054615052170154964
0.9906967724847705 0.01856242285676417 0.4749884362413836 0.07152081868859426
0.9928584128489303 0.01950407469062534 0.5469218038325286 0.12806415960552045
0.986625908433895 0.016285647052555398 0.44199189988241766 0.12037553920324791
0.9887900008569062 0.017401578179265794 0.46928965597275635 0.11107943070306746
0.9907479562078692 0.018518459094774335 0.4886665988986077 0.10987381055610068
0.9919360652034966 0.016343866547602073 0.45791123712561244 0.09927853760014163
0.9930309349389288 0.016568805188011293 0.4580257983300145 0.1009915611814346
0.9874929786623659 0.018068645810947716 0.46416422137163843 0.10169667734020876
0.9926432051086975 0.018873144192051147 0.4721517215452113 0.13780229577621755
0.9924953480818158 0.018490916917251195 0.47012960058114706 0.16409939805525545
0.9919983492296405 0.017855861630226295 0.4902219469161831 0.19196237708422403
0.9966294418196926 0.01977051313803824 0.46883900620958635 0.16304960959534484
0.9912570868780123 0.019001767051409903 0.48081564046841474 0.1421969616487836
0.988003623695363 0.018747379463346224 0.4763813075553212 0.1263262313465022
0.9901867369038274 0.018452469939986758 0.496904081260264 0.1400576514615151
0.9859407305306686 0.01892673466207207 0.522511530472416 0.16771726466107012
0.9833699683288386 0.020881358039400548 0.5180744468206593 0.15558510638297873
0.9952851520779008 0.022948326122094624 0.5423527321919025 0.1699977757300372
0.9912638463209209 0.023284142532255272 0.5649252113592023 0.1844423154186111
0.9853374241283598 0.02260888234684056 0.5556698078102524 0.2732819667750412
0.9815616629361905 0.02394849077057537 0.566693400432725 0.196247142494285
0.9831465061477569 0.025517533366735505 0.5674360233791689 0.1962743229534905
0.9884352306776503 0.028898415815557327 0.5940605920147072 0.23266860180193766
0.9867686629405571 0.029042901709969742 0.599366491314951 0.2362789030292167
0.9838360141014366 0.025310057696303283 0.6085927530066901 0.32078082530269336
0.9898691302175314 0.02659348971754418 0.62240279515788 0.2532617609781555
0.9860356193636014 0.02810985529309172 0.6341198143212612 0.31270195239612253
0.9779715313400503 0.026694794098642633 0.6504533364234261 0.38197927114677366
0.9788903657630159 0.030768943487567077 0.6572192639779899 0.27174380003905485
0.9865316488250233 0.0262694631510677 0.6756884876706691 0.2956816404552959
0.9870007641249208 0.02834841167267533 0.6768358729819439 0.2962414441820438
0.9933173252065323 0.029017222834530655 0.7055438334535892 0.28955355003593963
0.983782979246614 0.034308338903175375 0.7212247443385312 0.31897150799166085
0.9901567011647147 0.039693566149442014 0.7370548897822318 0.2784221888836035
0.9884027139508226 0.0446616791354946 0.7600826921990537 0.28590220618634193
0.982141302733785 0.042477213049395786 0.7653818433066311 0.3100595499780185
0.9915698474470335 0.051180559658139856 0.7993170217483537 0.29013792308578895
0.9891747242636503 0.048288553235216976 0.8122668342144699 0.3117257625604159
0.9833029070719025 0.06639626931977331 0.8367669763536391 0.30939226519337015
0.9915480802013967 0.08162626110525523 0.8664179365777178 0.34134556823257134
0.9943925719205534 0.1298251687727194 0.9202280814697955 0.39688195991091313
0.994958225295304 0.12065987217135947 0.917446349719758 0.4845292559595473
0.9909629149180622 0.11940761116976453 0.9173755903709216 0.5560695169497125
0.9919385925218295 0.1295056564408479 0.9160641494360374 0.39145330802351963
0.9974473255752523 0.13266363956791274 0.9260319378146102 0.5841544871370941
0.9896211933290913 0.12610502838605028 0.9215734774857853 0.6654283379151497
0.9926410495505064 0.1320403675931668 0.918573986024755 0.7353346855983773
0.9896969096767648 0.1516884736542204 0.9282595746004253 0.7046583116576023
0.9910102162651414 0.14546032082164223 0.9273813645861405 0.7039075399009356
0.991901580655342 0.16766689680811514 0.9270935297670447 0.5890802771245154
0.9911852942912165 0.1644860398146989 0.924135069960845 0.5675091938590858
0.9937579653161349 0.16888848957221955 0.9294802644760569 0.5314553003626425
0.9862277444367858 0.16802008295132068 0.9219610416704969 0.4797590698977448
0.9915532136644745 0.17607377078029493 0.9291990674948505 0.46740311481347335
0.9937598790794608 0.19592435056352583 0.9343661136351463 0.5049764274489261
0.98992569763546 0.21214365499490068 0.9325306080987585 0.4822282827379622
0.9885347873670095 0.201665404996215 0.9307225241100511 0.4921070693205216
0.9943881520042663 0.21007771371270995 0.925626926714532 0.32611979317957357
0.9912437035187204 0.21919932337186354 0.9237909497714709 0.2644443911907786
0.9975091222132005 0.21535414413648127 0.920014215435727 0.2556694625660143
0.9924042292201327 0.224791265253693 0.9263785192409151 0.3208651190769147
0.9936126854586823 0.23126947233074527 0.9412469908521907 0.6605108924029636
0.9894692481760462 0.23368076553662268 0.9346557459940367 0.5802414605418139
0.9929577295412182 0.2065253213226409 0.935939851319134 0.5484742967103454
0.9927449274911495 0.231666919536742 0.9353982164933533 0.4812089252685845
0.990555002104172 0.22191429304593277 0.9300919398878291 0.3978829774101963
0.9945262334058663 0.22514689220878456 0.9325398408401685 0.3946232279004256
0.9925899069706668 0.2264987047824429 0.9367205391611595 0.5034814014968165
0.986816464505866 0.23574653294044498 0.934485321928608 0.48239891023802695
0.9898076943313849 0.25631649394913686 0.9422452142161076 0.5924344885883347
0.9932928384408218 0.2389145988107826 0.9393158118153428 0.506845467949168
0.9880348922812591 0.27179189913774365 0.9362211721421169 0.45072372182600584
0.9901824213818515 0.2756037532687279 0.9466667435659978 0.5784138115019627
0.994181022938205 0.26419701699618453 0.9439129740300907 0.5724632242569799
0.9981193643638213 0.28890364846710037 0.9492638701553007 0.545664063843693
0.9932192845312172 0.29231149414635654 0.950565525611765 0.6684502984153118
0.9899154536131748 0.270412142300078 0.9459129481801296 0.6087343367687402
0.9928066973726137 0.2790296564830637 0.9510954804894767 0.642010485525416
0.9907062811528544 0.2781104566016858 0.9493921350585491 0.6459511759452218
0.9924635693152539 0.27503671782953243 0.9487020410613819 0.6035448398333447
0.9885051281816265 0.2669872940564781 0.9508141203163057 0.7803637288566705
0.9880509785002816 0.2650464435678839 0.9447960265175918 0.6503194671016856
0.9916730750883098 0.2604393563311551 0.9540615531653519 0.7857752142654048
0.9919144391896775 0.26939466681553437 0.9555047154648041 0.7338076993249407
0.9933481661582219 0.2833197359638063 0.9586544126508041 0.7954343886168203
0.9923264068827303 0.2739591775193652 0.9527265433697987 0.6391617141069753
0.99237910473179 0.27279759656034686 0.9526474548477121 0.6727507043097765
0.9926811807710368 0.31157842344304115 0.9613140518691472 0.7042518919247485
0.9932025002298005 0.32635622817229337 0.9574574721145422 0.5657219370676189
0.9888419686396022 0.30717263188155813 0.9606839268638742 0.7067550505050505
0.9889365506744882 0.2875110543382136 0.9585404530962022 0.6345285185657777
0.9804871746634723 0.2800020812195947 0.9544323836314696 0.7209081780653799
0.995392210517746 0.2533915211970075 0.961422809569654 0.6892968828810653
0.985245085703101 0.23681551828652253 0.9574647593828858 0.7158125800297906
0.9895505616726229 0.2446027633851468 0.9644209061704987 0.7735753908219869
0.9877118516979795 0.23660093540639615 0.9615220643454769 0.7479747974797479
0.9842147646866363 0.22110249237029503 0.9593864504226198 0.7602062211697378
0.9916473891272451 0.14400430886745336 0.9576301797128839 0.8176726661744864
0.9923343797196807 0.2180221111615932 0.9655246656544509 0.813579731157693
0.9913471262943349 0.18971577784473234 0.966794896531764 0.83167742403365
0.9885289813050562 0.20233911220059658 0.9619417013394941 0.837390254099503
0.9830550377407011 0.24955527318932655 0.9643770303380685 0.8606066257897559
0.9876779163650352 0.3236423477783873 0.9707848490151135 0.8279485437717585
0.9883341417587993 0.24574176289323085 0.9640493301240307 0.8143516125183918
0.9907475264633802 0.24708504801097395 0.9685883209802494 0.8621073060283831
0.9859823183605125 0.28308243727598564 0.9677940080729506 0.8874132029339853
0.9893230572025926 0.244869542154295 0.969477079695777 0.9128200155159037
0.9819732715534952 0.30443904593639576 0.9673182791933331 0.8982304958662468
0.9876995790909304 0.2543688606011552 0.971990370855567 0.9313208781622565
0.9867852065809433 0.2206004457457501 0.970745807995149 0.8789553819674302
0.9923868344948846 0.21059827643354326 0.9743707981027016 0.8832019720411275
0.9894691192155471 0.17011608026635472 0.9712854076567329 0.8786656066719667
0.9891655989357054 0.21251213760577056 0.9704751847596167 0.8467104530780363
0.9892709978432478 0.07490245894201979 0.9711225330878364 0.9078608425892585
0.9873882171559291 0.08172451735520656 0.9709363613909736 0.8957257239978224
0.9900453994318139 0.10580426211508709 0.9744595121178264 0.920499217587115
0.9917947011625338 0.058335265476466495 0.9720341565584172 0.8978094247926691
0.9893413992554926 0.018309128630705395 0.9674982643726855 0.8566735599500237
0.9883675967059178 0.0007439469768700122 0.9735646984315728 0.9055847653244422
0.9912467090612322 0.0 0.9766978602131582 0.8719664864338253
0.9856740137489902 0.007452258965999069 0.9689074074225132 0.869208749062005
0.9877078631215651 0.01015269006315453 0.9687141536072228 0.8637250245937786
0.9913987197039031 0.027842720510095644 0.9709073846460485 0.8777682147704327
0.9915123855413185 0.0 0.9718629456934299 0.8824839747334314
0.989218057994388 0.01576688129437015 0.972597638172962 0.9129420512783127
0.9872384035194061 0.0065426997245179065 0.973777392596261 0.9381843018482617
0.9867757288668019 0.004357119368628741 0.9736667274798886 0.9485749931771219
0.9849199738649456 0.030640435328589368 0.9692521598013584 0.9314796834083621
0.9927359713995303 0.0 0.974257247193544 0.9508815358802981
0.9887738381619775 0.0 0.9725829414943563 0.9407950717296218
0.9875217859785194 0.0 0.9634478676779329 0.9135649369429375
0.9882547662900094 0.0031734626669061732 0.9608032314978178 0.9306732303429851
0.9838889282003345 0.0 0.9542313892840208 0.9348761666679141
0.9840534743871695 0.0 0.9429428286459889 0.919628498575867
0.9934716725804086 0.0 0.9500661877108069 0.9198352150466997
0.9888790416757454 0.0 0.929955897319914 0.8921603054567756
0.9922279729558338 0.0 0.9334876432644061 0.9101730588826809
0.9941056292639029 0.0 0.9388296607105479 0.9252443436242969
0.9860452008324201 0.0 0.7760498186756558 0.8630451020278431
