0.9873840885509964 0.0015349361800144558 0.18076369131430817 0.0
0.9830332118834081 0.0010231291317231157 0.19020743624907693 0.0
0.9872091360324253 0.0005534196681505464 0.1959930978054458 0.0
0.9827915579729607 0.002424009079199079 0.19506347374033164 0.0003384476534296029
0.9826725706887818 0.002392101494174649 0.20316319928091722 0.0
0.9840696554052702 0.0023188953554179573 0.1805335168651742 0.00040241448692152917
0.9879063928987716 0.0015299174626636595 0.1833727331312467 0.0
0.9740437125962236 0.0012204949720278904 0.1753109055747342 0.0
0.9872271044591824 0.003195732057749578 0.18757834598519058 0.0052648897663705166
0.9811745386741791 0.0019601635952536597 0.19916974660987583 0.0
0.9887612369164251 0.0025820262712463117 0.19094324422720899 0.0
0.9803008970346825 0.002227201977301703 0.19770784473970354 0.0
0.9885457982726026 0.0023679059905400263 0.1956264501160093 0.0003056234718826406
0.9792956818148281 0.003201913130874655 0.19757363545916595 0.015261879986125564
0.9880704920983654 0.0018783994893747796 0.20527130000962993 0.017900144485471184
0.9789286605517988 0.002350454408197855 0.1889383971431099 0.0
0.9861591946991629 0.0040469226135726195 0.19664467329940458 0.0
0.987508580262571 0.004901334521775731 0.1968176111369379 0.0026383114806523824
0.9860402511272515 0.0036455290993854077 0.2071178640853731 0.02990188444167575
0.9810482662905687 0.003697090855448224 0.21088265792923508 0.012409731473042137
0.9821030818290918 0.004376297912961096 0.21288226397682705 0.014557118184061189
0.987044959615641 0.00439664090549504 0.20111284682758854 0.00648692479221569
0.9862218426266465 0.004707209484896791 0.2191037282462429 0.022363945578231292
0.990193004560824 0.005002573469413374 0.2232074291192633 0.03256
0.9914811991073884 0.004141440326465079 0.2214446199796985 0.01990465835912018
0.9924202771223747 0.004640213865130155 0.2214710183710553 0.02615202835762111
0.9837517678705133 0.004601299748588777 0.2251658627531196 0.03741729409080539
0.9881212915472053 0.005051082284067026 0.23470612599589055 0.012384228631913205
0.9877600448286453 0.004469161635027525 0.22773459788975536 0.0017562346329469617
0.9913603384873139 0.005457860870658758 0.23501373378381862 0.003394712478140109
0.9881777220208482 0.005202882516520647 0.2278268635769194 0.012113707332830839
0.988640074305742 0.00455998790585075 0.22951594215744622 0.014592496765847347
0.9887525612314425 0.005458990623332713 0.22987079785847234 0.008061344868265827
0.9923406783760127 0.005263136240863825 0.23646123519925524 0.02339626230443673
0.9908911221916341 0.00580884151740247 0.23521185074683473 0.013756265320308785
0.9905859036293819 0.004849682392947258 0.2352569091888155 0.04005612065941775
0.9909035838631316 0.0051594673897856 0.24070017380930342 0.01628759023470091
0.9911592017434148 0.004642538045179493 0.24438246592643267 0.01476161978854977
0.9921325284564869 0.00326521141000779 0.24075626471159356 0.04331033285596494
0.9846737460697618 0.004164917110920948 0.26026505460193905 0.021372255163875677
0.9858502657137846 0.004488897628108133 0.2534920492388898 0.06274251409327183
0.9815108280754776 0.003096819159443962 0.26500019822252696 0.0497153395878438
0.9926166490753636 0.004280756406722171 0.2600509770603229 0.17670286278381048
0.9921270191099867 0.004071714647805675 0.27152584910997435 0.0986640385457731
0.9888656516434053 0.004185230753121646 0.2675304559124373 0.12162954279015241
0.9884331417087907 0.0046227591119553605 0.27973737467177523 0.0634008478568064
0.9856835662036763 0.0046499427448146394 0.2775514246637276 0.1495175105713976
0.9866342255503573 0.004606993917964422 0.2813277394289476 0.1467274678111588
0.9895495885553176 0.005917166047020869 0.2840056058445726 0.08106680749933985
0.9950460196663478 0.005846033208273699 0.28333945754245904 0.04488517745302714
0.9833501802300079 0.006602620425051074 0.2847286413511884 0.1565713122264074
0.9890058996119506 0.005274355061882339 0.294826976858539 0.18048196889420612
0.9875945627657239 0.00727319991912495 0.30018391270607003 0.1288154805278925
0.9873407944920319 0.006805243306829175 0.2990138956759263 0.06411073145306075
0.9918938996944558 0.006824377418143189 0.3107304901075769 0.1031852848811126
0.9847722825923362 0.007123439795481625 0.30962762717267456 0.14983351831298558
0.9879568081545899 0.007849755354369927 0.31328000178320237 0.13136475487412455
0.9921528602342113 0.007649010715270449 0.32283981320842237 0.12816901408450704
0.9903582065200042 0.0075426118568629255 0.3158892717577531 0.10716507028237343
0.9875420962159074 0.007796239756514121 0.3192560888419782 0.12313641968389194
0.9876904214416495 0.0075386781954442945 0.33524416153025605 0.1504212617302555
0.9816342971733927 0.005957620004578871 0.3532917272391377 0.14608866167098536
0.9947800818175568 0.006896056136670503 0.35165540425269187 0.11832147294702361
0.9866630337903677 0.0069555296332678455 0.35566071544927347 0.12287917737789203
0.9902999051957361 0.0077731864391482886 0.3594416099334517 0.11284317132502607
0.98715747092432 0.006553179168487363 0.37669111257299254 0.12212444032731203
0.9893691788940729 0.007730960065331346 0.3527466504954332 0.14153726275950354
0.992101998653963 0.00603260105799368 0.36864629555635003 0.11603313840155946
0.9850578086121807 0.006334312228970175 0.3752053625290395 0.11922000621862924
0.9896052851350247 0.007250648124481631 0.3740943283123394 0.11213195082469266
0.9885071482263579 0.006931532894253091 0.3838967468738309 0.11777138231855383
0.9875097176679519 0.006610003277579658 0.37967244854236426 0.10199229023309435
0.9851184880661699 0.007010264704886479 0.3793623890938191 0.11433447098976109
0.9846251065702428 0.009074689429664856 0.39082999334244756 0.15282303295764116
0.9843502638918584 0.00747182310069931 0.39665736752277286 0.1365814696485623
0.9874862246969434 0.009408951005238518 0.40855828026486707 0.10620711166562695
0.9925056126562235 0.010245584988962473 0.41820252327625396 0.1412837067983289
0.986298536289697 0.011089645691225017 0.41355132401732037 0.09015309672929715
0.9849073258957377 0.011936467281670029 0.42594662923132626 0.1250820621741649
0.9917897782201758 0.012213585776930465 0.4205247364431613 0.09080129640852679
0.9918430117964242 0.012686595790511093 0.4291385451291435 0.07384918004746531
0.992046451180343 0.01275230946447528 0.4290950035004856 0.06595475237019544
0.992619334891788 0.013432510447765809 0.4432370951935822 0.0673639868627731
0.9922913858495137 0.015935667064320508 0.4365480548356041 0.060813242173443686
0.9910849632500554 0.01410293029354868 0.441749921127353 0.049004817752688695
0.9932175028847939 0.013294358432316123 0.4534166603450474 0.0528200182320223
0.9851633402863096 0.014990972195691569 0.4665246057043807 0.06655223783923829
0.9939221368809731 0.014120569065624011 0.4521491918786692 0.052277100705580504
0.9903346941851552 0.017072057914000953 0.5513536531569677 0.059842652667726905
0.9909148321692051 0.014005048331375263 0.4725801738504963 0.06826345376351015
0.9926127352082824 0.014658803081059801 0.5448901075526024 0.1171914241150501
0.9865025902742287 0.01273353713318251 0.4422845198771256 0.1297221834426916
0.9885851732218709 0.013840225082584886 0.47125808210516734 0.11953330041836654
0.9905504452297496 0.014457386135432565 0.49282990041060265 0.14506757806431567
0.9922160528746318 0.01359610414408292 0.457955345444982 0.11257747933884298
0.9933935272468813 0.011404665887762408 0.4600565733513109 0.11731446971425674
0.9875544530347848 0.013486936692432954 0.4678933479802744 0.12381711855396066
0.9926686889862479 0.014218717052455953 0.4749079345556682 0.16297522942109985
0.9924948724418041 0.01347035432388091 0.47246003781128326 0.16150931480896746
0.9919186338280994 0.012821619202863808 0.4928187392694605 0.1919323115745723
0.9970279726587917 0.015004059523240963 0.47405979772885165 0.19082254786608194
0.9908916581062696 0.01433072321013297 0.48467507126142173 0.14762025960804276
0.9885558389182136 0.014871791569539067 0.48135935348293285 0.1407683137483882
0.9901300390117035 0.011405226818604466 0.500786213732102 0.15109388603364507
0.9867714270431542 0.012185771733668997 0.5248330706577317 0.16367917586460634
0.9835552214665636 0.014054603060156266 0.5225797194158732 0.16747400756143668
0.9955257270693513 0.017213683197463768 0.5455852587481677 0.19264556410628722
0.9913343130796128 0.016648485889973925 0.5662442446831835 0.20012296341838304
0.984903576473602 0.01787819396845905 0.556272316303668 0.26977267611973893
0.9818429775315256 0.01754914117020616 0.5703171880184397 0.24081211013548412
0.9836065167349883 0.01705573182303404 0.567004414461711 0.21033442709886976
0.9885600258575613 0.02173753126379285 0.5943434605290795 0.24332616144712726
0.9873917649515978 0.019769521938082506 0.5991084949250995 0.2299739759723361
0.9840391084680417 0.01894012244767125 0.6064689632320929 0.31859564408228963
0.9899488543397531 0.018641969132251045 0.6219227629841533 0.2847213338450386
0.9861744400406155 0.019893921859185964 0.6331388308840953 0.31946144430844553
0.9783904886472788 0.017245510064778022 0.6481941125806789 0.36715498135034325
0.9790157634434463 0.02300632866985673 0.6547110437164537 0.2532135096313211
0.9864958524444924 0.020549638576041005 0.6746791067939893 0.2763469871637642
0.9867557943399763 0.017550404381017865 0.6741246333369827 0.2843820137760235
0.9945070950566468 0.018923978729191892 0.7033022412200155 0.2621487603305785
0.9837881982328281 0.02145263786411908 0.7192208499406297 0.3264236902050114
0.9896506258938096 0.0312215832103821 0.7359339555702766 0.28693486590038314
0.987869579585472 0.03450784845784395 0.7600273962177999 0.30587410279679894
0.9818596107196119 0.03277585278648242 0.7652026589512592 0.3435052293204147
0.9912746024703741 0.04014948899572945 0.7970425427214209 0.27595405705816967
0.9899673962718901 0.03461064643713934 0.8107655843488846 0.2916650786996456
0.9829554611014867 0.04671205940483953 0.8326480285366628 0.2658724740578919
0.991184157897782 0.062064747417249023 0.8610081032825161 0.2828251719535982
0.9938080686865188 0.09965558011617745 0.9145649417712631 0.32195440270810394
0.9944783890519994 0.09699876688254314 0.9107908559895862 0.3454007968810248
0.9903576667940417 0.09103931399193509 0.9129550568050818 0.47335691465084434
0.9916824287116623 0.09859486455231137 0.9160874998301075 0.4491964042495233
0.9974759088589354 0.10191777374673643 0.9253890501919614 0.6151808091657716
0.9893238945857408 0.09580664552370292 0.9207510557882248 0.7045122545041389
0.9924077036724103 0.10679649163479 0.918391243110692 0.7330368906455863
0.9895199058989477 0.12434710285555864 0.9274091590743918 0.6961456609127453
0.9907392919301607 0.11480957888874609 0.925160068363859 0.70220617729643
0.9918184249263393 0.13622241095713686 0.9264870918090637 0.6513480828057195
0.9905933917734322 0.13116555213978598 0.9244026641585721 0.6744496800056263
0.9935434709480306 0.14435919295254335 0.9313331216848287 0.654280245528348
0.986271578088895 0.14145490836906813 0.923471690050339 0.6081147040878585
0.9920553714334842 0.13949224588938713 0.93246446724154 0.6868748724229434
0.9940653467221053 0.1524666414366462 0.9360321125948254 0.6311833918560956
0.9892350472992669 0.16988568692214187 0.935062596125495 0.6800899165061015
0.9884412301660085 0.16868129946729768 0.9328308792257936 0.7029940119760479
0.9936808112438992 0.1771213696708824 0.9314052757108104 0.45370637438707817
0.9905447431476188 0.18136912612822303 0.9316963714417659 0.3957399103139013
0.9967137315407195 0.181304353099567 0.9241314057432669 0.31163518559191744
0.9920431239582814 0.186091175578692 0.9385135086674938 0.6488798829224361
0.9929584461088509 0.18905210955404442 0.9413145108223309 0.8062551327675883
0.9887798510661677 0.19455068086039318 0.9366939929814574 0.7557187418767871
0.99261463195227 0.17528937775788195 0.9401346460926153 0.7349586362496866
0.9922651735400739 0.20766235949969605 0.939214424111601 0.6118089813355032
0.9897585319809603 0.1855560994324571 0.9357998817168508 0.5662591249048323
0.9939677243011655 0.18092977988721054 0.9417662700917158 0.7061746315319339
0.9920566627860302 0.2063404530047883 0.9430484108497089 0.7654943292473365
0.9858070825383717 0.21370217022813795 0.9419783691861272 0.8195943029779887
0.988654819100313 0.22869739024424818 0.9434129371559539 0.7283858998144712
0.9923239905421642 0.2093771966821313 0.9425335597977559 0.659604190919674
0.987498038517658 0.24349176201028053 0.9451697640251844 0.7015147872084636
0.9890621138575312 0.25658088355514863 0.9518497353767535 0.785514733013547
0.993358913297894 0.23211166765304503 0.9486380027007464 0.8080933599870334
0.9971788819832297 0.2573699130946664 0.9529982640911431 0.7003935049075037
0.9924637055401572 0.2557725626082848 0.951120124222268 0.7445410719349655
0.9893153841067208 0.2447009057887719 0.9482944691327874 0.7651717557251908
0.9921248802103431 0.2530156073063857 0.9541293055738242 0.8232717861941969
0.9893166923225825 0.23975909695001935 0.9516459030515887 0.8127326524768541
0.9914819575616902 0.24391797863957212 0.9527568215264165 0.7849243962988038
0.9878360356727129 0.2404190697198239 0.9519557653414231 0.8616905539000047
0.9875063469967911 0.23194410193177148 0.9495566793179733 0.8513915158065388
0.9914574043111993 0.2221102685121352 0.9549362341271062 0.8694434405493314
0.990908475672774 0.22984206956690242 0.9581554227156277 0.8832278340932229
0.9926723836372457 0.2531660321653329 0.9598971786729206 0.8638384351581354
0.9917303163644118 0.24766042102271574 0.9607205047434313 0.8768805118450631
0.9919582889447757 0.25362053338989915 0.9593979296328591 0.8780777923159272
0.992072854244326 0.2715025442155522 0.9635380773137758 0.8354776396836389
0.99274636284042 0.27727055509444404 0.9651301128258657 0.7693587827740797
0.9885460511583055 0.2722689962786033 0.9628964181929504 0.7804995043330881
0.9883006810289031 0.25981599433828734 0.9641887880409343 0.789463632022919
0.9802016103899047 0.2518093117290281 0.9603486831726061 0.846003640575873
0.9947733733792595 0.22973880052531737 0.9689746129015071 0.8216825724879947
0.9837090923733051 0.2123528196653584 0.9631494110981548 0.813600958657879
0.9888064065223565 0.2313334793080797 0.9680906818495068 0.8116818315233343
0.9872597243328268 0.2137255623872464 0.966327325004839 0.8170190622261174
0.9832915999722389 0.201391746791874 0.9631097897650083 0.8094346587912667
0.9908802881971425 0.11555937274893334 0.960063095577673 0.8274576797639385
0.9916095911282397 0.17734152226365432 0.9682526459706702 0.8265554135658624
0.9906179391112104 0.16288463823214921 0.9689627904178235 0.8373149640920416
0.9881865667354578 0.1569582504970179 0.9635761589403974 0.8527397260273972
0.9820638047779083 0.2374930812790054 0.9655289923681027 0.8592049329658523
0.9870089984610814 0.3137605625115648 0.974550166999749 0.8521353130261748
0.9869813590903567 0.19195491643995335 0.966907587682931 0.8695726168442998
0.9897168155343304 0.17397800373521477 0.9707484833922165 0.8901737743451981
0.9859828398461503 0.1226087288556264 0.9669509576845706 0.9181858784359901
0.9886716552040771 0.157085205208254 0.969642332058004 0.9205900816070307
0.9812986584854827 0.046480216113141584 0.962538101639868 0.9080300706885589
0.986707283952214 0.14200450948317786 0.9719433616790784 0.9431229653743711
0.9865653057212137 0.014302913556465206 0.9698035810035099 0.9140251170343243
0.9922087206006771 0.07080556644453155 0.974023785706712 0.8900148982498649
0.9896974358413558 0.0 0.9715607293352163 0.8938478987217607
0.988551960452227 0.0036550542547115934 0.9731436097048933 0.9019301456910279
0.9895082342804064 0.0 0.9724288751808943 0.9246586934446576
0.9872649415381457 0.0 0.9717225265871737 0.8979670887428541
0.9896625389923434 0.0001208532237597438 0.9753840123116234 0.9234053464965702
0.9917807418921819 0.0 0.9736754393733245 0.9131781606358296
0.98935554075741 0.0 0.9747783963397161 0.8924209507299886
0.988378744889125 0.0 0.9771819590221439 0.9136248566544778
0.9909628444131336 0.0 0.9803729090445545 0.8933596766590779
0.984710240220552 0.0 0.9724313329867319 0.8741934880589478
0.9869713186827089 0.0 0.9738491167999289 0.8871304606188775
0.9909624846674877 0.0048854630333297145 0.9753427180503151 0.8874796310917735
0.9908367035819128 0.0 0.9751330755307994 0.8869850098991232
0.9887487030295722 0.0013961605584642235 0.9757201642618301 0.9174224273514324
0.9864822135375332 0.0 0.9757565473353179 0.9372996822665908
0.986262777393443 0.0 0.9765698332089822 0.9496068340343269
0.9840670336726997 0.00511770726714432 0.9709725916502834 0.9354882681696686
0.9928609718096059 0.0 0.976497474395012 0.948107008330813
0.9879878421572327 0.0 0.9734973194349704 0.9378796190096245
0.9864291425194543 0.0 0.9631461027044694 0.9064828418511911
0.988788815968931 0.0 0.9624281611194113 0.9285301523094068
0.9838397138101508 0.0 0.956121650379281 0.932462516528586
0.9829243358845137 0.0 0.947266273895807 0.9177163107388875
0.9932414772587176 0.0 0.951070695998413 0.9174830576916324
0.987954417754013 0.0 0.9142645113412706 0.8582675289717845
0.9911196313220189 0.0 0.9297175940431649 0.9009110582125082
0.9935122275172047 0.0 0.9370236391300116 0.9204317263798444
0.9855853274775546 0.0 0.7672671337332055 0.8537903407658942
