0.98490874173988 0.0011762533798673068 0.180928074357949 0.0
0.9812808088876743 0.0012184637336694797 0.19010736900064237 0.0013954786491766676
0.9852928181420745 0.001288928368362373 0.1959984050102575 0.0
0.9816424737178282 0.0025713931753835184 0.19436709275333144 0.0004486987735566856
0.9814741631535435 0.002959612855031748 0.20308431916150596 0.002422661200149087
0.9821108618338779 0.0024742856299590243 0.18029311442623133 0.009390503189227498
0.9860150226726873 0.002504140184952687 0.1832229684987229 0.0
0.9727800344086636 0.0026799189991076667 0.17590707352315127 0.0
0.9848479836718893 0.0031777407288495533 0.18793895474664543 0.0024249207237455697
0.9792043855282484 0.00275009671369319 0.1995967633124005 0.040086935522820576
0.9867237244483402 0.0029810798606444274 0.19078142754967134 0.016798009124844464
0.9788951916254625 0.0029396507003285493 0.19770949608605284 0.0
0.9868623818745111 0.0027455555652537386 0.19498672424898172 0.0
0.9765199790457968 0.0035338209928121533 0.19705199918089705 0.02903739061256961
0.9872193321937659 0.0031991482058791113 0.2049829211895035 0.03900536323744515
0.9771289448857239 0.003504809377312201 0.1885185271335861 0.0009219422249539029
0.9852022337165215 0.004681482824218792 0.19648792607247095 0.0
0.9866995411437866 0.0050528945513861065 0.19617602614618265 0.0004185851820845542
0.9849906572669487 0.004388207696442116 0.2064801726356635 0.039119804400977995
0.9808138681117748 0.0043440169009566175 0.20933823430024862 0.05816117625162851
0.9812860217632282 0.005044305733163924 0.21184337085233157 0.02535077611333288
0.986587667858822 0.005070328401737704 0.19898480027136603 0.0
0.9859208775629964 0.005407127662565246 0.21650993278202982 0.016622633201232938
0.9902629493216467 0.006527928161436102 0.22364778016527853 0.029392511128567687
0.990732974392707 0.005419496825141621 0.220646601990734 0.008525149190110827
0.9923854421631333 0.005930297129556989 0.22033593036901813 0.022787456445993032
0.9838429007210205 0.005596781403665624 0.224233966365877 0.043652890814924426
0.9877553399869415 0.006519019177688448 0.23318475102800737 0.005277208667039176
0.9875875115597892 0.005658768534241186 0.2273208031838208 0.0
0.9908160705749836 0.0065017900067288765 0.2339591707768063 0.0
0.9883848153876357 0.006072605766351322 0.2282710547731781 0.019126491176180618
0.9885739578634463 0.006259682834517533 0.2292411550649994 0.009943181818181818
0.9888176495578332 0.006683229230167556 0.23059317380978375 0.007870350780688021
0.9920891553663369 0.006984449889808436 0.23618367980633015 0.020871281117182755
0.991114289259864 0.007444262630394763 0.2342205118288705 0.0074672503138176315
0.990602336046824 0.006417168151923154 0.2348867013665026 0.03778732296261899
0.9912788847936643 0.00682363015469515 0.23945940528855103 0.015878065710319297
0.991208670095518 0.005902347682352405 0.2437075408877173 0.019317798041202296
0.9916252059801111 0.004378063532107007 0.23841467191646906 0.03520436301243949
0.9841814307458143 0.004519148764429679 0.25821742171108863 0.05206687730384413
0.9858448451787607 0.005573884172480457 0.25281062608605726 0.05574173369079535
0.980904555897227 0.004246094137764301 0.2639086019497255 0.024472756064204994
0.9927463456921513 0.005483045405356707 0.2599162888036275 0.13994338994338995
0.9919331397185761 0.005376577064095098 0.2712666095896985 0.09234777574061565
0.9890478131288687 0.005488319140787681 0.267205363277077 0.12529982866933181
0.9888027385361065 0.005610682009804129 0.27917432524126884 0.08987512924520799
0.9856978579016306 0.006071077776679405 0.2772360903304243 0.1639577986883376
0.9865604378959143 0.006017636661944259 0.2810181444762415 0.20335292836925756
0.989107309687188 0.006793681589558045 0.2830042038534309 0.13042493773114952
0.995214416329015 0.007450578993975405 0.28380233565597274 0.0924956369982548
0.9832873790283112 0.007047439519765036 0.28398915582897044 0.18354860639021073
0.9884442885230345 0.006906795395469736 0.2929269266809014 0.16952280516741366
0.9881200248003683 0.008715196652441021 0.2999726757133535 0.15927796483352039
0.9881045641057704 0.008637354594053315 0.2982609043234817 0.07903717245581962
0.9911084960423446 0.007967343670362517 0.30987329829881155 0.08976473175021987
0.9844896485315359 0.008839339684682446 0.30850751779531765 0.14573904047588257
0.9877668328284877 0.008902462722034795 0.3145518196451678 0.1328477982331917
0.992152117915917 0.009718046138767528 0.3231138467540712 0.12682184033065041
0.9904463418036682 0.009368803701255783 0.3151531587769122 0.10082110647462647
0.987853985539065 0.009250572184939734 0.3192443442934102 0.118680402548681
0.9879227700594713 0.00956498323453575 0.3346644063742831 0.1322617846331267
0.9818546424017619 0.008307600889800811 0.3506524549733793 0.11890606420927467
0.9949958172255738 0.009121712621369 0.35061946629220336 0.11489460273337966
0.9867311502209744 0.0089777135001712 0.35629071922997424 0.14844486333647502
0.9900967783321948 0.009630336784794503 0.3589498787257248 0.12190709617180205
0.9875749840238238 0.008598561777124536 0.37668605038683445 0.13660714285714284
0.9893359959361907 0.008722019219975253 0.3515295277409815 0.1588996575938715
0.9927245908828161 0.007517169679331841 0.3668708245484027 0.1136518235571137
0.9852016330533006 0.007761870155354829 0.37454012720875257 0.12172284644194757
0.9902165299065719 0.009071733531018866 0.3730945570909604 0.10911770899136661
0.9895079114888369 0.009056027779161957 0.3809916209353886 0.10077204388459976
0.9879358597081256 0.008998652029068152 0.37958594836773446 0.11301425332037576
0.9857050654935033 0.008950674326649503 0.37943552255111274 0.14259045736561796
0.9853325946870226 0.010897818051746751 0.39156994792769345 0.15947572706305901
0.985010171754946 0.009825010407282822 0.39537201027808494 0.12933571110120373
0.9865855042782932 0.011431589695682637 0.40394933890400864 0.11176630329363386
0.9922717547393479 0.0126955666734145 0.4184759855010403 0.1551016321217583
0.9864171997498917 0.013980677720103923 0.41229789999277966 0.10147729345248951
0.9856593382210959 0.014385087751583323 0.42117697543299204 0.11065344185586713
0.9920634731224881 0.015755422737036427 0.4235380048972366 0.11118930330752991
0.9920315368394571 0.01616570733064199 0.4324981953753378 0.08681842244573848
0.9924475881026202 0.015903410192551353 0.43121348724748965 0.07499305105160753
0.9932015109848029 0.016195607358438995 0.4425884429958579 0.07341994130699306
0.9923524063700618 0.018345733014403086 0.4347773222249782 0.06216655773586053
0.9912584117887364 0.017117280688387353 0.4439880692411846 0.05358514321687126
0.9932835750744964 0.01712123869580255 0.4612984441735971 0.06256773028296207
0.9853450466773088 0.018397075039173583 0.46903995165102236 0.06981925807685273
0.9942157292565302 0.01747201480381042 0.4510259291158586 0.05268175515055468
0.9905125014861001 0.021739130434782608 0.5488096622665039 0.057618236604218526
0.9907505607243483 0.018003560925310087 0.47733448228652425 0.07482380647283936
0.9929451674041132 0.01894165385114228 0.5472051058107871 0.1274074501210933
0.9867741587409246 0.0158184980939339 0.44288216311410505 0.12222539525948234
0.9889352646931758 0.01700418750357431 0.4694791230655092 0.1099971558589306
0.9906295306040248 0.018016615162338965 0.4885811001410437 0.1111965334078837
0.9920546158069178 0.015903276351350335 0.4579926464785716 0.09945924204504826
0.9932502026866675 0.01608094325487919 0.458956938730996 0.1009816474605207
0.9878063774237176 0.01751940459815288 0.46496937703405683 0.09996058827189944
0.992985062010168 0.01813240392394511 0.47168067233621935 0.12186919640616373
0.9927562744139151 0.017674963432696228 0.47028988110205105 0.16010053599006752
0.9923192304025736 0.017129835021208822 0.49013110204419774 0.17937144767636243
0.9967342659192512 0.019007812800677367 0.4680313283599923 0.15408831548472327
0.9913345196788534 0.018156731310932234 0.47940954079156745 0.1295646238603676
0.9879740201843913 0.018088473960760368 0.4746927720029789 0.11460024551538431
0.9903062056834007 0.01767151425519678 0.4948008352410728 0.12706594854487877
0.9859409811132434 0.018115195038072057 0.5215239570685988 0.15565332890586087
0.9834780326591782 0.02016981470990563 0.5171264735322518 0.14670995449665117
0.9954718533289395 0.022366156914306892 0.5419928353456283 0.16114233632082636
0.9913825868407685 0.02227031581458988 0.5632514638985094 0.16054896865356505
0.9852093350363543 0.02215793998921613 0.5545457357921215 0.24769782413821204
0.9819408923510842 0.023398390410058624 0.5661921161907386 0.18353515272004337
0.9833002776675922 0.024495965131036117 0.5657504828578609 0.18491952414275717
0.9886798292302759 0.028443669432479876 0.5929757322555671 0.22198930172039902
0.9869771127757128 0.028266111761933353 0.5983014567621587 0.21546344347369112
0.984156162906144 0.02514104464030367 0.6077835812641493 0.29698919788554357
0.9898933133632292 0.025137289231658554 0.6204286756911473 0.23088275672707304
0.9863134652211416 0.026581206246519457 0.6330137565013839 0.2702081268582755
0.977938236770542 0.026055776174098832 0.6506529417054987 0.3770710552652063
0.9788839692918211 0.029167250478725888 0.6574920308083653 0.27719821162444114
0.9865240721476488 0.025343333341468714 0.6759615780195066 0.2997485552957784
0.9870470671389131 0.027071988481453826 0.6776553168468221 0.30548379031585965
0.9932349516185464 0.027703468118940366 0.705699456717921 0.2935481246440485
0.9840314762924759 0.0328671249347762 0.7215178240501637 0.3149226059586944
0.990178788102941 0.0387751115652187 0.7372708757637475 0.2768652358008468
0.9884272407133932 0.043094695141235415 0.7602447318694804 0.28604826546003015
0.9823025955339816 0.04095754564411014 0.766037640721097 0.32593907128068617
0.9916817029616892 0.04961379076488749 0.8011883615122426 0.3198230765959257
0.9890986202303274 0.04708557842643201 0.8134888271459881 0.3301474722138131
0.9833269543584346 0.06507905366997167 0.837420685610565 0.3180266579973992
0.9913854149503111 0.0799265930987854 0.8659723167511268 0.3335873881824381
0.994428666145488 0.1274708901837924 0.9216326216265704 0.43843201754385963
0.9949129078097303 0.12044242582038746 0.9178953175205796 0.4925501785494397
0.9910122464923047 0.11637421231216674 0.9175495883420051 0.5708707268616839
0.9920295736576092 0.12612979399071736 0.9180034664601542 0.4500854153320521
0.9975313889419192 0.1314092211513415 0.9256742808995714 0.5513806581767747
0.9898143698869635 0.13100861060023408 0.9236384274134803 0.6570669029685423
0.9925755970302388 0.1353675938776707 0.9215577476037058 0.7358691206543967
0.989758899371525 0.15231491102385458 0.9290395658564737 0.7057695381173086
0.9909575838105485 0.14661535618389154 0.9284515363784884 0.6817797587028356
0.991928081506983 0.16800408837856645 0.9284704880112925 0.5967115484205076
0.9910949566189258 0.16309144268732978 0.9232263813047032 0.5110134491157471
0.993842388290048 0.16855946035405706 0.9305426135475916 0.5341684434968017
0.9865103500043305 0.16601419133839002 0.9221951217563659 0.467929026637935
0.9914656228364489 0.17332393390128206 0.9300212818419685 0.4698155521991853
0.9938720778047192 0.19476087537344247 0.9347899406817997 0.5070083329319397
0.9900490712506819 0.21056188334746334 0.9340558035482275 0.5132127955493742
0.9888032416911017 0.1975458818527529 0.9321801591026629 0.5281561091575454
0.9945372035276993 0.2037482268650975 0.9262147966951414 0.332475768816561
0.9913802344732149 0.21032002690606164 0.9247195533575889 0.27340048870493194
0.9976474040742461 0.21162560356568033 0.920964360921702 0.2550283191366008
0.9927263929936065 0.21811842272093318 0.9243557220986022 0.29956830095590503
0.9937980532744679 0.22680670480577844 0.9420255334983813 0.6849140674729471
0.9898255392729837 0.2389431361286617 0.9358575057078771 0.5589031982131826
0.993141731535408 0.20316576795964517 0.9353928017859529 0.5116029222174474
0.9929291757045998 0.23202505326385503 0.9351221219707987 0.45585477458555246
0.9908819431565833 0.22519814883770414 0.93110507706116 0.3913956887102667
0.9946839480845967 0.22309881527566353 0.9299942450095604 0.3586681143684401
0.9927711864506538 0.226839426191578 0.935462001522736 0.47342163510522434
0.9870694343886375 0.23504860308612602 0.933418784110739 0.45845931830676195
0.9901900373339819 0.2551328208621193 0.9414196041194706 0.5654783780472865
0.9934318958367695 0.23985337202682624 0.937695836465346 0.46915851014911647
0.9881522744028741 0.27559671511284417 0.9354991132235514 0.42854264413805015
0.9905496298886752 0.2821408807020318 0.9451808206606048 0.5142205892358985
0.9945932853331656 0.26844753064550414 0.9425096578446355 0.5214863237570961
0.9981357235270991 0.29150898949832066 0.9473634475201138 0.5020636230871801
0.9932100227028985 0.294862772695285 0.950400769211641 0.6448045986188176
0.9899896636810056 0.2707883328550066 0.9444731787528685 0.5685967657798644
0.9928531205027844 0.2799176239662773 0.9480084292268507 0.5619666666666666
0.9907627394002521 0.28004505533971075 0.9478036760223578 0.600313152400835
0.9927524307205796 0.276788027986525 0.9468686824881072 0.5547270725184835
0.9886597985389952 0.2708505231195749 0.9480340862364768 0.6643113381889336
0.9881477217120981 0.2636639432414645 0.9425253542616101 0.5873541518368357
0.9917456164752023 0.26367394349356016 0.9525991575889131 0.7203510082150859
0.9922035138672384 0.27006778451658936 0.954214638089226 0.6814739344540669
0.9932678699632314 0.2871853333084154 0.9573124659548173 0.7405990617105738
0.9926512063027657 0.28029255931812946 0.9521873087943722 0.6035035629453682
0.9924932198494731 0.2758791571837604 0.9517862797737666 0.636166075717717
0.9928550136327905 0.3173770491803279 0.9600174342826261 0.6662424803331791
0.993461040856143 0.32755275858805716 0.9566575510692353 0.5474528120184899
0.989456654372952 0.32067646766663355 0.9608551156484822 0.6827177331811729
0.989569007781725 0.3009402769167183 0.9589561366565202 0.6212421829871663
0.9804975067996373 0.28263777421080793 0.9546703400100867 0.7103088781678035
0.9953807594953881 0.26939632266978425 0.9636775860942909 0.6937484052054096
0.9856578669222742 0.24842042221889504 0.9580701028971165 0.6975310221312524
0.9896594730629608 0.2565024455025427 0.9654998073138874 0.766709368385875
0.9880695829908245 0.24225277978814397 0.9616130531510257 0.7264992686494393
0.9845474565049512 0.21897137774389275 0.9587005992956731 0.7456091339730353
0.9920483400367137 0.14562915051719455 0.9569923125652747 0.7876827340971948
0.9928873770055846 0.22303753200524573 0.9661538885601297 0.8002188715953308
0.9918428407981889 0.1971609909233604 0.9668997142768516 0.8129108816898065
0.988932261463725 0.20740918355113297 0.9612446177874037 0.804858354081152
0.9835120020572748 0.2641574585635359 0.9655000606666099 0.8525833757343078
0.9880019067467796 0.33847178608811496 0.969985445816707 0.793228413787487
0.9888007278857861 0.25562436583744447 0.9641106883990936 0.79405821318929
0.9911074690506154 0.2509691971523226 0.9665879671090124 0.8083772021513141
0.9862462482271843 0.2873492224967301 0.965457371561438 0.8303386253097182
0.9896970680253557 0.25312467897133856 0.969937439430917 0.9011944999231832
0.9823799437077445 0.30566832631175794 0.9673074571461595 0.887594705613875
0.9879218334640342 0.2673616680032077 0.9722631889783484 0.9044296062768991
0.9870520586595241 0.2164763823595254 0.9702865035301814 0.86462497348627
0.9926720574200684 0.21438395669728028 0.9746969689472547 0.8711032713277742
0.9897755404981888 0.14077599884609837 0.9710389213636278 0.8642758865563002
0.9896871916466621 0.12075412901215332 0.9691669613077829 0.8216038170629218
0.9895051764755662 0.0 0.9702021614995625 0.8952367898019327
0.9878000097609934 0.07624913715286996 0.9707360571995771 0.8798910124575905
0.9902164652743121 0.06006686077860455 0.9740382363156151 0.9088307595335644
0.9921769731235848 0.023933722000613684 0.9721364573933221 0.8857872868809399
0.9897675142497028 0.0 0.9689350172511665 0.8469329971258535
0.9883052276882602 0.0 0.9734673092470679 0.8908238870242543
0.991440982723725 0.0 0.9762974264732764 0.8579053982700191
0.9859530008230118 0.0018194420377750822 0.9691736431794137 0.8594640219455582
0.9878192728252633 0.0032749159143211186 0.968625707888845 0.8534315789473684
0.9916508247063984 0.02096811910515239 0.9715041181756124 0.872510977649259
0.9920340110682137 0.0 0.9727587082886262 0.8805313866795337
0.9895783875578734 0.01157590107866351 0.972799673062439 0.9080324351841751
0.9876759529234149 0.002462604888726742 0.9741853254429788 0.934842921819788
0.9871938982838924 0.001958689458689459 0.9745602106857615 0.9472832024137752
0.9856594043060442 0.024108834165662132 0.9699738948864279 0.9313199448106699
0.9928655810903485 0.0 0.9752974033549573 0.9514314900196019
0.9893105324562615 0.0 0.972943622899781 0.9395889133286449
0.9878174580022567 0.0 0.9635386239903457 0.9094438334436056
0.9881076346770873 0.00012827913539862742 0.9614818554186905 0.929154547858276
0.9841977405127479 0.0 0.9548267426441805 0.9327239693569837
0.9844477445702617 0.0 0.9427578389599038 0.9167677852705005
0.9938337401865405 0.0 0.950264859271099 0.9186581217792441
0.9894151590786402 0.0 0.9323957243653489 0.8948573020737969
0.9927830588464845 0.0 0.9353240904498681 0.9115421188540321
0.9947514158165282 0.0 0.9396359595002862 0.9245094568625468
0.9860635454815402 0.0 0.7787778129548946 0.8655776281148433
