0.9853181854663762 0.002500314769999792 0.18095547976846105 0.269575612671847
0.9812437229942778 0.002840994438180081 0.19022592586974554 0.2722209329310745
0.9855094032497166 0.002408525086780716 0.1962559514063458 0.32670533001933166
0.9815595880333496 0.0036178212162319913 0.19469015234689002 0.43261376896149356
0.9812937694367961 0.00359284474973873 0.20311874007870923 0.3399105498553012
0.9826296774284629 0.003554936849732151 0.1799415098602665 0.3500793231094659
0.9864812682837021 0.0036017805765583464 0.1835957264586203 0.346172363986519
0.9722779439514757 0.003915953864499826 0.1760116212544645 0.40191275950548166
0.9849510947331281 0.004582199301023722 0.1882870322879462 0.41325882651765306
0.979444217057465 0.00421961160393191 0.19937209654537194 0.5001370238421485
0.9868911552231016 0.00448564824477995 0.19086256300624127 0.4344758064516129
0.9790046321629754 0.0044680946607391445 0.1974310985533419 0.45150671055963537
0.986890804903096 0.004736332526014938 0.1951192707696451 0.38966202783300197
0.9773414231642322 0.005159999023652029 0.19746923630656488 0.4185380889476002
0.9869179879823583 0.004709549893300029 0.20559373035990913 0.41998083373263057
0.9777821599947414 0.004913268646827439 0.18889903089860363 0.3387027491408935
0.9854965900694099 0.0060640132957355975 0.19750211253584257 0.3402859151628779
0.9862511435341185 0.006333991166243774 0.19665964881304737 0.32260659694288013
0.9859160149291916 0.005345553270787816 0.2058159236534565 0.3767484521898647
0.98027580245013 0.005211888949639033 0.20858982265180495 0.4053398058252427
0.9810114605872625 0.0060207536506588465 0.21329608296952288 0.3374774413475035
0.9873899751354916 0.006251910390296533 0.2007119936625976 0.31833333333333336
0.9861276861775372 0.00597429243859755 0.21848482137604158 0.4107617360496014
0.9898538866432625 0.0072635735026844095 0.2238214549205801 0.39396497151297744
0.9904218914937302 0.006455126593306158 0.22061262434366305 0.31889683350357506
0.9920558562092565 0.007062998447452354 0.21955731222733263 0.31107834877843304
0.9837667889925218 0.006605776507189103 0.22345645678661044 0.38694021619236707
0.9873147320049114 0.007537194900433412 0.2324415456936062 0.4026958719460826
0.9872375709398482 0.006563238977211208 0.22678355288293292 0.30741264391032114
0.9898504785467419 0.006909254070404106 0.23318551012604968 0.24395804833561333
0.9875743682440117 0.006340653295011081 0.22724539163743052 0.25477707006369427
0.9876627271891675 0.006985071745374521 0.23042723562046832 0.24148936170212765
0.9874375817436446 0.007374179654408688 0.23010819489477835 0.2519518542615485
0.9908650517331972 0.00730862615083131 0.23607321807253853 0.24396747100386615
0.9900399385560675 0.007589535355641905 0.233112942838038 0.19767701585883404
0.9898678651861811 0.006787575798520265 0.23481194514979054 0.35502958579881655
0.9902638098688785 0.0070037148431401535 0.23982064982378548 0.28642047106717067
0.9902443745581914 0.006104208445880539 0.24250890718726484 0.34584393553859205
0.9910204450789056 0.00490116467313328 0.24039486348803907 0.31904256930768066
0.9847129689895836 0.004941365086611916 0.2588741453623445 0.4289881085932241
0.9847084636960923 0.005523910159520105 0.25296344962174516 0.3931114104290937
0.9799427180119348 0.004033247879849983 0.2641236880363781 0.3772211517876258
0.9919603865410175 0.005818915191693307 0.2603110042488312 0.5371488033298647
0.9917753201470534 0.005555115344183664 0.2719447958596895 0.5144404332129964
0.9885332552156303 0.006025696531616606 0.2675598996217909 0.5278219395866455
0.9877350051666436 0.00564405902175996 0.2802918978206134 0.450513894175866
0.9849972405754045 0.006132588842095301 0.27696688621668986 0.573715248525695
0.98625132261085 0.006620461035773293 0.2816582935418205 0.5469274846868208
0.9887829023692284 0.007080994309953179 0.2829909880160836 0.4847884788478848
0.9939415666814538 0.007558220373973229 0.2838760482265863 0.4138290479499653
0.9836481106998868 0.007551356304277385 0.2855334270272741 0.5308641975308642
0.9877351168880336 0.007424861882070972 0.2944373798746171 0.590167046317388
0.9874298521357271 0.00929387198830753 0.3008707225157435 0.4865152590489709
0.9870122387031364 0.00961252656904587 0.30155559273743976 0.42060645582001954
0.9904859185758063 0.008457714302135119 0.3139963058980607 0.46076360682372053
0.9841198527135612 0.010339017695160074 0.3130023349546981 0.5707909301910373
0.9871094379247185 0.009269579149879248 0.3177533163985323 0.5078975078975079
0.9913084798890992 0.010242667504609674 0.3270381194206231 0.5096902735011773
0.9901607596148958 0.009813959413615925 0.31970244434454337 0.4991652754590985
0.9870767839975081 0.009311605060909287 0.32351371003002655 0.48396811337466783
0.9874063195682833 0.009319139994765356 0.3393729314578282 0.4590990404943893
0.98116488176034 0.008667846742419917 0.35619619648688067 0.4676918043513823
0.9951607150766103 0.009330983922635466 0.356312803751737 0.5431365030674846
0.9863547780789781 0.008743959009341357 0.35931594576454956 0.5156469760900141
0.9903893743090665 0.009114494479672965 0.3655774359307922 0.4273604209295528
0.9874855689391567 0.008332449206938625 0.38346272051314706 0.5239793189516848
0.989714101912669 0.008667259192022339 0.3563275245722636 0.5957020579129485
0.9919237587820916 0.007753814459537758 0.370773192846982 0.35713321635848294
0.9844003248655333 0.007511268206122446 0.3794215504899726 0.4630844382414515
0.9895069647551052 0.008241947765419484 0.379448556692714 0.3392494929006085
0.9888464507740441 0.008406995563884648 0.3862667282836031 0.28073219397935284
0.9880106699990387 0.00898229361459075 0.38436774079208047 0.2583102493074792
0.9854156212612409 0.008771450644982559 0.38273202198556977 0.3232750147434637
0.985186233293443 0.009950505531734688 0.3941567485439352 0.3286236063052672
0.9844098557389102 0.009550349947715111 0.39917218804851434 0.2407316902883474
0.9868261143742133 0.011646532420273402 0.40745140789424866 0.2080911415949779
0.9920046761917962 0.01244805284161277 0.41984821255003707 0.2778694320056564
0.9866737233345161 0.014731578954650035 0.413668064240314 0.16398283578646242
0.9842304674471449 0.015647059322309354 0.42236978652593093 0.1593418125341057
0.9913698626866242 0.015908948623529477 0.41882602516573864 0.12097746173315656
0.9914315383474261 0.01655888289327347 0.43181378502628553 0.11197262178493128
0.9917075681277873 0.016940169656932662 0.4319108714141182 0.09140092278796293
0.992580408366217 0.017464191930328266 0.44391829417488665 0.09169003515146727
0.9918995616026316 0.019631920864536336 0.43615650124105687 0.07149591703021876
0.9906038602951935 0.018210105896428404 0.4441382093594482 0.06041936186291965
0.9930324318669862 0.018264757970269642 0.46002653893455886 0.06906376600828053
0.9849445213517255 0.019296156502412228 0.466030889227511 0.07595218768403125
0.9935673658728607 0.01833415780361118 0.4466971797642317 0.054626401582964286
0.9903239253516217 0.02244838933463856 0.5493041105800869 0.06513062167104965
0.9905610280803797 0.018796967557372105 0.47599376499032414 0.08341417811722787
0.9925248490092995 0.01988398539075291 0.5494318958515934 0.15765518577100618
0.9861076855944905 0.016631625981496742 0.4468088013554396 0.19158167995549788
0.9883066757277532 0.017568298684876475 0.4830884389242041 0.21152022430214817
0.9902085378202699 0.018584529141151024 0.49459816243745147 0.20901238591916557
0.9917718910592609 0.017268481159611583 0.461413855192419 0.19704973197167117
0.9921117462459116 0.017218596806126175 0.46073252881269355 0.1863181897912647
0.9867492592940813 0.01876868929096915 0.4677497557794874 0.1621752119986722
0.9924025134142557 0.0194807189100871 0.474843100526411 0.2285144068853686
0.9922140273088645 0.018972175978063947 0.47362872644490006 0.24125292989558916
0.9923107838510771 0.018705340720345125 0.4930363246809641 0.26971291866028707
0.9967404456568544 0.020303756994404478 0.47634882274445073 0.2814380044020543
0.9904786164652444 0.019489828353464717 0.48350299054973433 0.21423619978839067
0.9885121297766261 0.01972902496515668 0.4807104184310883 0.17875828392047435
0.9896500278994108 0.019401372252129158 0.49926207976631587 0.23646619592565538
0.9863912260972728 0.020064701392170405 0.5264820007590765 0.2699355432780847
0.983294443158001 0.0214000324609174 0.5254403342578252 0.29163454124903626
0.9949838065103481 0.023645914335137193 0.5433256318163024 0.284991826726604
0.9910005683470513 0.023688874327031192 0.5663446091943678 0.2908279484914695
0.9842353364823991 0.022858763677620884 0.5569338820580028 0.3609643328929987
0.9810138039173477 0.024257275496554747 0.569884048150135 0.32466747279322855
0.9832084857515089 0.026074308452341568 0.569730485039596 0.33785513181469157
0.9882492272019907 0.029311184271538532 0.5944539782442325 0.4037823282610057
0.9868732125714185 0.029390511604652798 0.5999573721066317 0.4153708668453977
0.9832792185293121 0.02594298687489152 0.6099211728053898 0.5309014169430208
0.9897552422210666 0.02817196842413506 0.6288873579374694 0.5440802275108517
0.9858862952958565 0.029196163386099195 0.6370688238717593 0.5570500927643784
0.9770543063411046 0.027019311389696245 0.6533341257577558 0.5646825396825397
0.9779436880261897 0.03281627362669128 0.6633284041502806 0.41988639559079916
0.9862861860166675 0.02560265516226127 0.6795810967507324 0.4093986234909173
0.9855394752936216 0.027768946444909876 0.6824380209106525 0.47927363807138385
0.9935211024708391 0.029831948370127218 0.7126035049371191 0.4686643408921007
0.9828445996404549 0.0343217390812465 0.7270583431244858 0.5556945261918775
0.9897076858190312 0.03948027035532843 0.743784458862591 0.4692428072709763
0.9876578111687708 0.04515222047599154 0.7664942886257209 0.45840130505709625
0.9812182052325834 0.044600471969925636 0.7720801443166163 0.538347285984337
0.9904303081824016 0.05441583691745714 0.804458025665747 0.4385432473444613
0.9889170187150584 0.051389323044906246 0.8183046470608579 0.4766371681415929
0.9825196660052578 0.06698973774230331 0.8395590775846129 0.39994118511983534
0.9916309091206602 0.08691243354813935 0.8720214196343535 0.529847547909141
0.9938835650502157 0.13420185532518883 0.925025184271803 0.5721564307353346
0.994160350452228 0.1209154687917032 0.9165245465436466 0.4731031374978877
0.9899897630798058 0.12476673918298284 0.9168856984914923 0.5457295934446895
0.9915770218858564 0.131655850699343 0.923306239803816 0.6657151674124363
0.9972436240038913 0.13262345679012347 0.9279692778610192 0.7225512163892446
0.989159170603448 0.1380724174653887 0.9272840726494426 0.744784085395439
0.9922287845819087 0.14327499827069973 0.9236015484318276 0.7490870729530147
0.9900179075910303 0.16056593546388787 0.9320600799800169 0.7392782003560446
0.9902097430749639 0.15123546433450588 0.9300184500959309 0.764122325161925
0.991617278596897 0.17825182552924096 0.9321016907021406 0.7316961211843012
0.9909143586141927 0.167644254684132 0.928688731530795 0.7942298521697664
0.9932659892062911 0.17727629953968788 0.9353144160706894 0.8008260670032125
0.9858748055379425 0.17984250246089906 0.9298605342053747 0.7697017720789512
0.9919801029018217 0.18735696244560127 0.9378076559542537 0.7598077888546224
0.9943333766301558 0.20526479601608888 0.9413217200321442 0.7738070212318688
0.9896124002878725 0.22084867087924606 0.9396655169043893 0.7356711164242545
0.988448476073405 0.20484393063583814 0.9369183874202428 0.7011291238251435
0.9940965610358352 0.2195920868141061 0.9316897144037919 0.4254465913233686
0.9912958096846147 0.22033620852483787 0.9298112502306161 0.32469529559175303
0.9975419368803633 0.22140603550010837 0.9237822890176368 0.2919688488683378
0.9922996405121092 0.2270170472029048 0.9326350541081009 0.4147078804347826
0.9936090507956278 0.23467721450085277 0.9442236615977712 0.797458606083943
0.9884018533855191 0.25115439153567404 0.9406108697223539 0.7761213129438863
0.9923127064035925 0.2210497119154784 0.9434483358698182 0.7564645906271114
0.9918403972123351 0.2396635589785164 0.940174902863209 0.588963116296575
0.9896431696275726 0.22944223055854826 0.9364790714205726 0.5025457861539631
0.9940305587012849 0.22726386270558407 0.9411088573360379 0.6050811446137154
0.9920495999491475 0.23064838065803875 0.9421412770639678 0.6900810116577751
0.9861135968837185 0.23382267976259258 0.9396644318946186 0.6486626483330195
0.9890383313475661 0.26676976869284563 0.9433745657918451 0.6180366774541531
0.9925158352617995 0.24922699648150123 0.9390278471332961 0.5044919822354815
0.9879624175409792 0.2828556361615096 0.9391750722384852 0.48952326028450593
0.9892311422589655 0.28337858128706417 0.9484853356417073 0.6273731587561375
0.9932703650352436 0.27938379872217584 0.9463962269466406 0.636059008622451
0.9973074782807525 0.2976899331411935 0.9533440796310623 0.6784879839786382
0.992558717188307 0.3065972800024205 0.9517110332444259 0.6992598858109537
0.9886993130955019 0.27575139870755083 0.9482787193599119 0.712880898117667
0.9921517505895168 0.280460330024965 0.952748170587282 0.7207529882137353
0.9903916837770511 0.2872386895475819 0.9526552868263044 0.7628674885766015
0.9918122113703814 0.28397716671146883 0.9519690422272101 0.689205356798271
0.9880089961171878 0.27804686887687124 0.9507735771780105 0.7475910599336292
0.9878253781110108 0.2885749214651584 0.9473039338177723 0.7101937657961247
0.9915051655446387 0.28033875626193233 0.9553148573357532 0.8060330578512397
0.9912697666202492 0.27878448003925554 0.9562361683467396 0.8120896175733217
0.9923225756875447 0.3088006902502157 0.9590219822521682 0.8514234513094123
0.9923849400207976 0.29585082062305934 0.955133782263729 0.7570240668156343
0.9918309113711412 0.32449392712550607 0.9578913724082159 0.809885524767305
0.9921963032576405 0.34294537877660364 0.9623308460698186 0.7651739995433939
0.9930358788396885 0.32254559105368186 0.9601746509331954 0.67060181844422
0.9887539931721897 0.3186476664897309 0.9602693732958111 0.7479253422810749
0.989266404962297 0.3339446336564492 0.9611898036118677 0.7186551348874506
0.9808600673620461 0.33063755540884654 0.9565911929296178 0.762281675331503
0.995001645013912 0.3139988714379761 0.9657383153558671 0.7666964734812497
0.9857876570605381 0.2704669496664645 0.959344387755102 0.7538344185032827
0.9900028401022437 0.29242734343020876 0.9662754604107879 0.829365670530048
0.9884983415128336 0.283730436486827 0.9640266923622947 0.8067517563146887
0.9848548108669045 0.26595053844905026 0.9636481356791414 0.828652741233958
0.9921795345565286 0.19714228838114617 0.9583856554624303 0.852111377466347
0.9930792090397984 0.26949016125003467 0.9673616043884254 0.8392646060209753
0.992059715893625 0.2084901531728665 0.9677114666685085 0.8851373887164226
0.9900016571838922 0.2907648091156497 0.9636985155343096 0.8771422320538688
0.9841233051338509 0.24364562868369352 0.9642417694417594 0.8959865977128706
0.9888985346243097 0.3383104125736739 0.9712857178656947 0.8509208723825262
0.9889122005926276 0.25511200459506034 0.9634348887145038 0.8477409514387007
0.9911833829336046 0.2755181684155754 0.9662636609322679 0.8591353421344351
0.9868252684594675 0.27158820517454296 0.9653892601856493 0.8960754090585724
0.9902413373314586 0.23909751276983496 0.9656911217212106 0.9158220337334397
0.9832781431972208 0.2882973380210949 0.9675772617664247 0.937926408585665
0.9885287474972401 0.2177505738332058 0.9657163460774283 0.9472343253821727
0.9880212838457707 0.2586954975460559 0.9716716110523381 0.929470812493442
0.9941163657456715 0.1627959605103109 0.9692531562890144 0.9143378292446199
0.9910755938265365 0.22299744557550802 0.9727796487288265 0.9110859693442649
0.9915035615577581 0.22557528178904535 0.9724621349236638 0.899551239608622
0.9910613079307251 0.22075164555170218 0.9716657196399237 0.9217564981772979
0.9895141830124258 0.20582198952879582 0.9714238707408122 0.8947368421052632
0.9916823439132172 0.23205187586845763 0.9753008341032456 0.9220307559461073
0.9940568636240686 0.16080798381288797 0.9700316824592912 0.8901689249686623
0.9916730870295064 0.0879915151039007 0.9665265001906954 0.8693898463987093
0.9899399073731484 0.06972071529033555 0.9705347737763373 0.8944708241004538
0.9928810730953043 0.08567931456548347 0.9723995398972916 0.8706770556066399
0.9884348643188934 0.10963723672324442 0.9653877121750363 0.8623132688927944
0.9902185394857522 0.17487479131886477 0.9716219211252324 0.8885045283084465
0.994114540199241 0.13451346773752937 0.9729073857561965 0.8965149389757331
0.9930237098145408 0.09489811096236798 0.9713102143853033 0.9145595530511005
0.9916911285369227 0.09070981883824383 0.9750880543484063 0.9354946499246312
0.9893317335932911 0.16014299563742124 0.9747700031463552 0.950921100303782
0.9887758176823696 0.10818713450292397 0.9717987666656016 0.9517357179116717
0.9870854482501518 0.13912507701786814 0.9698889638608132 0.9401832151300237
0.9945245537586422 0.08704582131155558 0.9702770307355773 0.9426987463648938
0.9908434623018096 0.10789558491782146 0.9700962274200832 0.9403279661645767
0.9895267225605593 0.05760095011876484 0.9614571263168807 0.9155242147284378
0.9898921665223579 0.060746759527955115 0.9612302829121367 0.9383432942072414
0.985998334051272 0.03511390071544573 0.953461258798762 0.9396847848050112
0.9861928569660668 0.028755792300030315 0.9463504837653297 0.9296323382753806
0.9958580574400305 0.05098521003638425 0.9491129919977572 0.9244146125736098
0.9912202000271729 0.05053267247763915 0.9327647823261859 0.9042664773222716
0.9940480980003462 0.049182561307901905 0.936960759130264 0.9223458481775829
0.996393412323197 0.03354688410017472 0.9366024593688194 0.9289472405803346
0.9889047047636561 0.003324410672653484 0.7453904450024593 0.8343848120332654
