0.9836839001376056 0.000670031049735164 0.1812366737739872 0.1274546128195628
0.979292062268624 0.0005451344247378795 0.18984005924497654 0.0636288998357964
0.9837895407540387 0.0005675839740995548 0.19611889446423955 0.12340536318667014
0.9798499724420114 0.0018652505139263977 0.1951460626182935 0.2349537037037037
0.979511138004306 0.0011831687391585183 0.20312069727633375 0.1579362990260595
0.9805508856923365 0.0014753835357433562 0.18028422492220483 0.22677376171352076
0.9845277447352848 0.0016000140746503819 0.18375817901028174 0.22586293146573286
0.9703503113098333 0.0018558364450465127 0.1758203686194095 0.23816188476790295
0.9825876772257893 0.0023459508404792126 0.18851970997325035 0.2901134521880065
0.9771271031966007 0.0023909285817873957 0.1998424224126777 0.3727578475336323
0.9845704774497276 0.0028136008769765594 0.19128714218665793 0.3040162684290798
0.976554843295209 0.002706916861775186 0.19786659359285313 0.2761856454476287
0.9845699074886493 0.002513854823186066 0.1952768121797976 0.25173956262425445
0.9753343900678434 0.0034642596708953314 0.1973988483803424 0.3149501661129568
0.9850755473327166 0.0024856472330070326 0.20575832282939127 0.29418828049951967
0.9758901508235036 0.002839796890247109 0.18905053539490696 0.2109106529209622
0.9837595241844633 0.0042482532987770626 0.19736979870701174 0.209734305196332
0.9846102246676388 0.005058789870144527 0.19672309019246478 0.22606596942880128
0.9841994579323718 0.0032180645783752493 0.20600958147445006 0.2573183213920164
0.9791263032737574 0.004049832847922074 0.208683300590634 0.26435357290375877
0.9800730771401163 0.004477656381712763 0.21278774372638518 0.1579937304075235
0.9857315615519383 0.005294252894519076 0.2000636320942973 0.12335183900069396
0.9845205627491834 0.0043169724522153655 0.21872455487867123 0.2713321055862492
0.988564748281099 0.005945971938524839 0.22358268198937212 0.20904295403165035
0.9901562739390225 0.005331189442031406 0.2211057268366084 0.16503319633259564
0.9908825137151087 0.005876769152380248 0.21977077595982505 0.17180752621838372
0.9824738170288683 0.005556922960410474 0.2234422981474233 0.2276678379877936
0.9862390563124729 0.00633167581735266 0.23235780954151267 0.1801874595992243
0.986437147484879 0.0055327055974278136 0.22686387173438574 0.11036585365853659
0.9884886927939855 0.00581282737724433 0.2331074844956997 0.09617947578853843
0.9860947843470558 0.005303650183461216 0.22732875631876123 0.13985148514851486
0.9870462309709762 0.0059803019949753134 0.23039285638260548 0.12033616549685999
0.9865568220952697 0.006303490818473354 0.23030584163945764 0.10941148995796357
0.9895330636597448 0.006245747608897184 0.23477743342372628 0.0987258594438657
0.9889629200819546 0.00643087803426051 0.2328297658544056 0.0717753379640003
0.9887981095429556 0.005613327760978767 0.23483814512267215 0.17787848746636453
0.9890549638878687 0.0059807449187980165 0.23857839442267212 0.11458333333333333
0.9894897801651151 0.004965676432255244 0.2423447007767883 0.19744969117354055
0.9905009554058366 0.0038572506684969457 0.2388982750430985 0.13481798715203427
0.9847488654643821 0.0037322434162354715 0.25898351350867094 0.28597560975609754
0.9833457819902888 0.0042258229317119625 0.252514820447562 0.23890950153250523
0.9783884630528458 0.003110821964197772 0.2637722973985274 0.20630430389977775
0.9903934440564901 0.004759120600013831 0.2601042939346872 0.4032042723631509
0.9911327632575494 0.003997788052735699 0.2719906061626021 0.3749043611323642
0.9871335048526377 0.005090278133885617 0.2672929029511163 0.375324416051108
0.9871963158713486 0.004397667858452318 0.28020451891573234 0.3254392666157372
0.9836302961375494 0.0049198925726986475 0.27661049492073086 0.4629199239383055
0.9849083140904517 0.00559900950352632 0.28122796256505395 0.451885310290652
0.9876190525300758 0.005948046157602522 0.28274899835307404 0.4141210901774282
0.9923334442372519 0.006466920358850887 0.2837239157057461 0.3033821302372539
0.9835440492584004 0.006312860198060621 0.2854274985557481 0.42304732589457483
0.9861967487020804 0.006326003237270994 0.29403076339096784 0.4521428571428571
0.9861648188969302 0.008002486209307746 0.3004058298229015 0.3493401176657656
0.9857090491374798 0.008389156280306023 0.30098035237120097 0.26388505111909366
0.9887494527943966 0.007153722766489693 0.3135028622634382 0.25078971119133575
0.9829708289915131 0.009049951526370463 0.3120940705056266 0.4333922545396111
0.9860173911383009 0.007967880323771956 0.31705197109166017 0.40362051625879986
0.9897685873838381 0.00913506945927603 0.32630584396392465 0.3588469184890656
0.9885493024355639 0.008556845358244861 0.31869256953596864 0.3303040317250496
0.9855486219022515 0.008453661939528305 0.3222651102697769 0.33011320754716983
0.9861748144072864 0.00845270603394115 0.33808402028964957 0.31672851841278904
0.979988338895348 0.00770972926447177 0.35385805649659297 0.2604252319981205
0.9942287696590183 0.008454198977543967 0.3547622519238558 0.3047683923705722
0.9849335691624219 0.007852132643312915 0.3578081015508868 0.32333785617367705
0.9888983715298738 0.008319056022878048 0.3633671519729343 0.25740140766394815
0.9860293650289201 0.0072503479875109305 0.38211990741490104 0.39118887673800967
0.9887888508630417 0.007859277188671843 0.3553703805303737 0.4283051110765885
0.9907231314355931 0.006904920786645677 0.3691432549606931 0.2027678113787801
0.9833367326367316 0.007020152612013305 0.3782441652850402 0.33259911894273125
0.9880665119601412 0.007781052258719011 0.37641100767511576 0.18766458766458766
0.9876431808620492 0.0078090685365076575 0.38380140898705256 0.1660408578883727
0.987109412556485 0.008304336651153932 0.3831520815700109 0.18937475003332888
0.9840152242802839 0.008393291611912723 0.38156296982754195 0.24013538790415961
0.9838660359371909 0.009674575248020206 0.39280179856257236 0.2490182687382619
0.9836584973170667 0.009050173336776431 0.39895360211458586 0.21343399421435122
0.9874892993427258 0.01082858562033315 0.41258463956886543 0.2762735199632859
0.9906834356789461 0.01179750913935188 0.4238997078137834 0.44075082390027226
0.9851360454206461 0.014027049100901176 0.4195096298697961 0.22444411281898224
0.9832558474357667 0.014646658898856323 0.43000215309792794 0.23949337938975246
0.9899897557376227 0.014893350455727128 0.43108153056967624 0.21898629489603025
0.9903509500694304 0.015654070794376015 0.4427879830967227 0.15878128400435257
0.9905578416304869 0.016007091559241564 0.4415123551166631 0.11138347976974138
0.9909803122190552 0.016680888886145603 0.45314742570531297 0.1075804181221
0.9903088020853497 0.01879020960578103 0.4453883465698014 0.08188247550738284
0.9891184110258028 0.017322048836124215 0.4552179239904412 0.06690540796365242
0.9919317769018164 0.017375380618785 0.46960591403581897 0.07535833212682785
0.9834675705081883 0.01837898937933412 0.47376388788179086 0.082674253200569
0.9923958943486598 0.01727324991490408 0.4544890094031874 0.056025216622924444
0.9890933669960716 0.021395776313019255 0.551124683377968 0.06126495916131627
0.9893405775933335 0.017715934722037946 0.478108630673863 0.07890368512302187
0.9913121817933961 0.018743814152107914 0.547169190177458 0.1337878651954188
0.9845484167789182 0.015809434146601416 0.4394034563337641 0.13358217396222147
0.9868630113672203 0.016872981957069065 0.47199527009212133 0.12728689251269376
0.9889764080785473 0.017711084228326825 0.4867672776007825 0.13381129750469095
0.9902314180664696 0.015769163225698962 0.45559553114940354 0.1341941434171086
0.990556513945375 0.015683182855621137 0.45567273083987375 0.13464472537053182
0.9852328914410798 0.01770401913317389 0.4638279671978642 0.121044761721011
0.9910112712354641 0.018348750729893358 0.4710919969188588 0.16292676654021732
0.9905754471379788 0.01749964014565679 0.46901179331481246 0.16893995314355403
0.9908081823590964 0.01721722583205435 0.48873909488433964 0.1886343993085566
0.9955093187950587 0.01910585050337248 0.4689774837993971 0.1816769137220458
0.9890347562042544 0.018173778606284635 0.47620448889002925 0.1491877133105802
0.9874877019170175 0.01863004717769408 0.4766559396718953 0.13994568541580016
0.9879571483964932 0.018105453499363006 0.49447027050958514 0.17375773426038146
0.985262324207462 0.01865288924002384 0.5224327760320469 0.20301467091062086
0.9816836897674954 0.020056093468377004 0.5217320402505587 0.22122697965329524
0.9939371192655253 0.022363523737419195 0.5407043730083765 0.23485823312774548
0.9898574614330122 0.022142847826613528 0.5621283566186118 0.22157798999545247
0.983124866322115 0.021973343037801938 0.554452649440131 0.3051749630359783
0.9795019508555634 0.022837043259134816 0.566881802917451 0.2686151397240891
0.9816416413686584 0.024516448785828284 0.5665442710116865 0.2739205374110576
0.98685157984458 0.028076075611736053 0.5921541535186811 0.3488978296594322
0.9856633079331206 0.028048194277808827 0.5976688435789087 0.33880903490759756
0.9820923015670023 0.024634524667463863 0.6070196864873116 0.3845702896001876
0.9881593754172256 0.02641096847146468 0.6256042734030494 0.4184149184149184
0.984195524953462 0.02764429992136941 0.6347654423924922 0.46558979231708975
0.9754933643295993 0.025851163921363843 0.6524295323449674 0.5525694274778077
0.9763906248200992 0.03107883246089183 0.661076600455957 0.36933962264150944
0.984640271164472 0.024009296750522578 0.6785726242870274 0.3942990176594174
0.9843538681221127 0.02603202371407051 0.6814286135472444 0.4504839910647803
0.9920552370100512 0.02837920716635382 0.7123367999339358 0.47771670750281436
0.9812397187316781 0.03282012363473666 0.7254203464899088 0.512388503468781
0.9879686934268395 0.03782488180661883 0.7417084181856466 0.4238762141405015
0.9860777631477035 0.04319362602705619 0.7634830553159584 0.38970475362022206
0.9796513488534042 0.04283383426363246 0.7701810865498067 0.49008063483937025
0.9889087803773895 0.05289304960075522 0.8036694016164664 0.44002801610926284
0.987680235133993 0.04893668127889919 0.817545426436525 0.4746396810794235
0.9813072227873856 0.06498527614735872 0.8414206933523669 0.4789103152739516
0.990625416990818 0.08293639337952272 0.8717933579794436 0.5485366176665343
0.9927042247945009 0.13351548454592546 0.9251575533301232 0.6128983192638223
0.9930698001523764 0.11948971413304836 0.9192958949908261 0.6167609015568121
0.9890473933592134 0.122306760358614 0.9182607518102233 0.6486761710794298
0.9902841258706099 0.12822868913706403 0.9216311664671734 0.6219558169343286
0.9959428979094754 0.13216834344204056 0.9266555888887373 0.6752365930599369
0.9877151143281722 0.13867680414017824 0.9261897885433725 0.7152145643693107
0.9908125630848664 0.14258164052455644 0.9225677032700974 0.7327480101747764
0.9895189348239737 0.15849119308740445 0.9315265489371098 0.7239167968428841
0.9888495434619856 0.15302491103202848 0.9291014864798983 0.733757645891883
0.9901657511804953 0.18025504620951927 0.9312269965677578 0.7129608161372595
0.9899170032485372 0.1700743783649208 0.9281195647647814 0.7736812704492858
0.991709259801847 0.17753056702248518 0.933527488494064 0.7255783595619697
0.9847245485349043 0.1759764896813387 0.9276435446080672 0.6814387917329093
0.9911435582078701 0.1873513462087337 0.9365472367821377 0.6967330027847586
0.993927110757065 0.20951606927296848 0.9400833140661888 0.6863962740151368
0.988417366692672 0.225166672651322 0.9375355216540002 0.6346279276608361
0.9873929267261694 0.2050306024458817 0.9329306470922762 0.5467738673139159
0.9930696557089108 0.21920330480967837 0.9239453522823805 0.31287695600211235
0.9899289655231225 0.22135679660674612 0.9237751008501164 0.268341635633796
0.9961902968144033 0.2210635450698622 0.9175906431067645 0.24478322208418438
0.9908723539795466 0.22847543566013587 0.9205359705931035 0.2731812192246342
0.9923805346831664 0.23912360039660469 0.9406590847027453 0.6318329661105865
0.9876204058024216 0.25780153853597176 0.9374649759869746 0.6138526337683948
0.9910168117559613 0.2238683749700795 0.9381346546384118 0.5506907154986461
0.9907719917446834 0.24273530269044089 0.9352161550110076 0.46293426076437455
0.9885459067219539 0.2342954598310034 0.9321095946852369 0.41783855429476613
0.9929585732157786 0.22974740085710216 0.9308913573292654 0.3880548108430146
0.991210299499598 0.23448932093764868 0.9336224684315853 0.45523240193444386
0.9852704300842575 0.2404017622993811 0.9315190767993593 0.4373833000294821
0.9880327809431829 0.2720024696992067 0.9388138270882043 0.5008988925643607
0.9914640509723447 0.25486236581995964 0.9328356119486072 0.4008256448618846
0.9870310860440713 0.2914155770324048 0.9300599601032487 0.35852950351546564
0.9883638517026406 0.2930701727933416 0.9415547321608889 0.46321240329192737
0.9924132943769877 0.29124882960389725 0.9403558905260785 0.481909452547831
0.9966172971749355 0.30876413570274636 0.9473270864482665 0.516834634952526
0.991613902930201 0.3195408155619165 0.9483992382622151 0.5916890178932285
0.9876458707230686 0.2921425602957825 0.9439181853592237 0.5714186466583299
0.991355685722397 0.29235330413713184 0.9471472954036573 0.5598716209509315
0.9895586327362558 0.3039839046565917 0.948076794824769 0.6048034170080173
0.9907765107707108 0.2994209575991532 0.9481656581411679 0.5813945781136077
0.9868093921069455 0.29419846856860565 0.946111368890115 0.6038763785247309
0.9865334441729743 0.31439330159653445 0.9419877833057398 0.5582522827994408
0.9905851858410947 0.30564868921033306 0.9528053404307106 0.692071518873036
0.9903532699088551 0.28895317545748117 0.9504016940902544 0.66125152403862
0.991505974834472 0.30809289003889406 0.9540461023876697 0.7425220999458777
0.9913906867157001 0.3168835103428543 0.9529976413294752 0.687491562035912
0.9910071838964727 0.3312324012834785 0.9550938754000634 0.7295618051013735
0.9910682222078986 0.3479860019997143 0.9594264480507212 0.707583665950261
0.9916306453503202 0.3237779808131567 0.9561151628642486 0.6053345984554966
0.9874663522400611 0.3132085675106708 0.9572422886521823 0.7089425267468351
0.9877910475265297 0.323062385735708 0.9573575260180146 0.6730569948186529
0.9797976363710544 0.32746628497305036 0.9542924731038374 0.7493146689997083
0.9951139991447518 0.294268732753131 0.9629531941830508 0.7639471683235236
0.9849140679001162 0.2615611862288376 0.9560232925421852 0.7369275738876259
0.9889430702332793 0.2730037276829508 0.962470549212309 0.8187797619047619
0.9873786127360261 0.255148391348349 0.959508722642854 0.8022679523783871
0.9836992025311018 0.23793345829428303 0.960682294825419 0.8166844634276562
0.9910942792989862 0.2375909577033573 0.9586151154142143 0.8668890154288348
0.9919842210821412 0.2613837965700769 0.9647766627456641 0.8442773857011353
0.990919995042844 0.20496195346333587 0.9640146654603867 0.889652489626556
0.9890787720496113 0.262325520435134 0.9584865299641342 0.8811173349056604
0.9830394737568222 0.23004660996588341 0.9597357165247984 0.9109203245577033
0.9879268269696657 0.3323555387332829 0.9690515484605351 0.8896813422941526
0.9883619156567802 0.2357331779262115 0.957977207977208 0.8661119836991128
0.991200717996187 0.27423271173271174 0.9619263845889233 0.8476358320149
0.9865776241393397 0.24877453698569368 0.9566170907430254 0.8848919446031402
0.9893514315270812 0.23678782905679627 0.9602165717058669 0.8909083973833273
0.9826172854410044 0.27399200059622886 0.9627229969580432 0.9354311323113615
0.9876808109642898 0.21368349219627095 0.9618807441995986 0.9378068739770867
0.987285565321019 0.26595124942511117 0.9693023101598959 0.9311025008805918
0.99266601358003 0.16002146738522777 0.9627999811406749 0.9139784946236559
0.990266206080371 0.23306647178022125 0.9700657678395265 0.9077730994515483
0.9900676475064186 0.19272956043655462 0.9662715245454337 0.903196075516575
0.9908736566000107 0.2197813374014747 0.9649293827675696 0.929097983728334
0.9885278323674098 0.2683623693379791 0.9716449808692941 0.9193250115580213
0.9909787967696077 0.2196019181501675 0.9716044358778794 0.9293317563571851
0.9929287695449419 0.15018801704687892 0.9639472073977721 0.9080693335944768
0.990548201747224 0.17165479953910243 0.9644703925336884 0.8901255323918404
0.9896843266093829 0.1189551860916533 0.9696650075825329 0.9082662482131534
0.9928238093293031 0.1078440949496923 0.970508902888174 0.8792037829140996
0.9873973929926055 0.09115737088062147 0.9572272679238915 0.8704154893695863
0.9893890512518819 0.1669793621013133 0.9669873530761502 0.8909903985268973
0.9931244791988392 0.11896835418819117 0.9681641894264933 0.8995757196707179
0.9930071516049532 0.08747343251859724 0.9646448547644053 0.9153603752448037
0.9908151319194264 0.06917017768822128 0.9648514038269717 0.9314587778711255
0.9884868852725366 0.10988640197952987 0.9658709035790065 0.9481218458613507
0.9886400450295506 0.13759315484405188 0.9646735372616265 0.9541658205543073
0.9861993291686929 0.106521357004746 0.95975384454121 0.9411957129432477
0.9941862649099829 0.13798865069356872 0.9628701355891273 0.9449144411121285
0.9899467453926734 0.09343599615014438 0.961115103184594 0.9407922576405519
0.9885837861458608 0.09020539209218455 0.9543167729763723 0.9121257590116177
0.990104568654301 0.07358101135190918 0.9537320370479047 0.9362964375588178
0.9852764605892644 0.08117157761172987 0.9487135083290594 0.9386239058742314
0.985271458856988 0.07207654615282744 0.9396772210779754 0.9278336445673847
0.9952532269674887 0.08250319284802043 0.9433246982352662 0.9241307130092038
0.9902648671012978 0.06523693335045588 0.9257424349049965 0.902873777711428
0.9936100678015707 0.05946496815286624 0.9310708356070545 0.9216552232777846
0.995712805394203 0.05140549774809753 0.9336279858633626 0.9285828950425618
0.9881098476821655 0.003611364921898795 0.7649383952919008 0.8558466939979104
