0.9845667631728632 0.0007644857641829484 0.18126015714810176 0.019798868636077938
0.9803103168801078 0.0005250927179460457 0.18967410738106444 0.0015837820715869496
0.9844882734789125 0.0003541076487252125 0.19547132345287566 0.0024548483254427495
0.9804991516547112 0.0013530790109415897 0.19546137266385394 0.035868625756266204
0.9802791432913672 0.0006115276000081266 0.20320365588070785 0.01739788199697428
0.9812226401243275 0.0012209435136391205 0.18056801717113752 0.014211886304909561
0.9852474753935302 0.0008729765371670005 0.18326859230922232 0.03044041450777202
0.9708834779918737 0.0009839521396336117 0.1756989763113301 0.03475623979472825
0.9833826846201625 0.001114904884677026 0.18819154795351312 0.12793914246196403
0.9778632165569865 0.0009986974789504169 0.1997767590990668 0.17592331547786863
0.9853030250801452 0.001604657960090666 0.19133548073135123 0.14391050088990592
0.9772471554332977 0.0015870532440228817 0.19787805995810867 0.077859497844281
0.9852298201429069 0.0016057722366446157 0.195500525344401 0.013585638039786511
0.9760932707986454 0.0026512851055673077 0.19751074882934114 0.16470839564195686
0.9859049484386042 0.0014528240930437798 0.20549509694527218 0.11240515263808011
0.976427824516085 0.0020260463847734823 0.18876042237952428 0.031485148514851485
0.9842392160188 0.0038987488515695545 0.19728729963008632 0.02393500219587176
0.9853158798871432 0.004408585003679599 0.19700500031040746 0.0743978243978244
0.9851774273188216 0.002516700919807432 0.20659470880101868 0.09410898379970545
0.9794076791629018 0.00337035470568619 0.20941686195820933 0.09297088627955606
0.9803512467366684 0.0032599125279065156 0.2122081531392155 0.08276358402302987
0.9857619197432608 0.0037501254604016556 0.1999476061036486 0.059883215306249224
0.9847518072513163 0.003266287389503468 0.2188061702477813 0.16909975669099755
0.9888584159812205 0.004520674607657324 0.22383541953547967 0.1530391340549542
0.9902839955719249 0.004144633713031665 0.220357656126987 0.05565932013447889
0.9912503960475326 0.004458066023175686 0.2200507645037102 0.037696463654223966
0.982630820587423 0.0043105763408019795 0.22420483935394583 0.11728395061728394
0.9866039621394014 0.005317410367204896 0.23255058391794997 0.06111214778876656
0.9866773623053793 0.004575078723951096 0.22708035083050512 0.06132833422603107
0.9889169701573419 0.005150831561730873 0.23437247229434385 0.031346434952087054
0.9864526771434865 0.004377819870437967 0.2277423938674108 0.06793591344153142
0.9872877204145251 0.004871432038535423 0.2307942831250236 0.09606299212598425
0.9867057783335694 0.005422914803934091 0.23062178862552193 0.04591693887074195
0.990047387546651 0.005312655865157678 0.23598111300696656 0.062495393912594885
0.9897486508310095 0.005160990566327376 0.2330175487741993 0.024986740526843066
0.9891666727996644 0.004426497491583095 0.23486033240395973 0.07195157668651762
0.9894695482297874 0.004842449588008778 0.23895326013112458 0.06170542635658915
0.9895176476209495 0.004076127802985774 0.24284835926644882 0.0754017305315204
0.9905129324096859 0.0031668320698464134 0.24052405044647543 0.09285935563816605
0.9845484007052162 0.0029160782044955675 0.2590160843454223 0.14817036592681462
0.9840068289859054 0.003443557318821449 0.2528086745790095 0.12013399561048863
0.9792923178448899 0.0019539333737595413 0.2642731768846761 0.07081059496872089
0.9906945077733152 0.0036501019218347606 0.26036994565334665 0.22932047611872833
0.991223844439134 0.002923224878833757 0.2722993276569253 0.2316506658408176
0.9874073092883034 0.0038656460216103332 0.26753522389238826 0.2795617680392898
0.9871837725399245 0.0035306503924535265 0.27981869274204574 0.16856060606060605
0.9837810793873483 0.0038275596937109636 0.2767238686024233 0.3278593508500773
0.985158151166691 0.004486339028929115 0.28102093709245324 0.29724192277383765
0.9882332014740399 0.004883432871653993 0.28304307405790863 0.18569328760411563
0.9929537324326904 0.005108693919410805 0.2836184650673803 0.12013588634959851
0.983432261348093 0.005340716435998427 0.28502601832978425 0.3203381059168535
0.9869627546938374 0.005453585494708743 0.29431102776555235 0.32538631346578367
0.9868945107970509 0.006594824761801105 0.3002309878490365 0.2032338014870766
0.9861283255546525 0.007112369142292313 0.29978793694054107 0.1216301934665398
0.9898608881754949 0.005726335962702803 0.3128602037417486 0.12680245716133204
0.983460910727944 0.007619243649281208 0.3116960547415246 0.27124029183337256
0.9865425369429913 0.00677675029930159 0.3159729437761643 0.22671472012614033
0.9905951035467547 0.007544288404857415 0.32538906322177796 0.23324139585082143
0.9891912598413094 0.007135076124019651 0.3168675691479703 0.1464918374435568
0.9862043849469593 0.006885406311941443 0.3200335908902791 0.15295887662988966
0.9867296711033198 0.007047878068140564 0.33663919294535355 0.2020271039744904
0.9805179826427246 0.006265603628431527 0.3536192164432811 0.17967043875322614
0.9944620649702005 0.0065868633150266915 0.3542259132338747 0.17461568782026016
0.9854484831971775 0.0067110661632621225 0.3562549845403189 0.15636174016686533
0.9895264042851889 0.007042798345419474 0.3602634998239982 0.13207682900510756
0.9861425705410303 0.005847603638213731 0.37781316932076275 0.1359040144883791
0.9888758345455224 0.006253447664298166 0.3533149356336108 0.17197346600331676
0.9910572537432434 0.005525118335527478 0.36846930380790244 0.11647900182592819
0.9838550336456618 0.005788831068772567 0.37583677555842165 0.17740069417662938
0.9884609507247888 0.006283223571410876 0.3774162891703166 0.12792919001528272
0.9878069040029736 0.006214629189853377 0.3848342330163022 0.11604952692442472
0.9872956621855162 0.006362723553828537 0.38222405416502836 0.11494196820442797
0.9843421399314953 0.006637280499000566 0.37947558270780546 0.1391221243770906
0.9841777843861892 0.008323158080344062 0.3918604100199008 0.17471248047706944
0.9838782149859675 0.0077306813341085 0.39712473466246545 0.15979887171940152
0.9873922252257045 0.009416906967804855 0.4126214511041009 0.18989508147927672
0.9912640070582195 0.010276639527847957 0.42194661399057054 0.2593157342990565
0.9858168569019378 0.012052381664755129 0.4170601434847192 0.14563913792079797
0.9838341061370411 0.012928490657095669 0.43061253706599467 0.20063529585580261
0.9906355840642568 0.013131438359190083 0.42686717191862783 0.13692531724568338
0.990931607874227 0.01377773260327407 0.4350371043768347 0.0952861553075279
0.9910701427596741 0.014261780293687699 0.43406698579985975 0.07312316495574463
0.9916696025328179 0.014707427088482453 0.444815128422241 0.07043993591104762
0.9912074169749057 0.016569842359056203 0.43975763865818596 0.06547088337616475
0.9896978415918772 0.015363681185369715 0.44225169403700587 0.04848048139158576
0.9923757174948249 0.015152285387719762 0.4585396588751043 0.054833634403589536
0.9839384051775629 0.016532476818862784 0.4670101989327054 0.06628787878787878
0.9926150814509609 0.015330842315994027 0.45426681397396407 0.05361729452054795
0.9893865813793559 0.018798348306365665 0.5552411603517505 0.06196299495385734
0.9900596303909208 0.015355478242394466 0.47994510810956215 0.07604087812263437
0.9917661911225173 0.016247991956696756 0.5481837539096704 0.12492829755758839
0.9852634274981502 0.013841486537732272 0.4447344533826001 0.1478611073507513
0.9877365889769739 0.014766802740113489 0.4781491371980792 0.14609656659590955
0.9899975011687118 0.015079040118178826 0.4951540168528738 0.15667867534986837
0.9912323072116886 0.014533783499642551 0.46041129272012044 0.120597254463646
0.9913214752528325 0.013226358167069154 0.4604780822969446 0.1220118058708833
0.9861887576632024 0.015658291920456553 0.46533127520693496 0.10858339480760536
0.9915728403440909 0.01599143513747158 0.4750394901900152 0.1585095119368831
0.9915861567645826 0.015350073945793519 0.4737726248582832 0.16370619299087855
0.9916193060099858 0.015250892254576145 0.4951048494773042 0.20540201005025124
0.9960870072522082 0.016865296220240203 0.4753662677503901 0.23135184760156072
0.9896775299395674 0.0160889493148744 0.4829704819547762 0.1653327309107339
0.9880654578250344 0.017098635582916803 0.47962038170710936 0.13729965510245487
0.9887243821935557 0.015921119957091785 0.49922706530087974 0.16628190329613954
0.9858949265970173 0.016302481362893684 0.5241222393285829 0.16839245765420263
0.9823831391144188 0.01768659233823186 0.5232034274406586 0.19437096603534018
0.9943999692094527 0.02038257060600173 0.544246173775099 0.18938745112641966
0.9905901035595425 0.019982576804765076 0.5639998918638693 0.22003867250700446
0.9840226983538135 0.019800591084176655 0.5569648365596718 0.34211612142646625
0.9803252221454387 0.020602224649841017 0.569091401392017 0.27346426675674373
0.9824796056113854 0.021143808995002775 0.5678946500931406 0.28918172569158473
0.987567904177269 0.025851366247026743 0.5930738118526282 0.3564797850250397
0.9865051393713974 0.024660427729046263 0.5988264812308949 0.3282357921473172
0.9828042394706206 0.022595731073626987 0.6071102460314342 0.3552087579339661
0.9886794660034306 0.0235884394795768 0.623629250140772 0.35061058344640433
0.9849192384189919 0.02503408210854645 0.6337285236397954 0.38040123456790126
0.9765766502234019 0.02318570661952713 0.6514910388708263 0.48203194321206744
0.9770456234704439 0.02790556405733444 0.6600136599345601 0.3392630241423126
0.9851428938824058 0.021867704660226417 0.6788843506795655 0.37530224525043177
0.9849914688760391 0.022954067525994003 0.6797170523898725 0.38365336727353216
0.9931837486768684 0.025426750101100397 0.7097712354708061 0.36784317926195703
0.9820395706684717 0.028939353945101512 0.7241658820715733 0.4495705361790734
0.9887694254290628 0.03416142535602348 0.7398683596912696 0.3670982482863671
0.9868639484058854 0.040520175254748145 0.7636095176958568 0.380080556572684
0.9805282251767193 0.0400002753654616 0.7677512098117275 0.3986747053391994
0.9897177559372082 0.04919616556978198 0.799351571780208 0.31397727767379097
0.988256413137292 0.0447098506229779 0.8137600448987133 0.35465061154830757
0.9816598889546376 0.05973959406423213 0.8342205581450634 0.29399772611439995
0.9912118927098111 0.07765310244614207 0.8679549464476529 0.38708890406948376
0.9931225689598859 0.12384988511616032 0.9175949134639079 0.35419137097509806
0.9934861493680283 0.109580631546637 0.9131624475227411 0.3877654196157735
0.9897461932606816 0.11277376168747141 0.9113049652503321 0.3845266698702547
0.9909557135229741 0.11770314544513982 0.9203213273161837 0.5599544289376246
0.9968796953199033 0.12061612355596042 0.9259661890938302 0.6219211822660099
0.9884629212405925 0.12334012656870107 0.9251478779395833 0.6785365058670143
0.9912434620009938 0.12858193966631534 0.9217498903477178 0.71571072319202
0.9897663310235966 0.14541972408110546 0.9306985092121167 0.7128539213229766
0.9894008073970473 0.1382205296866886 0.9280566294947147 0.7161327994661328
0.9906054254601523 0.16210971568114424 0.9299232716120959 0.696278417938337
0.9901968934139557 0.15512476972031486 0.9271837906899766 0.7634522740262921
0.992178296732778 0.16189893773640462 0.9335403423647822 0.7563524103538352
0.985451548277252 0.16101928830887793 0.9277743815332262 0.7076923076923077
0.9918318235353991 0.17070596841310004 0.9364013707879321 0.7025902274521059
0.9941557960587748 0.1899055304549518 0.9388399251997361 0.6523044783914349
0.9888140984935078 0.20160083691169853 0.9363381266929013 0.6372597644141351
0.9874390537201828 0.19013622957726697 0.9338937848789536 0.616125007426772
0.9931321285508975 0.19983268598745144 0.9330224856889732 0.4667941585535466
0.9901336266809929 0.20475909940831433 0.937831057481093 0.48717948717948717
0.9966807273047481 0.20926882271789424 0.9308765793333126 0.3670335464311606
0.9913525644454603 0.21294716788484766 0.9410076640066287 0.7002365243371095
0.9927246161190038 0.22221405649053183 0.9429552234259094 0.7957040900356849
0.9878958394967065 0.23998828968394345 0.9395586647569018 0.7574975173783516
0.9915762330463271 0.21159401845370665 0.9426187135960381 0.7599606815203146
0.9913606317111836 0.23018413706558763 0.9396620304823532 0.584009840098401
0.989154572602427 0.22254642955719411 0.9376700133337438 0.5394203269731507
0.9931992956201566 0.2186171050559143 0.9411992335389315 0.6256567859621295
0.9912185394759611 0.2247857356517668 0.9430128058998815 0.7595549662765896
0.9851683837059272 0.2303950159066808 0.9424724482085202 0.8050559367080784
0.9880199192519641 0.2605759843800846 0.9453364956622002 0.7222074113569715
0.9915412676165094 0.24294698285729677 0.9418067824653912 0.5826787843895217
0.9868811834807375 0.2780697081815695 0.9435760501349459 0.6066227389096404
0.9884431201943477 0.2788825029965885 0.9507553004333165 0.7288626823905656
0.9928895741313717 0.273515538290788 0.9496729090621849 0.7712023338195457
0.9969849469040282 0.29207180807766875 0.95534700830341 0.7725409836065574
0.9918379190872212 0.2973246454580299 0.9526575665571805 0.7608716992245018
0.9879869463177177 0.2705647996250293 0.949646248648005 0.7887741489204012
0.991053074354155 0.2789785709874637 0.95453738735526 0.826150072583471
0.9891749453274248 0.28573454339194554 0.9525095626143356 0.799265605875153
0.990545204303451 0.27930826781638346 0.9537134697318851 0.7914589104339796
0.9869629626234933 0.27604158425241704 0.9527605043173685 0.862093690248566
0.9866762154556822 0.2829982687898685 0.9499267234535657 0.8291023057980748
0.9906785907721959 0.27744675247720313 0.9561623948738486 0.863043577043668
0.990236270328677 0.27693179403640483 0.9574663829311195 0.8814183641769848
0.9912089147224586 0.3096420770802508 0.9589200030805394 0.8604096580505046
0.9913032610764465 0.2954375986265975 0.9582443738999509 0.8813818404157749
0.991073904663272 0.3153443766346992 0.9592116614133631 0.8819602670184274
0.9911993756920449 0.34562454236524415 0.9651375808343471 0.8721862177397707
0.9916375393821568 0.3216929094373684 0.9658951394539836 0.8539846339258813
0.9872961139979252 0.3143737166324435 0.9619886452830411 0.8195633778981215
0.9877990101341244 0.3330104354717978 0.9634138739697964 0.7925913943707538
0.9791651083563964 0.3354283109842397 0.9593001565249614 0.858002487645813
0.9945767488995154 0.3176949802324188 0.9693928094129961 0.8626446227722453
0.9841062298881172 0.2677002073664461 0.9617147968787927 0.8707918059929227
0.9887411671404258 0.28360783890880664 0.9663615875274243 0.8702494345513045
0.9873930396782109 0.2770182992465016 0.9656095756450613 0.9035607402430831
0.9835295517363318 0.25205631129389433 0.964053002067542 0.883648257936392
0.9908138820365308 0.2096897950235668 0.9583573908574831 0.864400744960561
0.9917092819032528 0.27067507717084954 0.9669530123258385 0.862416550122701
0.9907175040719496 0.21502906976744185 0.9678801650576279 0.9114665525450023
0.988723079625642 0.2754950072023243 0.9621591536641143 0.8987799024932427
0.9824731606476101 0.24924117596045442 0.9619066486360778 0.8938155213473767
0.9873668384498709 0.37936295304011314 0.9733865303220244 0.920528382720457
0.9874989407771797 0.25415689762039506 0.9632243445038056 0.8917756555876579
0.9905537561995198 0.28969413598285604 0.9683337625547257 0.9197402198477302
0.9861542365032535 0.27184010784514845 0.9656794996676578 0.9225677946760171
0.9892282571547916 0.25233214915531477 0.9651196188058707 0.9096142888019964
0.9822841409282543 0.29618017787446416 0.9668773735968008 0.9291545245768763
0.9872457947452392 0.22828293621113366 0.9662073153719376 0.9367850245134453
0.9869523764122611 0.26447178002894356 0.9711980108835637 0.9248971375090501
0.9924578121276745 0.18004411494393727 0.9707313408686407 0.9088726989976166
0.9901283772699933 0.2193541260080274 0.9715878726983025 0.9095019072885108
0.9896270296142659 0.22216056875325127 0.9723851123717214 0.922185557516691
0.9905812346724097 0.21318806953831668 0.9715122717493646 0.9412087436112154
0.9884911574435699 0.2142769281233343 0.9724017653931449 0.9205763799391263
0.9902271549980275 0.24264642826515737 0.9755649094588285 0.9256304849289295
0.9924842776880327 0.169741049154984 0.9735065531822635 0.9366886207027829
0.9900978352250185 0.11779755283648498 0.970174299539379 0.9263584505639957
0.9895372382394473 0.08303571428571428 0.9744311724532889 0.9333880120588757
0.9922966676323484 0.0950363196125908 0.9754824946443725 0.9067748247187347
0.9868140563832877 0.12247154771229785 0.9681551802859635 0.8964007129578166
0.9885363292468465 0.20272904483430798 0.9734998072097764 0.9065470707648832
0.9926063568942413 0.12057902571736563 0.9738631311289508 0.9202824289585215
0.9921805701153132 0.11376588069221519 0.9718379574918571 0.911851583564731
0.9901230008591971 0.09376603386351975 0.9734506913019174 0.9299857873157373
0.9876769870858324 0.16861075109547616 0.9736960322003486 0.948055765516083
0.9879202607101976 0.11957957296940348 0.9721979103162292 0.9564557461068401
0.9855235102682078 0.1281300610439766 0.9703038860752097 0.9493204303140909
0.9934930271699928 0.101640636547273 0.9736130468430402 0.9642599459704347
0.9889393175323584 0.12630251543107454 0.9712746002542978 0.9502097226832433
0.9877912216972113 0.08105249239719688 0.9622094726741333 0.9222687027501307
0.9898450985227196 0.06956054162389402 0.9634288998077016 0.947494565285948
0.9846277272185352 0.04446601085182408 0.9550596139261472 0.9485378206175461
0.9842178999113865 0.037359954662365406 0.9475303968071751 0.9363129321019937
0.9945844659356373 0.06454825705477828 0.9539148430022586 0.9385295156250464
0.9894444859282254 0.06849002849002848 0.9235556064261018 0.8873114985862394
0.9927184525217739 0.07428417071853052 0.9328229755964212 0.9161584665375653
0.9949842436655401 0.04236395552954944 0.931553908689361 0.9220383587022885
0.9866864766553411 0.0 0.7471995321306693 0.8328071647434298
