0.9839805142008344 0.0014716769177944892 0.18100921096988637 0.23690572119258663
0.9799635871450243 0.0009934345194460802 0.1899459302871568 0.13762730525736305
0.9840895376268948 0.0007472957298975931 0.19581925435657777 0.2326427771556551
0.9801115165669245 0.0037446205071855823 0.19510131764818553 0.3213660245183888
0.9797573034129501 0.002884252246691384 0.20320181770770396 0.2561200315872598
0.9809097037339429 0.0033210107047507375 0.1801651750397926 0.25667022411953044
0.9846568595219166 0.0031459018251898878 0.18391139632404088 0.22992244183137353
0.9705656641851511 0.0028344009739060087 0.17532317057895133 0.26848612083041756
0.9831265344525956 0.004216345614652502 0.1884151284428223 0.32829781494469923
0.9776237270844472 0.0033853590321614004 0.19956465686077965 0.39214046822742477
0.9849398480319498 0.003928522738150374 0.1909885248960134 0.32858958068614996
0.9770590137687727 0.0036100272021800813 0.19741853249837782 0.3198072533603855
0.9849122217306518 0.0038408457420207715 0.194673101052022 0.26714711729622265
0.9754745775009007 0.004209613350432242 0.19695675251350642 0.31657066902968545
0.9855672570017491 0.0042862709442784775 0.2058165374996905 0.3330931796349664
0.9760006914332876 0.004063324024792504 0.188581284033874 0.24355670103092783
0.9838261480503434 0.006037283252077993 0.19708729506593106 0.2330119915353868
0.9849456212711171 0.0058462235473222615 0.19627655304943978 0.2325020112630732
0.9845413700674058 0.004721279718993932 0.2059965274792197 0.29930394431554525
0.9792900739674051 0.004464557377980259 0.20778743027300625 0.3232505643340858
0.9804039819804569 0.005590865143575426 0.21288460543234647 0.31606463878326996
0.9861374257925982 0.006316573843370432 0.2005840704414626 0.22899114279542018
0.9850283710277365 0.005019151064890825 0.21844020579746518 0.32986264953478067
0.9887850118711966 0.006621278142782671 0.22371199154167754 0.3528473804100228
0.9901131992271586 0.006218799000315273 0.22112585957446465 0.26565726083964214
0.9909869655691872 0.006206256464850484 0.21925650641824224 0.25473590372186317
0.9826032096708406 0.005831743478969249 0.2228104342101654 0.3359963478657841
0.986199377310307 0.007812821771983463 0.23200498312401316 0.315087084370052
0.9862811421708565 0.00616011500272276 0.2261323799020138 0.2714184564550389
0.9887158662941968 0.006284305979247663 0.23272133835946635 0.23717457886676876
0.9864060236781307 0.005986877850404202 0.22685692624368178 0.24206629055007053
0.9870233403255113 0.006808131123824554 0.23092857311441362 0.23343527013251783
0.9862136259055361 0.006665366738094679 0.23003856603066547 0.23966613672496026
0.9897000112943857 0.0068121879374528505 0.2376451936252769 0.29698375870069604
0.9894363730441312 0.00704395361588255 0.23479565860739757 0.2634976525821596
0.9889919804498162 0.006574924330497754 0.23484218443707447 0.3116289198606272
0.9891860792498561 0.007369797994943411 0.24098307009466596 0.33153928955866524
0.9892563623799933 0.006137663007403096 0.24229002407210873 0.26208651399491095
0.990152492130917 0.005005055768699358 0.24124597543058984 0.3559896352401834
0.9847410081594321 0.004160028887614436 0.2587479605623004 0.3390172761947498
0.9836842873419849 0.00471732819276298 0.2527294965681451 0.32249374639214934
0.9786766365411601 0.0033812504004955466 0.2637004028189601 0.2773613193403298
0.9907744583039244 0.005009078365202778 0.2601208121475188 0.4584634603372892
0.9911243389086477 0.004750912661420053 0.2718258007730282 0.4314079422382672
0.9870888939269274 0.005488738406413609 0.2673791014892515 0.45392899880335064
0.9870836943693804 0.005293062549463543 0.2802984230145475 0.37676999617298124
0.9833736934539237 0.005205576606789031 0.27653705597605194 0.4975702514261568
0.9846971549348308 0.0057299930910481535 0.28122702083093426 0.48751980982567356
0.9876643634301037 0.006446503994964233 0.28282300449956516 0.4516599781101788
0.9924043711618862 0.007271657527976287 0.28404009181957923 0.3741214633267255
0.9828689567430026 0.0072524521038659345 0.2853959044212839 0.46442382057231246
0.9862888713337086 0.006597340532417722 0.29414308798955274 0.5692095949665749
0.9864543702505417 0.008427056688990119 0.30058407467272075 0.48610567514677105
0.9857666689959801 0.008528980808110273 0.30068048001596726 0.4567852175640771
0.9893477309207647 0.007670359760236542 0.3142024918744929 0.481888246628131
0.9833932182851663 0.009441004698546524 0.31263141469196554 0.5339423249149203
0.9863645585936102 0.008497794505750436 0.31753073015011285 0.48550333153250497
0.990152095284939 0.010028051489434413 0.32675428104856585 0.4737701942276275
0.988909907779617 0.009006712850701905 0.3191474555406511 0.45653393157599553
0.9859467637508241 0.00851087214935362 0.32328176539804404 0.4942484662576687
0.9864137149677594 0.008639245135507567 0.3392820149046193 0.4611101131668762
0.9801193004256424 0.007868577739973848 0.35609131537625316 0.48236798830623057
0.9944406493564023 0.00848520845576253 0.3565595114961847 0.5508253692441355
0.9849959130141636 0.007867407549338954 0.3590891419500105 0.5062523683213338
0.9892903977852251 0.008536525662398833 0.3663739326871486 0.4845322400298174
0.9863067364985739 0.008027192645987266 0.38354212716188074 0.5431372549019607
0.9886990372735961 0.008762789054713815 0.3562542383827946 0.5749394898529138
0.9907583066197352 0.008485298248055185 0.3718988586078217 0.40930869267624914
0.983533927748285 0.007372914747656089 0.3795839849934083 0.45446546414430267
0.9882454118251891 0.00771849194345765 0.3812008215517757 0.43702804746494067
0.9876730305413397 0.0076677601247617765 0.38791547058795556 0.3580189770886369
0.9872967375849018 0.007948768801995803 0.38445098570391684 0.2635405604117311
0.9843816992462113 0.008388281391314758 0.38400809940582226 0.387942654086509
0.9839787902733594 0.009588895952532317 0.3969136070735764 0.5173067804646752
0.9836948359571459 0.008886236103546063 0.4003086968021064 0.26989507667473767
0.9872722964510404 0.011464176315150166 0.4105941511703575 0.24736259682773884
0.9909908824114304 0.012174614826312042 0.42221524860547477 0.3670178456245969
0.9857519528665699 0.014018335822682656 0.420810949182934 0.2771054376657825
0.9837718119517017 0.015203211452181007 0.42871526187960146 0.23410238384354828
0.9904829335154522 0.015564451606841355 0.4288525385830618 0.19499150254923522
0.9905944988796476 0.015905304123074025 0.4402573507305634 0.15162085308056872
0.9907597257191962 0.016120844759899437 0.44209581537247894 0.12033382203676554
0.9917615564437071 0.017138422036921595 0.4555947866476615 0.12386588872449122
0.9909821978473179 0.01898801924243388 0.4460303380044126 0.0877111169684313
0.9895667747486216 0.01753538992913914 0.4577113341003646 0.0751826147450019
0.99232535149514 0.01757385769924955 0.4732556748753823 0.08846708408224535
0.9841890937539893 0.01850700952778703 0.4772825093457266 0.09654211631630383
0.9928649634821429 0.017588999425153524 0.45345363785988946 0.05958097771865647
0.9894018897608124 0.021392517273901127 0.5547466027745351 0.06956859116887767
0.9896159068222783 0.017897826195095258 0.48871982979147205 0.11364941452575338
0.9915801028216079 0.01881643738166782 0.556884266494571 0.23354670934186839
0.9850702024196446 0.015977810650887575 0.44702910200465895 0.24732036522429535
0.9874783242067879 0.017012755599913047 0.4878673857903526 0.28441377710773513
0.9895479506594403 0.017556066068906476 0.49638698548085675 0.29076841297029116
0.990641145795785 0.016673619009606237 0.46342066139748817 0.2476936556202649
0.9911757300652815 0.016361579473107797 0.46246686122930913 0.22354497354497355
0.9857005788234047 0.017901525490599434 0.46991770158112334 0.1955315639526166
0.9914425664088728 0.018293498155128988 0.4749754871969272 0.2508421502111306
0.9911043652245523 0.018141641706021793 0.4737845438428781 0.26795363002259553
0.9912499954741356 0.017952571677204345 0.4938083839373786 0.28088728398246066
0.9959688575903609 0.02032198266247202 0.47852877997597604 0.3194007661958946
0.9894382752714231 0.019073898833427434 0.48462124492774544 0.22383686398732924
0.987954952709839 0.019089163634026622 0.48069413028703845 0.17647058823529413
0.988451298977652 0.018738988666543954 0.5013046324909793 0.27800256587387745
0.9856770523692433 0.019629614873607936 0.5280630660519523 0.30778772516449143
0.9821990734968074 0.020691192248750427 0.5261500968818043 0.32159739201303994
0.9943463747631792 0.02265791209915571 0.5449203946921808 0.3229761904761905
0.9899974417392312 0.02305545307859424 0.5671857567388536 0.314199865305911
0.983354419748969 0.022240095496662712 0.5598351503564541 0.472
0.9798468670115829 0.023885416002609978 0.5708206144092192 0.3514269725797426
0.9819801840284708 0.025619117894546066 0.5705851346690326 0.37619547469092607
0.9869988381568751 0.02827845483275507 0.5963592814744031 0.5042707493956486
0.98608489735111 0.027866263821737212 0.6024051169672096 0.5470244851629642
0.9824023162870865 0.025228693695222845 0.6117677803705357 0.6839770091761621
0.988360279485533 0.027253677479440207 0.6298978718689017 0.6325838686652391
0.98455759812041 0.02820647240087458 0.637766686322518 0.6246248896734333
0.9759227279229936 0.02657199441868839 0.6534721419049301 0.6228117184708825
0.9766619247675531 0.03197544838209039 0.6643321637961577 0.475658367640332
0.9850196031030638 0.024150693309098175 0.6810011317684433 0.48350593237775186
0.9847015673279415 0.027061056919857173 0.6822869073194348 0.4788261037456558
0.9924638446151374 0.02931678272277727 0.7132631811955277 0.5089291918560211
0.9816538815468463 0.03365607968001088 0.7272306949506985 0.607828594973218
0.9883009441001849 0.03816367864376266 0.7440964309801176 0.5134257693608387
0.9863321035496772 0.043124750896771626 0.7673088631651298 0.5260159253157606
0.979949691814359 0.04292591739887909 0.771935967678691 0.5747549922629136
0.989231616067823 0.05294960517096137 0.8045630719252068 0.4755414488424197
0.9878469473737967 0.050355264570140605 0.8182012844678852 0.4993017646312048
0.9815793118209173 0.06335981884312095 0.840923238517443 0.4804779433950878
0.9908078678206137 0.08410680534989827 0.8719782307512396 0.5558705254136727
0.9929875612103757 0.13198434084091717 0.9252268685230922 0.620010643959553
0.9935361931669723 0.11782332723808794 0.9190485618347694 0.6096851216236383
0.9892962359555304 0.1223613144702266 0.9183387287096433 0.6566443371241626
0.9906313148242144 0.1287672060496823 0.9226564409557353 0.7136918900576857
0.9964701445571287 0.12988702781965758 0.9276536492191136 0.7464788732394366
0.988303560942522 0.12768202602884277 0.921434028986203 0.7268978898860053
0.9914345276028559 0.13209786550035513 0.9177044883432928 0.7352105818388379
0.9897897890639069 0.150960929250264 0.9277595312080132 0.7228107059108919
0.9893818943364887 0.14298042841732161 0.9253746493282288 0.7457822401448441
0.9907307025151778 0.16755447444858412 0.9266964375112642 0.7116550469839346
0.9904025599599042 0.1613212541326648 0.9247718441781425 0.7703808624488511
0.9923338662731112 0.17004928024899493 0.9310125704871214 0.7577539320887844
0.9851291856126465 0.17060243986577603 0.9246437017600245 0.7110069939566782
0.9914359764113736 0.17539799660137734 0.9327483279287392 0.7369946282160023
0.994028422668195 0.19262882213367954 0.9362511299728806 0.7619247741122085
0.9887826773767866 0.2055076084487849 0.9341783898593217 0.7116026438060337
0.9875314446883225 0.19777958239239984 0.9321741238735631 0.6478563358506273
0.9932298381276925 0.21315658810895696 0.9295011511528662 0.4247194340531131
0.9900361689867689 0.2134458773732023 0.9301788653676837 0.3591443302270471
0.9965095046896651 0.21646554480537167 0.924368815122883 0.3140293420667252
0.9911738746690203 0.22516047153003196 0.934546222162874 0.4867396593673966
0.9927912516083384 0.22738709639668106 0.9417547934632365 0.8288563288563289
0.9879576119532746 0.23936479847253592 0.9373516444892398 0.7765971316818775
0.9912886601037952 0.21310018494943914 0.9402995046356891 0.8041688794476899
0.9913893664598057 0.22777562581707259 0.939905210511252 0.739864662554644
0.989181940736056 0.21626739313681176 0.9388315710845758 0.7286808701000951
0.9931838798996793 0.21673801317354988 0.9408631821600555 0.7847624738571856
0.9914198303271153 0.22473347547974415 0.9415498631896245 0.7756649688737974
0.9855416274793302 0.22232771975413523 0.9393740437142812 0.8121500391354085
0.9884408473282175 0.25136751049484796 0.9419781582437787 0.7227028410545175
0.9920104172272673 0.23017542123363932 0.9391912365293916 0.651389631213255
0.9874246980896971 0.26974622184203023 0.9418351370190867 0.6348789981384328
0.988793999841463 0.26657683852209063 0.9494012279503315 0.8378079158593966
0.9928907634656277 0.2638727102827665 0.9464523723333668 0.8023851867350141
0.9971984611955955 0.287351194624885 0.9545978814114852 0.8571581367987593
0.9921025599359291 0.2970987566099757 0.9508281204098196 0.8071340104037652
0.9880926278470556 0.2729049969496977 0.9482795895765634 0.8303362391033624
0.9915226054199242 0.27055944865929227 0.9523365797710966 0.8497305926960687
0.9896277895047333 0.27819738167170194 0.950963722597105 0.837353748374982
0.9910285518982622 0.27499513640512996 0.9520454281878702 0.8109253373865782
0.9872505359059875 0.2731499361278631 0.950491301633884 0.858327509899837
0.9869203082938601 0.2873414748708314 0.9483791827876757 0.8530573763131902
0.9908348455263236 0.27220327730331656 0.952940842255484 0.8696339096284927
0.9904347107930965 0.26461041582559547 0.9537527182406694 0.8893577739680865
0.9915679273869177 0.28684008100343794 0.954753191221782 0.8741607195642076
0.9916208611663376 0.2891316721477359 0.9537253731743626 0.8358050414675001
0.9910405648609711 0.3064375136586432 0.9560251026377223 0.8899587890315422
0.9912259095220117 0.3268703789876428 0.9620256883567997 0.8681860638894078
0.9920994395152117 0.30266105677285393 0.9589588875554922 0.7285624012638231
0.9878445324960811 0.2955491275543529 0.95872764736493 0.8158180919426594
0.9881118268610605 0.30225466278429214 0.9586455862399873 0.7632754190627676
0.9799448983361836 0.3081783987103708 0.9554717684296936 0.8411548829203339
0.9948620606960087 0.27054502134418745 0.961872659940564 0.827955683715283
0.9847136735837471 0.24517684887459806 0.9556075680105831 0.789209211508643
0.9891379531189958 0.2543355314106024 0.9614495317955885 0.8482591639082996
0.9875541396038076 0.2358636455321724 0.9565749612965277 0.796803835397523
0.9838897842680835 0.21177376572259776 0.9573891738196407 0.8439663699307616
0.9912109907701487 0.21038686800270928 0.9564190597324693 0.8906461691597313
0.9920452883375218 0.23807656826568266 0.9625461822128063 0.8699055048032877
0.9910007900449905 0.17914820637416035 0.9623855919183271 0.9206637629265425
0.9890438533111493 0.24282624968809782 0.9564527980147369 0.8960085601950928
0.982976638128843 0.21081465670579866 0.9575871697091137 0.9119266055045872
0.9878980934092008 0.28937069728911363 0.9654307560363251 0.8897273390479664
0.9881521422813314 0.20871476431299746 0.9559087227760944 0.8932978677015654
0.9909953738113578 0.2519634134661431 0.9639140046965582 0.9251279817013397
0.9863027880197176 0.21675351403424267 0.956881452292399 0.9336160529582127
0.9894458252784682 0.21023839080943463 0.9585592475245174 0.9189995095635115
0.9825559396160891 0.26721537077224367 0.9636791264174717 0.9433506578820257
0.9877361562943464 0.20053129454451213 0.960500155639679 0.9482717079047355
0.9874995680260639 0.23850999065730388 0.9680012526760209 0.9343760446172522
0.9928225000902603 0.14736819691678732 0.9610194530514606 0.9221993103914543
0.9904958858437058 0.21038053570866513 0.9683166705168857 0.9077236966165355
0.9902836482526031 0.1821826400473551 0.9656196519959058 0.9131843358564369
0.9908633903183559 0.19988575118595237 0.9638515836573213 0.9317930702325977
0.9882242794130164 0.21967369786333538 0.9691168789881236 0.9135340370529944
0.9909980312132113 0.20462407946566194 0.9721315454701178 0.9359813445334845
0.9928005110379887 0.13093049828605494 0.9633163871504901 0.9212200575685325
0.9903849343134228 0.12284633294528521 0.9628726385906162 0.8975488598433338
0.9893498222843323 0.07784766500086163 0.969604230778884 0.9158485726909275
0.9922570169985665 0.08336503709339928 0.9687380377222031 0.8737012326790677
0.9870905072111819 0.0700350918931779 0.9554835171132231 0.8703807985229634
0.988957699436372 0.1533174064294396 0.9677821112070419 0.9095675781180688
0.9929215967566668 0.0862868309130618 0.9670625823435441 0.9069903704081113
0.9926971615192324 0.0735056808825951 0.9638378240144887 0.9209950682454738
0.9905305956342014 0.0542336083369518 0.96793199866923 0.9359600056455627
0.9880732030130066 0.10678453947368421 0.9661109997721834 0.9425915045104206
0.988031351106631 0.10084582713181109 0.9624034180594845 0.9406940996385433
0.9857097792191437 0.08935782722305805 0.9597817516967155 0.9320198314560649
0.9936655844277803 0.10283441074092492 0.9610661882784234 0.9363982604467734
0.9894573137628935 0.09364883964801897 0.9621714126161343 0.9330076180104876
0.988128534098033 0.0632904936760506 0.9551804290318587 0.9090087977558341
0.9894966403688499 0.06036419992251065 0.9538778893255602 0.928228430014832
0.9846526134385546 0.05306850803010319 0.9479488641764091 0.931540124019358
0.984787561740198 0.0546943231441048 0.9384496432452774 0.9192723923555146
0.994771309502239 0.06953346855983773 0.9409652696264587 0.913480209111277
0.9898841896396181 0.06720071206052515 0.9205916753857024 0.8868574249585751
0.9931738866411571 0.06583659302517768 0.9288595368822554 0.9153530719892803
0.9955086652477957 0.04859362443075275 0.92583843825233 0.9149303201663722
0.9879990220390485 4.687133817670495e-05 0.7266565188637603 0.8111129080578923
