0.985062283137316 2.1842558835910756e-05 0.18133498551539035 0.034868421052631576
0.9804660038164106 1.8037536112650425e-05 0.1899481191192656 0.0
0.9850548786159427 2.3269931201942535e-05 0.19609521698883833 0.0
0.9811161464421124 0.00012806059787157236 0.19544377770651525 0.030639042894660053
0.9809877950392135 0.0 0.20322446039512848 0.011845222426954462
0.9817379263611262 0.0 0.18066513445403443 0.0
0.9863486002503374 0.0 0.1838227199959742 0.07605704278208657
0.9715346652452838 0.0 0.1757483751008363 0.009330534173081408
0.9835879419514401 0.0 0.1884267298506413 0.053106744556558685
0.97884123985541 0.0 0.19973017646981908 0.18240766845221315
0.9861464538836834 6.2913474614413e-05 0.19125806650816685 0.1467073480803458
0.9783448325047618 6.160772697802365e-05 0.19777133301980457 0.034745117930509765
0.9863040614519203 0.0 0.19551560392453946 0.02808151093439364
0.9770085967214163 2.9359866823644088e-05 0.19786511089195907 0.13602126716880816
0.9855920750864352 0.0 0.20583135781054254 0.16810758885686838
0.9775375135574672 0.00027956306338775883 0.18891337569869215 0.03178694158075601
0.9851029035892094 0.0005328002699521368 0.19780267730524084 0.0
0.9854348915851516 0.0013114890605158524 0.19719284822267813 0.09929789368104312
0.9860613472875279 0.0006184789440603394 0.2060290003744623 0.10865724381625441
0.9800992844979288 0.00109294844722962 0.20956810914248122 0.1329128182022978
0.9813667078441306 0.0009489948674080411 0.21321341569341995 0.07705577918343876
0.9862099534873929 0.0012604223328164452 0.20125272896560426 0.06639966273187184
0.9856768518357126 0.0009407543765416325 0.21907683871453928 0.14266725742135578
0.9897676717169774 0.0015566931524344922 0.22441933458882612 0.17107061503416857
0.991032519447723 0.0013736565523836028 0.2214789262711448 0.041200084512993874
0.9918411496203176 0.0011734319962750843 0.22005877172414515 0.041916167664670656
0.9830642626708942 0.0013663578655718936 0.2241172976783026 0.14160070360598065
0.9869748545894689 0.0018737971175283663 0.23228659736151056 0.11251352326000721
0.9868056858697691 0.0018479397615561598 0.22671241895261846 0.0889031705227078
0.989161930927424 0.002479609304198973 0.23307068467458983 0.0019100538287897205
0.987018925745478 0.0015737516795284318 0.22694502084900126 0.07742054693274206
0.9879607863538641 0.001973133680064145 0.23082666006521027 0.11743650928924493
0.9866301605406554 0.003216689978978021 0.2302410419700544 0.12509773260359655
0.990295493327768 0.0032472210786331822 0.23764007167316414 0.145699023761282
0.989742688578096 0.0028138986935031503 0.23326779296699063 0.037840770378407704
0.9895984758988627 0.0020061147526355895 0.23419431518927358 0.0972176759410802
0.9897823532292024 0.002051924780021441 0.24084673799570283 0.18526196758386732
0.990003014166583 0.0016600162266586155 0.24276355454449397 0.09582361670553317
0.9910963157843262 0.0013842559805561287 0.24043454006008702 0.1256657550021592
0.9850315065202094 0.0011721906550533553 0.25912935916750907 0.23691639522258415
0.9835593690133659 0.0012957594666228782 0.25255290494707766 0.20663454410674573
0.9797993055052995 0.0008530971064273428 0.2643346670058666 0.08031959629941127
0.9918650335105154 0.00230182677337183 0.2604150154134071 0.2846486062033765
0.9914139652007706 0.0012913701543187334 0.2719422484051158 0.24625224865080952
0.9877894388261966 0.0025975658952905366 0.26758686628776096 0.250594294770206
0.9875989601947963 0.0014063264524168118 0.28032394597683646 0.17214285714285715
0.9839798432799542 0.0013439570945650374 0.2762199729871441 0.2768478465299981
0.985300840636506 0.0023954643898287504 0.2811477956505881 0.27032235459004905
0.9885807840558972 0.0017930295179877233 0.28280457082243465 0.2152427353401775
0.9931407392887724 0.002327382269346631 0.28370475117399296 0.15715781209107563
0.9841716930917255 0.0020044931634194524 0.2850624745276344 0.28692473832862603
0.9870359970975171 0.0027875129056592206 0.29427366858709975 0.2694857816413732
0.9874474323782847 0.0046964113460675055 0.30041224480999484 0.24294442828047716
0.9860646271763676 0.0045615238052415935 0.3007095553085177 0.25058105752469495
0.9896602461209203 0.0037268312251510964 0.3139622411197461 0.23470319634703196
0.9831161619142726 0.0055379646157957515 0.31200518746060146 0.35288857091754605
0.9868007084817294 0.005203352646678292 0.31706294160051973 0.30449106988035374
0.9906486960933415 0.004181990922570741 0.326476196221814 0.3141257225433526
0.9885599161974845 0.004993539372000951 0.3188682733407069 0.2924545290833784
0.9859877489411183 0.00449807430684627 0.3222563424727242 0.23654768247202984
0.986620026948774 0.004846341664624784 0.3386176161858234 0.23516061452513967
0.9801193695599508 0.004294460578352917 0.3551863590772317 0.24023342519046847
0.9938091897171014 0.003936009887317371 0.3551721467397881 0.26008597883597884
0.9854011480504846 0.0041505299828757045 0.35742380858865164 0.2080716445685043
0.9892582913178223 0.004879011606680969 0.36199304732124515 0.13443849186293338
0.9862211549129101 0.003703536305556368 0.3795620967800475 0.11658002433359142
0.989050826870644 0.004209298332441141 0.3536478433563911 0.1509090909090909
0.9908204279188436 0.003965612438142122 0.36953978159126366 0.09240362811791383
0.9835341270776847 0.004258938217960961 0.37880186679061 0.2357503819485251
0.9882666647713273 0.004535203588510818 0.38020214172837385 0.15109918464237795
0.9877405900244399 0.004145104941028133 0.387667904076496 0.1696982441383661
0.9870081020604855 0.004621142084123328 0.3878892469317268 0.29724439090498417
0.9841270981834904 0.005092976121627043 0.38450416965248957 0.2376079309242085
0.983996661674367 0.006195362828618836 0.39563249785775495 0.2839802399435427
0.9835411615148187 0.005388215641243244 0.4039690238646529 0.3656884875846501
0.9880446770635811 0.007438919339016351 0.4157945637388645 0.35218888342351207
0.9912859649799445 0.007751766936735046 0.42385224866293475 0.4077997111218103
0.9855955618693172 0.009389424222442636 0.4230203429061565 0.27492602598739224
0.9831941140410544 0.010438915711594344 0.4344318240100367 0.36652573261408367
0.990383765829057 0.010470069629384626 0.4376063616075868 0.41424899008446564
0.9908376000208884 0.009822264487545244 0.45227001409401063 0.3207960199004975
0.990983972293244 0.009304404355598895 0.46061201542901425 0.31344645137748584
0.9913337944312413 0.010533636237192267 0.47441278469280723 0.3402355972759065
0.990728770491611 0.012282017480525006 0.47125508682863937 0.22503892868265338
0.9892354425045506 0.011025993434706484 0.4826880579543413 0.13534865264600845
0.9921968963940185 0.010498046073937482 0.4948597751156641 0.17020889273198925
0.983677365329773 0.011132840385017648 0.4986691139780737 0.20364161551555165
0.9926233314397644 0.010212689580902809 0.48648605214015034 0.1270348742374319
0.9895431978973349 0.01252886203440314 0.5750751064007343 0.10605434445707201
0.989983666836582 0.01059458668811957 0.500908617341268 0.16765893667513218
0.9916761300998816 0.010598998663273103 0.5542185243759884 0.18548458736786
0.9851080934944696 0.00965331965371996 0.44675552169387733 0.22886470315159643
0.9872593347242339 0.010293694555754598 0.4835344856407342 0.20969441517386722
0.9892788992668474 0.011261655596694268 0.49409626961217007 0.2517284370395557
0.9907734490647289 0.011378215239657602 0.4617670766848192 0.2455758547620411
0.9906950521385478 0.008701525028191012 0.4608066146450418 0.2191625266146203
0.9854197253180395 0.010166100090365334 0.4721223923872125 0.206756818285298
0.9905862831457635 0.011331906968153062 0.47585617522314366 0.23658144479593424
0.9902313798508021 0.01166838952298863 0.473742298453436 0.22940107109517024
0.9905486399262333 0.011017426956439796 0.49452317574328897 0.2661133084507827
0.995336029622287 0.01191820213504934 0.4762073719557648 0.27223050173869845
0.9894597010626002 0.010965142924526798 0.48523765908829797 0.2268214936247723
0.9882746014978695 0.010621072826534817 0.48486808535104176 0.20047669491525424
0.9889962832310355 0.00939881526154049 0.49971667715121276 0.24487795314184885
0.9864771485218227 0.009356924419625549 0.526509875729116 0.25943882814111824
0.9823575374413976 0.010163643669719686 0.5240329715825517 0.29158088633654783
0.9939480314865929 0.011948098788394184 0.5424191991611091 0.2836213803364999
0.9898309134439017 0.012801404531107003 0.5649852458147703 0.2706963148554129
0.9832384547621954 0.013512700077522914 0.5552177552262593 0.33319412957880923
0.9801197414367749 0.01434688943947124 0.5705610817325871 0.3448559670781893
0.9827659513807196 0.014275418304032134 0.5691895245715861 0.3437343984023964
0.9874743546865407 0.016440652052323656 0.592782479654374 0.416429959635222
0.9855789859111688 0.016571201568667357 0.5981763909906387 0.4065375635214943
0.9820972737054574 0.014905710618992417 0.6074773592254448 0.4914566063271866
0.988887970551024 0.011837886660839854 0.6257112466631338 0.46098476146718737
0.9847016912613492 0.014850501957216716 0.6349430735118748 0.5165205066879263
0.9757491378209222 0.012820454884380918 0.6512993026803225 0.5442201834862386
0.97690507837536 0.015545931586676519 0.66396502450934 0.5508576726935559
0.9847830028430608 0.011116197433066587 0.6816454469173051 0.5544590312358533
0.9839703218687542 0.008823880800805584 0.6811716373952661 0.5338048328702534
0.9925863100916615 0.013484332261624838 0.7118654803674722 0.5
0.9815749794536948 0.0154367052442155 0.7244508179611595 0.5520056174844202
0.9884138468027123 0.02025864144040054 0.7421424702959962 0.5134474327628362
0.9866199710325277 0.024726528789862822 0.7661523154148393 0.5622625928984311
0.9802684383340694 0.0249426852602003 0.7697622284826304 0.5605947337818755
0.9893319306440453 0.03429937587287059 0.8036446893009873 0.5376790046169497
0.9874529501590885 0.030066464527092596 0.8164777730848223 0.5070649388681455
0.9811460673025594 0.03823358805578674 0.838942916963006 0.5285830800029658
0.990510301069448 0.061166868198307134 0.8699034716761502 0.5457987996570449
0.9928687901934731 0.09307572401345475 0.9234051645533161 0.6467649051490515
0.9925789811055828 0.08112380126258975 0.9171612048677223 0.6475978647686833
0.9884539593488679 0.0887864613341406 0.9159837041222159 0.6674376766897969
0.990088970612882 0.09059311354120086 0.9200373838339659 0.686624431159097
0.9959571064124184 0.09105660612869 0.9244133680398768 0.6670332459182811
0.9875018275686027 0.09346389017696348 0.9225220030566549 0.6698174706649282
0.9906109315496944 0.09867664269352726 0.9193149176560704 0.7029571012078301
0.9898220429684902 0.10985306634412938 0.9283209623345948 0.6961792492266533
0.9881911277587336 0.10655380525960302 0.924781903628007 0.6756756756756757
0.989489977835598 0.1296127637628521 0.9271089747523084 0.683005254489844
0.9896585177731044 0.12459683369521682 0.92465448877726 0.7425183973834832
0.9912017379521195 0.12669372820307587 0.9310037756787611 0.751754945756222
0.9842356434976391 0.12985310131786565 0.9249284428739919 0.6958044509303174
0.9906236292298484 0.13763580894500116 0.9340454492361162 0.7049385441966586
0.9939857606719039 0.15470662468297822 0.937978319752999 0.7013581129378127
0.9879129851044143 0.16337871973384266 0.9357224412503033 0.7472152086736967
0.9868268579049785 0.1502418093025461 0.9334985507131442 0.7698795180722892
0.9923629208495318 0.17081404320987653 0.9366710549272764 0.6734759633973451
0.9899850036973012 0.17161231648694297 0.9410869969054995 0.6965948390529396
0.9959518923374581 0.17767857142857144 0.9405260508652079 0.6777321894815368
0.9907070156925486 0.17401350870956275 0.939187313636425 0.7273804040271106
0.9921358007041554 0.1831952485526053 0.9405091139155567 0.7849794238683128
0.986785470658191 0.20552939577076612 0.9371802789377771 0.75253227408143
0.9906716283276524 0.1745872162716059 0.9407139491121719 0.7870632672332389
0.9907648132085065 0.18908099932196318 0.9409358570264936 0.7479362278656501
0.9885910811427702 0.19729718783329508 0.9396137704838573 0.6398909072196779
0.9927214082853568 0.18740886409546362 0.943077834979238 0.7820592243835955
0.9912256023128436 0.19717358480570052 0.9416887993256672 0.7408465185354429
0.9851344601415666 0.20366166734225105 0.9411867414584396 0.8057213930348258
0.9880666890382144 0.22963484114831215 0.9450643966667568 0.8020307582685113
0.991389144003697 0.2140226473175022 0.944417739337006 0.7339863184079602
0.9863167066406836 0.24749444436268378 0.9440378531872603 0.6779756326148079
0.9876686972110904 0.24703484947383503 0.9508739750030352 0.7985980792581963
0.9919642378892995 0.23965637400617276 0.9483311364297721 0.8143343959547104
0.9956646420996386 0.2689055143305551 0.9553807877935055 0.8308910677728693
0.9906934634871075 0.26470218647901483 0.9511981671448327 0.7650933040614709
0.9874591494263808 0.24068681443034537 0.9491279405409506 0.8011758147078202
0.9908133563231177 0.2588318493040599 0.9537206395375291 0.798947838602412
0.9891011784876459 0.25854487797701753 0.9525770288373405 0.8135800655994517
0.9901125116084776 0.24744251833821257 0.9527977939679747 0.8005398361876396
0.9861586740007401 0.24671003377310463 0.9507202867183319 0.8432219479779761
0.9860095817842475 0.24218976690202146 0.9477459491699526 0.7954317159453204
0.990139239822106 0.23835248778473608 0.9543930264881725 0.84835731740429
0.9897866248832872 0.23532410641793017 0.9568165123953605 0.8693886657742079
0.9910231045813478 0.26207491606174854 0.9582066349635793 0.8456263660909441
0.9910190109447923 0.264132441162898 0.9594133207904674 0.8775238517861105
0.990503652751041 0.24856532013052773 0.9579495831348658 0.8718618196424985
0.9909611269758507 0.3076228556687734 0.9640753322118516 0.8509847076234205
0.9917984001250117 0.2958963282937365 0.9663330049590089 0.8233955894763879
0.9876011717875244 0.2928650104026435 0.963802331083397 0.8260854523438852
0.9878615458641553 0.29424872665534807 0.9654840942727985 0.8444584382871536
0.9788965840821697 0.23973853441659831 0.959313997907248 0.8924028142989127
0.9940621271157206 0.25605340574790675 0.9715652076827564 0.8965692761885371
0.984453014549294 0.26189747981404454 0.9650734422721393 0.8805896805896806
0.9885210588337503 0.23720153956197418 0.9695258787160087 0.8870342380232634
0.9871697316752109 0.23093168992140706 0.9687737478411054 0.9006332046332046
0.983754283957975 0.2403516000549375 0.9672386360519024 0.910740424493779
0.9906692682449031 0.15149954949156905 0.9608951723996486 0.8702844121866824
0.9919275753361664 0.24901354728396685 0.9705506511074377 0.8727654240244168
0.990875754913438 0.18446567958276452 0.9708431212491603 0.9190367790241628
0.9887344390088693 0.20099535906204202 0.9655074067180898 0.9046450979885874
0.9825967948434947 0.23436162691177018 0.9670920247928914 0.9263292433537832
0.9875376697216377 0.30969666832421683 0.976226646021378 0.9351587475901115
0.9875799039925798 0.24383514399034317 0.9684446686148873 0.904334693325519
0.990220197555162 0.24891790250478962 0.971728984955491 0.9232166995368626
0.986055989950755 0.2633625231641292 0.9689660552185628 0.9131856232560077
0.9890039077782738 0.19733298298627078 0.968141878098079 0.9006021123284967
0.9818988662705327 0.21413666198732784 0.9668851227249958 0.9254907301130284
0.9872939992451881 0.2208007224563516 0.9719338917576209 0.933746754580944
0.9863476104743782 0.17428940030796122 0.9704927841032708 0.9172379497744467
0.9917839047813896 0.1748357343998694 0.97451646735918 0.907816757493188
0.9896249904306395 0.15765581733169912 0.972949814097491 0.9041311888994008
0.9897436463871421 0.1980224242959301 0.974379022513848 0.9175887772582064
0.9900164193800968 0.09353397601692923 0.9739030652912953 0.9282984452358204
0.9875590756167895 0.10068585825596044 0.9715617211585087 0.9168791081591313
0.9900469173546325 0.13391969787318625 0.9746387906120705 0.9195262442560352
0.9924995459850473 0.09905125062417722 0.9754787640677769 0.9352954708107556
0.989944966487474 0.03404300168634064 0.9742098749825884 0.9300393476818053
0.9891186266287274 0.009477792231927152 0.9755467885331222 0.9352209929268812
0.9922436796453379 0.03538725677222434 0.9798383788162024 0.9110382310778338
0.9870816303497356 0.0632515119174671 0.9744313009600304 0.9208653036978367
0.988891264442558 0.10401361070296188 0.976703722002635 0.9263394515865349
0.9933622490202826 0.0741082192752287 0.9793752046935291 0.9417958100157842
0.9923930760490853 0.06828010014414687 0.9770776296145296 0.9243700963723522
0.990533757404923 0.039905143511325535 0.9746230753005695 0.9191611614457471
0.9883381450514291 0.06273810488773608 0.9745823797211799 0.9373843935717551
0.9884346577549203 0.026071483831038217 0.9747817510986606 0.9502754747967049
0.9861707022380495 0.08290237886864509 0.9732849288300542 0.9511131596024041
0.9940877891937507 0.03469729600382867 0.9758652468921447 0.9635943271209857
0.989747395447465 0.018738649496450387 0.9750162063349261 0.9606865691441867
0.9885572614896044 0.00843471208434712 0.964473659005142 0.9211654700885498
0.9900473296468825 0.021608511107436196 0.9663222754888006 0.9537049241667269
0.985778953447216 0.0033423126808340814 0.9569297009372704 0.945278613220418
0.9852574987252538 0.002780398192741175 0.9518599733195149 0.9409675156155276
0.9954156260708994 0.011870076615949066 0.9569342698778915 0.9403810804752297
0.9905023741004553 0.01813351046164065 0.9413682183932167 0.9181870573620379
0.9935051317627953 0.007689161554192229 0.9426978249527916 0.928156262973925
0.9960047529453545 0.010336283185840707 0.9406909925880099 0.9306838026805865
0.9875566782885049 0.0 0.7691116881398541 0.8551555849404292
