0.9845120931298367 0.0009180895400321778 0.1804903402851361 0.11139952411853775
0.9804728282575844 0.0007375281583440889 0.18979061555996588 0.0728355474118186
0.9846430747336257 0.0005534196681505464 0.19548898093705316 0.10788582486695694
0.9806651478722671 0.0021406653893190366 0.19486185244580612 0.23191857947163275
0.9803859256175572 0.0014653063586984667 0.20292148470144866 0.19422758457534894
0.9814449896648639 0.001954103173892552 0.1802210154390104 0.2649225298450597
0.9853467197788798 0.0019133182782480728 0.18313392862064648 0.23450586264656617
0.9711666821339082 0.002175977827603388 0.17597634599848444 0.29111266620014
0.9836792598454908 0.0029817141519716743 0.18800129323478493 0.3018697904933544
0.9781842093942243 0.0027323180618077972 0.1998609212655548 0.3965372800893605
0.9855627890027527 0.0031081188241369505 0.1909778253503511 0.3274969173859433
0.9776813711385083 0.003032242618497364 0.19777437175435636 0.3236114633527771
0.9856970377025295 0.002925224435323055 0.19496275137993593 0.2646386093321135
0.9763699548205735 0.00375699979382914 0.19713595873018563 0.3270103092783505
0.9860483989329097 0.002777222836211758 0.20461359873229665 0.233510109380179
0.9769757584463202 0.003061239393009975 0.18877067018842655 0.23190692171169394
0.9847176965101208 0.004353184207959855 0.1968076495030967 0.24609375
0.9858291929684523 0.004859477069187906 0.19683806846575727 0.2816818002368733
0.9855052191492745 0.0032384311243073244 0.206273415117902 0.24299358071081886
0.9798156358951038 0.00366232286331492 0.20903565559977036 0.28515491998638065
0.9808607940184103 0.004096879760531168 0.21118414607630204 0.1682430176922221
0.9867350769615818 0.0041622043877415586 0.1985969911686178 0.1481319162923195
0.985266621967247 0.0038931903538866287 0.2173585421558851 0.27639751552795033
0.9891486909078617 0.005711424626233042 0.22316299442955337 0.27514315078549406
0.9906905711570174 0.005072866326108658 0.22012321924863468 0.17816858702243785
0.9915544971113293 0.005283710227574715 0.21957292920938792 0.1715925744992672
0.9832330582943268 0.004888035990085051 0.22378233657914318 0.27070063694267515
0.9871794423319772 0.005875892773148682 0.2321132442645685 0.14430944706174065
0.9872596151026866 0.005205810126793739 0.22722235625251308 0.12422549517521585
0.989250670575944 0.0055812122912279084 0.23391100243556046 0.0955679601856211
0.9871398610439421 0.004754650169331014 0.22750781191549918 0.12129304286718201
0.9878143631813294 0.005545049026661459 0.22869902716233556 0.11959562563580875
0.9873261281064908 0.005971969432341171 0.23019297449881576 0.09230965927251807
0.9902180678474225 0.006034027350968466 0.23388746272140956 0.10103849905330196
0.9897261747177125 0.0061200336739944084 0.23293934468813787 0.09048443814622369
0.9896543812443944 0.00513695122201053 0.23437800784092777 0.14765541594809886
0.989806585873424 0.005769570970274864 0.23774283144099026 0.07815494697389157
0.9901986612148073 0.004671594859069929 0.2430314507154989 0.2160476325489084
0.9908284576922278 0.0035253665915347715 0.23847905253690413 0.11268430297546175
0.9855296602934074 0.0034604797483287456 0.25935287025801695 0.2752629172382259
0.9839639025299627 0.003987011990468171 0.2522951897797395 0.2095248946109149
0.9791784216078306 0.0027176670793731847 0.26431190062411697 0.23937871174052078
0.9911529740972773 0.004277440535507891 0.26023343554686296 0.463082305284478
0.9918644805039621 0.0038133922275306407 0.27215869175675295 0.38490041685965726
0.9879753929235551 0.004368663266491599 0.26754589188938316 0.49780994096362596
0.9878184871010957 0.004157814710229771 0.2802531965420379 0.34521267860075544
0.9841344957376931 0.004318395375192166 0.27664408151758935 0.5277262420119563
0.9854625562071323 0.0051136087497649215 0.2812390570767814 0.45564653701808255
0.9885150082247444 0.0057537765793692075 0.2829683283946973 0.3786465274692729
0.9935288853124524 0.006268307344603967 0.2838057702074343 0.22350845948352627
0.9843096926593594 0.006071374889952975 0.2853603207687736 0.4352717477420377
0.9871117140423384 0.0059028718208584885 0.29388845247446976 0.4068513716391429
0.9873233038038826 0.007873692479935732 0.30045138751993516 0.28603527693517583
0.9866935394890731 0.00785866305070134 0.29936596258052606 0.1843549145634112
0.9902062357118537 0.006901835197979143 0.31093399193507076 0.16675979387843795
0.9841842861909426 0.008502809810009927 0.3109652905055217 0.314589352042922
0.9870085229341045 0.007829423887818049 0.3164441188249728 0.30927718982211216
0.9906165629157134 0.008584118786926604 0.32543712798360835 0.3292007703418392
0.9894100260108772 0.0082708142726441 0.31658169516935836 0.23605189149959177
0.9866786421489355 0.008042251687116747 0.3195193163467076 0.21347792408985283
0.9869266418627204 0.00826785692328501 0.3355211112912083 0.25060085043446106
0.9808692305730653 0.007280647168637212 0.35077383102807597 0.18118179946469012
0.9948064541695222 0.00790619293275457 0.3514335445196027 0.18311305896048757
0.9859195256325592 0.007813886955355603 0.35657761656599957 0.22644401419812843
0.9898177251375562 0.008149428960171519 0.3594355550283474 0.18269104300933842
0.9865609478177864 0.0072268720186664335 0.37654806631982957 0.19908105883966534
0.9894247862400989 0.0074683070029255075 0.35321958748466875 0.2584749240745301
0.9913550919715971 0.006695410370927796 0.36709781339346836 0.17151795429815017
0.9841798491432667 0.006787020378022162 0.3738885863185315 0.2023816985271075
0.9888530749994966 0.007335852006253257 0.3732533686175245 0.15631786771964462
0.9884678314766411 0.007267781208437499 0.38122866026183105 0.14283072085818652
0.9878626395483974 0.007838039941899844 0.38043210429196556 0.14795462665237585
0.9848283791228533 0.007987881532611327 0.3772641238342449 0.1591095189355169
0.9848649270885669 0.00917010788518029 0.3908630767051816 0.20824417872876022
0.9846653666530898 0.008612497825126813 0.39635255762979504 0.16847466259230964
0.987778268043979 0.010653256782985192 0.4075166348064819 0.17187821435918535
0.9920535628194003 0.011336891031158548 0.4207188127136727 0.2655500511126838
0.9861954741073427 0.013334791746856334 0.4152993216405764 0.1578695047701232
0.9840494448016738 0.014510767124953514 0.42519489661798676 0.16554085315073563
0.9911073811482211 0.014715052462237154 0.4219471928733872 0.1264727176989403
0.9910266056809739 0.015219064748730885 0.42878966459850587 0.09339148573053949
0.9913841642851831 0.015365172675989457 0.42472630603778144 0.07242429916086535
0.9918310742025488 0.016029153456956668 0.43546855775472043 0.06957733983904696
0.9912508431826847 0.017999131001520747 0.4245495687054034 0.0546898046609463
0.9899003496483032 0.016543402732764657 0.42522001020102496 0.04307006219927238
0.992624675309411 0.016502996523443003 0.44453052408212645 0.04934240466005279
0.9842312007664218 0.017780746668699953 0.45528960604162483 0.0597226227617125
0.9932091046554522 0.016507751395055656 0.44331139791941265 0.04900783376119699
0.9898670529079968 0.020456785900080363 0.5406072634419663 0.053761069650297706
0.9902711218132187 0.01717344583300167 0.4692874317712787 0.06861499364675985
0.9919440206638952 0.01782666308366615 0.5449381791775646 0.12723463307120894
0.9856239483866072 0.014967489014958606 0.4419226685130179 0.14276504717810468
0.9878615558012576 0.016039952996474736 0.4725730403805221 0.13308602529040645
0.9898815508977239 0.016367053400761698 0.49258678362958597 0.1403463795362616
0.9913297054911465 0.015536288609973421 0.4559388943483218 0.10915137614678899
0.9920226190433167 0.015198601680510472 0.4568426460318352 0.11084442504909447
0.9867456112013809 0.017038092372314097 0.45982575719487756 0.10675004073651621
0.9921138789691765 0.01729252353111148 0.47003934211681336 0.14949660170901605
0.9920016228591301 0.016888078958047795 0.47076558441299343 0.17186280934993603
0.9919657339821574 0.016494858507333263 0.48937549257489327 0.1969196524736124
0.9966244786648045 0.018138772144654824 0.4698563881717137 0.19603891591382905
0.990178655388765 0.01736462369490943 0.47820252170918875 0.16016850914642766
0.9889732585795193 0.01802909141155848 0.47767726475933164 0.14412599801004683
0.9894868872769229 0.017233897056889613 0.4959912921935775 0.16432281029351695
0.9865301410239186 0.017829731349903497 0.5232377206308161 0.18299522481812647
0.9831647592743439 0.019125650007690353 0.5222094566297018 0.1890862538006081
0.9945304665876316 0.021305885592053708 0.5412521042084169 0.19001711551224282
0.9910197127080357 0.02113480543343962 0.562719771278327 0.19374501356310833
0.9841676666098723 0.020765950321163285 0.5539682815981365 0.29914893617021276
0.980899962083685 0.022249097642150658 0.5661320280593144 0.24075436626263408
0.983249516872582 0.02367506194755723 0.5659404224003792 0.25038030970862424
0.988386560557485 0.027228478754209143 0.5921456833972022 0.33005801494799564
0.9870638565586662 0.026688711824060882 0.5969821956363845 0.29858361924870236
0.9835098099495517 0.023971536047152405 0.6063278132428133 0.34309942114349545
0.989809892313424 0.025888353358564917 0.6219218858516469 0.31609891836093534
0.9859181668643713 0.02702581761461947 0.632002063143869 0.34591596308658945
0.9772843101565344 0.02500950910510881 0.6509341394217265 0.46143669797592274
0.9780922543166255 0.030175410761699883 0.6570111785279585 0.28804736549312565
0.9863337632428637 0.023357497101322188 0.676208095197475 0.3271513353115727
0.985133361345959 0.02540573372206025 0.6773379093171358 0.34604629841851936
0.9942828767257545 0.02795602435067952 0.7105674404490973 0.3950234942332337
0.9831591481210646 0.03189829250816362 0.7237320709154451 0.4282516358627023
0.989775167894105 0.036560559239146743 0.7364839109485286 0.3044076052796983
0.9879056930635555 0.04223930403599356 0.7618237059814043 0.3432961762224097
0.981526783028348 0.04128878445598703 0.766786537335604 0.37628791872334305
0.9907162230112668 0.05121841865148035 0.7983655362609744 0.2953604457686801
0.9895191232272266 0.04764827580286551 0.8110350178411618 0.295299740337937
0.9826557501299937 0.06177300450543007 0.8322804835218561 0.25305874063160594
0.99213749008848 0.08088615665940835 0.8664197555844889 0.337758641310848
0.9939036082276547 0.128377691478763 0.9147128438377177 0.3038616370955718
0.9941264085753703 0.11203291708530692 0.9078580892141436 0.29521557213025285
0.990265862280156 0.1180466720936543 0.9102678261812309 0.36074622395276196
0.99173985079058 0.12454983207218873 0.9217539105406207 0.6029453817557907
0.9973468397486404 0.12380500092915694 0.9263727752473062 0.6467079098541759
0.9891304087301873 0.1261684744782688 0.9261077045396009 0.7305287094940307
0.9922216114622314 0.13366395556437216 0.9227859546409867 0.7459406265376415
0.9901438671608829 0.15198179193960254 0.9313706103455589 0.7349139705277024
0.9907428582433216 0.14356953964056343 0.929325635816638 0.7359941113928191
0.9918750504421442 0.16810269799825936 0.9311489696415313 0.7171964764458062
0.9909816368443558 0.1606839034268238 0.9279482276522758 0.7678697806086341
0.9932459315237284 0.1676772467057349 0.9336398484625098 0.7206110094326341
0.9865732646856046 0.17013743815283122 0.9288160941142599 0.7139436234263821
0.9926511653827003 0.17866212043538907 0.9361359944932707 0.6601836500446372
0.9948499417249417 0.19553065910156392 0.9380619923826917 0.6126861809189718
0.9896886018227891 0.20882605696026338 0.9359499174569048 0.591552386176632
0.9888177633097283 0.1968219993951097 0.9328792625963551 0.5386649371382958
0.9943440643248036 0.21018904576897565 0.9285743888268121 0.3715787385957953
0.9915577580913955 0.213732720061834 0.9284253970381933 0.3083356487913309
0.9977904133039863 0.21492837335464574 0.9240402174798729 0.28994333924069593
0.9925695209334783 0.2182056936151235 0.9356574003065952 0.4808623144193614
0.993724148459024 0.22479695091509078 0.9439806091046965 0.8229739827457374
0.9885707663670537 0.2454124527842086 0.9399591471465205 0.7560078625324963
0.9928753033768946 0.21626102694561516 0.9422927778793412 0.6967723342939481
0.9926133039492623 0.2354324569588057 0.9381735737465179 0.5189392339850513
0.9898809537961878 0.22427830268815097 0.9355219305714355 0.4833451189102683
0.9943554746559626 0.2221090035010712 0.9378281410152558 0.5082536585365853
0.9927193923135146 0.227488703893111 0.9411093568787869 0.6451446038090759
0.986646983200817 0.23159478832521485 0.9397905373194478 0.647075660719397
0.9895481220176954 0.2624763193504736 0.9435176350595512 0.6238682762293627
0.9928867091436206 0.24512131332233533 0.9389039588778705 0.5006712333482496
0.9884645293059511 0.2786635640207992 0.939847864536376 0.5000835366057407
0.9898294613402964 0.27815989828275556 0.9485518650659591 0.631457950175556
0.9939307839210024 0.2713661625238477 0.946415679209416 0.6412569223023997
0.9975203758391766 0.2930260710384127 0.952667821251663 0.6689406939270917
0.9932156764881696 0.2996354095159642 0.951615900809112 0.6947152385838892
0.9893143975471026 0.2738233923578751 0.9478558909574027 0.6932981043449086
0.9926639714206589 0.27993066732697786 0.9529389585895722 0.733167296461697
0.9907546526311908 0.2830956909968402 0.9525619479565544 0.7638803882136924
0.9923128176860431 0.2819501220014577 0.9523490414562255 0.6999641391401362
0.988555499924956 0.27998100213725957 0.9518957575676543 0.7831621828057371
0.9882105612187332 0.28979248195325774 0.9486178054768146 0.7417267589163906
0.9920605262704021 0.283338810384489 0.9566130032305021 0.8427697684578419
0.9918628499066304 0.27764829580303163 0.957256310807862 0.8560541913632514
0.9929225645295587 0.3032354642261763 0.9588619219911333 0.871586311530681
0.9926651656127189 0.29904758630174666 0.9568456621065793 0.8164680562751584
0.9921312931533391 0.3257934628138323 0.9592787318672211 0.8591447117220313
0.9922160313154251 0.3391273893568782 0.9625917808357166 0.7877000271223217
0.9928704384594172 0.31213929184214634 0.9604130606779356 0.6972535467442706
0.9886694453203907 0.30779809092379873 0.9587995400691242 0.7272941661999234
0.988844386759776 0.3205476521553107 0.9596051495487231 0.7048933998639147
0.9809684934797684 0.32885620374092556 0.9567675437970513 0.7743937168380347
0.9949243054550716 0.29584547942766865 0.9641682563631091 0.7835461647113084
0.9860057109047411 0.25966797112369655 0.9591148045269852 0.7767028851882323
0.990125571284756 0.2693796475501681 0.963818681224709 0.8282155185351944
0.9888049587878519 0.26193430749360547 0.962731646066852 0.8321243234194521
0.9852767345967544 0.24413923147487515 0.9625807508862113 0.822441198582322
0.9924924172858057 0.21224302536429773 0.9582769351349818 0.8405800909019258
0.9934770372208876 0.265127155802397 0.9664081771649936 0.8371774724996198
0.9925875190595588 0.19807553657589708 0.9659994887790455 0.8719343279030167
0.9903943455340058 0.26403379781994724 0.960623913505265 0.8721663996893355
0.9843794664980228 0.23950038180429803 0.9613891183199946 0.8831393671251323
0.9891213129365803 0.3504453904768719 0.9709907855627796 0.8674733698801087
0.989160060776788 0.23993993993993995 0.9602381568728967 0.8554625366262034
0.9908728055517109 0.2695814003668141 0.9658852003096424 0.8934251827508479
0.9866752178154998 0.2597623555884855 0.9638414337793749 0.917910447761194
0.9905644638910398 0.23041024262711657 0.9639265352020944 0.9157723958638754
0.9835586866447696 0.29079961314073566 0.9670600938549287 0.9266364398384516
0.9891954933803292 0.21162162162162163 0.9651558175599281 0.9437042527564162
0.9877998518162044 0.26228687850734533 0.9713819786139217 0.9264950675474409
0.9944800912644165 0.1620790984821934 0.968173490866834 0.9079226617202253
0.9911132001224258 0.2208782633371169 0.9713483372368035 0.9086247740165825
0.9916754007663099 0.20359417652411282 0.9704682216745946 0.9053398420589069
0.9905333626833912 0.19905434592259647 0.9670766147250781 0.9239820536696859
0.9898854890182092 0.22330520226633385 0.9723989665122058 0.9116158198207953
0.9917550088573178 0.2219728245621067 0.9748332170045612 0.9283294475287571
0.9943390979381771 0.14219114219114218 0.9687598481172223 0.9234191016136066
0.9918045226893307 0.12442221455674371 0.9677712078457443 0.9048695036917845
0.9894053855531695 0.08838770172235108 0.9718099797011773 0.9131111735830287
0.9926352155299393 0.09459537739674448 0.9732594404438135 0.8867230490090126
0.9886340868339027 0.1027506729475101 0.9652283588384882 0.8804745724530214
0.990417251224884 0.1952652293955237 0.9723574250761188 0.8931299051703682
0.9942911740719219 0.11004059275199296 0.971934197200005 0.903575012330561
0.9933655401014564 0.08976837947916239 0.9682339771674374 0.9097066006812777
0.9919635086273914 0.0741147405984079 0.9721584427089641 0.9287144424999259
0.9897330082223419 0.14783198597998756 0.973480396020603 0.9464240780607823
0.9888615423845124 0.10632254272981047 0.9701521778907067 0.9508038901077311
0.9876167321239324 0.12709437963944856 0.9680298560400037 0.9393321240595914
0.9946586705245716 0.10861454274106624 0.9679453578375157 0.9430134076438351
0.9914237795881472 0.11573426573426573 0.9695741808987812 0.9414356992759757
0.990084679911919 0.06573869028788358 0.9613820355195016 0.9148094943131647
0.9898291298794495 0.06612146275730682 0.9615197585378124 0.9413149844545765
0.9860532426800314 0.048264363885088916 0.9536092775734875 0.9399910652946764
0.9865590100541377 0.04035759897828863 0.9474769805369312 0.9324767322303676
0.9958295807773858 0.06544319716800968 0.9490464178690602 0.9241855494174279
0.9915316470879098 0.07189944134078212 0.9239858442280132 0.8857682478095787
0.9943352618067187 0.0714660716629479 0.9349350780702336 0.9187159321233429
0.9965496573364765 0.04981941179842917 0.9351357935350741 0.9263724743666274
0.9889392245005778 0.0 0.7650408402173067 0.8530271365526606
