0.9841073021729597 0.0017390355445770463 0.1812134904348552 0.07034817351598173
0.9799355358581789 0.0016964853510392725 0.1895947631171087 0.03349964362081254
0.9843522908813551 0.0014391035689363984 0.19604700383791482 0.05777019825197186
0.9805085616598317 0.0031743314215506085 0.19493879296178887 0.17806267806267806
0.9799333456854113 0.003147513961320393 0.20300775787851158 0.1071521456436931
0.9812614630599767 0.0031218587157298794 0.18003778532566614 0.1806970509383378
0.9851972288141165 0.003288242919678366 0.1835374608543253 0.17533252720677148
0.9713878124550109 0.0033047980844231 0.17562570702465224 0.19710753440634476
0.9834979455125927 0.003996275428755972 0.1881811751347226 0.22482724580454097
0.9780343637881043 0.0035483659407770382 0.19929079490970283 0.3225443287362792
0.9854630692030788 0.003973294818475531 0.1908633473961144 0.2491778396154819
0.9776074528692833 0.0037977922219965313 0.19729845345131242 0.21582551356834898
0.9855202848241661 0.0038273514611585372 0.19470321510534266 0.1756958250497018
0.9761767443805129 0.004586819925317663 0.1972702476420731 0.282233052724856
0.98594268037575 0.0042468338117620675 0.2054142012521095 0.24994324631101023
0.9765193521488524 0.003977822278529296 0.18859530808155975 0.175513698630137
0.9845687013191525 0.0057224183865931914 0.19735896725476293 0.1812837996708206
0.9854276787549694 0.0056555926152762346 0.19647563709970006 0.20503094430025953
0.9852002491532496 0.0046578391724575756 0.2060382866037955 0.208295100018352
0.9798689271638623 0.0045989582593556795 0.20829327855793306 0.23946397358710428
0.9804775396480173 0.005311093726449965 0.2117025907082715 0.11062958950282895
0.986790045343067 0.006388812389638582 0.20002651401024404 0.06595317725752509
0.9852352471579652 0.0055520461397408905 0.2179023617379285 0.18410822578137148
0.9890344666016287 0.0068083977549728775 0.22325494964511217 0.14757190004714757
0.9903845261193683 0.0063316635357962845 0.22082709972104753 0.1152073732718894
0.9914616412171658 0.0065571619578392295 0.21958448784937806 0.11525714987111821
0.9831058596241484 0.00640794555821225 0.22329878906439463 0.191846921797005
0.9868395736329704 0.007438386508910226 0.2322323211363176 0.09377360526599762
0.9869346356475682 0.006596943047921171 0.2271683789526913 0.054629988376598215
0.9891773124665008 0.007123488794517884 0.23337295550020776 0.04605352533623149
0.9873780480505644 0.006532034744252838 0.22852992237543152 0.07910232923318503
0.9876883218671079 0.007232769654622665 0.23008779329571255 0.06473050758765045
0.9873640323721108 0.006957954236931764 0.2304241297536227 0.05193846153846154
0.9902463277945898 0.00730556922517406 0.23554894221462422 0.06630011210163882
0.9897229043303419 0.007515690922067909 0.23383224366405916 0.04534416736714299
0.9896510305414222 0.006703616594497239 0.23531707103030455 0.10372910415773683
0.9899020687966703 0.007023979124494189 0.23874816582664554 0.053329036935594314
0.990211777967005 0.005898474182657015 0.242523938167516 0.11131725417439703
0.9912024965987143 0.004975371497164618 0.23979658261957085 0.0705217959488472
0.9847462895803493 0.004462128717865399 0.25835549188872037 0.20177133655394525
0.984030229851365 0.005419718191465888 0.2523704745926968 0.17339550865136827
0.9792067099819323 0.004097306493254226 0.26399235527526277 0.13963496067665826
0.9914290532732871 0.005588195552278172 0.2603621112060825 0.3666550157287662
0.9917005891127911 0.00514832740108249 0.2719229000613121 0.3295975547631177
0.9882721552844079 0.005691382681666529 0.2674860022140637 0.3416992005949061
0.9877823656754408 0.005550918904262801 0.28032225405183964 0.2734640946668828
0.9842866316449135 0.005827559742212223 0.27654319497067964 0.43843965867533524
0.9857501042548948 0.006071333148169465 0.2813718189519764 0.378684429641965
0.9884157440686444 0.006629748649004317 0.2830126407311776 0.3537054860442733
0.9933457648888511 0.007379419583329795 0.2838928523436177 0.27178269259314236
0.9836623094402613 0.007250117794289848 0.28544197022053425 0.405359820089955
0.9869804713379815 0.007204061959954629 0.29425596752733135 0.42172096908939016
0.9870511551752325 0.008894197974931205 0.3005866394601989 0.285619965667503
0.9867070249382734 0.009131943743367815 0.3009663025923189 0.20102919789685647
0.9897319908555864 0.008314523797751595 0.31296937605635466 0.16338227212059356
0.9837398667774847 0.010006560921855725 0.3119279811666363 0.32723653104392186
0.9864957593390608 0.008891581653539439 0.3167660149419806 0.28835650446871897
0.9905879578738765 0.010621440245947722 0.32635487154919457 0.2756842522808409
0.9892314586124094 0.009411745272889878 0.3179752830252117 0.24427672955974844
0.9865147013877585 0.009657504235380922 0.32188139125221404 0.22929671244277985
0.9868281033098164 0.009428270558065638 0.3375292529870113 0.2759834108332286
0.9807986331269655 0.00857610291831189 0.35197948544264757 0.18011599005799503
0.9948170767240475 0.009409672302910697 0.3540793726926189 0.22692589108393435
0.9856424418470405 0.008904830896291143 0.3575934418246013 0.2598477325388944
0.9897078890764854 0.009504001854439387 0.3625389332136889 0.19895055140519388
0.9866615510136159 0.00890515538587459 0.3804414802707322 0.2658321060382916
0.9893651245087023 0.009865293285345696 0.35459511204395733 0.3218779123951538
0.9913855974036024 0.008837647192160226 0.3678997160329734 0.1491708617115783
0.9839318891288561 0.007914369882360306 0.37596731198041783 0.22450644477076195
0.9887322742397661 0.008695335191566865 0.3744776146849138 0.14716538789428815
0.9884201770258416 0.009155033892239588 0.38281233839079 0.1263471566923268
0.9878123813323464 0.009372041900380984 0.38199755070872604 0.15530774644075138
0.9848848851246479 0.009649619179561227 0.3798602671944582 0.17192936388104774
0.9848037728563943 0.01089020728316524 0.3927092809755796 0.21403955648786335
0.984516910301877 0.010118251377815827 0.39599527348310126 0.15501219955354825
0.9873071080436656 0.012112627903001294 0.4072893175917679 0.15644253951245646
0.9917324395690745 0.013036847813520224 0.42153540236251147 0.27365382880851447
0.9860505509653471 0.014817306281541277 0.41361299654881106 0.13484288354898336
0.9839245886967027 0.015534425219199363 0.4220459061192044 0.12928493559979004
0.9909381535846281 0.01628110157119318 0.4191385035905674 0.10855899419729206
0.9911679921008002 0.017024619064219617 0.4302655213873055 0.0898009761525428
0.9915163405173533 0.017057809440286405 0.42664850663271064 0.07065344119387994
0.9921232380384565 0.01760781198176587 0.4402313323808832 0.07244995233555768
0.9914655248262311 0.019718362288651512 0.4314114324953849 0.056952768776347105
0.990257372522349 0.0181852632806351 0.4387279877234667 0.048239624082775864
0.9926490293521648 0.018281909833260467 0.45717796257594323 0.05595251181708256
0.9845169692611478 0.01956396056727203 0.46499458052977644 0.06513303769401331
0.9933988537270371 0.0185819333543832 0.4464669499849264 0.04658103170460477
0.9902014582999689 0.023234977054246632 0.5430713124435602 0.050206262891430715
0.9904679345338689 0.019344414430837047 0.4697945514265473 0.06316441169364581
0.9922000578475952 0.020527017517869707 0.5430884239394878 0.11124038850667746
0.9856393631565654 0.01712705711090202 0.4396871419062554 0.11305748023811847
0.9877699134634496 0.017882081100982657 0.4680391852564113 0.10749685885802038
0.9899678387393742 0.018214369363154806 0.48841055732657346 0.10647072226019594
0.9912408548637286 0.016865944176290452 0.4577872182931441 0.10452969778749738
0.9917696563903824 0.01734359564989242 0.4571982123902616 0.10744931107874986
0.9866528289059732 0.019157552608843106 0.46341445815009763 0.09422287333500395
0.9921754704198 0.01918479964112995 0.4694666224217685 0.12738474282312132
0.9917890857629992 0.018609208159516246 0.46692483453641476 0.14550830751900873
0.9919028388943736 0.018312608041041654 0.4871808138465837 0.16520042227838383
0.9966342683924361 0.020261698224333415 0.4680051986697427 0.16365316494686585
0.9901429457368032 0.019271955417405336 0.47719415617128463 0.12423752310536045
0.9885902727179952 0.01994433317861405 0.4757601921401038 0.12279200403747834
0.9892126218825955 0.019636861781460044 0.49480501629243917 0.14510826744912653
0.9860249517917308 0.020381100437467433 0.5232770248570878 0.17160006318117202
0.9829146301494792 0.021775541496297932 0.5218382259672739 0.17886101306877802
0.9948500538206659 0.023788819766221533 0.5414767884106038 0.1884304090186443
0.9909317108959446 0.023638557627131268 0.5639767316682825 0.19027491071136013
0.9841434987982556 0.02264694593655581 0.5551576345279674 0.3068432671081678
0.9804889981531085 0.024245729030227054 0.5666312421903943 0.22639728096676737
0.9829233795742497 0.026906534127141092 0.5682243267885692 0.2549975012493753
0.9879447856206002 0.03011185673681302 0.594118798339752 0.3417999549448074
0.9868222877354039 0.029276269517513012 0.5986052122241745 0.3062379178650573
0.983080167925774 0.025942257427322972 0.6083979163529225 0.37564993865747504
0.9891792506090645 0.02847800842977301 0.6243012478569547 0.3515690376569038
0.9854403630799105 0.029547657340050486 0.6338529184635674 0.38423420857777524
0.9768590839942317 0.027653449090213895 0.6523850106586911 0.4972087830294008
0.9779564809685792 0.03319201134307196 0.6617214530232671 0.3546511627906977
0.9862668626339077 0.025917921309209148 0.6786596421007547 0.36690492825280807
0.9852228798794618 0.028543610587066996 0.6801901356889807 0.3837010066395374
0.9933174642160987 0.030375926289378904 0.7115033410698556 0.4139053598418789
0.9829300207210834 0.03533036108313625 0.7248953768482664 0.43743890518084066
0.9895805080621614 0.039858114348081605 0.7397951959660365 0.34388656438865645
0.9877456232524636 0.04597392345529143 0.7635480274108724 0.36135905557155196
0.9811798018899565 0.045623737105179196 0.7691348668931968 0.4112859468258275
0.9903929502002433 0.05582502346661849 0.8025988091284302 0.36724921011058453
0.9890677104877463 0.05240524437933944 0.8172404200249604 0.41555604107493993
0.9828004290764784 0.0691616272264822 0.840565442675985 0.39060131379484586
0.9917647873230839 0.08771192545987225 0.8715227666154475 0.48206701274185937
0.9941717544738682 0.14046399578921798 0.9257475203282733 0.57489907727797
0.994270086137955 0.12442664378009823 0.9191170583408973 0.554875905223933
0.9903468268735658 0.12813206344299982 0.9193767132248996 0.6387939073671122
0.9916620377907812 0.1339938117938743 0.9231538807755534 0.6314521144278606
0.9971212601602583 0.136696559729627 0.9272351343144989 0.6527991387265457
0.9890022050716648 0.139180082366155 0.9253813464979233 0.7085398553668644
0.9919781667878823 0.14600298423039038 0.9224351526744508 0.728062981794325
0.9904110532734034 0.16479082841867387 0.9321549744638363 0.7193747429041547
0.9900520566906388 0.15790706588866646 0.929573508865427 0.7318798368977282
0.9913811795316565 0.1825253063399041 0.9306829626588491 0.6896863691194209
0.9910905331945409 0.172543744352255 0.9265715121708773 0.6592125120043901
0.9933093310054452 0.181510370105489 0.9329419501788493 0.6514923910913722
0.98603291793858 0.1784339870131278 0.9249703587194967 0.5436628745393366
0.9918480861171575 0.1914785964747135 0.933212154139934 0.5423836838750796
0.9945092297868517 0.2113915857605178 0.9376034857690053 0.588278060511157
0.9895688565536344 0.2254263713507016 0.9362910176839447 0.5705620269472328
0.9887861955540763 0.20771380273915893 0.9324468917585208 0.5061191702499646
0.994315631646082 0.22235668714972212 0.9207363088827729 0.2731271038600457
0.9914383415624174 0.22413446307796747 0.9197126696579606 0.23088720351267883
0.9975686953629102 0.2217774795072144 0.9171039981971313 0.2368507763911199
0.9921950792527701 0.23056224504841008 0.9151407332003269 0.2319939947058591
0.993463664273443 0.2398304472435635 0.939743386738835 0.57811368136379
0.9887196303544932 0.2623586546825167 0.9363741050900877 0.5524113941900912
0.9923645761552051 0.22624127717254883 0.935132264814876 0.45078308239388665
0.9921143968787799 0.24338577498988265 0.9277699241220876 0.33362613230853694
0.9898833313916304 0.23537141532039885 0.9238162186206819 0.30856374807987713
0.9941242388488014 0.23036696420521144 0.9190529962327115 0.26608103115635645
0.9925746041574213 0.23441790049010802 0.9250981596347929 0.33099211981792376
0.9866598507597124 0.23996392109700782 0.9201291729163081 0.2957690260777009
0.9895036907207575 0.27204482693906 0.9343818474855581 0.40836618226745897
0.9930165898401854 0.25418171197960915 0.9261553956929407 0.31982752872669085
0.9883441394581441 0.28908851325502644 0.9220691480355784 0.28559042829894227
0.9895785247667408 0.2883894571791234 0.932439856080215 0.34302899515599533
0.9935684990369634 0.28606179526119857 0.9345902812501814 0.3955369450440844
0.9977690630181357 0.3032375024980729 0.9413314572069584 0.42069878242456327
0.9927049660783824 0.31878571958732277 0.9458643829445587 0.5110388989773488
0.9889406684787589 0.28845387243735765 0.9392763957795283 0.4731151794723944
0.9925886528520824 0.29237670861684834 0.9415075978740923 0.446978940109278
0.9906094739461871 0.2988746842226135 0.9419117561189643 0.4727929308127924
0.9920136159792123 0.2998 0.9432881631342969 0.4786507610037022
0.9880559702390296 0.29067060273597395 0.9415803476306167 0.503475202835544
0.9876953295906196 0.32218748102726 0.9363313785217686 0.4542852985400398
0.9915764540850058 0.30809440836369395 0.9491282161213447 0.5818060037751933
0.9915450597500797 0.28397535689443876 0.9462029394977647 0.5726368727854612
0.992532580359918 0.30283886187006187 0.9512426444729998 0.660511729827275
0.9925970172526072 0.3159801422246075 0.9480175819676602 0.5688839098165523
0.991738209400721 0.33106320431161196 0.9516683121436199 0.6370538016386867
0.9916967076881995 0.3423381793623147 0.9574430733383563 0.6538790644609241
0.9923993299001055 0.3156731640979148 0.9534527373877648 0.556547112462006
0.9882398508301685 0.30814974996621164 0.9563733266936627 0.6806834572284478
0.988711297461407 0.32099756991638867 0.9542719655529647 0.6071261710969582
0.9808057570262919 0.3206459054209919 0.9524384969705113 0.704838177014531
0.9953343120909747 0.2871762740183793 0.9609630841562804 0.7376195797334496
0.9856455798138869 0.2544301812397787 0.9537828779475314 0.6971771402199831
0.9897692797733337 0.26464462691212026 0.9607951460005387 0.7927766541462005
0.9881406635496474 0.24860682540413578 0.9576429547061286 0.7654734024757444
0.984742444756083 0.23082936699547033 0.9599746528581147 0.7990855649902024
0.9920420151323047 0.23678947693957075 0.957218354092741 0.8376592732420953
0.992984909411036 0.25295382608065337 0.963863099669604 0.8310935175613323
0.9919944320638764 0.19765241346269014 0.962505425037651 0.8619944194464694
0.9899632667716187 0.25661284038270055 0.9576256928979263 0.8615469507221343
0.9839897576831172 0.22943640517897942 0.9594523474342721 0.897027574921232
0.9888481029358126 0.3389302683960447 0.9666197582920505 0.8201576861455435
0.9890311173343798 0.23251211811268732 0.955027049061401 0.8131649201099733
0.9912708534302563 0.2712054935118888 0.9591443386660222 0.8004986118193665
0.9867354273963129 0.2566789735592909 0.9560164666575753 0.8504936263569997
0.9903829336769918 0.23247577681256265 0.9604353058394396 0.89296005801416
0.9834505186873693 0.2850321048939729 0.9646552130071238 0.9259357881923311
0.9886650347890904 0.21011955875553207 0.9621743031568329 0.9327314924800351
0.9878986575110404 0.2702152043804915 0.9695462196021856 0.9221987904561061
0.9934615824342458 0.15846945424315276 0.9633055388880842 0.9082455260076936
0.9908625100522107 0.23742644429272733 0.9679851525345088 0.8760905411482537
0.9909512869226276 0.19665640123185218 0.9634954366224865 0.8352708384862726
0.9908222977353124 0.2197538352667627 0.9636607949486483 0.9116916286106909
0.9893637792752651 0.2543883993616874 0.9700293015066562 0.8955918627164947
0.9913476694650978 0.2062578307541228 0.9714869502649902 0.923339207723546
0.9937989477387049 0.14421354353278396 0.964157180236234 0.9026529296566153
0.991434118613539 0.15156910078455038 0.9630973007108506 0.8727100789514196
0.9896742292030251 0.11014246225813311 0.9692217198016281 0.9040281446154175
0.992748095498079 0.11088670898249664 0.9688315837777522 0.864474229386882
0.9878868884952071 0.08654534606205251 0.953511651986998 0.840571924829667
0.9900192681640084 0.19195984658364507 0.9669402341057703 0.8698232937900877
0.9938559281973062 0.11768746422438466 0.9660335475256614 0.880180560033731
0.993270930090481 0.09281856371274255 0.9638653924598425 0.9035627073075668
0.991528627461816 0.0706123644887196 0.9678664197350965 0.9316748059196366
0.989278179927613 0.11388377156255233 0.9681523203554324 0.9471799837005357
0.9885356083753819 0.14856429463171036 0.9655746125522521 0.9510033880635913
0.98705410022069 0.11065012180267966 0.9612551333692818 0.9372810132575757
0.9942325960952373 0.12434712084347121 0.9626445456224341 0.9419444277675594
0.990755151590612 0.09796361007350284 0.962009136700764 0.9380364939655258
0.9892527308838133 0.09811059907834101 0.9557173081953821 0.912093053763911
0.9893812332546389 0.08383905707370119 0.9536127350822509 0.933264509735098
0.9854902111676966 0.0838980989121746 0.9476121284602143 0.9340473906047585
0.9860438410002698 0.061700303390054084 0.9387025938120023 0.9239655012396749
0.9954448003942828 0.07704034207101691 0.9408058493286651 0.916288644294681
0.9910171798424487 0.07903334079212351 0.9244350779865969 0.8960176499218057
0.994240211468612 0.07352221436728479 0.9299225515384625 0.9155269351035865
0.9962293471335256 0.06195250659630607 0.9304532520373764 0.9216256507782081
0.9885922087113619 0.005138427464008859 0.7644992262103215 0.8544038203411435
