0.9844132217754271 0.0012528802844097812 0.18118731947687697 0.015386058729711981
0.9803046157152 0.0010521853890530632 0.18967424482723994 0.00014551804423748544
0.9844244511467725 0.0008812221772561716 0.1956305596437662 0.0
0.9801431375594217 0.002520656076081282 0.19491438916047946 0.011939750183688464
0.9800411138981627 0.0019165960766150902 0.2028405976693754 0.008652900688298918
0.9807861762114226 0.0024743850946348954 0.18014470327729978 0.006241084165477888
0.9846186400658962 0.0021319627253541295 0.1829834565316061 0.022309970384995065
0.9705539414100889 0.002337549096316365 0.17548219210430221 0.017439387494683115
0.9827518192732708 0.003286657062442614 0.1878531686039307 0.08513315160410988
0.9771590886743102 0.0028066709393919794 0.1996796883120883 0.1448438729992128
0.9846518064012567 0.0033013838332820516 0.19100795235083737 0.11025998142989786
0.9766338304065163 0.0033825067699015552 0.197687262393267 0.05234867959803693
0.9848258100872093 0.003507423804492413 0.1949396612763148 0.021825396825396824
0.9754884057810619 0.004038371864542978 0.19711867120765153 0.151460221550856
0.9853587603232395 0.003555919592112789 0.20498086958674286 0.07873225297576365
0.9759921702484047 0.0036881753417186487 0.18866704408078108 0.029858948525370948
0.9838273593933594 0.005119775143811971 0.19686029410615516 0.01628923321414382
0.9850165474345767 0.0055610127063595175 0.19680584085620925 0.034519827998088864
0.9847927292029812 0.003646733268801835 0.2069410276151899 0.064284247278702
0.9791902284551006 0.004467297391756683 0.20942020076227794 0.06994475138121548
0.979686390504719 0.0045377419341585765 0.21202647240384292 0.043130463466930564
0.9851397722195843 0.005185179930911556 0.19913913997529384 0.01771787046456426
0.9841255085333671 0.004813764929028493 0.21852104386309107 0.11868608614812519
0.9884155573505089 0.005960665879579909 0.22357739971543156 0.10607487638332941
0.9904494936304808 0.005159873547055247 0.22070613529510807 0.041634197929422245
0.9908267847671705 0.005653893711385563 0.22020821706544022 0.04041068842964328
0.9823107525527448 0.005456083996749925 0.22375912226130384 0.132775497316072
0.9863322632517343 0.006298857915656421 0.23271921944825794 0.04629793249690758
0.9866632421738024 0.00551351746539038 0.22698792357938977 0.0
0.9886626627479377 0.006278703204285647 0.23423708300360996 0.021557050665934368
0.9862180830051355 0.005724341891184987 0.22767674374789834 0.05721374332756936
0.9874203944948801 0.006061471980724992 0.230430922538838 0.050251607492311993
0.9871515243291829 0.006561553769394535 0.23045356744888545 0.02038216560509554
0.9900646601200392 0.006569045915472108 0.23600910272877978 0.04544660024471246
0.9896831951859827 0.006613707891839683 0.23384701878697364 0.018699105257866694
0.9890338259667322 0.005931599134539733 0.23580751437697675 0.059130434782608696
0.9893138853390914 0.0062797288614020695 0.24050433548657382 0.046573193450338266
0.9894277509898467 0.0053829176553482055 0.242931772672491 0.039261460101867575
0.9905873724099994 0.004272862714484352 0.2408835951553416 0.0604001510003775
0.984287130173367 0.004093224761724575 0.2590551125774973 0.1037063435495367
0.9836758021669115 0.00456377616996045 0.25237089010043934 0.08607863974495218
0.9787171929411389 0.0032175816096670644 0.26378147137530705 0.06007552351527635
0.9899462207758949 0.004837981086177062 0.2600844675308661 0.27535989286909945
0.9905088140569699 0.004146731474548524 0.2721195363263308 0.22061217844350375
0.9866456597438922 0.005148417421708567 0.26731987106128235 0.2619685944082727
0.9872874818723194 0.004833462268049977 0.2800428332565753 0.17662298079853703
0.9835837908793393 0.005533921316858568 0.27678277228394665 0.305242440508141
0.984982056432552 0.00572528763811279 0.2808355959289087 0.30295411690760526
0.9880960668290985 0.006478711137819662 0.2829519821972132 0.15335271123584243
0.9928260824710361 0.006907811573850805 0.2836433743003164 0.10036587393979711
0.9830440104955348 0.007064242840729725 0.285013643877676 0.25970149253731345
0.9863128484570091 0.006688944942652921 0.29415495773754535 0.2867132867132867
0.9865047536668202 0.008261572807191853 0.30040717304468084 0.19471153846153846
0.9857151789096606 0.008488030305411905 0.29905730956808096 0.09842995169082126
0.9892346417627317 0.007499637448465889 0.3116466838574797 0.11017535763728657
0.9834377980979544 0.008895649500313244 0.3109618380830293 0.23369409060434823
0.9865500816158993 0.0083547685754862 0.31529084652049116 0.18203464980704492
0.9897316803029762 0.009409868672459668 0.3250306960891706 0.19954826671904155
0.9887195554504611 0.008787279816177947 0.3162830465664906 0.11942488262910798
0.9858378602451852 0.008803803510767573 0.32025741353395576 0.14258175067828074
0.9861853853219136 0.00875493679791692 0.33551887457927726 0.1651889472325041
0.9800612501333037 0.0076836031907908525 0.35026048807238824 0.11824817518248175
0.9940661845951578 0.008331277470936819 0.3518882189341084 0.11560937405867823
0.9849416507728329 0.008359236362103261 0.3555144953937438 0.12331931528756737
0.9889110921458292 0.008568265844333076 0.3589716298803544 0.11720756479103432
0.9856086923359613 0.007509554537525869 0.37600597731440627 0.11970802919708029
0.9884704459018916 0.007801796027947184 0.35172364709231607 0.14318196172551
0.9908391880610455 0.007006696117901162 0.36706537525189764 0.09367707523058118
0.9836183461319916 0.007377926246835608 0.37467210189288636 0.13284247640775693
0.9879445284838204 0.007939310467042025 0.37399383130973973 0.09804196457778401
0.9872558557567963 0.007711836054604733 0.38295416266787 0.10320578107570687
0.9869146634615384 0.008103913868016753 0.381321218086333 0.10873778045734464
0.9839529474886883 0.008545751527653953 0.378132817947336 0.11547822484594272
0.9839536476013809 0.009995323592805487 0.39020371290339934 0.14929496402877698
0.9837960320883499 0.009027931166040842 0.39624410399264537 0.137936139762128
0.9875148567884188 0.011356355541076179 0.4100424525953919 0.15034772049895131
0.9907175070564783 0.01236968854719172 0.42088376922155624 0.21777240441287593
0.9850866556963731 0.014188746741461348 0.4155499477897668 0.14173881486857795
0.9842449878595353 0.015246671023262524 0.4293216841884903 0.18430235996924352
0.9905414294463221 0.01601405751162678 0.42768745808932895 0.14741827715989345
0.990277365678816 0.01647613088446391 0.43504358667032494 0.09187612593291584
0.9904811145028436 0.016578837407147988 0.43292541524547556 0.0732987526244288
0.9912466021522354 0.01684434112260618 0.4432377312034154 0.07028415961305925
0.9906490307065138 0.018962274107137314 0.4354850718487082 0.060369071317976426
0.9893314541834302 0.01762475082248837 0.43936925846782476 0.0468751873209212
0.9921974834915115 0.017805880348154363 0.4560926845115815 0.0524352786309785
0.9835459627351016 0.018860509502386998 0.467388492009437 0.06629359286293593
0.9921471892288146 0.01804882419542711 0.45380478073151226 0.051663713838633336
0.9890309559024408 0.022529809933202263 0.5514995943769752 0.056113416133958614
0.9891738848651999 0.01875712287931043 0.47822797166697356 0.07169709989258861
0.9912327597958737 0.019770481469808487 0.5459403890577703 0.1140053668717643
0.9847357661879376 0.016946592690976772 0.443135519226823 0.12410162126023734
0.9872129184752143 0.017540794577029246 0.4694370058913341 0.10718266854068725
0.9895969707947598 0.018460694205540293 0.4935418088407607 0.13156616869947727
0.990661717969945 0.017578380033409727 0.4596624697601049 0.11471815732473982
0.9909046993189969 0.017042872747954463 0.46050953983927334 0.11730013106159895
0.9855619601404991 0.018692134161979044 0.4678982756569012 0.11525696715310654
0.9910368705611556 0.019149544431738538 0.47451695737325256 0.14364216497281967
0.9911079877173344 0.018891475480136 0.4739520747014282 0.14052120592743997
0.9911413854197342 0.01873690855355657 0.4920992705853264 0.16963714160574106
0.9956527544383645 0.02008939217933825 0.472613793346603 0.17260022442109557
0.9890895110039293 0.019149768720294714 0.48303289990133014 0.12957631652696747
0.987515396609542 0.019840453569546043 0.4792503767710659 0.12124927549155112
0.9882089524007679 0.01935788246859029 0.49877427228752497 0.13272815857630074
0.9854167806321338 0.019987975333840426 0.5229607100119665 0.14350163438420185
0.9819853198763554 0.021294025540387097 0.52340828710501 0.16583777918437473
0.9943447092776362 0.0236879823205044 0.5448835387617036 0.16765602964809287
0.9900324368157859 0.023447239982929843 0.5641239611883917 0.16765039050855543
0.983522425862396 0.023041516590437953 0.5554552038849553 0.2956907861540014
0.9798274206667115 0.024806963200192007 0.5678256584264937 0.22571248622264212
0.9821201239096238 0.026658603433162082 0.5677512498955655 0.22882451338199514
0.9869489200849106 0.029722435944525852 0.5932922840370114 0.2890945992772635
0.9860143995691705 0.028750583944316635 0.5979176237599175 0.2561166488178598
0.9824615338094255 0.026693417979277715 0.6066009561634866 0.31326837728919044
0.9884493023042904 0.028035187445292504 0.6215486194477791 0.29264034380875636
0.9842706994155505 0.029072716963596756 0.6325321586146421 0.32995592481888647
0.9759316690850381 0.027365340237518996 0.6504376063771914 0.42493638676844786
0.9766848624950587 0.03273598296664301 0.6594312238125234 0.30806391675956896
0.9848177213594742 0.026249533869697996 0.6770770447660976 0.3263392857142857
0.9850948527124114 0.02824038966341947 0.6780194894369794 0.3271891540533011
0.9927493907737337 0.03048866300760225 0.708366188896235 0.3273383001945618
0.9816422332176697 0.03472019540558844 0.7217662047879557 0.3569148388425497
0.988269798527074 0.039790616774069615 0.7359413723535393 0.282564740648573
0.9864495741368494 0.04491481501169466 0.7618414344080826 0.32980712233824266
0.9800841029973694 0.04489384883469151 0.7667217024679132 0.35961407270246565
0.9892894898617974 0.05470986951709905 0.800106336197056 0.31769965810467254
0.9880176141710065 0.05150162982559363 0.8137364244215723 0.3365707542888264
0.9813803870220454 0.06673317758414968 0.8353757772182888 0.29824283051049144
0.9910081610096843 0.08580530163432935 0.8695056354450058 0.4136052303860523
0.992579285839773 0.13572482572635222 0.9210362025382062 0.4281769481416027
0.993090556564887 0.12161994245897095 0.9155542325015775 0.440489177240627
0.9891092917723359 0.12453335143364136 0.9159297991838633 0.5138380530405189
0.9904098470555561 0.12967424533840827 0.9196564026407399 0.5120772946859904
0.9963680518273239 0.13168440246000432 0.9249579591915328 0.5568736442516269
0.988163319112219 0.13492190585999636 0.9258292222420369 0.6935549580379695
0.991147447329952 0.1411165702512085 0.9225357304263933 0.7183633063850849
0.9893872913418187 0.15855779991357435 0.9311182446755946 0.693782637075718
0.989162488053942 0.15186412949888067 0.9283515977795036 0.6714455445544555
0.9903934181362629 0.17748269652194668 0.9307343397827766 0.6865625956535047
0.990032698243644 0.16772128882100518 0.9276249647806153 0.7449936427209154
0.9918659877471342 0.1764243084980837 0.9333411804459563 0.7125969708164019
0.9848682651085728 0.1789095621993278 0.9274278473164363 0.6523951106706309
0.991422862107785 0.18849071659104172 0.9358204965549158 0.6412468143501274
0.993748785700408 0.20377869363109216 0.9378588233789814 0.5943574036989044
0.9881936002806152 0.21538220928274104 0.936206521704378 0.6103472798388052
0.9870261275158818 0.20404590772084397 0.9334243927006939 0.5751275227323132
0.9926936762930407 0.2191449218610943 0.9322810185273643 0.4345517912141352
0.9894757872449806 0.22036108578952698 0.9326171392506339 0.36666206801407186
0.9960472036289411 0.22209448666440776 0.9224912031533005 0.2720978196817914
0.9908310417016186 0.2246015074755962 0.9340783193881422 0.4501657811688571
0.9920824923126876 0.23070497221515998 0.9430882699777468 0.7926604250666303
0.9874047050611832 0.2478615886727897 0.9395343504350532 0.7520330535152151
0.991221296924387 0.2222222222222222 0.941673437537709 0.6951804340007194
0.9910974400204827 0.23905685491538314 0.9385647600390506 0.5443607641440118
0.988562549929623 0.22826482830385014 0.9347091011187701 0.46791414009895466
0.9925696227298869 0.22726443135005475 0.9360372981600539 0.4794640812275746
0.9903474562604397 0.23224261771747806 0.9404750037993114 0.6631829942671604
0.9844503400501127 0.2367198440015181 0.93939007283628 0.6716092907507258
0.9872926490757705 0.2695327704924634 0.9416581363136716 0.5849945945945946
0.991006600853127 0.25094698228312445 0.9390542178140603 0.5142543859649122
0.9864607536351372 0.2853573000525337 0.9385000529068847 0.48191521397263026
0.9879406978424982 0.28765614627964514 0.9475699007605176 0.6116728905299375
0.9923737014389704 0.2795743107203024 0.9449721148904582 0.5939279698403785
0.9964936190868474 0.29626590069757897 0.9510403237299202 0.6257252992493406
0.9911449779175783 0.310368421852905 0.949768610186454 0.6525956226542403
0.9874335685672156 0.2833577340658385 0.9473797005608485 0.6876561288655354
0.9907311058941314 0.2900380989966758 0.952021927141395 0.7193848819579813
0.9887359516254289 0.29599541092386167 0.9507453644605033 0.7263427109974424
0.9900054892131782 0.2926216640502355 0.952038831066854 0.716563181741903
0.9864256244980357 0.2866942931197715 0.9518104475256981 0.8283117242652148
0.9861569265452419 0.30051119391494474 0.9483399776378666 0.7534779050736498
0.9903526253991948 0.2930202637504021 0.9561287542393476 0.8610782260267735
0.9897866248832872 0.2793681627645435 0.9560723233672959 0.8775781769793746
0.9907180787007833 0.29797588214916115 0.9564250375992738 0.8572159018279433
0.9908595382071762 0.3094958968347011 0.9572334525714381 0.8635310273796241
0.9909921417138176 0.3162173942198082 0.9585142726011118 0.8779797496611655
0.9904155377174546 0.33052069425901204 0.9623972192055952 0.827332629509629
0.9911894273127754 0.30880622509014993 0.9606752592701875 0.7355103102842646
0.9868505239681734 0.30228707239149066 0.9586423547431427 0.7570577164366374
0.9869401563177179 0.32041971034075073 0.9595870012700916 0.716120877182668
0.9786970486170138 0.31843474734731575 0.9546767232348627 0.7845556246115599
0.9946370262423657 0.29425297429942376 0.9641056837694342 0.787383453322318
0.9838601616668214 0.25033711974036066 0.9573939730958455 0.7958023221196785
0.988209767013412 0.2712471015223309 0.9629992075528412 0.8295392294114067
0.9868598057130796 0.25690553425734786 0.9613242351683812 0.8449245423767717
0.9831043231208696 0.2330915553847632 0.9615806890846103 0.8312673501360526
0.9903384815419245 0.22201947762619084 0.9565385321841112 0.8291690877396862
0.9911219950025209 0.2605925776114875 0.9638342839044959 0.8263012167551502
0.9901963387862049 0.20869337522911757 0.9638675624214367 0.8643795843520783
0.9882987373994052 0.25801267743951434 0.9584268884868734 0.8816573926868044
0.9819224117284134 0.24394722346090286 0.9596830770450632 0.8875935907128747
0.9869022408000798 0.35080264400377714 0.9695910889232766 0.8780759355615642
0.9873959699215927 0.23741007194244604 0.9584073596129858 0.8688235420655237
0.9905646244941312 0.2918566263166169 0.9667121386012054 0.9041169747029265
0.9862593056698432 0.2404342452807328 0.9602009043587096 0.9179322490417486
0.9888749397315855 0.2471008453387308 0.9629415877455031 0.9069639847944507
0.9818662593094738 0.28144210001661407 0.9643770922802624 0.9190509820388998
0.9867531682701521 0.22972972972972974 0.9637160028181421 0.9369692464926136
0.9865848367533755 0.26622615715122716 0.9702660925159772 0.9265904229933007
0.9919728110565802 0.1837922773756472 0.9658506075620761 0.8952170076747632
0.9896180189289169 0.21560075906382128 0.9695511491596311 0.905037637521714
0.9888575250671936 0.21489316304447223 0.9691157161147693 0.9167175945731223
0.9905892668321474 0.22705009595279696 0.9674197517602368 0.922139222384442
0.9878462071978797 0.24785072670496164 0.9715366498445663 0.9085297190226166
0.9900237212339075 0.22881751300915126 0.9728858411408666 0.9254869082935638
0.991971196891093 0.16396808635457 0.9686342906396566 0.925377060680463
0.9895619648306339 0.17777560275358065 0.9669080004076146 0.9005645207276045
0.9895567627497289 0.11642302120374029 0.9707441233717622 0.9119817668764922
0.9921242351162853 0.10705061273836347 0.971822585868251 0.8793932630872086
0.9856993762102649 0.11957100749316382 0.9608320138778081 0.8709707506342337
0.9877303718210998 0.20215280921482823 0.9686266996761264 0.8838122731050169
0.991742798901225 0.11737397626242718 0.9685032879673218 0.8888636573898855
0.9918782173663749 0.09888612869620964 0.9656836708192656 0.8911948545349928
0.9897548757295066 0.08629001679215643 0.9698185375289889 0.9208138454047833
0.987060820268757 0.14991974317817014 0.9708601990585669 0.9423553285284445
0.9876848307696543 0.11712335086262571 0.9692055957536138 0.954244371722588
0.9848015182272054 0.11173246840398166 0.9673798893344291 0.9440731663578218
0.993248617469672 0.1364602768256172 0.9704186628413359 0.9550651422494018
0.9880328172996826 0.106175863847344 0.9686866364826592 0.9429439500265284
0.9868054486495076 0.05034918523445294 0.9599763453793971 0.916573887534019
0.9900569367788662 0.05316368299058046 0.9615871597387433 0.9403191502697191
0.9841654171019956 0.038860675645837936 0.9526452300855908 0.9418435975207702
0.9831410056485428 0.0351451648111766 0.9449057752895843 0.9304792923821056
0.9936407583253914 0.06119445499430308 0.9510707323564744 0.9331776058819025
0.9882386064560356 0.06525845783960157 0.9238202647355612 0.8902062780710014
0.9915688644371458 0.07219251336898395 0.9304581967487578 0.9129092708214752
0.9938832155141797 0.0473594748256257 0.9332748796471868 0.9261637986693395
0.9863649016472298 0.0 0.7494826083945479 0.8346928002631397
