0.9862813087775663 2.0849715252460266e-05 0.1806050629353783 0.0
0.9818695236326818 0.0 0.18951900367607524 0.0
0.9860487613174322 0.0 0.19566234744492791 0.0
0.9820605548231454 0.00025108121216765774 0.19544119545314745 0.0
0.9819366398679137 7.1108582805944675e-06 0.20253728357109285 0.0
0.9827508520457923 7.386637277699151e-05 0.18026895800188125 0.0
0.9867115830143524 0.0001622822753539171 0.18239141102750586 0.0
0.9725551645119609 0.00013432500226308428 0.1746912195606146 0.0
0.9846618965544698 0.0 0.1873320219836638 0.0
0.9796837453984525 2.9402453928804896e-06 0.19885959811332946 0.0
0.9869145785063734 9.872576016415577e-05 0.190666056302257 0.0
0.9785422766337074 0.00021318521198726757 0.1974843105681246 0.0
0.9865795778763828 0.00019127067810795434 0.1951149263742687 0.0
0.9774214929286147 0.0008231234058712874 0.19772745434316238 0.0
0.9868894110101813 0.00012906225923977403 0.20516440867088886 0.004323308270676692
0.9775345867544751 0.000682846525129434 0.18847566024621565 0.0
0.9853815124828897 0.0012827533807952085 0.1973728740866663 0.0
0.9859926837859184 0.0017620996850631063 0.197089299555338 0.002128704765023743
0.9864690059178671 0.0003409272618110177 0.20643915216332628 0.0011371712864250178
0.9802413615900689 0.0014153950174022308 0.2099531237531337 0.000851305334846765
0.9810215477775805 0.00029203024775270386 0.2131214880345364 0.018581907090464547
0.9865619378878501 0.0012273862459645489 0.20115617559167107 0.01555591943671197
0.9852944765100905 0.0005319160031622928 0.21859965577253757 0.0
0.9893270953311724 0.0010397992862767437 0.2236768659254079 0.028234453180843458
0.9904508662204758 0.001192743844907696 0.2206137111719079 0.01047882404307961
0.9918283643149858 0.000848111750212289 0.22043749722886175 0.0
0.9830201389586994 0.0009800860028104943 0.22464892572115328 0.026767228630582666
0.9873268638302537 0.0015003289916326991 0.23290079322676097 0.012891163156858886
0.9869813562044942 0.0016044421683428479 0.2274042936352214 0.0037716440939482257
0.989540553427776 0.0024483208066340785 0.23464319777475096 0.016605166051660517
0.9869482671110217 0.0014916575567165366 0.22687087859684302 0.015104166666666667
0.9881660097604409 0.0015661045519034867 0.23076290777515698 0.002113526570048309
0.9871270998910671 0.0024644330524684756 0.23058114555404133 0.0083524996973732
0.9906538728789215 0.0020875966684964463 0.23746200519181296 0.0019022827392871447
0.9899827496387745 0.0018729968769723845 0.23387201124956544 0.000502620808501472
0.9896422053455787 0.001561877865666189 0.2347538517363766 0.003667245705462266
0.9899327051830963 0.001738876321126311 0.2404851131128378 0.03367782033677821
0.9899537930831724 0.0015956960847826448 0.24315782677721487 0.006416800350007292
0.9909211800021511 0.0012257344027632475 0.24130243051513983 0.03378020814958547
0.9848023056216596 0.0008469727913985918 0.2592400946185689 0.04140634570623545
0.9844397729558422 0.0008854803335976086 0.2528910760646336 0.054977190314656685
0.9800431029724369 0.00013595581757084422 0.26444708991853344 0.029199648197009674
0.9912271168655962 0.0012585336770596287 0.260370295465853 0.15475255302435192
0.9910813598398285 0.0006150282849496969 0.27155538478662267 0.1400348634514817
0.9875308544485173 0.0021218662353708704 0.26802649496698744 0.1585554268057165
0.9872746389982184 0.0019639941483590565 0.2801322476522725 0.08852344296710987
0.9843086334107866 0.0016382192114409687 0.27638313648920015 0.2024785510009533
0.9858032949513761 0.0026080646613594353 0.2818268515945903 0.24912689173457508
0.9887201377504201 0.0031503231687018264 0.28321444384687505 0.15673400673400673
0.9935882225500614 0.0031030858523965143 0.2837354625407216 0.055526779239614625
0.9831520411901177 0.003554062531271554 0.28469115937600237 0.19512548962715798
0.9873325551314005 0.0036553959537603915 0.2939149919259372 0.21236719589351796
0.9868814689360024 0.0039428941754771326 0.29824585691662453 0.13546499899132539
0.9862644064970681 0.0039296910616694715 0.2993796867484344 0.06600206256445514
0.9904263339656598 0.003052705901898077 0.3118942620245757 0.08095077382961284
0.9839546819717774 0.0052337761051529 0.3110498063784907 0.18069350060986233
0.9867856546326564 0.004715868898844612 0.31466336414646 0.1496414342629482
0.9908154284605005 0.00502395334305353 0.3241599289657225 0.15139802631578947
0.9894312326642185 0.004738831545962404 0.3150621741195131 0.08059092000960845
0.9867535864969021 0.00445697206332999 0.31841458821677715 0.09821152299028406
0.9865753194742952 0.004980267446029647 0.3346899735032475 0.1136916014042668
0.9803672917248663 0.00419168619177028 0.3520128229334469 0.13108159392789373
0.99433712024092 0.004287885366912722 0.352192024396383 0.10152485312561885
0.9856932405410522 0.0037846090005814593 0.35581906923507145 0.09927641099855282
0.9894433869971762 0.004724952266363375 0.3579053355668817 0.09468127376965431
0.9860501183388188 0.0037817094071684815 0.37407001258462247 0.06837257837666168
0.9887384683524386 0.0043112982303580615 0.3523112285498911 0.12415137037968318
0.9912694783495726 0.0038165967064901518 0.3680561543761811 0.07984945580307191
0.983623426020766 0.004259030661882395 0.3754657030017565 0.11332565476488557
0.9883934293400555 0.004275613207793496 0.37762626709981273 0.10434734877593589
0.9875575750477451 0.0041198949913171965 0.3849464887660482 0.09584914081678197
0.9865342765508233 0.004147685309246345 0.38069255896072707 0.08908319626006406
0.9843306515162765 0.004820363886636721 0.37813321751490503 0.07906859023032144
0.9842868842728547 0.006168102704353252 0.3905557795375486 0.13678461173118026
0.9836437174985555 0.005749525795006517 0.39633782176033533 0.1297877914592612
0.9873706812650598 0.007771189206832771 0.41208239046801587 0.13266851805099722
0.9910740542547088 0.00853401384498751 0.4186385815663441 0.1582355816226784
0.9857229808404785 0.010043833435717664 0.41339530061269214 0.08607811926043835
0.9840335690911011 0.010986675432580863 0.42773095567648195 0.1497366881217086
0.9909687493657829 0.011206372491659079 0.4248161022776038 0.11049588224986859
0.9907295316223735 0.01142823411351495 0.44155837918190616 0.10783290756665348
0.990996956884076 0.012268099325955097 0.44514756918648407 0.09487426302490674
0.9915329726264988 0.012597026656125308 0.453836944945274 0.081106411612035
0.9909751591049066 0.014087199813476335 0.4497895738759983 0.07885217698178129
0.9894847984342499 0.013081485092208953 0.4562023710771197 0.05735609368797142
0.9922744066798405 0.012553717161893999 0.46854635985690807 0.06282206862589916
0.9838832652286805 0.014453498883335105 0.4755334534372304 0.07530852009082832
0.992644545696688 0.013287924078339132 0.4657285304106554 0.06396343011936002
0.989131049165811 0.0158863334870502 0.5636019832587269 0.07202972596377148
0.989837323856211 0.013243590255325377 0.4844652941751666 0.08291311718129735
0.9915623018154446 0.013822005882812297 0.5511801879009716 0.1456927775015979
0.9850333908820126 0.01170928567719345 0.4450317951698164 0.1799891017311481
0.9875021274114134 0.012941996556015673 0.4850999989637 0.2046477850399419
0.9900297827212392 0.012644330385775851 0.4945682442337607 0.1554964602723973
0.9913574446968978 0.012948078386090888 0.4615807770977568 0.10339809543261252
0.9917852775887097 0.010335730221150235 0.4647182368994973 0.08502621558581368
0.986412958315554 0.0131618210287662 0.4688371915099129 0.10693447873476178
0.9914689802508825 0.013755308566694692 0.47836177822465953 0.1666295388728002
0.9916948315480482 0.012979518543813741 0.47520992286084374 0.2008701001933556
0.9917351980631784 0.01267232864627118 0.4967380145755211 0.23011654556980543
0.9962361698186288 0.014020981391650589 0.4784680470276165 0.22845109967243798
0.9896251557833566 0.013718892606270811 0.4858874799042621 0.17462421093014335
0.9881523955087326 0.01479646804378389 0.482914683313199 0.15476773320277626
0.9888662436044148 0.013216084129325761 0.5020700262138834 0.17540932318281363
0.9865197696170949 0.013512879300125326 0.5274833083526366 0.17055116534960488
0.9826230181773704 0.014345693259655488 0.5237420948916659 0.2023567655424624
0.9945002609760263 0.016981836387728638 0.5452135669860951 0.2287151348879744
0.9904333702580143 0.016432784826214703 0.5670269806136468 0.22178766397783753
0.9837628557652919 0.016340770139346553 0.5588978776399363 0.40864269141531323
0.9803251018236524 0.01710118861726825 0.5716444641707352 0.30971261458860583
0.9826594754333272 0.016302202354144774 0.5707192602054675 0.3649542063443926
0.9875629123700727 0.021372419935716223 0.5951130777862798 0.4489701099581849
0.9863213986876294 0.019547641379202313 0.6000658886558868 0.40273717778368323
0.9827059635824837 0.01876533811465147 0.6082765594815278 0.4424306234488983
0.9888688973799821 0.018673501521366917 0.6262267051575481 0.4338554965150783
0.9847013598932778 0.02028387162950521 0.634409744731338 0.42526570698237587
0.9763915304312062 0.01842219528522063 0.651655373934574 0.48675623800383877
0.9772899686700841 0.02304312426301308 0.6617130238534228 0.39001260428545703
0.9852446305242625 0.017896560087608624 0.6810942780119223 0.4376866684767852
0.9850065536940837 0.01689185065846484 0.6795841615953288 0.39033898305084747
0.9930598478681019 0.02067573843829576 0.7093945432991811 0.35681842188655327
0.9819140275651239 0.023217879703143637 0.7233275255795539 0.4284815304260273
0.9886682317276534 0.02838704234857432 0.741100303992854 0.4103038003927458
0.9869285264321047 0.03377403846153846 0.7632842785819256 0.37720452750723876
0.9803886930318415 0.0343808478169301 0.7655331634904836 0.35292959133431806
0.9896497931373293 0.042397423993994585 0.7976603208977864 0.29457624276972083
0.9882255756023508 0.03794707449909948 0.8109188860660274 0.30764360781665473
0.981777115259683 0.048121698198971705 0.8295435464764302 0.2490559732664996
0.991261274303086 0.06708416530525806 0.8670924411457909 0.3750360057609217
0.9928403346373401 0.10807357411510124 0.9126570438853351 0.28342724931895363
0.9928402499075117 0.09039689979415716 0.9073480183722166 0.30578413834227786
0.9892292108817288 0.09668106834249804 0.915130115658363 0.5642097802976612
0.990711522070161 0.09795109594917574 0.9201581469648562 0.6456986573843859
0.9968039798318036 0.09863182392168732 0.9254217894193569 0.6573816155988857
0.9884377269491562 0.09947451107860664 0.9234534048607845 0.6761734028683182
0.9912254592501735 0.10466901472049128 0.9202675053227937 0.7157947267736837
0.9899948390870865 0.11885227477072469 0.929022051941324 0.7080864558124009
0.989775161888255 0.11341966699871922 0.9264818659410335 0.7043565852430118
0.9912522676406178 0.13633456117519907 0.9285377930735046 0.6856570944645469
0.9905801422797285 0.12977010399805333 0.9257462871148884 0.7536102547460652
0.9922428281727363 0.14025753631995963 0.9325208679002429 0.7508497351987985
0.9856547415639484 0.14001159239360636 0.9264644263138693 0.6963445530220774
0.9922844313010175 0.1462697404247595 0.935678089648016 0.7089656183564255
0.9941156466716057 0.16393583888321248 0.9384994770878453 0.6884488910655565
0.9881948383866118 0.16784881702296514 0.9356918404187241 0.7166385135135135
0.9873662193037755 0.16303766793770713 0.9340494365252323 0.7360661632506292
0.9928274552877947 0.17521894808148256 0.9364083147005289 0.6317984154405194
0.9897632874429416 0.17758468182527706 0.9399831508806087 0.6367410794873338
0.9963165695669401 0.18699106256206555 0.9393381284886188 0.5874765854963875
0.9913914780373883 0.18701780698298104 0.940602016385321 0.7417122520266263
0.9923538804874326 0.18709895728895126 0.9408925684816299 0.7982401869801333
0.9877824655800733 0.20713966535921752 0.9379902407515772 0.7602408841241479
0.9916771404001468 0.18395060130228222 0.9417667170996793 0.7847287975111592
0.9916525788231296 0.20676863595397013 0.9429831031489037 0.7876594048884166
0.9888823637102853 0.19577468623233782 0.9420644638138128 0.7672012732615083
0.9928684505422183 0.19268720461635272 0.9434047343305467 0.7804357380548753
0.9909901744167569 0.20632392178726455 0.9421447368313752 0.7560244436757754
0.9849905774375544 0.20976733408753254 0.9411608271811396 0.8118380062305296
0.987767362406212 0.23177344010677345 0.9446393015274175 0.8054287915604812
0.9916407132946002 0.21660835277129845 0.9460173087047008 0.8235844642021526
0.9867148853245391 0.24755680885666115 0.9469970930778968 0.8113626023657871
0.9883603545633005 0.24940175915146812 0.9514215171599186 0.812272140894049
0.992834867748404 0.23337026432034993 0.9485645351476912 0.8220429203787751
0.996336308454601 0.26157471583032993 0.9552149423397959 0.8214900947459087
0.9915999744644796 0.26871301191509506 0.9518657376120079 0.7666169154228856
0.9879626954930875 0.24595301059325272 0.9491272297554165 0.8033210145294386
0.9912026688636819 0.24926042716426644 0.9535057553474996 0.8287818810442451
0.9891669047904357 0.24560941052423474 0.9518171555129695 0.826433818164129
0.990712088554499 0.2449401415437529 0.952315885041794 0.7832766074878116
0.9870970550763957 0.2445643098092916 0.9509958324047989 0.8552787663107948
0.986883464091871 0.23517937547749476 0.9488312622434064 0.8392511588137348
0.9910094838560551 0.23062082869855394 0.9545287520679707 0.8573558648111332
0.9902374173833847 0.23580711677796484 0.9570478825225297 0.8753810133851658
0.9913912244624103 0.2563919788403459 0.9580566530078349 0.8589602238995844
0.9917530572046384 0.24966825009135143 0.9589260007439794 0.8692023061698649
0.9913526960832258 0.2501620820598314 0.95801403588913 0.8783751588310038
0.9918292416237929 0.28520003448870496 0.964667829893141 0.8866179670500466
0.9925946778196525 0.2866771196555194 0.9674303865627596 0.8749080206033848
0.9881678709022855 0.2818346114394569 0.964332655531996 0.8605735022057777
0.9882426411286882 0.2869462337320889 0.9665874624772599 0.8703821881869106
0.9796753311513459 0.2640655313645182 0.9603869496389055 0.8976228209191759
0.9939878173300571 0.2621077101898489 0.9710680954319515 0.9006403774856757
0.9839798223832852 0.2198743054923035 0.9632515273124372 0.8785248041775456
0.9887667732625812 0.2384406779661017 0.9693594523817022 0.8825598657458207
0.9873541742111355 0.22038447344583487 0.9680231665238952 0.905114401076716
0.9837047106737891 0.23009319139057474 0.9662905738980699 0.909500360317079
0.9908552841763578 0.14104241082658348 0.9604903886760258 0.8867823840017975
0.9915531537441258 0.21519557385486363 0.9690748959300926 0.8806842672413793
0.9908137702712273 0.17503425499771633 0.97066704976657 0.9241753766797882
0.9886556228027726 0.19231694120476134 0.9651355399621829 0.9146529562982005
0.982197352228642 0.22975863122517567 0.9663210343891807 0.908455799795404
0.9871850025279628 0.3137578852508261 0.9758472027012023 0.9308392753902486
0.9873005361401256 0.23913269731136166 0.967992089727642 0.9020719835670269
0.9900268892271937 0.2405962714719994 0.9716364276967072 0.9192215818193772
0.9863417886874554 0.23810392643409722 0.9689672161313492 0.9224491486805584
0.9895252473413253 0.22256216870041623 0.970334897528077 0.9101587052168447
0.9824537373446594 0.2160472386245224 0.9675879434769024 0.928703954234471
0.9872528640493613 0.2460812539987204 0.9730641329374798 0.9336743203424696
0.9867402195864435 0.1717635297859772 0.9722488582686579 0.9225287518521131
0.993050123352789 0.18772792808073954 0.9763483571721249 0.9042000943841435
0.99033227709684 0.1720506956356013 0.9743819337375949 0.9043238414643703
0.9897620555416464 0.21972053293718954 0.9754237903386979 0.9156392152057711
0.990525056308059 0.11385068310409863 0.9747619680333925 0.9381086752043991
0.9886107863289377 0.09541847965190683 0.9732621270509072 0.9130321733061459
0.9902959722173218 0.170905086103324 0.9754673426338131 0.9186788858569737
0.99280178101311 0.08094795539033457 0.975841783157562 0.9353947954444233
0.9903432299280781 0.061549137885015745 0.9747989824835362 0.925993184203389
0.9891582031624035 0.004230459307010476 0.9761624508749664 0.9309262515860472
0.9918034146484617 0.027140753208499895 0.9798201180049274 0.9056454431446722
0.9867392371225273 0.04077545461828086 0.9747588230302793 0.9159680441858171
0.9878088741173896 0.064786213623801 0.9754706208526049 0.9202174132967912
0.9921489134792113 0.03379165695642041 0.9780623150450117 0.9309898373623255
0.9917372131484115 0.023590090470956285 0.9766106189960854 0.9186654303461971
0.9900400208017727 0.021455938697318006 0.9748301386743642 0.9225988448255329
0.987545742681171 0.03995050380060103 0.9738949833642413 0.9314237750498374
0.9873601725341453 0.012646566164154103 0.9737288433975599 0.9427527886545359
0.9850035162620887 0.0430976430976431 0.9705193494189006 0.9365537998495109
0.993308984147979 0.009603449402234272 0.9747834099757067 0.954523238372387
0.9882807052495268 0.009088405397961994 0.9711523149895956 0.9390635834054549
0.9871680591937827 0.0006975933031042902 0.9621539490798257 0.9121676677634948
0.9898643009643675 0.009026619904559306 0.9653447547315279 0.9484440552752499
0.9846386447719214 0.0 0.957735792651373 0.948073387467443
0.9835073440957629 5.2295784959732244e-05 0.9485475185661552 0.9304273968879527
0.9942116573153186 0.007785613540197461 0.9558560620146169 0.9370857244205026
0.9891850669460881 0.009850445786597642 0.9261822016117752 0.8865615328656153
0.9919027599627388 0.006497552291944816 0.9330006175058294 0.9114889155511298
0.9946329604094176 0.009202226345083489 0.9336243609058233 0.9194983136593592
0.9869144882711334 0.0 0.728661436043747 0.809684275324441
