0.9856450425321303 0.0004219585229664578 0.1803967501888027 0.0
0.9813942624913143 0.00024150256684159736 0.18940977073397133 0.0
0.9853487477080167 0.00016288951841359774 0.19499291957145787 0.0
0.9816424951540205 0.0008702131971915205 0.19539376461356459 0.0
0.9815972287370771 0.0007161650125455857 0.20212547159248373 0.0
0.9819661581646398 0.0007603184670719073 0.17994319402419526 0.0
0.9856491991932755 0.0007292783761140803 0.18216253741329197 0.0
0.9718450286796646 0.0005761921678743668 0.17464736784938734 0.0
0.9841203530716127 0.0003503640592289474 0.187177322466474 0.002335189509610203
0.9787458424596415 0.0007272206938391078 0.19915530614191349 0.0
0.9860848475895012 0.0009998402965644404 0.19055130634324266 0.0
0.9776940793397251 0.0013534327219742125 0.19718329350764377 0.0
0.9858268825814871 0.0009476151362099667 0.1950968741648613 0.0
0.976683673406648 0.0021430626420145963 0.1972844187355272 0.0
0.9860321485036911 0.0008579869124981407 0.20464703037837814 0.005789204835688745
0.976742685602012 0.0013208637045940925 0.18842171915335784 0.0
0.9847176965101208 0.0022112171166557633 0.1972414912047376 0.0
0.9856031909560726 0.00331963780362692 0.19679976507427013 0.0
0.98596669930503 0.0014159562582149096 0.20601835070588123 0.0017485064840448783
0.9796250198361475 0.0024027472768015767 0.209544759821016 0.00044280442804428045
0.9810336111731581 0.0018815333159916965 0.21308051531707395 0.010845986984815618
0.9858719068481487 0.002302418859531131 0.20048697925823167 0.00029761904761904765
0.9846716626208657 0.0018502333129606027 0.21831048563219543 0.014013654329859864
0.989019237605702 0.002955661930069227 0.22323118945193007 0.016178119493833094
0.9909873102721449 0.00234766118704535 0.22073129065322358 0.005322294500295683
0.9916995400626016 0.0020273213142389815 0.22035244009388943 0.0
0.9829323614951487 0.002450724403750252 0.2245623572991653 0.031075082030496044
0.9870423514074185 0.0031033098086415893 0.23279423831673376 0.005960568546538285
0.9872088386385494 0.0029852652917623014 0.22731986954039737 0.0
0.9891429998024064 0.0038238410457077515 0.23385413059968496 0.016940707523667164
0.9867818733779604 0.0033091529146556456 0.22685666252547543 0.004975124378109453
0.9880105642535759 0.003043909554167684 0.23090946663765208 0.0
0.9871319533492092 0.003952920865899333 0.2300494919254523 0.00018765246762994934
0.9899663622078178 0.003740907659081223 0.2378478003118183 0.0036161335187760778
0.9899400211400899 0.0038109966867577853 0.23435973809698138 0.000671591672263264
0.989492048185676 0.0029396590364770044 0.23432154674716218 0.0017570832418185812
0.9895165288497438 0.0035611443723975057 0.2400570641449036 0.0050421797731019105
0.9897289813521527 0.0026573777772243737 0.24251104386374714 0.0
0.9908124435404119 0.0022010256240042486 0.24101509932948212 0.011056797020484172
0.9856977269122366 0.0018733751745306179 0.2591653135900683 0.0009345794392523365
0.9836241100393085 0.0019495845026980482 0.2520838398087342 0.02455644124453587
0.9795438989865785 0.0008477587912158488 0.2643119068744175 0.04821181584667062
0.9906120587886246 0.002842328442177299 0.2603526814108179 0.11968718123087385
0.9912326293386344 0.001734975367372301 0.2718632178868917 0.019110764430577222
0.9867653839197695 0.0032183575365565147 0.26791751157595234 0.12412451361867705
0.9874484411483352 0.0030350720617371863 0.2799793647573285 0.07042974079126876
0.9838133369438373 0.0028440685148544073 0.27620954102013234 0.160220044696579
0.9852644066391761 0.0036712461058530273 0.28148305027464726 0.23852739726027397
0.9884028526198002 0.004051475317468333 0.28307562113780543 0.11715555555555555
0.9933007246049749 0.004147126739979727 0.2840001543561344 0.05721079871310673
0.9837862328062799 0.004327891561794526 0.2851789679050966 0.20834681332901975
0.9868378212619033 0.004622732283266322 0.29477148354226107 0.2582244999173417
0.9864772769824133 0.004902925193432681 0.2986040928063476 0.12724775224775225
0.9857813804492143 0.005556905137859832 0.2990668749961094 0.07846427161468614
0.9906172479206187 0.0041035932391052365 0.3118461464726186 0.09749662140420877
0.9839796095361073 0.006410404838425844 0.3113923492934166 0.2151857127204996
0.9873958255012251 0.00534501622384806 0.315590619066788 0.1747681646795068
0.9903068947406657 0.005808136387700837 0.3249143733465267 0.16369105375509413
0.9889642550162746 0.005665863115585973 0.31519786828790886 0.07379574659953408
0.9863718387244472 0.005558158175668471 0.3184438202247191 0.08137959073045128
0.9865770247525445 0.005668597668755335 0.33471493335007024 0.10935975380920213
0.9801190930198322 0.005066010885559069 0.35206804911516226 0.1258659544278441
0.9942574887498296 0.004975030218608607 0.3538390540023939 0.10978861169301085
0.9853445767776079 0.004972054595310088 0.35561054633847333 0.11725705626065543
0.9893008055619159 0.0060312697145113 0.3576958007879751 0.07383720930232558
0.9857670163663133 0.005011468271116578 0.37588258999127 0.0801812450748621
0.9886668710562239 0.005286694205479971 0.35176545046297975 0.11211295170196407
0.9909623014942454 0.004657471311835062 0.3685022005173146 0.08221822781439318
0.984030116994573 0.0049242285636621206 0.3761670595085687 0.14000263782643102
0.9879978061524867 0.0052565436007323664 0.37760511832055904 0.11364291895010095
0.9872068077375866 0.00516557161629435 0.38509658332482744 0.09604558095367292
0.9865941140552054 0.005421042110090664 0.3816810285276691 0.07361722956436613
0.9838559007401375 0.005901469308189869 0.3793375499990148 0.06689189189189189
0.9838804252027987 0.007084433225434416 0.3914184783037242 0.13331034482758622
0.9836075816286685 0.006706547302020013 0.3969760509475844 0.11388766032728881
0.9881624165798747 0.008570542787445644 0.4118936643192433 0.12354426827557177
0.9909066472842287 0.009049692545151823 0.41842756414570703 0.10941934075529361
0.9850096170848505 0.010763541777876992 0.4123715410026592 0.06964242078683718
0.9836756383282433 0.01108628285041028 0.42663618005012277 0.11618908178205396
0.9909021225992707 0.011021489263930631 0.4240550857687395 0.10622019785068679
0.9901550739051896 0.011513842285592867 0.44163353639371483 0.10096658174734002
0.9903949440364135 0.012571559388456215 0.44981215767521654 0.1104767014101778
0.990879034386547 0.012763818318213807 0.45913158542887084 0.09446003841040035
0.9905082558582866 0.014366775510584696 0.4547166781390387 0.08805242382807461
0.9890235951149906 0.013493737950569521 0.46212113880932104 0.06249084517357551
0.9917745737108463 0.012915356383371787 0.4731695260882131 0.06902434618549666
0.9833900778494941 0.014582786430382438 0.4788316429498798 0.0812398968937044
0.9920859035977022 0.013344130982450011 0.4719660720478184 0.0747678450440397
0.9887118350274609 0.015932024445211457 0.5647420575360101 0.07174118418262093
0.98908362792557 0.013124708002680141 0.4857200742163758 0.0848557746862447
0.9906613955748907 0.013865967885816236 0.5456888206162143 0.11963464867769089
0.9844760856779677 0.011839663986687609 0.4431721963968637 0.15939066718087158
0.9869082374560088 0.013125555780032803 0.483832659129192 0.17591010083746367
0.9894750182629894 0.013388021176538659 0.4928373849015026 0.17497748300990748
0.9909119417133946 0.013389293676050346 0.46060837683918376 0.10997704201587696
0.9915033616715235 0.010861057784386438 0.4633452397892694 0.09093062314284484
0.9857945470829099 0.013591865791088103 0.46605938951243003 0.11040968487776999
0.991107885275658 0.014533630574817406 0.4763814630946429 0.16004626450283732
0.9912347961326361 0.013557553625678951 0.4737074987986507 0.20860820224200766
0.9912998352652953 0.013446645608350469 0.4969947798433239 0.24675394068928666
0.9959589956558301 0.01505742433929273 0.47878738017855105 0.2385945731040652
0.989397804332533 0.014607391496257723 0.4866981850234384 0.18683594798818612
0.9881953693086724 0.015185174453233913 0.4839929615462823 0.17299436544137375
0.9883129841020646 0.013804919032008303 0.5014780789155823 0.19630993356279516
0.9860757431047751 0.013914128164947307 0.5256369142775801 0.17585301837270342
0.9822109486979436 0.01503301027371163 0.5231904904062746 0.2111290386053284
0.9936716471032424 0.017716082792971582 0.5436996093425318 0.20213680461746286
0.9899916254980656 0.017837426837219467 0.5663159101347914 0.1993323795898903
0.9831936631844794 0.017477400542313996 0.557124531779066 0.3438908439834537
0.9800069717521726 0.017727695079882783 0.5710672309737734 0.30664788732394366
0.9824462671821679 0.017277805164623773 0.5707920530952034 0.38173486088379704
0.9870749632166207 0.022310885001664848 0.5946793768631181 0.42904164115125537
0.9860217908565978 0.02169461530329785 0.6011183561415401 0.4254339355295785
0.9823292393446258 0.019214050775412744 0.6084494187980478 0.4704850031908105
0.9881911640356287 0.01878202428947248 0.6263274829689022 0.44818558650279977
0.9844898520846898 0.02179475678469668 0.6345041159549757 0.41385023194168324
0.9760886559065618 0.019833440681605027 0.6507354168626868 0.4452595936794582
0.9769087389868757 0.024170180522132028 0.6616936769999544 0.3865323115911422
0.9848511540049094 0.019651504510963588 0.6810398066903316 0.4413760021928322
0.9843878111440523 0.01899300719768386 0.6799174443646806 0.4001284896624226
0.9930137476897659 0.02126933060163955 0.7098468158842145 0.36787139810815245
0.9815400106646787 0.025194283568673412 0.7240349624188008 0.4530205827318899
0.9881218878840142 0.03068548581338215 0.7421943677333575 0.4465487950670106
0.9864225005938059 0.03606110038062642 0.7646520703615719 0.4169092814719925
0.9798728081292196 0.035981201995735256 0.7676285429252595 0.4094854843345789
0.9891752371815234 0.042807089615617064 0.799444800276377 0.3150469515208698
0.9878155128452303 0.039873352108782414 0.8106954893262548 0.2970819028935753
0.9811928644181535 0.052508710274342126 0.8297890388416223 0.23460725218543882
0.9907357517649784 0.0678568616882763 0.8687230873140005 0.4059364328867875
0.9923974177201409 0.11257276860099151 0.9106057413066827 0.25798752003273434
0.9926277926600262 0.09572816095834258 0.9078818048980346 0.30501883084984444
0.9888478346855495 0.09987345373213392 0.9070243863690524 0.32756912917870407
0.9906241545338533 0.10544756223377631 0.9204132368112553 0.6336238494746274
0.9964218923973321 0.10659179229655251 0.925293980169745 0.6323552862382396
0.988025473432418 0.10808795721000594 0.9236058284972498 0.6664765319426337
0.9910994399944312 0.11050470658922491 0.9204820797879437 0.7153994467264649
0.9899188285004302 0.1267331850153936 0.9294422691409485 0.7086182155820039
0.989798030861077 0.12116909499989079 0.9268813297606613 0.6935266351989211
0.9911281734999206 0.14311979126528904 0.9289406850366103 0.6936958234830575
0.9905144758446802 0.1338928941415252 0.9259131284129349 0.7500822909809085
0.9921599216836094 0.14120073327222732 0.9323383720048377 0.7352847344074015
0.9857148014006041 0.1416546658182346 0.9264630682497025 0.6882889456402773
0.9919117700533074 0.14747939893359185 0.9355610547273654 0.7006898598026853
0.9937688876796456 0.16652933725234587 0.9383952067201465 0.6807172965635493
0.9874715303287424 0.17299337830311282 0.9357851596718486 0.7326857481833012
0.9870686409076002 0.1627166187272684 0.9340161618982931 0.7516389119131942
0.992560395572194 0.17175928731592024 0.9367496033171488 0.6561803477042604
0.9896792301816734 0.17499510858931716 0.9410932846392104 0.704609081597815
0.9960831406290699 0.18254610662117232 0.9408317578836773 0.6572735137807441
0.9910644164395286 0.18248993528002855 0.9399687564410992 0.7230504207248394
0.9918317005619189 0.19141216359928434 0.9405326214246801 0.7764924602354886
0.987194302460795 0.21017185034233382 0.9377939121186284 0.7532458840851292
0.9911792333125262 0.17959691852774104 0.9411622784517916 0.7787725533078185
0.9915652401752995 0.20356217447064673 0.9426920430502581 0.7795576407506702
0.9886208552665992 0.20344353928382 0.9424605402052564 0.7804473902236951
0.99251507479589 0.1892988632393647 0.9429614994375812 0.7641830559757943
0.9905852384354875 0.20168369453731702 0.9412981371974789 0.732370776783136
0.9844548190762731 0.21029750466767516 0.9405860442137856 0.7957292253741625
0.9875066208478661 0.23178181312182564 0.9443191889664609 0.7929843368471204
0.9912347717027731 0.21612047288943223 0.9455248772732116 0.8129699248120301
0.9863588667366212 0.251681706316653 0.9467104795533962 0.7979792213723028
0.9878929036048513 0.25381209242412045 0.9509243504536676 0.8022547914317926
0.9925322645066555 0.23698182707664858 0.9483490222148632 0.8116743818448685
0.9961599880553699 0.2714490100456902 0.9553869870313122 0.807204190743641
0.9913831025705607 0.26336070751737206 0.9511766055841092 0.7466580207501995
0.9878374318001738 0.2455159348550127 0.9487662655607816 0.7866110913434656
0.9910598923478936 0.25676706990338555 0.9534899872670448 0.8114754098360656
0.9887302165236388 0.2536959119857239 0.9515384876766005 0.8129933807305713
0.9905671125145429 0.24716306800401863 0.952198987753041 0.7831111939602945
0.9868679138062199 0.24972158968136562 0.9508921036418315 0.8498296790289306
0.9865081137841067 0.23909737948883855 0.9483070102705089 0.8198527751433862
0.990895070779698 0.23638978410784212 0.9546658863101468 0.857652711050103
0.9899231590695583 0.23762862267535165 0.9566821150568147 0.8669966113786338
0.991438208871002 0.25336576850940556 0.9574442002910383 0.8471438344450145
0.9914172832938555 0.25466351603173687 0.9591146795379095 0.879258054591007
0.9912988047075284 0.24938637087556914 0.9579608198573147 0.8668879203486745
0.9916840562928961 0.2974750643674679 0.9644113456136592 0.8655314837905237
0.9925176946410516 0.285132814154295 0.9676648865454381 0.8700105555338363
0.988178153749126 0.28293255705863646 0.964382824247865 0.8473957401109719
0.9877341717579958 0.2967817250802579 0.9661519946160996 0.8593135502323919
0.9794593589960074 0.2710940709297549 0.9604732423530198 0.8837950825480054
0.9937262997944569 0.26530277785365053 0.9704148119694495 0.8878910089131392
0.9836565778583093 0.2455396359010087 0.963512442033261 0.8677490386827489
0.9884841876167425 0.25027648379637385 0.9694059804441298 0.8847647252385653
0.9874474570547513 0.24520882897171556 0.9686361591268632 0.902805239742956
0.9835736168778305 0.24554449165979578 0.9669566127974566 0.9096129306678009
0.9908117783784024 0.15898967276346895 0.9603644304150286 0.8733656447249775
0.99155969930944 0.2496714427669327 0.9698647441601109 0.871924530353696
0.9907496132762966 0.18974695796460178 0.9707678714154573 0.9224946519664308
0.9887551194699505 0.21268569423324366 0.9650258185056909 0.9101656685074279
0.9820604936840885 0.23770827897267677 0.9667433438585521 0.9189573339424858
0.9871818468074915 0.3323671980410774 0.9762516311402316 0.9333219728321729
0.9871698963044886 0.2457814896880859 0.9676618111859283 0.8970029453425366
0.9898131969088322 0.26458068037111154 0.9718765235688076 0.9173624917163684
0.9861952440550689 0.23322938574225832 0.9682180409330956 0.9114786800764691
0.9897157269524355 0.23351377952755906 0.9702282696342704 0.9019032232642447
0.9825189030321462 0.2246662331203856 0.9671733685443951 0.9181738877580692
0.9873375157546229 0.23862592370681046 0.972852799942713 0.9263568773234201
0.9863754796758041 0.18628284908447867 0.9717412000346187 0.9169246554743751
0.993222256319536 0.17919326125656723 0.9760873953179903 0.8982285926777324
0.9901765332614129 0.1674781375561333 0.9738554278031517 0.899869449643739
0.9899756017338969 0.23757986078001336 0.97600253841266 0.909004404745461
0.9898429585230285 0.11732877029089396 0.9739527420339417 0.9286521247936039
0.9883013265840024 0.17221743707531822 0.9729295054012551 0.9058270135355668
0.9901467529014789 0.18803152872847956 0.9758033934758265 0.9106993286342023
0.9932997559160514 0.09976338789898112 0.9769459865414059 0.9316053703963925
0.9905565427481315 0.07381033118571267 0.9753855620318147 0.9184028393966283
0.9888586106767925 0.04097360477811316 0.9754954469172954 0.9252842145192061
0.991944260508887 0.07783189967872318 0.9796341552526245 0.89836092578865
0.987051195396206 0.14485005429788655 0.9760305789725479 0.91101925378005
0.987921626576217 0.13244759861363262 0.9758634218078006 0.9140848978081938
0.9924025932280092 0.09268095430651031 0.9793003823115528 0.931102573266619
0.9919586610950326 0.10368925727287502 0.976968334069841 0.9152028474442211
0.99016437922536 0.09122777731408063 0.9747972214485268 0.9169182375873044
0.9877419766062723 0.1524341580207502 0.9736997024167036 0.9194485675077716
0.9875415085018167 0.05400145949890538 0.9731301641807061 0.9361825540161093
0.9855672776830836 0.09922595520421608 0.9707294695769805 0.9325585044112145
0.9935278404302083 0.04951519069166128 0.9743389973912431 0.947968321691311
0.9887076490144563 0.04339706536238328 0.9704987649731368 0.9329996697238383
0.9875329305931108 0.017942680847608996 0.9615907112601932 0.9102127106839081
0.9894854154344239 0.028378975265017668 0.9643097393854995 0.9457755089825479
0.9848804046466795 0.004006410256410256 0.9581060700556772 0.95218071430784
0.9840494062463258 0.010419797615469392 0.9484249521779977 0.9293584729277363
0.9946717229000029 0.024943187966670274 0.9580831973898858 0.9427491626962097
0.9897567096122655 0.029303044559446198 0.9206917383106846 0.8752941234021945
0.9921955585034395 0.0357318070318888 0.9294080193412799 0.9063037861061365
0.9949577379142597 0.02211525045346728 0.9332159205137365 0.9196381502646396
0.9862754184792227 0.0 0.7702463190761137 0.8557639546733026
