0.9858462748181639 0.0018104002731481113 0.1812247650641049 0.014342386328959414
0.9814467711402522 0.0016052522410403478 0.18994112493037613 0.002197802197802198
0.9858592411986508 0.0012970457304734926 0.19594587544675068 0.0021347971942665446
0.9817534911365592 0.0027124928837366303 0.19541815358761944 0.041422430636967565
0.9816665454912179 0.0026390904226098666 0.20323761760874356 0.021354484441732765
0.9826814413426618 0.0028308681722647735 0.1805395854505319 0.03462603878116344
0.9867851784550828 0.002485289101767849 0.18295209284989902 0.02258493072689315
0.972589668358545 0.002700393527618944 0.17589280609403746 0.026785714285714284
0.9852049404252922 0.0036003722254788727 0.1880252418702199 0.08622502628811778
0.9798153116999165 0.0028863167424006395 0.19973142683926723 0.14216806296014217
0.9872198926968353 0.0033441613091080755 0.19106547196868098 0.07178783721993598
0.9791214507142532 0.0033590072115549066 0.19775939341894086 0.05498199279711885
0.9870206263663067 0.0035511177630577055 0.19503930384650142 0.028933897173380813
0.9776207041995457 0.0042208648912777915 0.19729610530601166 0.16489361702127658
0.9871291744467987 0.0036501630222444416 0.2051641770464322 0.110914192881406
0.9778364790592646 0.003402340935205562 0.18877630903789183 0.03559127439724455
0.9854323888895619 0.005075496907996642 0.19699897212213754 0.0274949083503055
0.9864831562383167 0.005549907089050962 0.196711047678375 0.05839780384327427
0.9860532620494747 0.003645024646878816 0.20677528585141344 0.08950366151342555
0.9801338384346753 0.004300740971034769 0.2095079277686897 0.08756420977183133
0.9811876334903381 0.004412003277429476 0.21180019632411035 0.07390158172231986
0.9866999440957903 0.0047688148289266215 0.2000355014662427 0.0560363022372309
0.9856431196786289 0.0045876673748394105 0.21878857326659026 0.1692182077975097
0.9896254630136858 0.006148522200963941 0.2240821396309201 0.1596153846153846
0.9903714084193332 0.005126501757926337 0.22007426347036171 0.07382840663302091
0.9918852515142618 0.005661472900298241 0.2201866680928511 0.05510261456283385
0.9834050498934651 0.0054032663766120865 0.22387400516904354 0.136123872724179
0.9874327504063543 0.0063099754283128424 0.23292417862805423 0.05888797589701451
0.9873514356577875 0.005245848907436824 0.22698400980851569 0.0673141777957642
0.989682536865408 0.006038149124588784 0.23422892701881276 0.07628419247088562
0.9875468355339551 0.005380949831343363 0.22767091846452744 0.09701338825952627
0.9880763769795101 0.005858509642023371 0.23046524641587654 0.08643590259609579
0.9878952780349122 0.006318032492154812 0.23073330256188046 0.04122442701122904
0.9907999862503131 0.006432646348357917 0.2365365773363955 0.06980009360165809
0.9906864130768758 0.006498309436973457 0.2338871417272419 0.04706626055973795
0.9899655295084582 0.005616014965112479 0.23535447783081326 0.09773683156418987
0.9900433446234184 0.005996896016554579 0.24003126644827288 0.0700234614690489
0.9901919227310705 0.004937859652867948 0.24296314911271605 0.10101462250074604
0.9912567477888273 0.0038254144630491265 0.2410258219551301 0.11762646595483985
0.9848103271734361 0.003906241695914762 0.2592265845554251 0.1377952755905512
0.9844324332279797 0.004431184182722482 0.25282454421861933 0.11229546517064048
0.9800444764450245 0.0032204880310893564 0.2643792365612965 0.1191702999075175
0.9914832381682841 0.004801121833837795 0.26034030777256534 0.2789929189614477
0.9922334491425566 0.004292998183406187 0.2722144469647003 0.24605283726746913
0.9884555620653641 0.005066062925944418 0.26753627532501917 0.3231312536786345
0.9881110305573123 0.004811416014248827 0.2796386449867779 0.19572394277629304
0.9848381502517519 0.005407339584714636 0.27678056571133564 0.2867741935483871
0.9865711751031219 0.005928945638827779 0.28123164568510084 0.2993840424008022
0.989245953699861 0.006533297096218034 0.28315495349992226 0.1934642006127312
0.9947256159681009 0.0070420366037202775 0.28463059355203163 0.14342781053832984
0.9838082580300535 0.006901024469806541 0.2852300917106966 0.277823352474706
0.9880468183108811 0.006970551549533294 0.294692629252465 0.3782972674143105
0.9875351117023201 0.008391218796507673 0.3005039814846287 0.2591060707138092
0.9871189441138466 0.008653741440845705 0.30055541678184017 0.12937034962797023
0.9911987159220799 0.007636776191944622 0.3129087831329487 0.13378656520925591
0.9841427346557355 0.00916805559087263 0.3116952556661346 0.2436235708003518
0.9873474360182845 0.008450104119235547 0.3163176893583469 0.21186521120075938
0.991095321858204 0.0093645604020673 0.32527146614878216 0.19649805447470817
0.9897446083525755 0.008710406438403718 0.315614378015079 0.1254657587048696
0.9872325277206262 0.008633607617172096 0.32015030796180144 0.12555288765322886
0.9872992821536091 0.008708977958820223 0.3360888484014459 0.15625738363392927
0.9812158846037484 0.007867304959044035 0.35311858321399037 0.16109689798528942
0.994921118845586 0.008450984416294082 0.3541456108668661 0.1342634789315011
0.9862012274811699 0.008428559747334852 0.3570744498916885 0.1416671885764389
0.9901048490518255 0.00874690417836056 0.36059511887420664 0.13363240891789016
0.9867100266492856 0.007811826037562063 0.37726190901386775 0.12717954759660696
0.989330446163331 0.00801106157289309 0.3531638132786933 0.16581614317544743
0.9917830577155775 0.007200520581659805 0.3684872087362769 0.10455133482300365
0.9842966312372327 0.007510044929773576 0.3757285680321038 0.14771892136355927
0.9892653098454238 0.008136437793518997 0.3770222626937043 0.1322675222658627
0.9885904612575231 0.008164448765230443 0.38512168805652935 0.12818037255792822
0.9877027903958469 0.008304446787850946 0.38158489452908795 0.11427064562914781
0.9849463421527569 0.008707785463074564 0.37939148850870236 0.12123974475843209
0.984776193496787 0.010034845052135087 0.39268877730008056 0.16591494845360824
0.9845468885340868 0.009454837522171279 0.3985523359745381 0.15308030803080308
0.9877101198405349 0.011402694293765983 0.4127533659527414 0.1643699565487275
0.9919890278485833 0.012372934343844727 0.42223308955920597 0.2345433449361843
0.9863763200307907 0.01413680484120842 0.41865153042278924 0.16082073163079627
0.9844146621177442 0.015288651263445993 0.43158083278978 0.2200412434125105
0.9913859685353879 0.015892295205684262 0.4271572536469354 0.13608699180394385
0.9915752172060672 0.016441727544235903 0.4375927389050546 0.10273693450794745
0.9920853016792617 0.016705016314255697 0.4380249306273289 0.0827431979127842
0.9923753886831491 0.0169996989974299 0.44326555147629143 0.07002353114199573
0.9919851998362316 0.018940534232928536 0.4385720349142372 0.06520356234096693
0.9904458337771732 0.017717859336435132 0.44071666959423855 0.04875522464448046
0.992924838752139 0.017954103818564916 0.4560756943119302 0.05386300690339382
0.9847653134482883 0.01913477399514253 0.4679350701299372 0.06826440274841437
0.9935803528389879 0.018175687452455378 0.4566619096622203 0.05525171593426126
0.990265046961404 0.02229109186269886 0.555997892489533 0.06330218631035676
0.9907126637967737 0.018584414163154178 0.4796530209717023 0.07577171506468316
0.9923873783634167 0.019553124386185325 0.5502602817735195 0.13412247474747474
0.9861077350129899 0.016380093981233364 0.44830840895332075 0.1675788376335679
0.9883971279053299 0.017474149280658373 0.4817434384231093 0.16915817289543225
0.9903556697949668 0.017996261142357407 0.49907910085513785 0.18253659296169417
0.9920242516578094 0.017461022626987892 0.4625932375352329 0.12566392007120095
0.9922262284378128 0.017121500387279196 0.46174251937608174 0.12147391155477125
0.9872833651952335 0.01854612504202816 0.4699608907334983 0.12985816394907304
0.9924860245128053 0.01922509451941106 0.47787498232826064 0.1849965535727962
0.9927684278907573 0.018756068500157742 0.47644887312086975 0.19896640826873385
0.9927972376537436 0.018887502211511333 0.4977550667422284 0.2621799114188261
0.9969305451650072 0.02018345236868296 0.4783858280008742 0.2779336262107659
0.9907369162811016 0.01901669906371986 0.48819118097844844 0.20260789995424736
0.9888373549941802 0.01999379713414742 0.48383808042828946 0.16099353405303785
0.9898214437708655 0.019439591485892818 0.5034651509902512 0.1909992154625205
0.9864122747166797 0.02021768089982625 0.5273232481643223 0.18304172274562583
0.9835636316999486 0.0215389879008429 0.5255709086586308 0.20583252225947155
0.99518991421212 0.023703633109903956 0.5466428184943218 0.2235248647255862
0.9913567480232015 0.02364163551593439 0.568412454276675 0.2781011014381223
0.9845471012522552 0.023003965949980616 0.5607544952291649 0.448028943996382
0.9814308586301497 0.024812048405154066 0.5728796721913494 0.33740186808778866
0.9836746937920451 0.02698349888685902 0.5728120855298543 0.35928860514165195
0.9888657740483432 0.02965319561406391 0.5977254760572525 0.4173108779679735
0.9873974002184098 0.028749391689451845 0.6023436687734806 0.39123894337806125
0.9839570912353027 0.02702643343323157 0.6112722713342444 0.4757997741814076
0.9899655303507106 0.028498803889903834 0.6276759252054492 0.44494186823466525
0.9862687662530436 0.029404492945138326 0.6361934997335201 0.44465787904881765
0.9777850726213027 0.028745372089621104 0.6535567519935481 0.5251927419982867
0.978772833627782 0.03312444882018356 0.6634524773319151 0.39183166920516727
0.9867169527943905 0.02677703586592968 0.6816341033987648 0.4409494403705133
0.9858197916680218 0.02943812964146117 0.6821658377205345 0.4364027230383375
0.9947918504087732 0.031665861594891424 0.7119934613713498 0.3980609572630523
0.9838994205603364 0.03603641873044192 0.7268760874369562 0.496459264352011
0.9905797618661389 0.04064135831170974 0.7427393826732541 0.40557928312699354
0.9887124965468811 0.045833706761202006 0.7659588439158065 0.41418463057429655
0.9822487630970896 0.0458476231672108 0.7701661141250132 0.4308462750393878
0.991419631707753 0.055644660392637844 0.8021949510139194 0.3385494625119064
0.9897885966278621 0.05270878908763351 0.8149984889392661 0.3436706322684133
0.9830876150427437 0.06718536431500367 0.8366393422941164 0.2850880424371915
0.9917903028930247 0.08738272539862847 0.8704710173139274 0.40701771800089337
0.9941028530711059 0.1373160718640761 0.9187316775500447 0.35254929827678094
0.9942799515047329 0.12138452433227057 0.9163604405218616 0.4508800184056137
0.990196574889921 0.12590172199813837 0.9177240225406208 0.5665500925735445
0.9916979514829961 0.13168116528424034 0.9235431063449967 0.6738750727771771
0.9974394265852856 0.13262397480885393 0.9272993148550852 0.654685292732695
0.9893988655851417 0.13492944516790129 0.9266600499455722 0.6992340286831812
0.9921291973413537 0.14196541627097184 0.9232934609570173 0.7349297414151492
0.9897838861826336 0.15956327719274935 0.9317144372614627 0.7303492539801617
0.9904287100183193 0.15057861025889446 0.9297393996924329 0.7297139032959679
0.9917353082184355 0.17612526585355268 0.931693021287781 0.7122061342052001
0.9906339658457736 0.16664238438163426 0.9283431137067522 0.7793649498000164
0.9929981817217214 0.17576624576185274 0.9348613260106778 0.7799138481174218
0.9859721777715748 0.1803096737326784 0.9293938044144966 0.7239442783166801
0.9922948130522959 0.18849159083329364 0.9378347792683034 0.7300622482607103
0.9945139058343926 0.20347033500877804 0.9405712585968253 0.7147874956094135
0.9895724851981542 0.2163036160800154 0.9396016976820111 0.7551079344451664
0.9887120734535128 0.20443703394933074 0.9384486594673621 0.7890421170331718
0.9943276324286245 0.22215782750626864 0.9389541907245965 0.6117977528089887
0.9915065619483743 0.2239289010252715 0.9435124364128716 0.622566752799311
0.9977793918761938 0.2246459128921545 0.9391086347413158 0.5236679518743903
0.9925609837640036 0.22573691536405405 0.9432458161338837 0.7555789612270424
0.9936260125565493 0.23139225181598064 0.9440920162772823 0.8095859369635378
0.9888257566610805 0.2486072931617486 0.9405907056489158 0.7753017641597029
0.9924534791565696 0.22510368197450942 0.9443311042042025 0.8008663868958982
0.9923692343032708 0.24007266075557024 0.9435178002767934 0.7256674501295727
0.9899356384913681 0.23016534305428982 0.9404268089904045 0.6105308547336145
0.9937945795955152 0.2293111299030768 0.9443805467848896 0.7381035893838419
0.9920154629042149 0.23259083463388838 0.9436307233173643 0.769421678402401
0.9860562452697099 0.23697342157789683 0.9432577709281549 0.8224421209858103
0.9890628854853476 0.2689010027592705 0.9479662759613408 0.8155368570751362
0.9926304902788925 0.25018982030344605 0.9470291516756942 0.7517147494633227
0.9880093030663581 0.28367341130937135 0.9471841481008283 0.7176850763807285
0.9893045821851059 0.2831186092525185 0.9530544827398674 0.8311557225368699
0.9935463736488958 0.2753916949709653 0.9511498178789166 0.8421673217293655
0.9976724786643878 0.29063400996010136 0.9566579721082991 0.8430558550787147
0.9926585378593109 0.3100075471698113 0.9542131761491932 0.7839936293051961
0.9887016857562817 0.27963753895879023 0.9509447526945309 0.8192227795510969
0.9921319605786891 0.28615922212093586 0.9552602329611249 0.8417356408327062
0.9899411911104556 0.2902092466498772 0.9539365325206298 0.8377522175650648
0.9916557247068111 0.28348375735086007 0.9546125322733359 0.8057206537890045
0.987949419182169 0.2829061173140431 0.9536414933238871 0.8702147971360382
0.9876802766986826 0.29455058181874527 0.9511550594576503 0.8426464619131376
0.991466731060018 0.2846973932262888 0.9570099376868434 0.8721020268731496
0.9911458847118254 0.27604004295264817 0.9574026238840471 0.8890025347978833
0.992119545271039 0.30102237816240535 0.9581180052424794 0.8710556572839927
0.9923423263322392 0.30329463980880844 0.9584609298918718 0.8842411606289636
0.9916636366565257 0.31587820919440457 0.9591849564992159 0.8906961873551275
0.9916303352009318 0.3305110754066398 0.9646722599667893 0.8906917164816396
0.9924544821547986 0.3085133026374092 0.9659899609779994 0.8833818111305022
0.988106173821243 0.30556162261978037 0.9630527279129434 0.8710975045388203
0.9884883444487543 0.3244910154082547 0.9657540715156646 0.8754474887463226
0.9801285102332222 0.32894889461108406 0.9599658312439374 0.901201508051161
0.9949974778149507 0.30483462838972614 0.9688888548792743 0.9108599275779214
0.9849585543748036 0.2575814301759641 0.9610942941299909 0.8808885984972231
0.989354723382075 0.27430582511709756 0.9659628435400078 0.8894850825871933
0.987878451258866 0.26085337701988237 0.9640675757913413 0.9024612857099394
0.9842191712007862 0.24147472330242298 0.9646979422648102 0.9089823933154282
0.9916842647810246 0.21573384162190262 0.9591422579409588 0.8761931110803707
0.9923454519263798 0.2701510177281681 0.9674434073504576 0.870620447658036
0.991484314142058 0.22309386182218552 0.968402659010265 0.9215823843704464
0.989305557243441 0.2609447801817595 0.9612314946253975 0.9154962126075235
0.9830494070382818 0.25186090736212985 0.9620315837050991 0.9093822988619987
0.9881439927271921 0.37064153678869155 0.9739381346310655 0.9366838529369248
0.9880120492673224 0.24906385494678754 0.9617486762972028 0.9003386229334042
0.9904238948981097 0.2955582889162225 0.9680883506329843 0.9249297382750746
0.9862387147337206 0.26754168730394584 0.964482613105002 0.9296598047142235
0.9898586259784401 0.2481954333415173 0.9646000812465494 0.9163817831741915
0.9827135531407639 0.2893314712490133 0.9668401922516896 0.9342743884752973
0.9879147507292417 0.23796770984773127 0.9661084863045326 0.9384276158535455
0.9873626596198433 0.27009185847507944 0.9711374692086361 0.9262660626465248
0.993165497496182 0.19137382888332444 0.9695233245598952 0.9073128821953808
0.9900471527374581 0.23828983516483518 0.970682237499024 0.9108802281666745
0.9902762726570947 0.22536922191675723 0.9712557982709122 0.9225845965395805
0.9900827762255335 0.2273458797254245 0.9712616976420417 0.944755214431291
0.9890744447406996 0.26101954771943275 0.9730310754308911 0.9185264194289465
0.9905509409997681 0.2507765501513781 0.9747909321698254 0.9251853949943352
0.9932782521677732 0.17462906114095678 0.9722877301189832 0.9367091820546989
0.9909533431300515 0.13228900696984336 0.9693882417030851 0.9251560227112758
0.989022415757503 0.1298813583745617 0.9734729499543391 0.9322204968944099
0.9918321848140368 0.10182782678890619 0.9750018512626425 0.9101145468330567
0.9870055429659116 0.13491668739119622 0.9675101216231924 0.9037019090997189
0.9888517223405816 0.20463343457804775 0.973514471606196 0.9074044011544011
0.9926795200528457 0.14187511934313538 0.9741865889212828 0.9237074401008827
0.9923637389713849 0.12149532710280374 0.9698462018029432 0.9093958646555765
0.9907643844116173 0.11393181944986888 0.971919563223293 0.9256544813950377
0.9882319270219502 0.17551231867372782 0.9726120464896991 0.9411842841163311
0.9877662993055399 0.15264827922870394 0.9700842539173329 0.9493063317772371
0.9862344654571118 0.13241776873516448 0.968532221328287 0.9416182155977368
0.9934927635474579 0.15138309096747557 0.9727163416841244 0.9597678547350442
0.9894610754584009 0.1311033510996753 0.9706659600459903 0.9483800945367497
0.9882361412159629 0.09263780033406141 0.9619289711422406 0.9193937798167594
0.9892980501739471 0.07402121687835973 0.9632692238071943 0.9483656048303144
0.9846668462922425 0.048010913571554306 0.955755852525827 0.9497534830581903
0.984718086567807 0.03817227809357236 0.9463447559810383 0.9295822925716768
0.9947555765907673 0.06921172886519421 0.9556662916259347 0.9410840486882818
0.9898462182518358 0.07559824930370034 0.9353889007558154 0.9100257264304957
0.9930795130416119 0.08419689119170984 0.9370078192956264 0.9220634315111236
0.9951405010537427 0.04907539118065434 0.9379753329786006 0.9315970752234323
0.9867458169649352 0.00020663291662361815 0.7467752209890232 0.8311001850411365
