0.9837304278337984 0.0010563855727913202 0.18126683013069092 0.04480125757916012
0.9798572913382149 0.0005715669944585029 0.188874214151913 0.02592087312414734
0.9841394970821837 0.00012225927048600585 0.1950271378023984 0.04251905334937826
0.9801407093854911 0.003134654008404785 0.19567825790043047 0.13376683697166744
0.9797748935212113 0.001807155482416042 0.20340688125222817 0.10889005786428195
0.9806214728480623 0.0018218164987641192 0.1807338591118646 0.16445623342175067
0.9844859390747035 0.002513348805108423 0.18364059198281188 0.10124858115777526
0.970649054592354 0.0012161665574611964 0.17480525529374252 0.10642709053213545
0.9828154613069168 0.002143601986507689 0.18787767141938275 0.16924829157175397
0.9773422846509158 0.0016928939576707973 0.19904896637823674 0.2900826446280992
0.9846603486015802 0.002831447152930069 0.19097137396908254 0.21981499513145084
0.9766815007556409 0.002285630598745393 0.19677608715889602 0.19528277960943444
0.9849035711902402 0.002400227818233595 0.19384635785893098 0.15498423478049964
0.9750872174885052 0.0022376106108256987 0.1964721555351074 0.23748338502436864
0.9851922661815042 0.0029192651803759194 0.2056968845814243 0.2010768275005177
0.975692711465376 0.0028127944187929708 0.18836161864741252 0.11569562512958739
0.9836517146560392 0.0052106385348701725 0.19745546516935428 0.08486187845303868
0.984850652340383 0.005352334831142692 0.19638325796160563 0.14914376742333732
0.9841863445672018 0.004231711596136465 0.20650777973765672 0.19540444610498786
0.9793715419887827 0.0028023241554261205 0.20679973765102846 0.22564203097431876
0.9801730056618325 0.0031604377912984524 0.20995310869620543 0.09958707796939519
0.9857724955966664 0.005933247670275595 0.20034638049231274 0.05146849158825207
0.9845286969779016 0.003935794168067472 0.21855045470191048 0.19272609189803538
0.9887081114409629 0.004983461548099331 0.22253329419847181 0.14681474249450818
0.9902320922658737 0.006476577006793196 0.22175300566271958 0.12023070097604259
0.9909370502762175 0.005003253937264089 0.21908540242827412 0.13690476190476192
0.9824806283956637 0.005635724670513523 0.22279712052341208 0.20653165480751687
0.9860559000054806 0.008735543773864792 0.23270218145697072 0.11830523646128599
0.986391757413695 0.006967321706873854 0.22673587796081332 0.052119006849315065
0.9886567065285168 0.006943426721881896 0.23371771628256438 0.05642354084028171
0.986511366220956 0.007056187741793201 0.22893223415362976 0.08361204013377926
0.9869747467110237 0.008067774653390017 0.23094636266924795 0.07099241349534324
0.986539692154382 0.0065772492672391365 0.22958810435066546 0.05275412937495452
0.9896116587094739 0.007563059774393567 0.2355992167909253 0.08274709201086577
0.9889862860148816 0.00741385803050273 0.23331803651624797 0.04374797712806128
0.9885929646391718 0.006362958135035315 0.23540789765607667 0.1457685664939551
0.9890589577488237 0.0069848432520520235 0.2382765852668478 0.06410383434063212
0.9892971212735642 0.00564481471317693 0.24210136509990723 0.1463504320647178
0.9903783387323514 0.005200171923628624 0.23917712050260045 0.10489234213472048
0.984525005853887 0.004078548406097339 0.25765113072836254 0.20835413546347145
0.9834671821111967 0.0061239124902999495 0.25243484472884975 0.18032786885245902
0.9783909162609674 0.0038325673182066705 0.26331279066890956 0.139752538071066
0.9905446005284231 0.00637213699256095 0.26067008422389065 0.32378960913623933
0.9908785842713109 0.005057747727659412 0.27172574374816777 0.35038267687138325
0.9870608733751264 0.006840141536057871 0.2679716025730316 0.3709323218207227
0.9872910825462572 0.006188028280253967 0.28057263242011204 0.2943113224803366
0.9836289433473241 0.004234290393690192 0.27538055394920724 0.43927973199329984
0.9847373028865082 0.005811274167839914 0.28122667124211337 0.41832963784183297
0.9877753700067936 0.007050008442170073 0.282938847804531 0.321084864391951
0.9926352060620598 0.008160867149242615 0.2843219814523594 0.23360200111172874
0.9829348235461772 0.008236485622934568 0.28542413999351657 0.3819614711033275
0.9863418733957412 0.007858249850813476 0.29481578324212604 0.4375843454790823
0.9861944830358157 0.008228534908028147 0.30026320398965084 0.3057920446615492
0.9857985438113207 0.007923509213265487 0.2995711236248834 0.21622894829819808
0.9889294226372878 0.008622406514809472 0.31429133037964235 0.2621683967704729
0.9831355921995639 0.010243781180809675 0.3122638601713253 0.42120387174833634
0.9860187005994884 0.008833736214106365 0.3161961975954215 0.3071740486587648
0.9898209889849453 0.01084486467948969 0.3262209937433222 0.31354081354081353
0.9884854575549775 0.009449637899498684 0.3174221804899156 0.2746227709190672
0.9855673579892431 0.009576341870863973 0.32126100556070436 0.2653083700440529
0.9859719508954173 0.00815276429280723 0.3360037878635371 0.2915485699561969
0.9798214438888232 0.007160992205550055 0.3523407712479287 0.24583200594669216
0.9941326854767354 0.008599957189085735 0.3543923101354023 0.2536856430029485
0.9844567541481751 0.007273952789518767 0.3561095669413777 0.24767478315393457
0.9886902159960589 0.010875714769914002 0.363065296005851 0.2144605535680663
0.9856306496832363 0.010096852782443027 0.38178744399852177 0.3384355947593722
0.9883641237834373 0.010727152276097038 0.35463179270203465 0.355342432066888
0.9905144253430167 0.010605652481547403 0.3687404927035528 0.1938802196844216
0.9831539756570291 0.009754264064659521 0.3762735112064196 0.24601754834312975
0.9877016604298378 0.009951571451657466 0.3746554183934045 0.15611200861604738
0.9872331474438806 0.010678939137918368 0.38273684277491765 0.14061464757147954
0.9869353630995521 0.009160281457665967 0.38090477875209644 0.1548809401092671
0.9837146189977748 0.010329876590776263 0.37954395620485326 0.17916482405711037
0.9836310505217895 0.011315664642920555 0.3926147575095377 0.2220263022555286
0.9835553467650758 0.010365976137231009 0.3951365907289186 0.15235228431324951
0.987512001876767 0.012541445015600434 0.40789562999130197 0.17157836644591612
0.9906606035113431 0.012865621142655615 0.4198721785852749 0.2377957472297095
0.9852637099461237 0.015276108282971523 0.4133311069449863 0.1411932602891078
0.9836002634707837 0.015842544992601435 0.4236627880711193 0.1497411561691113
0.9905790690816533 0.016270052676111712 0.42404694752430405 0.1368904358129374
0.9902882432318562 0.014688682035053338 0.4337990269685867 0.1094475532801524
0.9906381100101752 0.015537673826035745 0.43617654726691624 0.09375942816031933
0.9913067453434884 0.017997232620486022 0.44583245277661715 0.08554627050448778
0.9904542921664663 0.017901266164419897 0.4376890675779377 0.06874641857956652
0.9891488838684755 0.01711614725366659 0.4505727959526625 0.06142668428005284
0.9920228804384242 0.01704399205837846 0.4661652191476469 0.06980170159234614
0.9837392089553813 0.01890716926552473 0.4687127052220753 0.07278742762613731
0.992479563647335 0.017520037687315904 0.4495984933184693 0.05065567089396591
0.989212491889645 0.0196113680893611 0.5448375467557306 0.05581907183242894
0.9892947066037657 0.01638287898038527 0.4734640919597816 0.07232173031429537
0.9914852607172153 0.01716838350501717 0.5432906650917506 0.11942615491676034
0.9848211765989285 0.014943571334504276 0.4370116131232072 0.11118637733292845
0.9869915486721977 0.015653844017110976 0.4660922761481822 0.10651156450220385
0.9892813289478246 0.01627107877107877 0.4852928290231583 0.1065379100197168
0.9902952166965048 0.015729426246734922 0.45588903005770776 0.10161616610719605
0.9909480458307884 0.014599825687203364 0.45695458644400627 0.1129162160296385
0.9855028965277828 0.01637976981692566 0.46389993543655345 0.10889197638068773
0.9912479756339391 0.017097131821208193 0.47059165726990554 0.15114754098360655
0.990787967484387 0.016661329443544693 0.4671647873065193 0.1593116680657153
0.9909361146949598 0.016252621647637806 0.48604923835609476 0.17115663816744636
0.995642979326406 0.019899502127692318 0.46765795746512706 0.16463063445390888
0.9891073658299102 0.01913734703492888 0.47652074887185875 0.13051315947602452
0.987491960728008 0.01887347679126774 0.47583758247928115 0.12710478631723163
0.9879547840396455 0.018148354657732294 0.4929905185290332 0.14750161882149795
0.9850835712391753 0.017381406935931508 0.5198778911259871 0.17421809223861048
0.981616001121019 0.01882945405305382 0.5200877762314322 0.1822125813449024
0.9942365296474069 0.020342669119178668 0.5397742300737304 0.20090490855860993
0.989891359568093 0.020481374802256515 0.560510992672612 0.19553146922897896
0.9832336212115537 0.020804935530542235 0.5534875374792594 0.30154054184575263
0.979684193789063 0.022452617751923438 0.564794611591286 0.21692558700432715
0.9815499115551054 0.02335617566449717 0.5655690019462177 0.23918012800975313
0.9867380162308611 0.026159462887905695 0.5916613555024828 0.3041538614057698
0.9858510033268072 0.026076264128960115 0.5957961504100098 0.26257228315054837
0.9822787967977099 0.023183320478133505 0.6068677386116132 0.3482326834680615
0.9881275867988225 0.024492691512334762 0.6218533035360548 0.2989846619140203
0.9841802352323592 0.02534896419917409 0.6307793316162287 0.3358262967430639
0.9757730352234292 0.024575261174106307 0.6495717399286474 0.4313946922642575
0.9766452043736511 0.028893647928144216 0.6564439445913904 0.28681856813306894
0.9849165782621275 0.022351781260524298 0.6757656650467346 0.32633007346404
0.9851620109986252 0.024390362547610824 0.6773712221939187 0.3393020699761861
0.9920038563332959 0.027314923119457265 0.7075930018890476 0.33905378159141
0.9817069461575397 0.031213502511594153 0.7211579608292226 0.37182495154544526
0.9882814781169905 0.03551125699339025 0.7358560809126992 0.3001592356687898
0.986408265798503 0.04118118590905614 0.759293138089718 0.30349432272509197
0.9798882467021256 0.039966273187183814 0.7648646444444275 0.3451942923808669
0.9891750283581591 0.04939546321547362 0.7993023859258619 0.32521310198606723
0.9878403582658117 0.046360351058337634 0.8133135370884336 0.35385957661753226
0.9815818298563461 0.060321176978966724 0.8372203613311029 0.362279323412515
0.9908061487027405 0.07762185491940637 0.8689043688705835 0.4335026433088007
0.992724038016623 0.1232275386138816 0.9229109183766359 0.5291680368299901
0.9932724804157144 0.11205174545800438 0.9165364176305095 0.5351046164065094
0.9893648324349095 0.1142645943159492 0.916496891502325 0.5713401210787011
0.9905259679937175 0.12204033166553338 0.9167003639304488 0.43802698145025293
0.9960727042133759 0.12562902524384437 0.9252285105451291 0.6107813700160604
0.9879464360614638 0.12217303580570361 0.9202657116820413 0.7110526735198024
0.9910526865343833 0.1261002571176548 0.9169416725858671 0.720003195398626
0.9892404367159521 0.14321214812934882 0.9266549699871061 0.7116702959916122
0.9889820359281437 0.13625436056920134 0.9235814327423518 0.7148133279807306
0.9901669557675629 0.15859828075515156 0.9246714996828383 0.6562123039806996
0.9901122268874659 0.1564191394286288 0.9214344122603059 0.6013371301225703
0.9918648212298384 0.16202446390162295 0.9261776663846261 0.5387826270738666
0.9848692134517806 0.16021408142664872 0.9173148403221105 0.4498034076015727
0.9910765670529651 0.16870920626226665 0.92433893363298 0.40766977995884124
0.9937400062891325 0.1837717211536283 0.929120430379059 0.46780385655701945
0.9885770546847502 0.20284548592949053 0.9259029827124811 0.40684166855246284
0.9872338513077711 0.19051492351838045 0.9233297355854438 0.39299738219895286
0.9929934778673164 0.2010362813884786 0.9137704312553033 0.24857325430227178
0.9897705967700083 0.210343356257216 0.916041135652519 0.22718964986138207
0.9960802251332784 0.20869368403497487 0.9113238914389555 0.21818352764197066
0.9908334731411037 0.2167061742345153 0.9106923954770406 0.22161563860123068
0.9924120350963065 0.2207761643642183 0.935389630703923 0.5694431357768774
0.9878266875814341 0.2361219517964001 0.931273619104447 0.49743157894736845
0.9912669900402072 0.21106600623192184 0.9304792231535378 0.41337103058304314
0.9910902615014829 0.22833091871908878 0.9254666513714775 0.3398357289527721
0.9886350937842522 0.21591792710763288 0.9184853154944504 0.2944579850117309
0.9929514582678659 0.21739854691764585 0.9137906073762239 0.24690701077557536
0.9911820481520676 0.22478859503920134 0.924632579841694 0.3448249542031345
0.9856131686472589 0.2239059623282821 0.9174184247688272 0.29826751990010925
0.9884630629766864 0.24851778012326858 0.9300514091090566 0.40465413184772514
0.9920654048375057 0.23338563481463231 0.924775048248017 0.3399286945434798
0.9876157763883505 0.26754220865225087 0.9207022869449287 0.2944102839631465
0.9886226400138021 0.26690177944275345 0.9312371887098408 0.3608581016299137
0.9925262768095656 0.2583977614810296 0.9318986807649826 0.40036750229688933
0.9969031758200342 0.2785631418381816 0.9381289956371682 0.40832069116247977
0.9915198857865811 0.290071518721077 0.942447771481021 0.5105146826649827
0.987891928764587 0.2685642491985097 0.9377729907878017 0.4869951986803735
0.9914403343680946 0.27396719319562574 0.9386312088109076 0.4388867413993042
0.989385825029727 0.2766808923072113 0.9388900439957085 0.4657350894100011
0.9906211772666543 0.2730334301427424 0.9389159129022902 0.4561568136794912
0.9869102599502074 0.2746226977503059 0.9377768693635445 0.4839657088426734
0.9865736961425139 0.27973140401058477 0.9314104760352461 0.43157173838602897
0.9905645840137259 0.26201743065181715 0.9426287471688799 0.5408924032759107
0.9904438872307576 0.2775164296914918 0.9446905167518456 0.5318139658142308
0.9915197474962955 0.2861635220125786 0.9506423598470488 0.6270582864099833
0.9914628986932938 0.27319962589629015 0.9409164313186652 0.477962046398161
0.9911797095345442 0.27912345322764076 0.9454383993256938 0.5650813674782389
0.9912293726239024 0.3264735723720734 0.9555054793751409 0.6038581856100105
0.9921075006894016 0.33501307244665596 0.9520272836335925 0.49810647281591436
0.9879119422698127 0.32164657661032636 0.9557664539959705 0.6125591826563668
0.987870673602477 0.32887317433906454 0.9519694455907495 0.532625937834941
0.9796287040909188 0.3251783642333424 0.9494268403173856 0.6110189180219051
0.9948864208453018 0.28244074586294055 0.9583725948600932 0.6289424860853432
0.9845380542376067 0.26745300601735983 0.9530759802257202 0.6212746654570197
0.9888649785363746 0.2667986985429339 0.9606540113194924 0.7083558228596396
0.9869376084459542 0.26298167839538705 0.9590696457922173 0.6921325869317786
0.9832673641444147 0.26592666942197557 0.9594311942221905 0.743989713980738
0.9906798208993772 0.15704004860040188 0.9550226709911465 0.7906701805374252
0.9913416747554528 0.24675824501154597 0.9641810743265538 0.7867958668634827
0.9903468452419153 0.1957162320585533 0.964415321365275 0.8113666414809217
0.9885001215281614 0.24028576882174896 0.9591405856533334 0.7971631205673759
0.9825505355694254 0.2452060383516932 0.9634689404676161 0.8580761064837498
0.9874777973163857 0.33711563447379816 0.9682712857248815 0.7861385739886837
0.9881076765421829 0.24848522319772473 0.9611738168418696 0.7855416139058363
0.9910864607674765 0.27906976744186046 0.9629871115911605 0.7603211009174312
0.9863740530109076 0.27967275421135696 0.9615412404828511 0.7993602843180808
0.98926976894044 0.23202369995398067 0.9650481213545069 0.8683703346799599
0.982237833345328 0.28941262264651285 0.966613348453674 0.8976072151665746
0.9879277262551966 0.22688192586931602 0.968126405709162 0.9061840869210727
0.987315325537159 0.2507885835898605 0.96934897602379 0.8722658948130119
0.9924638567194068 0.19103194103194104 0.9717955912815984 0.8767714506570472
0.9899772547228041 0.20759673115410274 0.9658930338583336 0.7979096453765231
0.9897056008011664 0.212507951653944 0.9641682630384895 0.7768572887413837
0.9905220291547513 0.1713412940849764 0.9695791802846064 0.8799378457664127
0.9881272914577833 0.1462352209085252 0.9691088346759881 0.8735379644588045
0.9907484200469385 0.19771595074725068 0.9749569410396045 0.9126600643411342
0.9926074748195682 0.1282717118008326 0.9703148997502745 0.8744316977220796
0.9899983925988105 0.06259355014287658 0.9659425198374298 0.8498369768560586
0.9893744279004569 0.0162392138063279 0.9719480616045104 0.894076352987197
0.9922315672040918 0.05368480270031343 0.9712150517868792 0.8364984609644622
0.9866999253075516 0.03872063733817585 0.9606778841283483 0.8070640480575589
0.9883276211297132 0.09628354139761802 0.9668386255273574 0.8467704344930914
0.9923781813781045 0.0527409194477952 0.9692765113974232 0.8624260954898987
0.9924138174376346 0.06306750193566552 0.9714801570900523 0.8843893236880671
0.9899835194099145 0.03554193795480659 0.9735450182577825 0.9209912858035812
0.9872783331729429 0.06529509889586146 0.9742410562900868 0.9429197080291971
0.9876922230062102 0.030634739642721398 0.9731362995730495 0.944188215784837
0.9849299490765447 0.07112583802111427 0.9686911838352168 0.9305248293716168
0.9930609387581822 0.028165637921735483 0.9708966463263733 0.9391128021193323
0.9885706387816319 0.02334194659776055 0.9692216687925189 0.9320490868988113
0.9872895349097058 0.001287995878413189 0.9603670519755688 0.9063098097858074
0.9896358923707165 0.012486932280171913 0.960890325110264 0.929844991543871
0.9842295544954712 0.003340989768218835 0.9530720218454887 0.9331707298852936
0.9837957720244703 0.0022703818369453044 0.9453620937252718 0.9222039778595832
0.9940726202642911 0.019194286351969646 0.947897894660099 0.9178054394397064
0.9888458271005272 0.020332588038010063 0.9295113877175795 0.8956772633546454
0.9923446925071406 0.0156329220888964 0.9348636942792989 0.9159161657246183
0.9946932470565341 0.007256468518654255 0.9345361039517622 0.9221491642418975
0.9872265153738302 0.0 0.775754784515341 0.8614453760132301
