0.9855194177524098 0.00022140411910945903 0.17972574568414965 0.0
0.9813265942463956 6.112720571509311e-05 0.1885945557575246 0.0
0.9853419759904659 4.2492917847025494e-05 0.19479379513624745 0.0
0.9811707419603447 0.0007310597543034211 0.19405463993114222 0.0
0.9811962183701278 0.00046423746203309597 0.20160424961736448 0.0
0.9817049856884542 0.0006037303245961507 0.17975514155135203 0.0
0.9858728255424861 0.0005151923075043087 0.18170466563658594 0.0
0.9716023134096617 0.0004087957267220033 0.1738757394137826 0.0
0.9837920481803726 0.00017808559916609483 0.1865500574235602 0.0
0.9784336163209317 0.00043319615455105886 0.19811508615354098 0.0
0.9856773173716388 0.0006620433328655152 0.19009989010853326 0.0
0.9774947647230252 0.001030721162543945 0.1966469729681122 0.0
0.9857689945490652 0.0009777135677904061 0.19444457280340594 0.0
0.9762878560572151 0.0019075713650929121 0.1975616035165781 0.0
0.9856435136825047 0.0007398205713463848 0.20445594176973136 0.0
0.9765529800881104 0.0013023636390202564 0.18822428967335217 0.0
0.9844003246399283 0.0021816653279997157 0.19689294947533428 0.0
0.9853170820255069 0.003322084575851786 0.19675611913889707 0.0012324929971988796
0.9854824864484875 0.001130371906436583 0.2060839668827005 0.00044752741105392703
0.9794575135147937 0.001985458299775694 0.20967646246858637 0.00021235931195582927
0.9806355289608878 0.0008308372227414955 0.21176494862050277 0.01164323374340949
0.9855409258579191 0.0016344729636852593 0.20016318519601803 0.0
0.9846182092420892 0.0011128517164199342 0.21803748081255428 0.0
0.9885052514286846 0.0018701629429202396 0.2225449802173683 0.01693078694297711
0.9904743112823757 0.0018199772345770544 0.22003554745908213 0.007404133053376063
0.991073988062286 0.0013327470360478828 0.22065972039828577 0.0
0.9822298278677064 0.0016500048529554498 0.2247553854667512 0.0
0.986517624340574 0.002352210707220757 0.2336880206187233 0.002707428506965988
0.986404027775986 0.0023836129749814894 0.22771640759903264 0.0
0.98882711309309 0.003143918207756747 0.23523614640324458 0.00839927807857837
0.9863653231502209 0.002434074566501436 0.22680369963706093 0.004707879910473103
0.9875770836635263 0.0023365689524794623 0.23061305851201586 0.0008589425462874594
0.9862624412285522 0.0030063985739560745 0.23039719447090531 0.0016627407510045726
0.9899012964054213 0.002681619475724856 0.2364858695779407 0.0002623638987275351
0.9896197428901506 0.0026627597830040316 0.23330711523637024 0.0
0.9890409984186552 0.001883913573925651 0.23455499509335134 0.0025559883154819864
0.9889598458613805 0.0024484204942017093 0.24025172037695283 0.007492578106592526
0.9891641947945498 0.0021018499393317884 0.24309055174937408 0.0
0.9905503165992388 0.0015307610321169231 0.24187037786584084 0.016745870106358904
0.9850505390588976 0.0015425703611297837 0.26016715485256786 0.007576320285226175
0.9834119299192366 0.0013107926136573008 0.252517520952171 0.02209452897377792
0.9791489575705389 0.0004035801952386101 0.2646777574719267 0.01265965864134735
0.9905895727018907 0.002126596521870565 0.2606540405109475 0.10390469887491727
0.9907632781827492 0.001131609701568375 0.2717187510730891 0.06586153630108131
0.986751373643869 0.0026923250382033265 0.2680094878401965 0.1256857855361596
0.9872181427540975 0.0027678958048548553 0.279574468727315 0.059225806451612906
0.9836701220227695 0.0021726938451937187 0.27590367060747834 0.15312682641729983
0.9849729323697775 0.0032313240379370787 0.2817423407910913 0.16870503597122302
0.9882147590097407 0.0038338372819943607 0.28305811182816815 0.10469848316685165
0.9927835264260144 0.0038016706502303444 0.28276170514370613 0.0377373417721519
0.9832577198887751 0.004108207165487618 0.2840240188290138 0.1529685681024447
0.9864466668769916 0.003932933140136618 0.2933220864713404 0.16772122013410143
0.9860870824314777 0.004835369561181875 0.2982104661781034 0.10055257870060282
0.9852652536315836 0.0047775089233787465 0.2982179325649039 0.06379498364231188
0.9898487280509752 0.003549555930596203 0.31139143231256067 0.073128763980499
0.983306552831466 0.005595897654495309 0.3098713297031829 0.16990888943609947
0.9868037762823596 0.005071504221757504 0.3134228970017813 0.13146691680496428
0.989903164223045 0.0049487628092976755 0.32243598107197297 0.11471387839002718
0.9884759581790903 0.00518835442199247 0.3132825752243006 0.059574234006270974
0.9857675999189665 0.004662756071109726 0.3176530473788712 0.08873094118995759
0.9858111471022593 0.0053576004257499905 0.3335976289064764 0.09628763159514868
0.9794769134112372 0.004431636279819628 0.35054734348355077 0.10517913021265726
0.9937199137478874 0.004437343348906945 0.3508230344337097 0.08129994672349494
0.9848007998485275 0.0042453005316867645 0.3551111642926275 0.07958937700012468
0.9887121879690727 0.005166644945423764 0.3551921212637454 0.0684353973256111
0.9851221637463394 0.004256609716775831 0.37306316174378074 0.056005118747412395
0.9882007206396464 0.005073903886413283 0.35099047217394885 0.09844884316080849
0.9905613034546802 0.004414389878397757 0.3665680919543196 0.06854766589161151
0.9832385439214522 0.004503833355551896 0.3753655334461097 0.08052713968473552
0.9874078838729701 0.00460206375019904 0.3750627701912445 0.0820997746453979
0.9866175846634676 0.004376787516823688 0.382948340100746 0.07755379388448472
0.9859576964035452 0.0044183949504057705 0.3790652236406082 0.07213773540304153
0.983242712400297 0.005281573134736801 0.3767275955572893 0.05419990614734866
0.9831501497684525 0.0063778049732278195 0.3887379287852621 0.10330019138309293
0.9830360629344163 0.005690832123136722 0.3954387113827072 0.1025237933378654
0.9880839447853949 0.007925641196474048 0.4091393363204581 0.07792849272388769
0.9902435966822924 0.008560981806532858 0.4153805845130249 0.09140389709350848
0.9845440996568162 0.01008337885388043 0.4124658688904619 0.06008092646853635
0.9831186683011436 0.010806223319169677 0.42439017056788175 0.10593134678364938
0.9905450195093296 0.011234736498124214 0.42115775163223174 0.08499246663796814
0.9897527315367579 0.011010823398848298 0.43234207030996374 0.06894702480880432
0.9898023745275379 0.011738100690636036 0.43378893823225084 0.06508863696497262
0.9905090585174572 0.012219533928195735 0.4425960104775338 0.058404210819854994
0.9898888465260873 0.01379896620426635 0.4377090729695447 0.05864282811865096
0.988535468759328 0.012800270300124103 0.44584011641749843 0.047115796580242265
0.9916905420545805 0.012128718156776495 0.45785750061601244 0.05129304799073637
0.9829169340897699 0.013669920855728735 0.47070719406599426 0.06852225831943103
0.9917523780564699 0.012540203955954923 0.45941967125979494 0.056474714995615315
0.9881089203116316 0.015151515151515152 0.5578252525025595 0.06448218601515875
0.9887749550572429 0.012863367258697533 0.4769522350852796 0.06894275878061397
0.9902038300369252 0.013360503036139918 0.5469230381331478 0.12367049009384776
0.9840622569200705 0.01129379293971005 0.44100142812274984 0.1366289049090285
0.9866416415642038 0.01238854684016467 0.47901673641834114 0.1507067701137209
0.9887803670771206 0.012447045815414087 0.49178322224599136 0.12617294644146096
0.9903268982155644 0.012826622608350534 0.45910236382454855 0.09125836195986259
0.990750433987517 0.01036389768214867 0.4641969404562738 0.07773074896910026
0.9852991341725218 0.01258861948190386 0.468501542234228 0.09727626459143969
0.9904388330473155 0.013628391892869846 0.47807469473139796 0.14449468254473669
0.9907928308452846 0.01301439871329341 0.4736627263005118 0.15922994504544982
0.9906230087470312 0.012435007903742171 0.4953876021418967 0.17557223816883785
0.9953165227015712 0.014030124862872709 0.47608959539188994 0.19532076654779168
0.9883646050691042 0.013900177537236602 0.48479683051751504 0.14591172952947698
0.9873040441652136 0.01425598938370063 0.4824714616684936 0.14009076375638183
0.9876391424004842 0.012846169062376369 0.5011501329500365 0.1430703804883544
0.9858763715609863 0.01305344612715899 0.5261038114294707 0.14453103410158624
0.9816469420278496 0.014007840092611527 0.5230001424553866 0.1719928636264046
0.9936572738667173 0.016364202599020414 0.5447099003407291 0.19348424594677271
0.9893253206868672 0.015851921631957294 0.5648394027089044 0.19830332533915596
0.9826813043399453 0.016333742832995327 0.5576695386216193 0.37995074219530056
0.9792218593671644 0.016936908463939228 0.5688619060633272 0.2691197691197691
0.9815066633776401 0.016303300320246707 0.5674544942918738 0.3139498757249379
0.9864809381602445 0.020826556376535466 0.5930558271335946 0.3566501861685894
0.9854945724182969 0.01922794571071162 0.5965977903699775 0.2896476811183527
0.981977714052444 0.018459528875319046 0.6060413054050753 0.36595434677027683
0.9879495705357654 0.018152248702070432 0.6225116538550255 0.3402891795985382
0.9835826619659268 0.020254522071468703 0.6308543817800346 0.3405465171378929
0.9754691266089405 0.018252161112857237 0.6481309208356553 0.37486880466472305
0.9761820998591497 0.023057917370531724 0.6578885458690392 0.3083538083538084
0.9840269107078334 0.01792931148504666 0.677479700896052 0.34578102653742254
0.9845344180160098 0.017215340586092562 0.67723793145546 0.33922673401981734
0.9924102119050016 0.020472705727873946 0.7067398842794974 0.30889080121382306
0.9808216731401177 0.02321874804328398 0.7200435260971574 0.351844304055431
0.9872160731503795 0.029145949592384347 0.7368699851163862 0.3236952501240471
0.9854814099568586 0.033601912667750776 0.7598020448779302 0.31690388332454755
0.9791444247307286 0.03412065333747712 0.7629097788785227 0.3150998875724293
0.9886234152389134 0.041969208877645804 0.7952429382589075 0.2556018385521402
0.9872983932748388 0.038206159468811694 0.8083761153495521 0.2668235294117647
0.9805809107734146 0.04914979634480566 0.8267593579097632 0.2168050692977634
0.9899095293714885 0.06629727192902776 0.8651194697982676 0.34258058940454583
0.9915647834037299 0.10603703207591884 0.9077036982541435 0.23877525567473185
0.9918622454586079 0.09214367182818148 0.9035954932066719 0.26493841403413526
0.9882432108130141 0.09540702016430172 0.9099388914420239 0.4010977943398127
0.9897825790278905 0.09834590770614815 0.9177390347848785 0.5418282548476454
0.9954790208068338 0.09998747939316792 0.9241649961659109 0.6281329528803887
0.9873615535246477 0.09951837220628822 0.9228658762460358 0.6814887205798518
0.990238931935363 0.10649197024680715 0.9197064735154051 0.71536294332118
0.9894182196644147 0.11964591019526681 0.9287226159397212 0.7099484278822159
0.9889049372908693 0.11539555750082066 0.92605860002818 0.7038150096001335
0.9903765075479789 0.13706619041319398 0.9277867747365398 0.672406048809702
0.9897916400604333 0.1303891977760127 0.9248978856223276 0.7217532718965384
0.9914415625599109 0.14112204249847893 0.9316246410517125 0.7169487733949743
0.9848675367993445 0.14143706950532248 0.9256097541556595 0.6697825785902229
0.9917373004635646 0.14592732741473827 0.9352672659201053 0.6991695303550973
0.9934961364329333 0.1612656604518102 0.9368752094408993 0.6253709667234956
0.9869804549583493 0.16686747736221694 0.9342681000710976 0.6790433403805497
0.9864673800818686 0.16290170527094597 0.9325112883112433 0.6803050397877984
0.9918340387014702 0.17360151305739435 0.9330354771315417 0.5243956259500809
0.9886900345852992 0.17791539285620966 0.9370850418290531 0.544312844598734
0.9951882394948324 0.1857214054323449 0.9348063310268034 0.4666414268887767
0.9902413701714416 0.18248128560844126 0.9397619500335332 0.7434900125255455
0.9911386914728382 0.18730118815615768 0.9402902850554853 0.8016494845360824
0.9868084839175566 0.20232945505171043 0.9371390422160891 0.7594248989597827
0.9909410942609691 0.18245928465674432 0.9412645592016078 0.7813535257927118
0.9906799006494159 0.20677565491431948 0.9424025954674362 0.779803183409286
0.9878897176129893 0.19484506542591656 0.9406920139326032 0.7243712055507372
0.9920217717406127 0.189069463706257 0.9429425511639515 0.7826878413156738
0.9899566459529356 0.20559662654461022 0.9414851494828227 0.7542969200599838
0.984074641199818 0.21121510695736778 0.9407515617115527 0.8162972213549797
0.9870213843155183 0.23179363791511626 0.9441051157280905 0.8062125792874504
0.9906065112121684 0.21508422771489583 0.9453029065561966 0.8218175430378264
0.9859056457052916 0.24765886037068668 0.9465015602248422 0.8073097254589894
0.9873286984579946 0.2504543389368469 0.9508000413093761 0.8119955156950672
0.9920092414252476 0.23218225073895177 0.948034313870801 0.8215027215083328
0.9958810004584443 0.26119888475836434 0.955071902622904 0.8202750067403612
0.9908513194319507 0.26658617183528216 0.9514752414845781 0.7640527757032611
0.987299112399607 0.2435215640466017 0.948555391491213 0.8018538216076584
0.9906091208797576 0.251249061163178 0.9531441756450868 0.82395
0.9881875247725533 0.24748720835886143 0.9513573283305793 0.8251533742331288
0.9898823792059417 0.24500771873910662 0.9517020365341071 0.7775534550793797
0.9861942384719027 0.24553767250396463 0.9505162467350343 0.8492307692307692
0.9860647838446828 0.23587114946858162 0.9485289429471154 0.8353688764703231
0.9902462194180853 0.22744878108624406 0.9540524872386477 0.8551196778426315
0.9893347220294539 0.23792534622319408 0.9568823643389902 0.8708379394207384
0.9908532039592151 0.2575754693652394 0.9581161871874116 0.8560689713751805
0.9907268975005733 0.2509003134063966 0.9585926914750541 0.8653216071736506
0.9909104717717158 0.25063977404128673 0.9582526794846594 0.8724605414861051
0.9910544204767676 0.2837908725301626 0.963944322349205 0.8780848004352726
0.9918087599963232 0.28843701118998916 0.9673710881919736 0.865931268561731
0.9875531851689358 0.28123280132085854 0.9642010475052835 0.8548588113805505
0.9872234273565622 0.2871311144050667 0.9661120600754461 0.8678950544963965
0.9787800212154456 0.2702357647459358 0.9609086895819651 0.8948463056965595
0.9937120432466666 0.2554067971163749 0.971255737183715 0.8962878047135777
0.9829429219837214 0.21516587677725119 0.9627807690652018 0.8636275397955222
0.987843401085339 0.23272066531553567 0.9686487570952388 0.8667834394904459
0.9865021133840249 0.213396829810901 0.9677703881972757 0.9006060977102975
0.9829335706975622 0.21685124718079915 0.9654920770877944 0.9063373298476517
0.9901257931648669 0.1341938815025171 0.9602008148389152 0.8781517303069268
0.9909004478858944 0.2048780487804878 0.9684497381407304 0.8675074658703071
0.9899994024869819 0.17458707620979427 0.9702277354772114 0.9132026706870557
0.9880137175484301 0.18563939050188552 0.9648655257986908 0.9126633062442135
0.9814821559635559 0.23118788452437292 0.9657172031800376 0.8945800192075648
0.98655301182377 0.3202131588666702 0.9759196237134814 0.9268673945457169
0.9866041415111063 0.23429627750190293 0.9679508028604504 0.898643380633089
0.9893572576385972 0.23340810643564355 0.9718379881348476 0.9166520595968449
0.9858095982648336 0.1973922902494331 0.9682464025655505 0.9208803050397878
0.9888141966841878 0.22022051952906 0.9705684377451436 0.9091749071107005
0.9815947217153497 0.1505831191935165 0.9659031895322192 0.9277551099336724
0.9866003089794507 0.227800042185193 0.9730487377672972 0.9351032448377581
0.9862235450838717 0.12997434103102404 0.9715302315278764 0.9218250816344542
0.9925903104800713 0.1680923473142016 0.9765610718138324 0.9060710968504602
0.9896445965256783 0.052290513932505854 0.9726235238174608 0.9041280592007275
0.9888870070642062 0.1558357581635952 0.9758529606883107 0.9166858457997699
0.9898067694208064 0.004268529297632906 0.9732505632396056 0.9364720870975214
0.9876689263202699 0.025667076626918348 0.9723462683295918 0.9142723982892861
0.9895992045338545 0.07933217547201524 0.9752913933529789 0.9192440969225418
0.9919813974516744 0.039279459594696024 0.9758921538146794 0.9349490933649349
0.989632196196048 0.007612869058652191 0.9763300564351703 0.9240091481385424
0.9883659756823225 0.0005875009179701844 0.9766134002820365 0.930215731237616
0.9911295159581935 0.0 0.9809589874650115 0.9045679431398567
0.9857894129477901 0.011080594753291031 0.9750574212363212 0.9119075235417854
0.9870244392460106 0.033752860411899316 0.9757590253308446 0.9165543730348614
0.991393601236437 0.00791462872387728 0.9781734463778188 0.9263686074965326
0.9911372981798392 0.006055278835823811 0.9767828788228982 0.9132333613603154
0.9890237989362958 0.005800684670977558 0.9749473819128699 0.9217228854684569
0.9866208906574948 0.018690674234269497 0.9738170153644982 0.9298624960638187
0.9865548552398158 0.0036975411351451285 0.9740837175134649 0.94291881362736
0.9840172172152202 0.016473569876900795 0.9704502777611385 0.9377259194659129
0.9923740044743851 0.005704126231572709 0.9758647920691551 0.9557906202451335
0.9872108558927062 0.004376134059131178 0.9715524584786206 0.938167842423323
0.9860529328072662 0.00019362958660083262 0.9621542622211903 0.9109943217216397
0.9890722977577715 0.001731173488314579 0.9651209399331819 0.9456524043986989
0.9835175142716933 0.0 0.9568308066250726 0.9429404700634757
0.9824304538799414 0.0 0.9480991587770637 0.9271308710085255
0.9931709855036013 0.0023853211009174312 0.9545080673259759 0.9324255050279263
0.988078070946434 0.0006383657835939994 0.9174271064414862 0.8686910797941046
0.9910819248311017 0.0 0.9288417446394998 0.9033869807510638
0.9936021796376595 0.003162713275072826 0.9327852917817475 0.9171012970645381
0.9859962311879678 0.0 0.7403840657491092 0.8238412248429927
