0.9859602676738362 0.00010127004551194987 0.18049303906665073 0.0
0.9817591554559043 1.4029194754283664e-05 0.18997856462621868 0.0
0.9858792533735156 8.093889113719142e-06 0.19530152311589105 0.0
0.982154200412895 0.0005162794402804849 0.1952794179755046 0.0
0.9822810638397673 0.0006674048414786522 0.20224118343383304 0.0
0.9828273214644953 0.0004825988638243892 0.17997850988664163 0.0
0.9862530589603778 0.0004575187040098386 0.1822284466895864 0.0
0.9723924847596522 0.00032412639177244575 0.17472383949276976 0.0
0.984439100816938 8.807494306584037e-05 0.18714551234869523 0.0012628540501533466
0.9792178037589373 0.0003890924736578515 0.19887545381822658 0.0
0.9863586729713127 0.0006988235180247105 0.19063387893761582 0.0
0.9779528488534375 0.0008185138643731328 0.19750323990019725 0.0
0.9863417250229533 0.0006961475949411333 0.19513031153835786 0.0
0.9771475510226668 0.002016211909744176 0.1976794347226633 0.0
0.9860421362029087 0.0008639423749450801 0.20505623610680465 0.0
0.9766209798858865 0.0010929419523138322 0.1884049121483538 0.0
0.984860634986009 0.0015146357227081885 0.19728517018365255 0.0
0.9857378304528095 0.0017731023936882315 0.19711636485685338 0.0
0.9863841071003732 0.00041031458457156824 0.2059847045658083 0.0
0.9799518541367432 0.0012759011497366227 0.20964291773023344 0.0
0.981140569461945 0.000289976678471391 0.21312135525615955 0.001432408236347359
0.9862204793476773 0.0012151988174907413 0.20114626772227004 0.0
0.9849157590286404 0.0012536530113746588 0.21838001113697275 0.0
0.9890682804133516 0.0008324781670820331 0.22316210507753165 0.0
0.9907436209329966 0.0008084362204559497 0.22083386992916934 0.000299625468164794
0.9914488748794451 0.00033840912200588875 0.21998154122700908 0.0
0.9823962784334479 0.00046841569994387453 0.22402758211015986 0.0007250317201377561
0.9865036784297904 0.000938765174143059 0.23252057534035844 0.0
0.986925053628626 0.0012242876039047338 0.2271897373750259 0.0
0.9893524757653167 0.0017379550062759487 0.2338782064544468 0.00012721027859051011
0.9860672516369992 0.001400811789529319 0.22639332853654798 0.0
0.9877011791864992 0.0010457966188313454 0.23058202538550693 0.0
0.9864639268045757 0.0019305335478825548 0.22995394068231192 0.0
0.9900855422751692 0.0014573611155455628 0.23755288699156524 0.0
0.9899118376455956 0.0016056775610915738 0.23392413946761462 0.0
0.9897197087169018 0.0010754939267432649 0.23455661932376226 0.0
0.9895017878543422 0.0014860380815393448 0.23999281800721464 0.0
0.9897530086676093 0.001228223177391557 0.24271886119891206 0.0
0.9906991300605877 0.0009549006643825166 0.24140842941844132 0.0
0.9860556213162166 0.0006733396902850507 0.2594281444753046 0.0
0.9841086260099982 0.00038746957100379886 0.2520869004366366 0.002704895861509332
0.9798556791824028 7.279547469072628e-05 0.26418229930650355 0.02560553633217993
0.9910468345369575 0.0012900232603054909 0.2601620454529732 0.06077844311377246
0.9916624835784813 0.0005610412926391383 0.27153239500166143 0.0003616636528028933
0.986672440583845 0.002066347589033883 0.26781689057668545 0.06774427896839812
0.9880051276182933 0.0015099051690361134 0.2798117119337284 0.01672946495855313
0.984312360173562 0.0020261886463858046 0.27581216102843814 0.02655588139459107
0.9855142286925765 0.0024302237627999907 0.28173014208696945 0.16072285303054534
0.9886446253718952 0.003170064379965193 0.28331394704565793 0.029845796716962362
0.9934697992720728 0.0028798148067375115 0.2828839693341373 0.00647634152788792
0.9841976572056265 0.003728034301359484 0.2851252763113608 0.13203561189074997
0.9862460690434967 0.003595672046662664 0.29454950861103923 0.20523076923076924
0.9865801384551244 0.002750208989203707 0.29773485381561915 0.06270810210876804
0.9856772621172594 0.0033278656965270185 0.2991828379671784 0.043683589138134596
0.9909577314071696 0.002089539839713487 0.3113339066389099 0.07948581425420248
0.9834673309930925 0.003733894537759617 0.31134185842102663 0.180945063388398
0.9875424810230541 0.00368340554201113 0.31574753351884643 0.11752694271128758
0.9899008063872636 0.003425224270636768 0.32474158562852223 0.09172105805565098
0.9880739704680911 0.003663997025222842 0.31583590964274294 0.04654821395521007
0.9852254244016455 0.002231035003632475 0.31920227792762274 0.03740867881348473
0.9856630657261016 0.003955083663334599 0.3365562270251545 0.060124169480448755
0.9794455443708241 0.003616733317530834 0.35284752569175026 0.09956843403205919
0.9932836629734388 0.002356042757251839 0.3529695149508941 0.05344418052256532
0.9844452089904452 0.0024192504680250176 0.3553676696222362 0.0818661971830986
0.9886196743984883 0.003832931702012806 0.35899282899412105 0.045979500505269236
0.9850308674076693 0.002464830908873125 0.3763242485518864 0.052864053845614524
0.9879219872294834 0.003025571324714733 0.35217015857088413 0.07245053272450533
0.9902435535461359 0.0028977081879957628 0.36899756920393034 0.050549983824005176
0.9835612691143578 0.0034477436636592648 0.376942096999205 0.1036829766316267
0.9877597339906963 0.0032526333795135022 0.3784010375359792 0.07814761215629522
0.9867228079904578 0.002594147980824605 0.3858365227720395 0.06299834781984053
0.9859678055253719 0.0025511871977738896 0.3815392387770889 0.05387402749653629
0.9834307805437722 0.004320183757725555 0.3792884396034834 0.041410222103291414
0.9832065682043558 0.00510471030370636 0.391283852801793 0.09352417035010173
0.9829902178131688 0.004585615619568517 0.39571670237783757 0.06758217993079585
0.9883464772681907 0.006990295488960149 0.4092680551917893 0.060022586109542635
0.9903946070926568 0.0067545247852497875 0.41495195436138155 0.051397820039221054
0.9846354636546257 0.008555013062836197 0.40689194011374724 0.035350141692716705
0.982831377674915 0.009212539147620378 0.42235211770542674 0.05017103762827822
0.9907192492298875 0.009372135459054734 0.41774839068686115 0.05590417790078977
0.9896660669100508 0.008549659815712585 0.4378934837493209 0.0612122484479501
0.989627709490876 0.009153984222989789 0.4467070536947887 0.0825874966604328
0.9904313154378548 0.009697549823659791 0.45855572506069614 0.07830106115304672
0.989677708472397 0.010948609961990905 0.4567085143910137 0.08274453966633533
0.9884278172517529 0.01043559161314143 0.4613001899110366 0.05309827746659409
0.9914070803118799 0.009309363640849356 0.47403275617618235 0.05891311472249532
0.9826673272266669 0.010601053615939353 0.4793996976028812 0.07321336095287416
0.9914683832827926 0.009717281254855778 0.473119983398311 0.06316110465227086
0.9880430046749332 0.012232459450607351 0.560203146675039 0.05993618960802188
0.9884757854301002 0.010390332314216431 0.48302789752244846 0.06740796112876098
0.9898185982169211 0.010809422511069049 0.5445289156655452 0.09649013395863996
0.983668644104977 0.009175401785780577 0.44359355126024036 0.10943035483326773
0.9862072330797895 0.009859872611464968 0.4860970349627509 0.12044323109041272
0.9887529083183284 0.010870194441407079 0.4945772252262057 0.13016495182100277
0.9900625102101611 0.011420397886481876 0.4646835296165226 0.08211820633542076
0.9910348258826336 0.008063238243563219 0.4678034922651262 0.0813843304475169
0.9849424311970839 0.010203359477647073 0.47015972886787716 0.10603706878080137
0.9904719465849355 0.011920017743714227 0.4802230015686755 0.18314986564964897
0.9903612915845129 0.011859303580668291 0.4761580289824793 0.247410151050408
0.9902967685258593 0.011443067778662854 0.49827069603593976 0.2733533125039852
0.9951542332488412 0.012840371570853234 0.4799822436304603 0.2672862236249927
0.9884943501378988 0.011937233871263437 0.4890097633247275 0.2125357938275533
0.9876307408141631 0.011934989109000219 0.48833874960817303 0.19408293273928168
0.9877514493507477 0.011204514124778218 0.5051924727410234 0.23361653500273266
0.9863295795492129 0.010098267053119914 0.5301100187564595 0.22126587094013028
0.9819035099281912 0.011599415260453607 0.5254631823303855 0.25010635783502716
0.993162175260447 0.013588957489591888 0.5451830942413337 0.2654698242933537
0.9892106819196563 0.014005287977890718 0.5674835952466439 0.2547320520888803
0.9825797150836031 0.014753954658845617 0.559197098454735 0.43935613682092556
0.9794785361241611 0.014594980351100508 0.5727460118719995 0.3567946164938543
0.9821738241182049 0.01198153094456503 0.57096495375375 0.42473841554559044
0.9867680496382211 0.017723587942072995 0.5937721122298727 0.4262023217247098
0.9856517849390928 0.01585601322215651 0.5993593542438548 0.41094397209505124
0.9819351489739144 0.01594276729055187 0.6078432124365046 0.44961801367108967
0.9881542892382811 0.013623187800902787 0.6257649463456666 0.4183631076028251
0.9837933912201461 0.016392461604879695 0.6325805048199852 0.36050194203764563
0.9755381954645201 0.01452545575937263 0.648460421936839 0.38626876830104045
0.9763473103684723 0.0193937265917603 0.6594702791849703 0.34470030850594974
0.9842392415496644 0.014277484279813197 0.679496402059691 0.39843499454813674
0.9836940112029653 0.0147702834799609 0.677288881596674 0.335448822095857
0.992615666969064 0.017140274832675086 0.7078370667977211 0.31924043293390025
0.9811142734004015 0.02009821105401608 0.7225071001506047 0.41063250402277507
0.9875275604448084 0.025523761320294283 0.7402078403906945 0.4036225533158049
0.9856286080158624 0.028640319531923135 0.7623762676707633 0.38368065101446086
0.9791816279114423 0.02950322362192754 0.7627930538973092 0.3103494623655914
0.9886699469377992 0.035345526445872466 0.7963552550566144 0.27888462315619317
0.987028922222052 0.03142818737235551 0.8076932776095315 0.25978181818181817
0.9805735034169483 0.043141157098263445 0.8267913999570752 0.22845716043685588
0.9893505777717377 0.05476860386145338 0.8650726364156752 0.37135265700483094
0.9914187940287871 0.09278116520680513 0.907835484604724 0.2452521283562541
0.9916534598582212 0.08047480620155038 0.8989632774237467 0.21985105819327114
0.9878811486678791 0.08119700256359692 0.9074725537730488 0.3694709857841995
0.9897395072665023 0.08379436111794115 0.9189993407905571 0.6734333627537511
0.9954022325836138 0.08897590802960978 0.9242289432992984 0.6606662180349933
0.9870307453546412 0.08706117050111672 0.9216043313350388 0.6620762711864406
0.9903073538571955 0.09185952908029785 0.9189222155521062 0.7151123783965112
0.990006987613307 0.10458993423580194 0.928123440471534 0.7113532691332995
0.9887316416753529 0.10153427124861344 0.9249451317275735 0.6970054829185998
0.9902463880195723 0.11930813439434129 0.9269873812135158 0.6914591868893791
0.9902831325301205 0.1117747712321051 0.9245856019166011 0.75
0.9911588691548795 0.12211129598816786 0.9309503568250104 0.7322639853164153
0.9849478668423491 0.1174961172260112 0.9246424371483966 0.6948558920102152
0.9905983123498039 0.12195836997947816 0.9336466943952063 0.7027771573226119
0.9928217253374384 0.14181628288655693 0.9368830261203809 0.6751250893495354
0.9860975205591956 0.1408970252856947 0.9334769599802011 0.7426150847203479
0.9858551700598468 0.13647038986378254 0.9318477414699907 0.765153822723119
0.9913553584793062 0.13691486633367123 0.9351201614643737 0.7052853834627435
0.9886169413146312 0.14679674195720188 0.9402247685472834 0.7908699266873253
0.9944340601776749 0.15057036133365195 0.9399067473376206 0.742302590239475
0.9899727801342393 0.15137774677363097 0.9380402955109943 0.7252040071651297
0.9903935855466413 0.1620409662668001 0.938406708929311 0.7755818757746867
0.9859459524729521 0.17491362213269138 0.9350447938098754 0.7485282312014985
0.9904780690096446 0.15115320713248473 0.939273459746337 0.7810308436031865
0.9907567147215409 0.16994393218717616 0.940959053802147 0.7807568868681466
0.9878683769421891 0.16872450743173176 0.9406695643700073 0.7856503389180202
0.9916662121107914 0.15721887386653635 0.941145754606791 0.7666035353535353
0.9896423497116597 0.17339419716630997 0.9395609484241945 0.7316932316932316
0.9834616774851643 0.18614483804119553 0.9390699538887981 0.7982180951185845
0.9863151605431375 0.19925543616211186 0.9419354049225398 0.7927105702696254
0.9899630414359437 0.17753454760596712 0.9429299954017957 0.8146212566059894
0.9852263997151851 0.21704497177884324 0.9448270019233322 0.7961507800933835
0.9864185773252838 0.20858865306796598 0.9485685434126526 0.7981687450848219
0.9909824621464861 0.18939847756527328 0.9453548056789913 0.8092928837261757
0.9948103242934914 0.21730790396377417 0.9524419489520989 0.8069192218569812
0.990478091718586 0.20868473572394258 0.9486537283109812 0.7483572281959379
0.987255146491569 0.1903865305614341 0.9461661214590593 0.7877463930095508
0.9903751110987508 0.21806200640520465 0.9519625961761976 0.8121635897177927
0.9883039251156241 0.20010459015840348 0.9494241957527985 0.8093674979177894
0.9898570854828816 0.19958708454613144 0.9501201410736796 0.7690063894805075
0.9858757806529816 0.20354351224596143 0.9490662209529616 0.8348750715239367
0.9858161336154985 0.1970267092222409 0.9471183938247404 0.8162115887176714
0.9903429256208612 0.1736464118381302 0.9527352884672713 0.8493375221964212
0.9894413977501746 0.2005853891643271 0.9565103743116709 0.8618157543391188
0.9910275378774845 0.22375529558086207 0.9573295144390153 0.8413957853425476
0.9906204790410924 0.20849405006155108 0.9586241064830324 0.8683210275678274
0.9910847124911831 0.18625220631496373 0.9563177191979075 0.8583150766779526
0.9911684203983822 0.23539507260122394 0.9627214907414564 0.8666666666666667
0.9923637458320024 0.23872585904188612 0.9670852083635086 0.8693477156368469
0.9880319088162843 0.24610247916502354 0.9644076999877389 0.8495496139548184
0.9871222177859224 0.21917223723510168 0.9643634335225555 0.8583544168478067
0.9789328404971722 0.23131724764724854 0.9603781524859485 0.8864914576774787
0.9931738724003576 0.19030638019672522 0.9693967916603411 0.8883706782926087
0.983510092141261 0.16545584774378388 0.9635259357639825 0.8649545141055536
0.9878890537091235 0.18811324994382445 0.9695077024416248 0.8870606818480979
0.9876107649600041 0.17571307331832775 0.968839407621671 0.8994361770958499
0.9839030038105331 0.19082412283955197 0.967183102931208 0.9027933299034592
0.9905734607863759 0.11620786595039942 0.9618557651118617 0.8717400478266986
0.9919286834246583 0.17053955404575186 0.9702906984728631 0.8716058116123415
0.9910904367146594 0.13463733322838364 0.9720645342499994 0.9244387110940331
0.989089856494325 0.15088109327492072 0.965970802618266 0.9042143613860107
0.9824722890874796 0.16686207185327862 0.9666062707735874 0.9110695889304111
0.9871606400056763 0.24363545380621754 0.9772225723741041 0.9303914417699976
0.987012494887138 0.15562609959458426 0.967257831622472 0.8944159467242621
0.989115718226417 0.18977892621303474 0.9716203027531701 0.914593807885684
0.9863983573829607 0.08216348544543473 0.9659999932437454 0.9104480715251065
0.99009981858487 0.04311692272502001 0.9675059116460056 0.9008455034588778
0.9829078280893816 0.02135288024858577 0.9636918635349565 0.9151335196398075
0.9879842031069418 0.08788825264619123 0.9709509788951662 0.9229108103579873
0.9860572027463987 0.0 0.9693362468866942 0.9119377591890263
0.9938692753832455 0.025148875436783305 0.9749264862911308 0.8973078225533356
0.9901157134407107 0.0 0.9722656269134121 0.8984911484911485
0.9906765714033251 0.01276644249401573 0.975004835047676 0.9069846101809572
0.9895269719661748 0.0 0.9723541307283288 0.9206379095570555
0.9887392095042724 0.00011568049048527966 0.9730972550339949 0.9022352892686881
0.9902841820084815 0.005369532428355958 0.9746678520792141 0.9053656269365834
0.9937926761450347 0.0 0.9758381265572108 0.9249586946219758
0.9907344946882105 0.0 0.9777781174184166 0.913155866484852
0.9885201315483981 0.0 0.9774494776216283 0.9177981076788869
0.9913886873390878 0.0 0.9808327798713373 0.8925150287169652
0.987645021677959 0.0 0.9774223580205045 0.9081540641504573
0.9882722319697109 0.0013717421124828531 0.9770379694485108 0.9008292027609209
0.992879875470295 0.0 0.9804632517146878 0.9213236082805963
0.9922443635997432 0.0 0.9786986996672636 0.9058038396023798
0.9910907293593941 0.0001315962626661403 0.9774285150591794 0.9099401340460588
0.9887156824393822 0.0030816640986132513 0.9731726375511729 0.9009272747646795
0.9874902648583576 0.0 0.974254812224679 0.9246950657288127
0.9862725393433261 0.0 0.9715969608132253 0.923177059791354
0.9935695464133041 0.00017562346329469617 0.9756518128296894 0.9373106475782563
0.9894460679879419 0.0 0.9717722330909503 0.92
0.9881388379189706 0.0 0.9614769559544535 0.8926817113974514
0.989087401599303 0.0 0.9635941202435677 0.9323226831361022
0.9855379420946258 0.0 0.9587334880147105 0.9380654621387472
0.9844499117611387 0.0 0.9467116191198112 0.909550097449974
0.994672184687738 0.0 0.9550929245359884 0.9235040302040571
0.9899858759482331 0.0 0.8909016515798958 0.8113630218995017
0.9927869931783683 0.0 0.916340799491509 0.8755146749704769
0.994993920233463 0.0 0.9278992000777061 0.9027679411477599
0.9847139855676731 0.0 0.7393943524243178 0.8240066486731198
