0.9852832896942316 0.00019062596802249385 0.1808588116817724 0.017081951012917342
0.9811383993740438 6.413346173386819e-05 0.1894717539236752 0.006793307334255881
0.9853964525936993 0.00016390125455281263 0.19544407112452888 0.004550182007280291
0.9811041385930045 0.0010143051304077788 0.19501066305620024 0.04109186968007044
0.9809323450049429 0.00025599089810140086 0.20268632495138278 0.032026908452763965
0.9816049872178425 0.000765101900347693 0.18047856402211004 0.058473114908292836
0.985902645525417 0.0008358384045751155 0.18236833780063808 0.04685610640870617
0.9719923948762977 0.0009606175982808157 0.17511846598864542 0.05627481443121008
0.9842108745029146 0.0010045786721560408 0.18741046365027364 0.11822480902146235
0.9786068190226617 0.0008252288736017908 0.19915234018449338 0.1652691968225949
0.985961685484139 0.001430523776892492 0.1907766127599076 0.12197159565580618
0.9779692508979657 0.0015343032659439436 0.19755324527027182 0.07635467980295567
0.9861592208629973 0.0012883182447027985 0.19492476393354688 0.06112664802237315
0.9764683313617035 0.0024099472921836136 0.19731795312534864 0.18549181943623103
0.9863160179673952 0.0009673209052626394 0.20490936993842027 0.09432157800358637
0.9769319352097794 0.0016666520554563617 0.18831027117384844 0.04396135265700483
0.9845541652029606 0.003353150541768957 0.19658871892268429 0.04311233253177602
0.9857642774968113 0.003982185169629201 0.1968190023213027 0.03958762886597938
0.9854131622270124 0.001939832022010909 0.2068635385304929 0.08165767533104464
0.9798003363255252 0.002878580673520721 0.21010545981097142 0.0769354063151146
0.9807708811161517 0.0026390376145073078 0.21141686084321015 0.04254974048442907
0.9861806664998117 0.002474257773411573 0.19981587202461906 0.021056346312198566
0.9849656562041361 0.002530916917724865 0.21840438460238384 0.10619198204631235
0.9891358444867412 0.004067668936944854 0.22279676767676768 0.08430552498349109
0.9908119105121632 0.003419064368330472 0.22077991604647862 0.04627041341768427
0.9916682044336433 0.003075352929881536 0.22138446818637397 0.04977770720863766
0.9830883907741833 0.003198839392747681 0.2255284388458661 0.10543851053405194
0.987075197999944 0.004435483870967742 0.23469381122313007 0.037562524047710655
0.9871449981354267 0.003909940718567881 0.22825264902851486 0.026885542558004266
0.9891347174352112 0.004666074847949055 0.23597992010669663 0.03500087611704924
0.9872846762512419 0.0038300347322481913 0.22802803635194802 0.04913063613017303
0.9880514183346256 0.004225794007972226 0.22892530327626393 0.043708053691275166
0.987668101195332 0.004559736534927316 0.22984012528055983 0.020698946680819792
0.9905580927126302 0.00495662566830619 0.23586129949579354 0.044151879412325894
0.9901247343756338 0.004965275823067908 0.2339734048811147 0.02660095196300172
0.9894406410198221 0.004165586149426053 0.2354548795352801 0.06047094886442803
0.9899053697263911 0.004496003494936173 0.24045070833409302 0.037991942981096996
0.9899680137794336 0.003728283216815843 0.2438785481400746 0.05464
0.9911394524770786 0.002814195731664986 0.24074685766937293 0.062293809431399186
0.9847372822877374 0.002773827744020795 0.2593394304008621 0.07873467112597547
0.9842950302141297 0.003302683588186911 0.25265979471650474 0.07122475241985117
0.9795414708699934 0.0017721602922727607 0.26471207376951766 0.06556818955538912
0.9910430421176897 0.0035104721569318453 0.26033670064896375 0.17867225207176032
0.9914119350331599 0.0029361537338352833 0.2721264310464736 0.14663770913770913
0.9877906813834001 0.0036797593334743925 0.26816118004423034 0.1885245901639344
0.9877351323348498 0.00364942607950702 0.27971242264137214 0.11701685906486173
0.9844351805408166 0.0035997256749880696 0.2768517036307677 0.2040268456375839
0.9858406873347131 0.004270114906063817 0.28126067549438144 0.22609043617446978
0.9888965933227476 0.004976794434488495 0.28329121605744273 0.11854489951666243
0.9938551650142885 0.00526427108498402 0.2833565609492132 0.07817505425235094
0.9834637985936977 0.005357056519847217 0.28427195264559235 0.19022399722173988
0.9872265030501425 0.004914010287273872 0.29430541711651365 0.22700587084148727
0.9871518231431919 0.006787161933241431 0.30028701906875677 0.13802221047065044
0.9866665195521344 0.006966562522118078 0.298751958642259 0.08988249656645811
0.9904373827320826 0.005894156295931109 0.3108309203012222 0.1038413211272662
0.9837690528174144 0.007321660316601084 0.31034488205768174 0.18731348462766326
0.9870014270509682 0.0070652664238152205 0.3147505445435424 0.16600975349054714
0.9906093948925112 0.007325236956266018 0.3237094811593625 0.17206492466700632
0.9893556018761003 0.00749228735125606 0.31547481552775103 0.12801384578658392
0.9864678611702794 0.007078341543140673 0.3192018321777425 0.13756979220629711
0.9866960703637309 0.007448652054902424 0.3349438380845644 0.16079569001243266
0.9805956014378265 0.006292754179596476 0.3508848647187675 0.1276072918452483
0.9944021566207347 0.006858499649639305 0.3523333238308946 0.10276094898950192
0.9853884483769817 0.006899241658887169 0.3563165416453222 0.11002489250961756
0.9894466364767539 0.007379754996776273 0.3590731800186477 0.11693002257336343
0.9859888687548537 0.0061386285923796515 0.37671464963494755 0.11881829968512687
0.9887489189497903 0.0065541073626408305 0.35217118162992034 0.14898762654668166
0.9911393503362755 0.00588796616289266 0.3679322083774264 0.1043374159683212
0.984018749322129 0.006418133217724233 0.3758148311719597 0.11914527110163235
0.9884432093193505 0.0068200815540918535 0.37500280275342496 0.11782782572090086
0.9879407339061386 0.0065127333127621995 0.38320671336598944 0.1080892321597305
0.9873053987208052 0.006685958442589555 0.3808818827419814 0.10949568378009995
0.9842858511581116 0.007178541474570355 0.37814244371257677 0.11842046420106435
0.9842162125865003 0.008729315620063897 0.3906545237218838 0.1477166821994408
0.9841125290441327 0.007772069326858396 0.39577967649721846 0.13298013245033113
0.9876675000362685 0.009856386136663446 0.40721212274660723 0.11700658803108605
0.9914179176428619 0.010661724656686123 0.4170231024306368 0.1603204327923429
0.9858091536852538 0.012424503165359372 0.4106617658698123 0.10742715255970203
0.9844442231768719 0.013129914515393741 0.4223960464504014 0.11928638907056173
0.9911589256530827 0.013707711389589839 0.419240621665581 0.09877399312104737
0.9908853656712964 0.013908232488699653 0.4275421634149317 0.07496342198123762
0.9914337113029683 0.014102141581227643 0.42817402341767974 0.06908204827205948
0.9918734918181132 0.014761402147759287 0.44052644949012304 0.07080299672892265
0.9912637475437722 0.01671209685560966 0.43329509064165195 0.059617716175964314
0.9899916538587149 0.015587909350960797 0.4343645207679877 0.0454395314013917
0.9925312344621113 0.01525925974541648 0.4521942807758631 0.05163989845514039
0.9842380247989346 0.016663153334539486 0.46085231225919426 0.06031581309250014
0.9930676522653291 0.015360552183961287 0.4467523855733463 0.04817967552229926
0.9898941131030324 0.01893035486558982 0.5461156062183856 0.05456302500185841
0.9901983045716016 0.015796342913315223 0.4707768756706149 0.06338080791475498
0.9918242758669741 0.016484566830052318 0.543803049475595 0.10668238237275089
0.985188742448227 0.01392641246307952 0.44208547842745977 0.11551660288853229
0.9876854120870293 0.014853515904487219 0.46592670498240335 0.10077111812127584
0.9901160795735101 0.01563333226252048 0.49012579021024016 0.11946614583333333
0.9913673058184479 0.014788983161624069 0.4560988445920826 0.09502157667613935
0.9917202247935477 0.013696525715249623 0.45809378393866895 0.1094390310536381
0.986662471944784 0.015450774383037193 0.466082330152259 0.11075261435665087
0.9920753003463584 0.016374904224580666 0.4735174648269478 0.15344869756634463
0.9919302935788901 0.0158220472054566 0.4720433082071963 0.14499260953230889
0.9918269811001955 0.015507056644741044 0.4897781276793768 0.1599271955103898
0.99631804578566 0.01697392086330935 0.47068512597508616 0.16194185309301692
0.9897620427825436 0.01636548087535256 0.4802700432011069 0.12397095550827861
0.9880316040640577 0.016909526230763784 0.4778252435947338 0.12208193873660128
0.989034112940598 0.015488218813683757 0.497516521412204 0.1316860465116279
0.9859925593274146 0.016161023699248434 0.5221784046917803 0.14161775963255932
0.9825909551343026 0.01777522439663392 0.5209381927945753 0.16088087295753944
0.9948592982473021 0.019852379740391956 0.5436147935774287 0.16204986149584488
0.9908846609139714 0.02003543351921307 0.5628303177267923 0.1867467974062945
0.9842438332956719 0.020174087408285104 0.5549097508338238 0.29156741305383516
0.9806418865201385 0.02111541062438951 0.5671625867337133 0.21796914608531903
0.982637141419225 0.021684948856776756 0.5658291857331399 0.20793603984403158
0.9876615005622023 0.025379807199360813 0.5929870839349124 0.25056628639677114
0.9867543085930275 0.02464650259143389 0.5975241986855803 0.22750732319709863
0.9832250618634116 0.02275318088548812 0.6061604717214127 0.30164902089384427
0.989248077470806 0.02357311058041654 0.6211944753839297 0.27137590676655965
0.9853358833190416 0.024732312106152978 0.6321663974288104 0.3367336929867582
0.977109172425245 0.02347911425960812 0.6496008651154513 0.4048893647394718
0.9776903877668768 0.028097095410472787 0.6571629281895786 0.28959482436859785
0.9858785649165535 0.022335841706117122 0.6744497843574705 0.2834339591431643
0.9858052005518103 0.023552727042542933 0.6771640386062143 0.3284817732674589
0.9936959254120187 0.025858007224483386 0.7060590423407798 0.2946711039894819
0.9828096991503213 0.028952046664054026 0.7202045853722822 0.3382551586007732
0.9893170684229309 0.034702468653215864 0.7346058373855955 0.2745376438036988
0.9874487519750498 0.04059946502509985 0.7600323350902777 0.303839935327405
0.9809954658453471 0.039836244090038185 0.7649577243992244 0.33980969240982517
0.9902901633567484 0.048930713383838385 0.7988821852680656 0.30603659532756083
0.9890013086080879 0.044686838736925576 0.8124406796567188 0.31879069381661346
0.9822857545739768 0.05834940165432385 0.8333902231832574 0.27810140237324704
0.9916928363299958 0.07655453249232702 0.867440206726379 0.37229167593540063
0.9933490205393528 0.12035623148897794 0.9170094525731307 0.3486487670272875
0.9937853693676094 0.10800809482509396 0.9142235049875943 0.42252552504893404
0.9899887142436855 0.10977227935293773 0.9161287189640198 0.5566158188293797
0.9909808747617725 0.11645530939648586 0.9173954456317285 0.46470323741007197
0.9970778706047955 0.11787950003119606 0.92491762077408 0.5762396006655573
0.9888236422031542 0.12007810308744525 0.9253261617301972 0.718075612526367
0.9916623260034133 0.1279448496353282 0.9220692090112781 0.7313322973746627
0.989572873278207 0.14425066839685435 0.9302698123542975 0.7162447257383966
0.989928022917118 0.13729121950688036 0.9278048274320744 0.701652629906245
0.9911209673339292 0.1608210551721868 0.9297141796881873 0.6828526947883461
0.9902871224877686 0.15407708594482425 0.9265400702519748 0.7290488044052199
0.9925532761485389 0.161696790010833 0.9316774013374528 0.6347622955994696
0.9858168828184313 0.1609086764591418 0.9259749465946719 0.6164102564102564
0.992289070205326 0.16729359567901234 0.9355214516504582 0.6466289635889941
0.9941851713371436 0.18536959485781068 0.9371375508317118 0.592374369724095
0.9893342300095433 0.1979994838963369 0.9358283048231377 0.6222027461291265
0.9879990622749065 0.18790629506181594 0.9320150722090624 0.5553876615256357
0.9937203232064269 0.1974146224146224 0.9281921346660992 0.37202989376319584
0.9906465205860604 0.20619274932266804 0.9285588565339382 0.3188156359393232
0.9971458025320914 0.21033679044013368 0.9221996758752048 0.2691549295774648
0.9919215128471652 0.20987373737373738 0.9357727496954787 0.4991625509984969
0.9931886414356434 0.22091983709148705 0.9431457482349773 0.8130025896142837
0.988607480303076 0.23121833948656306 0.9387758536948964 0.7216792673182125
0.9922174729818468 0.2097432792755658 0.940838361103673 0.6478076379066479
0.9917889706841249 0.22889864873618615 0.9377682126157847 0.5278490369146485
0.9896075303202859 0.22068763248056952 0.9345295766432818 0.4550251434237552
0.9935147249776176 0.21440873320791712 0.9356763602312409 0.47002231407981854
0.9916423096889173 0.22361501047886434 0.9402988123162244 0.632880972575629
0.9857556123027901 0.22966791261284358 0.9388802216204194 0.6339493562639555
0.988686388706032 0.2539240680768966 0.9417068664218976 0.6018309614717112
0.9921449613799784 0.23802193573215316 0.9395695609153158 0.5295074091866524
0.9877220431719382 0.26981057442974554 0.9380733531437413 0.4791795539638613
0.9890399653083778 0.27371485818045205 0.9455256887859202 0.5520420631688081
0.9932424406864926 0.2586894827053303 0.9442254224232266 0.5896102880819294
0.9974411511436059 0.2830904583383722 0.9502567728922018 0.5924963272686179
0.9919830072718198 0.2904341565718221 0.9488256471088808 0.6244315508859966
0.988517228218059 0.26531501743417096 0.9469137281965032 0.6788403144627927
0.9918770220537113 0.2760073784308113 0.9529469710224121 0.7370095902353967
0.9896024408454469 0.27403207516604566 0.9507711124276186 0.7334964356519171
0.9912287868866797 0.2719031265767159 0.9516572216495446 0.7082297313822199
0.9875301320770281 0.26897873595229516 0.9511230856541881 0.8141942938405475
0.9872553602556987 0.26860228069057784 0.9482830384151099 0.7686533858076033
0.9912234501316712 0.26050776938099685 0.9556188612965475 0.8601687309280202
0.990816711611939 0.2665392749805202 0.9581886473911487 0.8785022142324724
0.9918890432121774 0.27658089518247103 0.9589505584696494 0.8674693705111957
0.992024801537255 0.2731930909836218 0.9588049216187267 0.8573171757973576
0.9919131015119784 0.2709390055449505 0.9586953616943095 0.8783021086462335
0.9917845238752924 0.31335539486048125 0.9647396899409036 0.8195027332040205
0.9925475687103594 0.3204152563549215 0.964118409416261 0.7237212539145288
0.9882158575208742 0.3071673972278166 0.9615117136441331 0.7381495259810392
0.9885873082860032 0.29067519333729924 0.9620115479245593 0.7081017924824029
0.9799679051297394 0.28310893195319997 0.9576248712742739 0.8045941040245352
0.9947783247888767 0.27825198994553835 0.967363866307934 0.7868366783815969
0.9846520882756584 0.25070933395735223 0.9616656546589195 0.8072210325957649
0.989245874615029 0.2631871697413553 0.9667263027557672 0.8221189646442082
0.9874663692572243 0.24540136496587586 0.9658846483052946 0.8340849883750245
0.9837785197857993 0.251238011659249 0.9633894654210937 0.825269470783694
0.9912096818185361 0.15554264410390492 0.9582328657256308 0.8366182436853815
0.9917591732800861 0.23993354478175502 0.9668005509266956 0.8348916761687571
0.9908536248016588 0.19155125111559185 0.9679648430536526 0.8704848269922488
0.9888726731988523 0.22501645066231796 0.9633629210902982 0.8715647648231918
0.9826090315602426 0.2446903127112313 0.9645841897328378 0.8749970157805524
0.9877285649028973 0.3233140135687649 0.9722201628601034 0.8614290133003403
0.9879467292262268 0.24442138038401662 0.9654553306584263 0.8593999831692334
0.9907117361588091 0.2591427985508237 0.9701242829827916 0.890047832774933
0.986336811422057 0.2719440328083537 0.9689004217223088 0.9247010886341654
0.9897971512108907 0.24334965590259397 0.9700572621245424 0.9150242452682622
0.9824792743768384 0.2808110065170167 0.9684971241093199 0.931575318855567
0.9876631896762542 0.24657886047620795 0.972483071446088 0.9414940828402367
0.9873867368290602 0.23936704621567315 0.9729128520944843 0.924611005361228
0.9931618706291392 0.20484247613585152 0.9753424363610556 0.8917692699686026
0.9902086211274604 0.19392626646627176 0.973402920289962 0.9010534758533463
0.98981725801107 0.2162951978017185 0.9749217811440084 0.9129622092585056
0.9902495488207107 0.15238628050092526 0.9730966847780222 0.9210459828196058
0.9884689285691933 0.12370945637277296 0.971506487481299 0.9069901790872328
0.9903898264497183 0.1789377816125012 0.9757492581302047 0.9258808456117873
0.9926150946702954 0.11630111020850258 0.9746103007376126 0.9134597589112758
0.9903045024104793 0.0593925421010425 0.9712362547860278 0.8922116701466065
0.9892033979231509 0.007080200501253133 0.9742669427945096 0.9176205097047878
0.9918601134070747 0.024599226091763404 0.9768796181227511 0.8861599175028755
0.9863854307877453 0.034831707853633494 0.9700942300329556 0.8769697480407854
0.9882947269338941 0.061138386007977906 0.971391375638052 0.8847249692861313
0.9922634633009307 0.04300474727729684 0.972876271827235 0.8920402869943073
0.9919865636343705 0.032908144010868744 0.9731314056952891 0.8970488171532558
0.9900726930599294 0.03015355239080277 0.9736992431898921 0.91899966234567
0.9873983135261601 0.04004258106780216 0.9743499087493841 0.9428116725622511
0.9875468011353614 0.027832687593895785 0.9748366547583179 0.9542808118250345
0.9851543913375262 0.06425515363671723 0.9702776766379856 0.9395089219441228
0.9930275716464598 0.01859504132231405 0.973513978365374 0.9518399523036667
0.9885345147464967 0.016601061098750643 0.9706165050504144 0.9400456093529048
0.9873900963154798 0.005119869971556278 0.960870825004136 0.9105354285839525
0.9894892463743566 0.01586587149769326 0.9619356569808304 0.9364185160855791
0.9843013348833282 0.000920951650038373 0.9544689769311632 0.9396099250724801
0.983804395313349 0.003436426116838488 0.9468504992914635 0.9273360110682688
0.9941725214724153 0.015469552858860829 0.9524362198955136 0.930464999852755
0.9889595620548753 0.018424094092052486 0.9294109777333744 0.8961433290852625
0.9923178429956876 0.013673655423883319 0.933250358536639 0.9135454684529143
0.9945644704402791 0.012998204667863555 0.938168164989552 0.9284696265393209
0.9868266303980773 0.0 0.7633247117906293 0.8486711580287518
