0.9832232759452973 0.00025019534100532856 0.18040359854206978 0.004773830020347473
0.979307050714601 0.00020342332393711313 0.1891962282454683 0.00560702096538274
0.9834986913597186 0.0003328611898016997 0.19486682118367288 0.008618438234525986
0.9796864216877459 0.0015404592342869125 0.1948884895382985 0.046452271567126086
0.9793139113945871 0.0010614751558946408 0.202714695777528 0.040007144132880874
0.9799850119939342 0.001384227485874677 0.18016780151785686 0.07594456047085628
0.9838176521010392 0.001341233445982605 0.1823809523809524 0.04408640226628895
0.9702267143375551 0.0012924335219105438 0.17519807139163218 0.05514555145551456
0.9821476482111507 0.001485436911994395 0.18757867324815747 0.11002200440088018
0.9764017129315515 0.001747436178887286 0.19928367456337143 0.18144179249878226
0.983886019037864 0.0022954823900113615 0.19068016163694082 0.12838863587074387
0.9759338528338685 0.002153069346041853 0.19738836064426793 0.09100551548578702
0.98412255097022 0.0015967385765245457 0.1946859114826752 0.07854799015586546
0.9744108746097194 0.002897830685709088 0.1969720262949138 0.1657723265619011
0.9846728266460429 0.0017243196027860908 0.2045513327800189 0.10110012533073388
0.9749313420916802 0.00208053501698227 0.18826060703989386 0.05254237288135593
0.9830617906072463 0.0037823115571945245 0.1964489302544806 0.03589557650471356
0.9843830205168954 0.00421930062616006 0.1965834912571735 0.0645822102425876
0.9835023271773425 0.00253761174942391 0.20612285970222288 0.1035754189944134
0.9787697416414813 0.0033784813909098115 0.20916078598056062 0.08950234024262108
0.9794923160844948 0.003403603936797551 0.21071977405822984 0.03803376937705296
0.9848602511712985 0.003667202860783127 0.19870037436617113 0.015409270216962525
0.9838326394061548 0.0034178679758591576 0.21736546619382144 0.07529072234954588
0.9879073193644903 0.00482481416673378 0.2223033819079439 0.07626344274970127
0.9899690668400007 0.004336450004388696 0.2197262672400167 0.04552261156034741
0.9906840335685827 0.004656037206586233 0.21967426107775107 0.055445722501797266
0.9820449713440562 0.004531241775017108 0.22411510981933533 0.11570758211904174
0.9860278486828373 0.0055659078362652265 0.23180543787221702 0.039847939718960015
0.9862410282872824 0.004724672652157336 0.22763816505723727 0.01866628669136506
0.988215374676544 0.005300927138442198 0.23378342004298655 0.02354480052321779
0.9863126518788082 0.004463260013744203 0.22735065477205266 0.04733695944854327
0.9871797043033516 0.005206443076119555 0.2280382408086866 0.04522309484767412
0.986752152408866 0.005607174895223071 0.22945538201360796 0.02578687902919985
0.9896066588096641 0.005702024496292039 0.2347732701956071 0.04833766716196137
0.9887994120090755 0.005870374918140144 0.2321795302052984 0.026460370041205463
0.9884446036581251 0.00489985624219348 0.23378563084980453 0.07816123311962897
0.9888388239513599 0.005399649612618085 0.23888465171052475 0.03580536570437621
0.9895071612246423 0.004372845448571648 0.24248466820043174 0.08023458946843025
0.9904458404078854 0.0033078187348473628 0.23852141118149964 0.07066711687810526
0.9841096438233906 0.0033018491843709637 0.25873876773356436 0.09667253684308091
0.9833530591344768 0.003994515558527697 0.25178093436457616 0.0861645221917016
0.9781490340386385 0.0025212715587956467 0.2634757262597102 0.0636019113527764
0.9900236728524225 0.0040337797606568105 0.2597447196005649 0.21513856939423814
0.990602409333861 0.003629936825137947 0.2716052409213517 0.17530503702158723
0.9870252108546523 0.004031324965629028 0.2673790607566258 0.22064332773543469
0.9871715093854462 0.004087300325415249 0.2792325700562145 0.13945989520354696
0.9837849268806583 0.00423530303524787 0.2763483160900248 0.24098931145911012
0.9849250331221888 0.0047800207394973265 0.28092041319819044 0.2879129627172615
0.9877860922585094 0.005496606036921561 0.2831736100201049 0.15983929415471876
0.9925604103960818 0.006150913605642393 0.2838628864347551 0.108810185862725
0.9831326129115999 0.00577316354325093 0.2842805115287204 0.21446065381748483
0.9862156780099492 0.005611555761488664 0.2934910843956444 0.29343723365396324
0.9862273050074698 0.0074609877730411715 0.30019440352551335 0.21954823728097952
0.9859872892576573 0.007454348014064215 0.29882722745503826 0.11570067631444986
0.9889853592100784 0.006684873717370079 0.3108129372555067 0.12791702679343128
0.9830972073175579 0.0077891146631210795 0.31044512674585606 0.22481923658987724
0.986001586932269 0.007564551660652737 0.3151651047965331 0.19773068580010011
0.9894232131947232 0.008157997532772686 0.32408571112065687 0.18991416309012876
0.9881602795942762 0.007902659455731053 0.31512026913776503 0.13380037455781368
0.985526372798949 0.0076839399916323 0.3189928187350793 0.14089822619197384
0.9857144022743194 0.007939271279966043 0.33472446424946595 0.1723328476606767
0.979734319396307 0.006794562317367552 0.35024934140034 0.1357016210739615
0.9940515185355289 0.007682427752943399 0.3517557757489968 0.12940881134680557
0.9844475180219913 0.007597282667740307 0.35634555469056006 0.14484378968757938
0.9886174010484065 0.00802261387174903 0.3598470732750887 0.13994206630189893
0.9853301468140971 0.006772887207063666 0.37684800322861145 0.15192006741302516
0.9880621022449122 0.00708994308358258 0.35228175557335456 0.18076430545258476
0.9904768828147718 0.0061697837868498265 0.36696114982213346 0.1156288292302551
0.9831900474894717 0.006909946197963302 0.3750085023874704 0.13938041880038535
0.9875678025632004 0.007569013317136053 0.3739510520278194 0.11162132005836409
0.9870622375098304 0.007364491132297073 0.38224172195700357 0.10270774976657329
0.9867068745650588 0.007376075405684147 0.3809836772585976 0.11286509876196962
0.9836116227655207 0.00799243849441675 0.37792744237249665 0.13935209771641
0.9835818873155331 0.00939545731626514 0.39171212798531524 0.173118799903218
0.9835671048932229 0.008387560750554773 0.39505779679928693 0.13934538170892702
0.9874168357562112 0.010271712114997542 0.4076641552432146 0.14852177387135437
0.9908303432715474 0.011233524187491819 0.41906621232045516 0.20309844424107726
0.9847609860071473 0.013061365840144064 0.41279682564263825 0.13521294096143302
0.9839308958939444 0.013646805059593313 0.42570294805239045 0.15590646543692938
0.9904797149286426 0.014498968531667787 0.4274800140199265 0.15472459537200017
0.990147175234779 0.01472658827410689 0.43659338968051403 0.10568188745961105
0.9907903729769099 0.014890106501862767 0.43583151557104566 0.08664531094664751
0.9911170024743726 0.015486725663716814 0.4486923832107904 0.08863497334615049
0.9903369571210537 0.01734717960821336 0.4396671267445969 0.06895303124353404
0.9889545316737818 0.016118960458428557 0.4469382230177747 0.05666063079376233
0.9919531838706303 0.016165880267195416 0.4622083024498476 0.06264764534437797
0.9834872872373444 0.017476369161963722 0.467474399898832 0.06982287160231818
0.9923958674627513 0.016271306887637848 0.4520629002909296 0.05236442026896612
0.9892237496688352 0.020243456276929996 0.5500820382264255 0.05813305005975302
0.989380964263793 0.016901314970755383 0.48040405080562376 0.07722007722007722
0.9912102371398598 0.01756139534279955 0.5489411365651301 0.1270326090118393
0.9846669923542469 0.014714943332286673 0.4441818937578239 0.1347111265485701
0.98690942761624 0.01564439358904066 0.47068300409393704 0.1167029310124152
0.9890244033663279 0.016104817797188482 0.4917730416690097 0.1318033331487736
0.9897712253382357 0.015004513821607161 0.45805956317766644 0.10682933736077024
0.9906613098500774 0.015026594543829073 0.4599883654964856 0.11884508222994797
0.9856944657061338 0.016396011133435327 0.46776646300067887 0.11517354596622889
0.9911139236531701 0.01708666843034595 0.47233491335929373 0.1458924332773693
0.9905838996517564 0.016908123687316992 0.47102310294272653 0.14891372526657923
0.9906295598524192 0.016521091043149222 0.4888633792692237 0.1624611023816126
0.9954708619436919 0.018013260937502405 0.4695295983086681 0.1598697839597514
0.9889014401702636 0.017075469595315352 0.47925845912622966 0.12978481899195787
0.9875081582038898 0.017484867782044604 0.4766651720054516 0.12296575827097493
0.987958330574917 0.016859098468386517 0.49591495998278623 0.13653145799321864
0.9850543235919089 0.01766000204602871 0.5213502960070537 0.15287134180011044
0.9817394381584823 0.01919386128410926 0.5203201649567846 0.1675694771549694
0.9943086193559874 0.020904163347774563 0.5418479612881482 0.16518165275773358
0.9900155426408974 0.02074956666784834 0.5625374910659587 0.17694128929780922
0.9833459610149031 0.02088511184157781 0.5540951310979951 0.2773460311755986
0.9795325285289693 0.022296945904184715 0.5653328523026728 0.20512733446519524
0.9815647866600059 0.02326691634716445 0.5657607163688694 0.20131970915147826
0.9867978520146411 0.026668935485617492 0.5920661590231528 0.25134286422609703
0.9858625410182594 0.02613185222850214 0.5975164898148745 0.23641274986493788
0.9822182295590907 0.023707663458731994 0.6062114218984597 0.2868938861560084
0.9879724583410155 0.025405252471457578 0.619942449123223 0.25205068111908596
0.9841764128020835 0.025876158005009666 0.6310871762311613 0.3101245895740566
0.9757497956264051 0.025457890322755188 0.6489386698299362 0.39139945886822863
0.9765466987172516 0.029976391577561025 0.6571917224329739 0.29247213059997496
0.9845706754106792 0.023858640059957862 0.6749188700688749 0.3000261917234154
0.9851063802085028 0.02563659632031999 0.6770212917182407 0.3238299925435326
0.9922427546126016 0.028177741844545034 0.7081662650967556 0.3385678687291363
0.9815128073379297 0.031838548480007264 0.7204374303542304 0.34102961190107467
0.9881854459332317 0.03673052362707535 0.7354774173393058 0.28452986621443377
0.9862869225546109 0.04243089512024748 0.7579943249985718 0.2800208581644815
0.9797972815553866 0.04128681898429676 0.7649959328799403 0.3437780571018136
0.9892817733559341 0.05125113766651301 0.799571809926503 0.3128477596954357
0.9880907543756392 0.0478440282098614 0.813238480471891 0.3385444267797209
0.9813728329157592 0.06323566366788963 0.8371569943568108 0.34335519654884006
0.9908788916707891 0.08031242654902457 0.8677633665151618 0.38108477666362806
0.9926597037158007 0.12894975493942265 0.9200510603020283 0.4182948490230906
0.993162610222386 0.11562704177716285 0.9164018743733029 0.4915379407963567
0.9893225859746487 0.11872274445198178 0.9171288585354352 0.5846338535414166
0.9902123217483743 0.1254745133066726 0.9178405221975601 0.47241261137765594
0.9961387225476985 0.1264314261456586 0.9242958833791182 0.5598331729226821
0.9879512008053305 0.1325807974591184 0.9254050873648876 0.703306310602448
0.9907789910298294 0.13690239439980909 0.9220078642417253 0.731057519960893
0.9889940927107169 0.15298727610735716 0.9302906936925314 0.6970224897054166
0.9886569894802725 0.14712220477556986 0.9272689533495927 0.6707871985439102
0.9898730365230799 0.17296554432119368 0.9296095436876349 0.6757153338224505
0.98981063467565 0.16439344810995127 0.9268404096937057 0.7302114803625378
0.9914174888860219 0.17130710803763746 0.9307262203236698 0.6060806345009914
0.9847295269654823 0.17398514194746617 0.9249691730716398 0.5681654377113711
0.9911032545877062 0.18220197490817153 0.9331976457052951 0.5499031007751938
0.9936097697792985 0.1998819902702182 0.9368616638695756 0.5704426591901656
0.9885528637798047 0.2159943657867256 0.9348214985140197 0.565061069105906
0.9871925526345516 0.2030821516465487 0.9301849963351286 0.4844376379442367
0.9928954736779012 0.21707125330538152 0.9241634781722201 0.3135841783290036
0.9895561898427154 0.21953139881897263 0.9230650283119931 0.2649846836633783
0.9962379945428906 0.22081638617599064 0.920289097388785 0.259972985141828
0.9908857490900338 0.2240688251526465 0.9285802710216704 0.3633175031815501
0.9924726128138834 0.23168714700513335 0.9409041287299381 0.6829365758976994
0.9878408845276493 0.24811407991434273 0.9365122528376048 0.5976620076238882
0.9910878049660531 0.22152395915161036 0.9379593610079693 0.545021526060273
0.9908605488934911 0.24015430160581322 0.9349189921137189 0.45913588639625347
0.9888918740920557 0.23073706220595921 0.9303371551656348 0.3895789887266902
0.9929965196046461 0.2268713259307642 0.9267282654415252 0.3354254739735975
0.9910537399487003 0.23212799167533818 0.9322795923238651 0.4376033459780177
0.9851732536022852 0.23770513499205928 0.9303433490442524 0.42488996619251135
0.9882338910240596 0.2655682126390019 0.9391233112632843 0.520259380036733
0.9917436977985145 0.24801752641058036 0.9332583513451916 0.4114954367293222
0.9874800918118793 0.2837526627900282 0.9335237749790534 0.40135189941868327
0.9886074857433286 0.2875828017664377 0.942190789668772 0.4769308878593641
0.9925495666917421 0.2749107745731649 0.9394409847936278 0.47705760671973924
0.9969953570974333 0.2932327503646624 0.9437450773937339 0.4574753031306702
0.9916057779918634 0.3027272172000977 0.9466679596650802 0.5713024126602847
0.9878594456760948 0.2798097810133271 0.9423721493243931 0.5546133315314706
0.9912190136512009 0.2865531597589014 0.9450063279321148 0.5243887379599901
0.9892544728861522 0.2897882056530982 0.9461780041973801 0.5861026175195726
0.9907040331239305 0.28896062591438204 0.9451840289763717 0.5299984841594664
0.9869033856884745 0.2855054036872219 0.947361303909776 0.657331136738056
0.986480480632615 0.2908573029510646 0.941234458214997 0.5638095238095238
0.9905676108639226 0.2854592342789129 0.9504243416632657 0.6502376103190767
0.9902832995716898 0.2855536517455558 0.95116966293261 0.6476033804270692
0.991331684082435 0.2994809378915339 0.9562574121361096 0.7494901675163874
0.9914110584199375 0.2935452538631347 0.9496275681564498 0.6027275685590037
0.9910554314692774 0.29575395041665226 0.9515586711409284 0.6584570168993388
0.9910359941437004 0.33668050593801296 0.959539195461362 0.6762198492827839
0.9918731041456016 0.3349516586097683 0.9580765191121751 0.6039201183431953
0.9877314211808365 0.3216613085411417 0.9583552686265274 0.6728428750750423
0.9876772959894621 0.33042851674210183 0.9568250053071581 0.618141041614752
0.9794155713162112 0.3218259559788154 0.9537309142954347 0.7121803928086651
0.9950977175479763 0.3057692307692308 0.9630168488431187 0.7076504874670012
0.9845905713579468 0.27835942264687946 0.9575037205161834 0.7173351604912244
0.988800238809428 0.28693766640133944 0.963904142931566 0.7907965415218453
0.9871075815995886 0.28211974344835594 0.9631370166076847 0.7852306390181972
0.9833775269981614 0.26666666666666666 0.9614207988097155 0.7950666111573689
0.9908423460782732 0.190421688098925 0.9563524583137604 0.8193744212367527
0.9914201468647468 0.26926307537238214 0.9652549177210441 0.8178513631271007
0.9904110013455137 0.21097941738155143 0.965742303243833 0.8514277215942891
0.988497239204838 0.2740170765376553 0.9612493175716539 0.8549607389197833
0.9825019728600677 0.24354243542435425 0.9625492506837204 0.8773679678530425
0.9875844986955852 0.35528392763184524 0.9709897360513966 0.8505734571272529
0.9881055126995703 0.25520335793892024 0.962208300596838 0.8232954430737548
0.9909808253856713 0.2867073429863704 0.9654905184961415 0.8212383876860886
0.9859777674111664 0.27763741681045107 0.964221176942574 0.8703078951450287
0.9892987579655212 0.239659869561628 0.9658557975897414 0.9085061313329577
0.9819638906364989 0.2827610483535473 0.9658478467198572 0.9078917868619685
0.9872046144747872 0.22124256715193766 0.9675363054432286 0.9333247828795486
0.9873015910857241 0.26188323917137474 0.9710169389154891 0.9060349844247424
0.9918476494898463 0.18753280839895012 0.9703283860008816 0.8820462003313948
0.9897166520247733 0.21877674889113688 0.9711201024243717 0.8921865443425077
0.9891729360218947 0.2239514139305371 0.9677297299505992 0.8338877281724214
0.9900894082028479 0.19878872927360686 0.9695734020348854 0.8934559073884917
0.9876927236608389 0.18813708628717649 0.9700514448743655 0.8915611758649366
0.9900466782553451 0.21389388686531793 0.9740683483956487 0.9137144950049887
0.9918746991746432 0.14530502964237904 0.9708789095328602 0.8957709400057965
0.9893834301394748 0.06575855165810776 0.9665173532503886 0.8683010386663176
0.9893260155863923 0.03565989181240481 0.9714553418261015 0.9074889395935769
0.9919480323865761 0.05762942779291553 0.9730022107734128 0.8730779330668457
0.9859403195923745 0.06796421283942866 0.9648684507217156 0.8604508215520958
0.9877468965552142 0.11180787191460974 0.9688391107535117 0.8728889194013456
0.991837367585714 0.07694140066698428 0.9700163536580397 0.8804376679828781
0.9920479492278571 0.08081041968162084 0.9707285193807141 0.8972585940899561
0.9896067288705326 0.05619823396536382 0.971813926440831 0.9174164947548611
0.9869458876109037 0.07979742677251574 0.97319409861728 0.9478665718786156
0.9871987311308246 0.05571670292482475 0.9722942313176243 0.958626339417374
0.9848576287924508 0.09343152081004669 0.9693970150190517 0.9453661906406698
0.9927695393993734 0.05523163362662992 0.9722338461320691 0.9569236386165999
0.9882805155477414 0.03915087410019098 0.9698625118524266 0.9447276321898761
0.9870526175959756 0.019873726503085092 0.9604456289686258 0.9156347634763476
0.9893285107368783 0.03260982990712721 0.9611254251645394 0.9372876633718537
0.9838633764214547 0.009158799492743412 0.9524004496281848 0.9383239366163544
0.9835691645843466 0.005061734235299683 0.9456725851662724 0.9286022353802587
0.9938424556213018 0.020442755149211567 0.9491178886835079 0.9255388157740948
0.9885274718817786 0.02261354278837018 0.9293648619204077 0.8990187828737524
0.9921503196707915 0.019143616190029692 0.9340448165020928 0.9166655716882377
0.9942200961127957 0.010317620878009305 0.9351832158392972 0.9257637214099862
0.986439777893717 0.0 0.7602043318348999 0.8460373107127472
