0.9860219168712916 0.0008230567075150339 0.18166136306770428 0.11895370562590823
0.9815836862056321 0.0006874305429598995 0.19008839042462286 0.0020093770931011385
0.9861350429377664 0.0003945770942938082 0.19629805547390064 0.012513601741022852
0.9823258714165108 0.0017126636304436796 0.19566859572363568 0.1630813953488372
0.9824348268636098 0.0010777460176218077 0.20357272015546699 0.04158989207686233
0.9831096700873987 0.0009322995014609635 0.1806286066570767 0.05542103847188593
0.9875025702576953 0.000920858020702687 0.18407064032960446 0.13234926194645985
0.973050436884887 0.0007980007162543014 0.17586911265508762 0.06018194541637509
0.9855992258175159 0.0015414478191367893 0.18884058296780934 0.2180209171359614
0.9804636608112958 0.0010652267649249344 0.20004578147592078 0.248096983366225
0.9877320930415792 0.0016883295309636733 0.1914264334096085 0.21332316297991355
0.9798535992140149 0.0015934027261849833 0.19797734839742454 0.1422774537154451
0.9879416086175854 0.0018848549671072426 0.1957628374768788 0.09716699801192843
0.9786047266596739 0.002868970640704193 0.19770151266981406 0.20757642888790429
0.987299759458603 0.0020002284849869605 0.20601296699184654 0.21276091081593929
0.9786441519741743 0.0022419122674089066 0.18922722362484676 0.09621993127147767
0.9863505868956912 0.0036514442669368374 0.19758281418099027 0.03729767769176636
0.9867223817726972 0.004757609452246176 0.1970234568221825 0.14641995172968625
0.9871268083498811 0.0035890096504258367 0.2063339579777938 0.18551433014885582
0.9804349731072655 0.003771066887940508 0.2089289175259771 0.2007144451886582
0.9822014574518101 0.004435819240365955 0.21369823090661955 0.18475649705175803
0.986986528068376 0.004376267840966893 0.2010489944865273 0.20386266094420602
0.9862044122175547 0.003892729057305223 0.21907444907491552 0.2563820422535211
0.9904436327016815 0.005464606557736961 0.22433099122171515 0.2658314350797267
0.9913330610653721 0.004831730241972967 0.22140929603106976 0.17068134893324158
0.9927835542098061 0.005257140236613001 0.21978549224642502 0.14686873189213281
0.9840961717114294 0.005010864589855156 0.22375567783391392 0.2366360993066428
0.9880569794722776 0.00596652404789285 0.2324127770137991 0.218863361547763
0.9878684813904803 0.0052895523510107685 0.22689408869362918 0.20409134157944814
0.9899830329189768 0.0056892600297550186 0.23322939326280087 0.16301126259632484
0.9876390102589272 0.004636317304078786 0.2269555378924231 0.20502188435844276
0.9886257793089099 0.005577837447348112 0.23085024112066094 0.24310002207992934
0.9876864646365963 0.006137945473392874 0.23041507030247393 0.2128
0.9912665256510514 0.006239034152287937 0.23776568911732074 0.22273781902552203
0.9907742253384402 0.006024657111089972 0.23470266068116616 0.11430281268701377
0.9903505189033911 0.005320641918954966 0.23485406948745483 0.19883545395729998
0.9905650215432824 0.005551083418349926 0.24128578141122806 0.2667520273154076
0.9905767397871803 0.004717611622338249 0.2426230862580016 0.15903307888040713
0.9915627853197598 0.0036849325706002642 0.2414024780862799 0.23872324159021407
0.9854977048700646 0.0035256590814154083 0.2590802767055274 0.28988108593224143
0.9847772202851021 0.0037809250438970024 0.2528470340340721 0.23653846153846153
0.980560172209718 0.0029112548213650192 0.2642676180215384 0.1516384664810452
0.9924709932742373 0.004703606762128893 0.26037523643196775 0.3527714815577993
0.992628411777348 0.004094927873429502 0.27228721258572003 0.30866425992779783
0.9888809639045266 0.004804985211404697 0.2676357134705368 0.313635456178878
0.9887958243072117 0.004328141824008681 0.28048961233604097 0.20742441637964026
0.9852074210469308 0.004148412319131959 0.2768001133407487 0.3748151278259032
0.9865026225474325 0.005469838757563687 0.2815455316944388 0.3457176378568635
0.9895947602553873 0.0058626430094192985 0.28295937876248617 0.2668711656441718
0.9943343141477101 0.005993182515883208 0.28395264927560854 0.208955223880597
0.9848020603235034 0.005932124213784135 0.2854577018449814 0.36432066240120436
0.9883837587153358 0.005998114940570389 0.2942981602966562 0.3837509211495947
0.9886634673589486 0.007959428438924644 0.3009530500303015 0.35193053759467946
0.9870000269708984 0.00782586441454183 0.30108287023815655 0.2778297474275023
0.9911960698477552 0.006793226564001192 0.31442425612833425 0.3269330565646082
0.9841015362452211 0.008527230296448625 0.3125612963755084 0.41554719684757296
0.9878118201357372 0.007668830120140714 0.3177426691041467 0.3540842029507017
0.9915919249132694 0.0076934396308857836 0.3267155808358428 0.3643636363636364
0.9900318870840166 0.008035001723641275 0.31953385882192975 0.36949399344739714
0.9872571188348027 0.007746305507023301 0.3230502443673369 0.33109421955099877
0.9877378701659584 0.007750975174252449 0.3393924447281379 0.3261742622664571
0.9814279885382569 0.007242999851432156 0.3562610683789249 0.32292208918965815
0.9948887731307489 0.007367481625352294 0.3558986306049315 0.3794367283950617
0.9867450044102503 0.007480844465618386 0.3583088099309235 0.26933232742361374
0.990822940336392 0.007565957315219016 0.36314934195253484 0.19503471491689459
0.987668046128973 0.006878393245558506 0.3807293471467017 0.2039882697947214
0.9902725685500696 0.0069622775728894965 0.354136956151117 0.20748829953198128
0.992437317674868 0.00641119795089043 0.3698841282412863 0.1497784627239453
0.984905473563362 0.006264336470938228 0.37891379768566075 0.26263297872340424
0.9897628104058745 0.006831535252415134 0.3805589324870029 0.2189840113337381
0.9890696145802211 0.0068451647089067145 0.38859895751567136 0.2326104056635577
0.9881656093810073 0.007640708001544579 0.388048970872191 0.3012493625701173
0.98558798943231 0.007297826268010327 0.3847215158283131 0.2773409578270193
0.9855087409212292 0.008634286327236803 0.3961832887334014 0.32454222465154414
0.9846580437744336 0.008043135832638536 0.40468357307940034 0.3850733265572818
0.9879525206773369 0.010246507828380831 0.4157069350577889 0.36543995153718006
0.9922573677943141 0.010891821219911516 0.42298243960172033 0.32264310783008593
0.9866299868404909 0.012568440633113917 0.42156461847900967 0.1974014724989173
0.9840643853525721 0.013583917591653978 0.43258469189247345 0.26221995926680247
0.9912469852186164 0.013622795192591021 0.43478652703374143 0.28104033794417294
0.9915143200300025 0.013798982117119836 0.44989848101975516 0.24504117436448264
0.9917890169248239 0.014708202425974424 0.4608483409195857 0.28205546492659056
0.9921526856431853 0.015082714147684652 0.46956170073584264 0.20365448504983388
0.991623857225479 0.016971477863694472 0.4680991772954234 0.17047932810542435
0.9900442944032664 0.015639635318253856 0.4810499749886661 0.12126192317607631
0.9929898274319585 0.015306097371158935 0.49106905083547586 0.1345595353339787
0.9845006090133983 0.016224416204521152 0.49589521098559197 0.16294827301272516
0.9933729018510618 0.015404513032019299 0.48214477125368216 0.10658264451537224
0.9904204859115788 0.018636093081261868 0.5759398217746682 0.10321066182038467
0.9908151088266497 0.01536994186094731 0.5014173127237123 0.17094408799266728
0.9924240897587112 0.0163813478418033 0.5584169342859617 0.23607087140628483
0.9858361475269878 0.01401965327675527 0.4502664454546036 0.28833010960670535
0.9880317487143294 0.015006104366408046 0.48806602044410297 0.26259226454089163
0.9899771517798537 0.016173285198555955 0.4989389880204206 0.32029956074026067
0.9917228369919139 0.015622280243690166 0.46467338099263145 0.2794656888423258
0.9925251770828314 0.014105017390571782 0.46360570382331623 0.23722794378773274
0.9867613130925948 0.01582595745660835 0.47486378139053986 0.23074586054990126
0.9919920101250169 0.01675761255514395 0.4802321951544989 0.3099623687858982
0.9918606813313661 0.01615027241238856 0.4773752924787104 0.29514791434583487
0.9920095581180645 0.016009398726963473 0.49743045478648246 0.32175296691639593
0.9966811258429508 0.017606982493004738 0.4804141695641443 0.34788314110090474
0.990550035769168 0.016550600277540836 0.4903976030058563 0.2858828155721589
0.9892659678370658 0.01658667215322941 0.4900562863815176 0.2418002579694122
0.9902328418623566 0.015602288796080109 0.5042739096566322 0.3008623253047874
0.9869747424610794 0.016018346302051824 0.5281429007165477 0.27981090100111233
0.983769040415315 0.01708862400705327 0.5262605427721644 0.3012290502793296
0.9946549587099768 0.019544019939419188 0.5444085679203238 0.29792038027332146
0.9910472940358735 0.02017650009229616 0.5681633113511907 0.29627567778210767
0.9843960901408859 0.020025924469495054 0.5582802489858169 0.3629605477665471
0.9815079593197121 0.020850758976628695 0.572369548696524 0.3481825811866486
0.9842758524942328 0.02163984260587861 0.5721695078490695 0.37848769452252007
0.9891021129396966 0.02511158233316774 0.5969232396595481 0.4940592303599929
0.987266323830471 0.025460280360133595 0.6021914460915088 0.4773629221673281
0.9835841468392963 0.023049397556679993 0.6105688245248242 0.5297909568100193
0.9904723152922328 0.02282433764300299 0.6286426197656795 0.49928923823062127
0.9861096954376809 0.0243740740345978 0.6369328319919132 0.5172383695557301
0.9773730515151051 0.022386614857472186 0.653060262758854 0.5324003921918175
0.9785412831478584 0.026834499966156368 0.6656951887116849 0.49185427752762995
0.9864701003619718 0.021651780813228688 0.6838414745478004 0.5556851835232882
0.9847907657291497 0.02228234842241654 0.6831033779650649 0.5165536497806142
0.9942557122733842 0.02523285531356432 0.713717386627722 0.48606532813904707
0.9832626885568405 0.02816226681444652 0.7268461563502873 0.5490029698769623
0.9901190925760825 0.033171827062206935 0.7453541865315286 0.5436236268110174
0.9882077602877126 0.03926800739037391 0.7686753264954505 0.5498996386993176
0.981863404605579 0.03909814214258231 0.7722245140883681 0.5318281592975854
0.9907870014930613 0.0478492804708215 0.8058299767450049 0.4947912924779079
0.9891588847095715 0.043655410772170104 0.8184859528872128 0.47695554496562054
0.9825448465497618 0.057341176234403705 0.8413160209230199 0.46686846088043693
0.9919626796438655 0.07700497446601183 0.8715481022131272 0.5094689172498971
0.9941990149830944 0.11874567438830762 0.9256122242302155 0.6300390657468207
0.9939061614800054 0.1047506893382353 0.9174927226673985 0.5245593759029182
0.9898966023737799 0.10961951295326722 0.9171284963504579 0.5892843591105714
0.991736219850311 0.11409436710909679 0.9227794065607842 0.6785106954264746
0.9970705799266865 0.11571743153411147 0.9264446989043711 0.651552322138567
0.9885072485825807 0.11928352842988295 0.9248557036876124 0.6522979139504563
0.9916538846522212 0.12456785217564077 0.9217070373799542 0.7002436360581366
0.9905751378009864 0.13880695036566226 0.9307495235168517 0.6977236185156978
0.9900483380194893 0.1325583910034602 0.9280217943121888 0.6894054236146202
0.9912029006456586 0.15667007995816903 0.9300394675400272 0.6880842972587545
0.9908037695749711 0.14932861302553574 0.926969170213191 0.7348347854676969
0.992512252568037 0.15328913819479859 0.9330599432644981 0.732469391000159
0.9858159441878822 0.15425303315812092 0.9273880055872562 0.6847136081722
0.9916206937488946 0.16070019370112634 0.9356504092237016 0.6963067339068526
0.9944563655859919 0.18102599628103694 0.9394159850286934 0.6805575411007863
0.9888927056899633 0.1988482096112403 0.9382684908762912 0.7396175679713176
0.9881544968454911 0.18169702354509107 0.9365540470094416 0.7582916855974557
0.9934701811868841 0.19194758784991067 0.9381057666239733 0.652733528737097
0.9913774305035273 0.19516018044192981 0.9433703186589388 0.6632377523466633
0.997205918317437 0.20164088081703205 0.9403047896310621 0.5992195894361817
0.9920941745141376 0.2034853282142056 0.9416046395832801 0.7126322751322751
0.9931486601420426 0.22049803729146222 0.9430098330221854 0.7703688411780897
0.9876082198164655 0.2344741419437027 0.9390705404160743 0.7452080411407199
0.9919357263559225 0.2024349821519633 0.9428831336648462 0.7765971938428007
0.9916788801483564 0.22251030021434715 0.9437463974153423 0.7849728788589031
0.9890559021569597 0.22202075281910105 0.9436423251295337 0.7800927396303119
0.9935111675036612 0.21094098799800404 0.9443811062345655 0.7782191953588095
0.9919048117930541 0.21858861788617887 0.9429036587567464 0.7377096587622903
0.9857263678507551 0.2239450467687075 0.9425524365177607 0.7947772849378397
0.9888746370956898 0.2554937204903868 0.9470887304662318 0.7923122765196663
0.9923227667054701 0.2388696311542003 0.9479569768684883 0.8133551631388142
0.9873426023084995 0.2708125533052893 0.9484071542647556 0.8054858576642335
0.9889068910854159 0.27046726942820365 0.9523047835844769 0.8073048567730317
0.9931615074259299 0.2686918177364037 0.9506321234271315 0.8214084507042253
0.9963132769847481 0.29010466928958506 0.9559683120896483 0.8202824828183344
0.9921663987371524 0.2884104528325199 0.9529202693060915 0.7560975609756098
0.9885183750084108 0.2600241403674046 0.9501968372148382 0.789999490290025
0.9918144864123255 0.2713885865339761 0.9544142659633371 0.7971524877999698
0.9900206477303628 0.27315484229760867 0.9532035977159838 0.8023358523898322
0.9912862955938945 0.2652160657263435 0.9543653982431319 0.8031894756766988
0.9874647406446705 0.26189452222806264 0.9523709487296197 0.8504988192202034
0.9872312547566167 0.26972890858691057 0.9496116400824315 0.8181776971894832
0.9913223073968532 0.2603568888815387 0.9558952999006223 0.8617990976889789
0.9909164737703 0.2579542607637522 0.9571894086551974 0.8663175796634444
0.9919864571469861 0.2890446632420091 0.9587494721173425 0.8418297288019224
0.9921965904362091 0.27908192701572193 0.9589614467318877 0.8791120620486761
0.9914188669866854 0.2927751280692457 0.9586523186306913 0.8657529854933077
0.9922122647047313 0.3513100525650951 0.9662535403651848 0.8702683698581976
0.992965789516016 0.3125313492726969 0.9669345783593556 0.8858560794044665
0.9884854966158009 0.32026804350214216 0.9639184551047738 0.8533443080556848
0.9886361955939379 0.33890832414817657 0.9662962165653086 0.8685527120901271
0.9799098111791978 0.30471507816439736 0.9610253911401021 0.8981306747374043
0.9944532568743548 0.29705405131325424 0.9708394413225833 0.8931305467109274
0.9851466599558203 0.2792145724663408 0.9642103977319962 0.8841129511116975
0.9895281776890709 0.2610229774741715 0.9676629416919298 0.8899524689728017
0.9881317240881345 0.2869060032772233 0.9685689414475526 0.9026956763950358
0.984570590704238 0.25889305921236905 0.966879563064641 0.9082087274946598
0.9915078894267102 0.19410302444413755 0.9599936235257617 0.8734857919166761
0.99266125189757 0.26545599453489693 0.968903357926672 0.8705885539394924
0.9917543021032504 0.20571238389156152 0.9696517713191996 0.9189345050116711
0.9894537166644755 0.267194988085995 0.9651369926981042 0.9080718649684167
0.9833594359624696 0.2495035773946481 0.9655505326318273 0.922114330861177
0.9883460376417108 0.3332651893041132 0.974976166750784 0.9337355283083386
0.988114787451909 0.25771680548750614 0.9657331843159811 0.9026750270660412
0.9904526787885337 0.27911491879564854 0.970056358651576 0.9192798299229338
0.9865455343847087 0.27558624045743485 0.9663927378269898 0.9103834464382364
0.9898347368009224 0.22518576023067538 0.9660952007179342 0.9001202420610672
0.9831525234070115 0.28706744127304873 0.9665331692695586 0.9230799136908812
0.9876443927129076 0.21674770726903428 0.9687588348173741 0.9304252103662518
0.9868392517974639 0.24389291293850304 0.9697930731309071 0.9164404704880516
0.9923856218589336 0.18234903318297843 0.972687245006896 0.9055442176870748
0.9900973136381255 0.21647319382923477 0.9716156864996535 0.9012779502371535
0.9904161941650343 0.211625593988286 0.9729002336862723 0.9131338961118984
0.9903875116064293 0.22643876430923632 0.9737138913136152 0.9287979495199618
0.9885927323878796 0.2086970981957263 0.9721550577290956 0.9138599966980353
0.9907300072073344 0.2251007234761513 0.9747174014296996 0.9168972204266322
0.9933509929065406 0.16108140673243468 0.9744775455758115 0.9352455454150369
0.9909629064619364 0.07498754359740907 0.971756560501439 0.9258011318471413
0.9891899960577231 0.07110678816422648 0.9735089917154981 0.9310452907067858
0.9925677684042133 0.0915605604965129 0.9762074342925812 0.9047339169528051
0.9879883383403059 0.1245660241829283 0.9737637461484617 0.9164478749235051
0.9898427132315454 0.20210265924551638 0.975893053177914 0.9229369156288111
0.9936737021888058 0.14190452449208527 0.9786602293301147 0.9377151520556497
0.9930068432673862 0.12202448424393561 0.9749831119682781 0.924051365108746
0.9912060774910252 0.10958433527997252 0.97408858777268 0.9199814709661994
0.9890855099615187 0.1826309067688378 0.9731342696979614 0.9303024557411816
0.9891741134241744 0.14126549094375596 0.9725454504750408 0.9410315190032306
0.9870476076477468 0.14061805952154324 0.9705754500099746 0.9404128615261715
0.9947581907182292 0.09547060045709536 0.9741841531001652 0.9570382314635755
0.9908223068619162 0.14149496565979863 0.9733245116220951 0.9519265550251422
0.9895266315526827 0.07065252748682584 0.9649710822884852 0.9298721548021937
0.9907608715942848 0.06075541443533482 0.9665815248453391 0.9600397470179075
0.9863298393374361 0.04126255628680291 0.9575785634092294 0.9542013336596109
0.986341665037286 0.02543881963876876 0.9514811636379293 0.9468992737283424
0.99593750885628 0.04918936297248886 0.9554009979937239 0.9422019634925228
0.991552877737023 0.05560175176007539 0.937393237886248 0.9136764877376045
0.9935154182445572 0.04773705491065606 0.9392115292248685 0.9286712854956715
0.9966698926195385 0.026771474139895193 0.936331624555366 0.9288594842365586
0.9882443590382256 0.0 0.7577282377222658 0.847957682132574
