0.9838118513021358 0.0025395005880218076 0.18077236665563998 0.11147880041365046
0.979849304798096 0.002167661136646677 0.18825570408958006 0.13498661406227982
0.9844304275789902 0.002059163327300931 0.19520314600429364 0.17083091226031377
0.9806243687126701 0.005377285749085499 0.1948189794251718 0.3169230769230769
0.9801762501978857 0.0046714036837528705 0.203200578851827 0.32186616399622997
0.9810285254460814 0.004615481429914298 0.18000665182471645 0.3317669172932331
0.9850633677120556 0.005185243052164912 0.18358354137946825 0.30052681992337166
0.9715902465954221 0.004283614325090283 0.17505259267570975 0.3971236372071445
0.98386219468272 0.00637895351151632 0.18784197838090053 0.35360256998623224
0.9785584440645176 0.004575137840691354 0.1984700865066203 0.4458088627869728
0.9860847790652438 0.005887570019960157 0.19077530871863332 0.4215369311116638
0.9781277437157382 0.0043210165354668414 0.19608490879143442 0.4241048915784165
0.9856364842938051 0.00544996569579476 0.19381342148310127 0.3912616593028964
0.9760674469565987 0.00468776208364052 0.1961229738214726 0.4209020902090209
0.9861460071712175 0.0060117934987281236 0.20543759091599906 0.4110320284697509
0.9762380672978835 0.005684104921169135 0.1882094743880571 0.3607893607893608
0.9844342422443764 0.0077469996130438675 0.19753340136625375 0.34518113465481887
0.9853591568682373 0.007484479781235058 0.195436384314109 0.3044183949504058
0.9847497809185758 0.006865834091406562 0.20605911953666486 0.31841074426412985
0.9800293922251525 0.005510991118257612 0.20660062446913383 0.3522578227468615
0.980779583479281 0.006542733893018731 0.21002459705043236 0.16051006983098876
0.9867491269393875 0.008564118549585255 0.20022516133607546 0.16819608790147308
0.9853828589356992 0.007021692068700909 0.21785136292573484 0.20177824267782427
0.9892666495722511 0.008003697706253548 0.22181880139389784 0.13051069402007856
0.9898923333952107 0.008459899720611525 0.22037742356920545 0.1383694150161216
0.9913630122916336 0.00823930923362254 0.21979960991774353 0.12006788290199406
0.9831879757629539 0.008194398080205584 0.22324383934870218 0.2251259017285967
0.9864412155331338 0.010390854360308413 0.23215433042830902 0.1750343878954608
0.9870013804362742 0.009135193993925154 0.22716610615646107 0.12280204197390811
0.9895263674763657 0.009858554357391146 0.23268542999885464 0.0857397504456328
0.9875445010258878 0.01030636314840217 0.22723805260966765 0.08501615508885299
0.9871569574845585 0.010293412565026833 0.2273234013980839 0.0648712032378863
0.9871673230149282 0.009213099177682219 0.22830216697919908 0.07183908045977011
0.9903053501650558 0.010098064683058353 0.23174702710728476 0.06247087917995771
0.9895760492464696 0.00985114439453634 0.23276362882302754 0.060922945144366324
0.989317481934067 0.008495261136406201 0.235229979957899 0.09561752988047809
0.989820076337186 0.008878398479464507 0.23787633913545986 0.06047537209377736
0.9899778606285523 0.008169028654184339 0.24160867232446023 0.17021517553793886
0.9910296688385511 0.007721452754057201 0.2362234195894301 0.05777741353876414
0.9849485624682212 0.0061857987462995475 0.25779383645766507 0.1552538370720189
0.9839604395119205 0.008712499081181548 0.2522678067362767 0.12962339149767568
0.979165210095784 0.006168583069648077 0.2629178893955668 0.14704836415362732
0.9916863940436854 0.008348898958848116 0.25990698252234207 0.22741782417392806
0.9914513709028075 0.0074516607673912535 0.27110687989926985 0.3938311688311688
0.9884161081689682 0.008589422867756564 0.26784059597139215 0.46476190476190476
0.9879389530810749 0.007754776749852091 0.28049475877578645 0.21388518024032044
0.9844504934089641 0.007298565063473999 0.276130474299394 0.5063617923658491
0.9853901065598824 0.007381024264906143 0.28085004898091026 0.41450480149061203
0.9880447015236109 0.008611427244099332 0.282969553606189 0.35767168751595607
0.9932658282695939 0.009424443715923523 0.2834430133213636 0.3577322331647591
0.9830438184165835 0.009882724431373306 0.28545185596573763 0.4473684210526316
0.9871268574313027 0.009938381597626486 0.29442862764871547 0.4472318339100346
0.9868493629341221 0.01039249710242244 0.3006524761178252 0.3688648376541656
0.9865096800768914 0.010950507156630662 0.29926695921382396 0.2179004958112498
0.9903606692932536 0.011299649234071056 0.312425728395765 0.1683011705156596
0.9837526842998419 0.01294052163951767 0.31158154368339525 0.3335711373827966
0.9866705012345002 0.012462110814551784 0.31607324289265337 0.25076833624055156
0.9908559423869587 0.014386937258350895 0.32628005771080476 0.29053838802166293
0.9895152642288197 0.012633503523574136 0.31753568588389336 0.30082644628099175
0.986648196007574 0.012867427660255034 0.31993833238746144 0.2052504216469898
0.9866776540083011 0.011131816458747628 0.3350957586202158 0.25881077173323697
0.9807929041546212 0.010632377344808746 0.35032343051998455 0.2118029877237095
0.9949957277759839 0.0121352570018836 0.3522448198812368 0.21084686774941996
0.9856181970158077 0.01067636070701573 0.35691180203458667 0.2749301025163094
0.9895783824289585 0.01352560019046516 0.36060852545897626 0.18090995863824372
0.9867545077084328 0.013012182350835797 0.38003867188040186 0.2783954460553233
0.9890551182937545 0.013589004767054635 0.3524822672017474 0.27099767981438516
0.9913551122440126 0.012816618225161608 0.36504153345847423 0.14893502000216238
0.9840031310010362 0.011563345550093059 0.3735522635367115 0.19314285714285714
0.9889928818582745 0.012614737105130619 0.3705709668796343 0.13617816420699386
0.9885889525093429 0.014010829170619715 0.3807774044616381 0.13482223499466295
0.987660433591309 0.012678926480207011 0.3804700754230234 0.15891006661732052
0.9847409884284931 0.013193733886495924 0.3770347946106234 0.15837390457643621
0.9847797908045619 0.01438364411231177 0.38939719017195895 0.1691481571881865
0.9843472014165603 0.013957276318499242 0.39213714881109796 0.12779460550988028
0.987178340700853 0.016057885408911978 0.4046450947735744 0.1360869230176466
0.9915338393345658 0.01703062596045769 0.41607717554089796 0.16443800261829064
0.9861976140816813 0.018137722173261595 0.41068889647886764 0.12834748530372306
0.9837938940364458 0.0186923414951895 0.4150895256535289 0.11190623767397306
0.9912165517504823 0.019400199705846374 0.41833791809363824 0.10934123108941007
0.9912007765626186 0.01827706943640068 0.4308757168450135 0.10436960060097658
0.9914880406439862 0.01884064275075484 0.42768541258757087 0.07983948355578818
0.9921586324560742 0.01980448430769895 0.44202509722036754 0.08275775686218373
0.9913963105258528 0.020553338851840484 0.43447041050413115 0.06877289095441814
0.9900349998244156 0.019994690099301618 0.44341260699502216 0.05488914386379704
0.9926264973570348 0.01998317275426656 0.4634859222247065 0.07283775008503664
0.984632970307118 0.021885951256351316 0.4631387743845679 0.06971367080140184
0.9936180819831913 0.02139104430014172 0.4403115585155077 0.04756417511188847
0.9901214069546991 0.024304322561900765 0.5353343902791278 0.04926326376665829
0.9902382833381428 0.020455763542886633 0.4623722031756395 0.05886249172050939
0.9922806743030144 0.021742346080313 0.5382414237850144 0.10674217560117553
0.9855611206761622 0.01862161614937492 0.43177643928582704 0.09177377437547514
0.9880293683938669 0.01914460478876723 0.45714750483199407 0.09002712288754433
0.9899294319047169 0.019925573583430025 0.47616738408330833 0.08172608460289227
0.9909072013091323 0.01852296211423618 0.4500152890518287 0.09276074940779556
0.9918370985559519 0.01886233844304178 0.4487595466675463 0.09647946945110766
0.9866239481592108 0.020304148101566753 0.451133194535477 0.0807690070385667
0.9920716103265916 0.020674135226159813 0.46406685460166736 0.11555272824280233
0.9913168533464709 0.020128395787051487 0.4627491995765218 0.13158543417366947
0.991383773880488 0.020086811161071444 0.48215417039162156 0.140562344853924
0.9962046391219304 0.023852302925323032 0.4613578016468191 0.1297893459799272
0.9898905975296063 0.023312275171282936 0.4711856791332995 0.10001873967188538
0.9882202307776285 0.021993739465446666 0.47026337323444845 0.10735658901281896
0.9886830059487218 0.022823599707154044 0.49043488270480556 0.1317716287844758
0.9854765470841357 0.022266499847927668 0.5190229398891358 0.15423330437892802
0.9827347065767005 0.023223541473568657 0.5167439621769807 0.14964468482452523
0.9947126348302173 0.02508986467437271 0.5387401762247751 0.1608087357106296
0.9906940487524691 0.025356756746698524 0.5605032299322279 0.1601996538664125
0.9838207998607928 0.02433363119238062 0.5505909726487669 0.23798471756052275
0.9799874019215128 0.026857050818634372 0.5623699617176744 0.18254850725523988
0.9823172190495552 0.029580900288269645 0.5664097703592869 0.22052872062663184
0.9877900395975105 0.032334758030094383 0.5944665713454372 0.30088252777904795
0.9864888157489151 0.03119794890620698 0.5969551805818836 0.2531948311558506
0.982711003371619 0.02786520977695864 0.6100240182482939 0.37332769287716144
0.9890507282772476 0.02977452162919074 0.6231152674914913 0.2976719533575244
0.9849358022835198 0.031065539049046256 0.6314035795989773 0.31468651835276906
0.9760574804406834 0.029522806339823335 0.6506871246277726 0.43764406162804803
0.9776801534129651 0.03417917332575401 0.6590794410537686 0.31731663987818287
0.9858605263597799 0.027976636286706418 0.6777482698981736 0.35807247568822875
0.9852245793651724 0.031205591203845164 0.67854781825515 0.35762193730893826
0.9925536334349697 0.032707345704693185 0.70751523666673 0.3335627042835025
0.9822194726413104 0.03775936776589701 0.7224345923607524 0.3797480714773948
0.988957567939702 0.04331057611690023 0.7364574812519868 0.289412449098313
0.9871698882867624 0.04881962332706761 0.7603585334694402 0.3031716768877685
0.9807676060124273 0.046636583709941774 0.7657949255032069 0.33996216102585664
0.9898540808741257 0.056884746454763886 0.8009458152282394 0.3285192563081009
0.9883599950468064 0.05556769166848708 0.8108984216418369 0.29657007687758724
0.9822741556963428 0.07193028941092952 0.8342623701006828 0.28799633260455604
0.9910927464472304 0.09090636200447867 0.8703349807455936 0.4563425829334446
0.993630904218598 0.1466999838135319 0.9266079309717837 0.6217436352871522
0.9936693405613958 0.13286309957168385 0.9188450207368464 0.5663973063973063
0.9901102452601291 0.1317967987790153 0.914748947712507 0.4486058236444079
0.9913017037455587 0.1410196963893313 0.9168015687181414 0.40490065617400084
0.9969937220075643 0.14610088233794052 0.9251227818432478 0.5625378008951252
0.9886067302622118 0.14400408801014142 0.9183914729459319 0.5495915985997666
0.9915917977422909 0.14518809626562112 0.9149092859890602 0.5761029411764705
0.990034575647674 0.1604937010207105 0.9232700333473113 0.5371643457312415
0.9901738591434022 0.15412617708113963 0.9244730847965862 0.6841095283784782
0.9911812393243729 0.17389921478978232 0.9177574337296331 0.41181532636289314
0.9910208605661207 0.1634475818157187 0.8998708088042476 0.23722843431597362
0.9929729032351413 0.1733143550002636 0.91080450398978 0.2780027695764638
0.9856769031792342 0.1733574405491542 0.888153602162202 0.18164144334389193
0.9915985522764822 0.1826190633900775 0.9051373794153101 0.21910755148741418
0.993946500514068 0.20187161312577195 0.9137180015027018 0.25855302645551503
0.989204808668085 0.2160420174626716 0.9141997178492417 0.26836151378470297
0.9880913771804841 0.19919117969400726 0.910082922764007 0.25173069091896294
0.9939225526012918 0.2151083437672724 0.8947397401511277 0.16669275094259087
0.9908986695806518 0.21688241314949727 0.887715615872491 0.1353861890149623
0.9970232089416248 0.21725336153497507 0.8816239094204491 0.13244426795503933
0.99162122897557 0.2216248717858027 0.8690205266577685 0.11746016555816068
0.9931135250658479 0.22903992449483176 0.9129570670525808 0.2509260946134694
0.9885454841845329 0.25063995159638836 0.9070273936713114 0.22138891417129333
0.9919427284326683 0.2164151283747219 0.9011207905888724 0.189193337938445
0.9918236864238977 0.23380780329299936 0.8978322711178554 0.18005678494485583
0.9890975360978428 0.22635871561880036 0.8926522759191758 0.1752210763861555
0.9935313265227471 0.22244981059437582 0.8842546381663914 0.1517851071064264
0.9920472456701868 0.23065530355327402 0.8974800733033853 0.19144376210691175
0.9863206151161064 0.23142175488203587 0.8855597688592692 0.16223849248258596
0.9893399964688812 0.2550034418580935 0.9086662792745781 0.23129606679277281
0.9928013281216181 0.23757484086468772 0.9061020868858579 0.22516951617100087
0.987965350325631 0.27233933022650914 0.8951260564977694 0.18705265613298466
0.9894957591356937 0.27305962156372726 0.9127449071843841 0.240026771678055
0.9931714065458542 0.26271524285953113 0.9069503066579832 0.23186255600724015
0.9971715516909431 0.2796873061173843 0.9227392230934187 0.287363819060043
0.9920515073466682 0.2950448838174868 0.9324559320091482 0.3778813366674244
0.9885231352850075 0.2733239374343669 0.9239663981469737 0.3367837558610824
0.9924241546408715 0.2841654694373269 0.9204204141758363 0.28092700258397935
0.9900967625227849 0.279943281240572 0.9255421803206835 0.3288284938840763
0.9917270918466572 0.2779477030106753 0.9210570047357113 0.29752121222224076
0.9878199539195321 0.2829951924530584 0.9214524477167829 0.3187090353797056
0.9874557872630474 0.28718222855785225 0.9130423915216956 0.2905659806753058
0.991457247138425 0.276714362424587 0.9319687649871079 0.3905109489051095
0.9911917871071346 0.28268959540518956 0.9308576977994816 0.37757458206336014
0.9925061932287366 0.2866711772665765 0.9400711327338827 0.4632760898282695
0.9924304346280962 0.2881191158411789 0.9250539888051762 0.33217352083635365
0.9914928138269105 0.28331694526384793 0.9340442546421319 0.4280455343489834
0.9917749944176775 0.3322101198499144 0.9470203122377036 0.49086594994120614
0.9927612832061771 0.3143976493633692 0.9396151878349702 0.3874068130912981
0.9884443652284391 0.3123008697149746 0.944486084339273 0.4677563482016531
0.9886737981053608 0.3133893632159374 0.9376886234711017 0.40270032755452584
0.9805801476887928 0.30861035948975646 0.9390179180036069 0.4796395193591455
0.9953794401487628 0.26853685123801474 0.9490813278092914 0.5292234095906794
0.9851445226998449 0.260051239124369 0.9436918474018058 0.5130988994701152
0.9893403157921701 0.2610346464167062 0.9578596322608676 0.6698329275054847
0.9874531088408094 0.26875625208402804 0.9537385971951431 0.6059376765964317
0.984270947742047 0.24957391205544824 0.9576035613902908 0.7332098853358023
0.9916462107929086 0.16063010233413821 0.9538800342759212 0.7608326253186066
0.9925957937193892 0.23548509754599434 0.9634078626536025 0.7670847551415659
0.9914677354035315 0.19432929337679186 0.9632725432781117 0.7734838810851984
0.9890842573384676 0.2414085222940728 0.9563028798076383 0.7228761565978536
0.9832879164638635 0.2559386709752828 0.9602454332246099 0.7728317179144385
0.9881504739034366 0.33183701657458564 0.9620596673641522 0.6852512949741005
0.9888262924407449 0.24293003811631625 0.9530071009730452 0.6667581796453603
0.9911864467837679 0.2733904321490214 0.9512279672084447 0.6135489610836873
0.9863306332817287 0.2780373831775701 0.9526705325415604 0.6836736231447299
0.9896821333026493 0.2381147062259082 0.9610907490329188 0.8031837916063675
0.9829329272397631 0.2890278006251028 0.9640634308008558 0.8639308475053695
0.9883463093119008 0.22375690607734808 0.9676550698224516 0.9020062134695382
0.987655321319117 0.2556728738721444 0.9676194386000924 0.8481866026425834
0.9932498215878143 0.19280100830367733 0.9721913787908183 0.8751042535446205
0.9902900120980085 0.22714184367566664 0.9610470564370088 0.7367820559435299
0.9903769449223995 0.19766733397162503 0.9582021065974922 0.7068327006758633
0.9899615033357969 0.15123076311289618 0.9637153789584588 0.8108988597660299
0.9878445240294014 0.1355113759951277 0.9664266103552984 0.8473347547974414
0.9907520366188095 0.16593462480928384 0.9704563270965066 0.8634776078482793
0.9929503860079576 0.11469209898873634 0.9681281692462325 0.850642600102816
0.9903505515519615 0.0507805063773082 0.9633217786615126 0.8143519988528234
0.9890996040743467 0.014521606745520553 0.9680560068674856 0.8567145432814051
0.9918810600173786 0.04978026973783907 0.9655422351259647 0.7930212856083871
0.9870627069402579 0.046167131659359636 0.9544591084642705 0.7501176132875107
0.9889807232238532 0.09162303664921466 0.9634343146139872 0.816570094962176
0.9930930764362846 0.05887782686094811 0.9678051889060636 0.848645286810085
0.9923754907049521 0.030248244211111885 0.9696342051021227 0.8744803375111632
0.9898509929823636 0.03613382899628253 0.9728208690831153 0.918543318046622
0.9879082300273331 0.0649062380405664 0.9732688682550507 0.9352378062237917
0.98731912147934 0.054730777753157545 0.9717723945835796 0.9367377363097763
0.9853531052489174 0.09184623093993843 0.9666353862521271 0.9193207551563346
0.9931266142753586 0.03312713187257906 0.9682961045711421 0.9260581006669143
0.9889295217319303 0.02259644299338431 0.9674534353310632 0.9219273483819924
0.9876393321738612 0.014128187456926258 0.9589790345619718 0.8986116154019054
0.9885088800109523 0.01915240423797881 0.9583619402603749 0.9210735562161303
0.9841300388244161 0.0051660516605166054 0.9502710659397775 0.9219056122731348
0.9844100586494658 0.005507351795084948 0.9416405788945038 0.9085071287419771
0.9944546952670781 0.02046783625730994 0.9429049233743435 0.9029676359060833
0.9896600308228275 0.021287379624936646 0.927543978429486 0.8892191392492054
0.9931534414505826 0.028525341709822565 0.9316047004162769 0.9091635571398562
0.9949467308814944 0.00769288221674509 0.9280461008288807 0.9110363929787053
0.9887450091346373 0.0 0.8059648672372937 0.8897367270414586
