0.9845144195146464 0.0014533411956709492 0.18026468783308033 0.04129706867179698
0.9806373556560409 0.0015275902214204988 0.18800936199251583 0.037975867552146665
0.9849115178010837 0.0012350894782909272 0.19409443603710647 0.056227675999539116
0.9807339074587651 0.0035549941169833823 0.19375653477520374 0.11009492938180135
0.9803155885153549 0.003986151018874821 0.2026255402744223 0.09254278728606356
0.9814838126005132 0.003122687990932989 0.17971972093067679 0.13834102671702336
0.9852725809864585 0.003145769628810911 0.18227973080180623 0.13322928490351874
0.9718030844206063 0.0029248238590950546 0.17438861688434867 0.19000963700610343
0.9841006931597943 0.00446675026515287 0.1870227140171122 0.17733205985354983
0.9785444229757567 0.0030757028289415704 0.19851293660312452 0.25680779169151263
0.9859210416163964 0.004087686087365106 0.19004298044223286 0.21201287093314267
0.9780280048252803 0.0038149719099752535 0.196484513649902 0.18861024033437826
0.9859663518693818 0.004253736186982269 0.19313651812747218 0.14343060058669138
0.9761521500940117 0.004209288561868729 0.19603049764054062 0.2428026361429067
0.9861681408397545 0.003702008945045537 0.20428616627272897 0.13466257668711656
0.9766825565315622 0.0036713521596819136 0.1881902128458532 0.1350252383623107
0.9843591389773843 0.006623090677135413 0.1963091968389172 0.14772218073188947
0.9857246069308085 0.006089283099221474 0.1957872703850828 0.07334690393328518
0.9847449623107317 0.005716553789264254 0.2066421162930844 0.10187610619469027
0.9794876956964543 0.004629479487595265 0.20753194458287652 0.09903598971722365
0.9803859791022036 0.005158212843612039 0.208385469790303 0.05966533578574312
0.9863549126174077 0.007307552420772374 0.19925335887062415 0.03481231620826847
0.9848029366889738 0.006453419614897728 0.21702709154418393 0.08299147996213317
0.9886265093943774 0.006706223956348465 0.22135387167988343 0.06921837911156324
0.9900737649363551 0.007414361513824652 0.22003005897440087 0.06294477297784905
0.9908557992384281 0.007217149579901925 0.22014207355453647 0.06688150158299412
0.9824424570160843 0.006678466622381797 0.22419788530442641 0.11360554467379841
0.9864084869996759 0.008791914480570439 0.232992093895183 0.06276092401892569
0.986567673524338 0.00768030571037613 0.22777903018370363 0.04980903050279914
0.9888092990016163 0.008093782004542227 0.23387343419290305 0.04531108289497551
0.9867795108754205 0.007946220964642405 0.22744338507806788 0.05382387421557134
0.987465058078282 0.008493011890216647 0.22825809640425518 0.04965938164668167
0.9873896626008118 0.008051708820670472 0.22845352509395647 0.04152491494896938
0.9901370549152676 0.008337563947358144 0.23386257549382825 0.050245211437031555
0.9897855719821594 0.007565537478406461 0.23282534719101927 0.04050184809204019
0.989277941757387 0.006717409961717215 0.23428408546267543 0.07068674019805168
0.9895034103205652 0.006930211877113342 0.23913380045648253 0.04198922097011269
0.9897824419718662 0.005963173083195532 0.24292767720393452 0.0849364095353742
0.9907500898464908 0.004753455882505171 0.2381273946245873 0.058312484535232176
0.9845797816759474 0.004872679878411194 0.2579013360190936 0.09490889917394106
0.984130741399399 0.006830471891031906 0.2522930026183346 0.09159510798855061
0.9789415839932487 0.004169393068303966 0.26385648153924857 0.08156282765851774
0.9906782678217853 0.006422286560351575 0.26015719552494576 0.15474443239104077
0.99110855452379 0.005931507674297469 0.27139075745483343 0.1578226634714139
0.9874849707566588 0.006511555866260889 0.26778413080703 0.23156187386699742
0.9874591870838368 0.006367443097134492 0.2796275974801798 0.14013568149112587
0.9843190703623854 0.005603395691443042 0.276481219758943 0.19795719844357976
0.9854639830810294 0.005920741931087382 0.2811071166272471 0.210493146368363
0.9884296732417022 0.007071533733084099 0.28341612859915294 0.13722432613054134
0.9933019191536225 0.008075357258902006 0.28289815953924213 0.10608378151675137
0.9832074004994905 0.007792857495593101 0.2839840353764323 0.19604503036587173
0.9868907736942198 0.007458912630563738 0.29349326006564846 0.21511838389689378
0.9867212957219859 0.00896283828390162 0.30001752919075636 0.17371119733924612
0.9864286344778886 0.009243748360142894 0.2981161982084365 0.10652812288231307
0.990093327253382 0.009365706627091639 0.30989033117875153 0.10458672326376607
0.9834973284313431 0.010394741252662836 0.3092623764649621 0.18302403407362336
0.9865933093024727 0.010105169088171958 0.3139854163838063 0.15508921557625407
0.9899484201512739 0.010757231724990891 0.32315137384392056 0.16522789012979172
0.9891735250893536 0.009952056475207157 0.314498900496765 0.1556808835624486
0.986005314022673 0.010329062617253502 0.31858879815093927 0.15338190517616354
0.9862790326321715 0.009225956050140639 0.33355157546570446 0.17159726920474813
0.9801737118534635 0.007915654403519311 0.34956083088452256 0.13893160061504886
0.9941663063102966 0.008753699300232752 0.35111132497732656 0.11941414496833216
0.9848423624163554 0.008659042689757448 0.3562405358301735 0.1303447951455854
0.9890916575985457 0.011139714124477222 0.3581266543095913 0.12437063863616288
0.9858675252394512 0.010591462856217574 0.37696471369711765 0.12366348943224202
0.9883736245036208 0.01141524859201841 0.3527064071258455 0.15423478385205663
0.9908391665787283 0.009002530914789099 0.36655905267246824 0.1073331244124099
0.9836167037237015 0.008308987877071865 0.37335196685871425 0.11552145099407046
0.9882050802142205 0.009213346973083214 0.37261637582253165 0.11264544603450581
0.9877805811155956 0.009635519168700308 0.38111929178368403 0.10649141630901288
0.986929644086373 0.00978211958967269 0.3796294969925877 0.11368216012896293
0.9839756640877626 0.010412260436664171 0.3755569928425228 0.11735977504809827
0.9838780076598949 0.011456955923777523 0.38906301216781763 0.14649570413014087
0.9836379516863638 0.010668237625353131 0.3929399420445373 0.1136416764067457
0.9872960298279742 0.01272554760576457 0.4027115534617695 0.09950859950859951
0.9911841340927552 0.013461575549855493 0.41367602337319087 0.12342827816268925
0.9854513964061485 0.014162438797438908 0.405210983210379 0.08010727322390802
0.9840453037547167 0.014843704687656936 0.4145987052001398 0.08444309927360774
0.9909107296127092 0.015795823771653554 0.41313412175426734 0.07675571135017527
0.9905162366870085 0.015756936733690097 0.4202115274142075 0.06447574334898279
0.991162215312846 0.015745639952305986 0.41834176742592355 0.059264774826949064
0.9917308727829302 0.016343745270460182 0.4313130210922376 0.06152714099733967
0.9911722231802755 0.01841764989855934 0.42041858810583577 0.05018147953579445
0.9898664032110989 0.017175946865612603 0.4254089676422274 0.04302676399026764
0.9922470961872545 0.016984556661917307 0.4430310222181238 0.048004582355727396
0.9840694843136772 0.01846336018892895 0.4486221022326352 0.05207199569217373
0.9929663201290765 0.017449231340827095 0.43876140470287 0.04519282338774147
0.9895090484310086 0.021486953915445493 0.5319539686803212 0.04612869435824139
0.9898728278853807 0.018078393326533826 0.45983495786759493 0.05284872991430889
0.9916749150955139 0.01886491607661659 0.5403012051601451 0.08701809888169511
0.9849955000729237 0.015591054691607221 0.43933397234456456 0.0992851152202564
0.987614002473153 0.016703607489851204 0.461279692928737 0.09223787463363903
0.9897907699665232 0.01773364384731315 0.48388151679432584 0.09257069939387115
0.9906376648952084 0.01658565728679122 0.4511570448122729 0.0809296107769037
0.9914154404013998 0.01632370533665385 0.45295872607952975 0.08574021126881132
0.9863623323617972 0.017478140805008147 0.4586415051331423 0.08453917351062443
0.9920063765420544 0.018377452645852006 0.4696159151754601 0.1238645165833392
0.991603031312941 0.018372699391202306 0.4667621944040182 0.1283174617814568
0.9913331876996679 0.017972092311273898 0.4850638954013056 0.13046237747114547
0.996014694985228 0.019695330878789323 0.46610370434672177 0.13277433295753477
0.9896656267222468 0.018879302937629083 0.47642706404795504 0.10803923822661608
0.987969177171932 0.018931263836703984 0.4743145026078595 0.10985265009896635
0.9886664554507882 0.018262730052017125 0.49370516892632876 0.1172332700717881
0.985597781822981 0.018716475560748798 0.5191930742903161 0.13017365484973906
0.9824650780022587 0.020469307276458393 0.5185636550969155 0.13942079817992226
0.9946619195679499 0.022101701380672006 0.5413796275970714 0.12894064864090876
0.9905167004537118 0.02208270713142968 0.5609427420261007 0.13470775304309682
0.9839465699312064 0.02243054632581461 0.5522117914517142 0.20029543025960148
0.9799509537118011 0.02412427566205754 0.5615847266948135 0.15552807321296067
0.9820878945156728 0.02494884423114637 0.5626147585241632 0.16065782701404377
0.9874618282743447 0.02756815180465244 0.590360823693792 0.20266186587796567
0.986597447827936 0.02754770315258167 0.5957182482992004 0.19000646376078464
0.9827991346649346 0.02538507014348257 0.6058826353686056 0.25067244471010164
0.9890241374881906 0.02688573407058207 0.6193545346448365 0.21156910495775832
0.9851551062688492 0.027416658136281434 0.6292520356984012 0.2363031914893617
0.9767170355988708 0.026735391010441506 0.6451720549222656 0.2876813375952791
0.9775535032833087 0.03145192918238524 0.6517679931951013 0.2244935885523137
0.9856006686597872 0.025437407349613795 0.6709724105360979 0.24433118369045143
0.9856856678351216 0.027691036560916635 0.6736698369133036 0.26871407919325835
0.9931815657967795 0.029836987131122282 0.7030824248742877 0.25336030722808944
0.9825210349411048 0.033932458168956604 0.717137162699903 0.27827347758197635
0.9890328650682931 0.03904899135446686 0.7295856181773472 0.2158618573381315
0.9870666174408969 0.04408758347654679 0.754548484499497 0.23623853211009174
0.9807240822241168 0.04257111808077473 0.7612182728718122 0.2762014852178787
0.9902514809260836 0.052382621572975296 0.7958705481264453 0.2525059979623361
0.988659662202704 0.0499299424926719 0.8094718446781008 0.2637716123843989
0.9821998730900557 0.06452034022554504 0.831602804840787 0.24533814022874192
0.9912669142173831 0.08313297298600189 0.8618466970800222 0.27471083912723077
0.9931993576690016 0.1297568845278087 0.9125242013077542 0.2766694987255735
0.9937952808972302 0.11956271355626368 0.9121094059453002 0.35869756011936105
0.9896970610399397 0.11994514792554123 0.9128862134585409 0.4236704119850187
0.9907498300085236 0.12860828407174923 0.9133252023790254 0.353248910110027
0.9967284348731548 0.13108979008226787 0.9242627388892992 0.5347634894223913
0.9888140549350463 0.1319921020331928 0.9253324863329175 0.6931575739103931
0.9913767237551158 0.13957697318045764 0.922602403226957 0.7382122995083421
0.9891710709789052 0.15606253205771503 0.9300691721653757 0.6658509454949945
0.9897943954030847 0.1482843137254902 0.9273021918178208 0.6310760861984797
0.9909125951623783 0.171663159721469 0.9293388972333155 0.6538541884269897
0.9900277522151182 0.16370595637583893 0.9247239293259074 0.6119300864589164
0.9923700110567317 0.17307102882246767 0.9284984784609507 0.5002175910255791
0.9852744068975309 0.1749410814459111 0.9234036601933988 0.5028308223778908
0.9918146792992318 0.18470214170016197 0.9298117594084369 0.4362155388471178
0.993907376092976 0.19827212261422789 0.9341378883030392 0.4838391536289057
0.9890318171646981 0.2118117607012169 0.9317625742814925 0.4682767792029514
0.9875046613067207 0.1996735326584776 0.9279170020000478 0.4284257588830496
0.9936125683908981 0.21223645343761585 0.9174268441223964 0.2552273184694859
0.9904224851105093 0.22117746392385632 0.9166873356615527 0.22204156091370558
0.9968668522259779 0.21898944894611863 0.9110245211156269 0.20591755553208715
0.9914498430505813 0.22023355069652178 0.9148685777927269 0.2378070701018574
0.9927015965863245 0.2289886784103062 0.9361411964410488 0.510779922133378
0.9881916243731442 0.2419796676203811 0.9317925483357051 0.4655138840207189
0.9917710915390897 0.2192771392735557 0.9317882430761035 0.40228476821192055
0.9913714201623063 0.23547771357820882 0.9263890179411871 0.33014111558673676
0.9889394260009082 0.23013930598367488 0.9205364257360493 0.28539986925256045
0.993355824474235 0.22508724567063937 0.9172805694283748 0.25851679729037846
0.991280927868424 0.22851034808383391 0.9231205622740776 0.323356945161139
0.9856316158261617 0.2334025869579787 0.9202160387763585 0.3081678700361011
0.9886314342071878 0.2573080189583847 0.9321469403578398 0.40381055449548603
0.9921051831087421 0.24187474416700777 0.9265145739735141 0.33630664269580046
0.9875767887714499 0.2731366120218579 0.9247859420885295 0.31651781952986774
0.9890201481854509 0.2796434848885501 0.9346554790685419 0.3708262247136242
0.9929093953713688 0.26464719753310356 0.9314638420840643 0.37090716486902925
0.9972626331928478 0.2881086591508755 0.9367167597867216 0.36869996100112407
0.991806580039348 0.29730316181029137 0.9419405999007319 0.474571858366119
0.988255043289516 0.27324141224221804 0.9375793596631634 0.46160447348023476
0.9915376691336395 0.2811444875961005 0.9392578876810151 0.43047352087296026
0.989413478112585 0.27936405455572594 0.9386274415255971 0.4519936367834967
0.9910573212931498 0.27877304194160274 0.9400738670360018 0.4497590667004819
0.9873467755702486 0.276213830308975 0.9392425668964723 0.49612918673016043
0.9871010751598693 0.2695204879524788 0.9316928492600619 0.42906389698196296
0.990978548610041 0.26259622410658146 0.9422079437305199 0.5027532897288074
0.990596445506872 0.27185779688977035 0.9457985195247993 0.5335065071368598
0.9918202566778681 0.2815056984219754 0.9498345241848947 0.5914566739420052
0.9919270973667043 0.27613570588345127 0.9423816894439838 0.46905433694366067
0.9914711073982275 0.27611511824021245 0.9474956669112473 0.575388673311522
0.9917373064240457 0.3189703979294727 0.95636572232504 0.6027274128101083
0.9924901185770751 0.32289720677935585 0.9539117112742677 0.52109343309145
0.9881655858252099 0.31166140953815735 0.956451269392211 0.6224164550027392
0.9883529801196439 0.2921952164229689 0.9515389862211595 0.5288826156568636
0.9800096104372976 0.2880631203868669 0.9486250973104643 0.6055761994905232
0.9950228383847753 0.27837858665776155 0.9584483633358729 0.6077100523467306
0.9846364294238773 0.25134068006364546 0.9547895297253844 0.6523077651739408
0.9893663351559184 0.2621319733425112 0.9634267417482221 0.7327955435268151
0.9874008155811321 0.2518364428264968 0.9614900834850078 0.7280491059514278
0.9838589386690344 0.24837824753913185 0.9595604901300878 0.7418058429994706
0.9913166226560447 0.1489707876247997 0.9557161871257933 0.7706371588356197
0.9918534236784806 0.233252847944527 0.9652327378153085 0.7923247337954692
0.9910240266623587 0.1908772625181662 0.9647375212551705 0.7960954946243985
0.9889875579733041 0.21155354186634137 0.9603971591536846 0.8047955117216199
0.9828253563564724 0.2525223407321995 0.9635557337596464 0.8398263478498045
0.9878028363588789 0.3241975535730709 0.9676666758632106 0.7664511592476122
0.9880663387567449 0.24830065359477124 0.9604464342578392 0.7614631442822833
0.9909545927990316 0.25345905503740906 0.9615050068343182 0.7368193902565342
0.9864136989418592 0.2784727696473249 0.9612059843668064 0.779652281473337
0.9896268424867962 0.24046385875761425 0.9663217497295336 0.8538504676278514
0.9825373130863361 0.29392288796325966 0.9654522223358715 0.8670128218713574
0.987797178501683 0.24227567720090293 0.9694432736726578 0.8945845102346829
0.9876327972782144 0.24601996205559679 0.9676906227614057 0.8325243097285738
0.9929416352058961 0.2008166149738919 0.9725084520472737 0.855079268197255
0.9902474288178941 0.1961535076137664 0.96731043638873 0.8097919621098429
0.9896859643696951 0.20713125192113468 0.964330608781025 0.7667834758908273
0.990257715597986 0.16501760858628206 0.9707559509938689 0.8886571301691539
0.988082334770996 0.10131287939391087 0.9691420464460919 0.8757590635416936
0.9903779982102119 0.134358775292348 0.9736430244245083 0.905650970910088
0.9924677775562377 0.11773081201334816 0.9711242567228119 0.8701807757561575
0.9902369513467726 0.046163069544364506 0.9663939747037549 0.8398281616880587
0.9891907209717629 0.0025730091341824263 0.9719558943215919 0.8874816983894582
0.9920604731549535 0.010883252383522217 0.9725532918163933 0.8444505039867609
0.9865566274013495 0.025016702546210377 0.964808641990427 0.8286190711462451
0.9881150740182664 0.0501006486244688 0.9664730443639264 0.8460255143964609
0.9921764891270092 0.037916322598403523 0.968494801492649 0.8567847701334709
0.9919810791773928 0.018244013683010263 0.9695983653363008 0.8690810570866594
0.9897259843785722 0.022858932206043524 0.9716935609949845 0.907269509949081
0.987255820929099 0.03235822846870404 0.9736919434032535 0.9395572546475841
0.9875496145296612 0.019793109065732672 0.9735858414943827 0.9438861187898829
0.9849673561200417 0.053234069804674995 0.9682503869938699 0.9265984296130118
0.9929734617002945 0.012838801711840228 0.9724313147591387 0.943486877665005
0.988593051735323 0.008512902367650971 0.9698544987917553 0.9347535501309565
0.9875195530726257 0.0016401933701657458 0.9612576577104086 0.909641757992659
0.9894409783190745 0.008929620491129126 0.9619960994944959 0.9345411943303137
0.9843437786793735 0.0005882667522327397 0.9543875530302814 0.9363767530875273
0.9839059206756444 0.0015251919638161356 0.9471171939990948 0.9266110775481481
0.9942638694040983 0.011859501787436872 0.9474083430888978 0.9160297193969559
0.9891689812746278 0.011740978174746092 0.9184181827997625 0.8725499864105272
0.9925486805310803 0.011018801923917796 0.9328405189854486 0.9121209886930913
0.9947142328948393 0.00565014313695947 0.9357289975353232 0.9235386276099311
0.9872264813555532 0.0 0.7958791688493103 0.8814431965013418
