0.9858462748181639 0.0017756295097912716 0.1812348184014684 0.07757194839563347
0.981751615973467 0.0015682635564609954 0.19000397048261736 0.05060240963855422
0.9860150267537607 0.001254552812626467 0.19569913037608702 0.06348419094854309
0.9819776477992856 0.0028810666290714827 0.19442991025068684 0.1460183227625088
0.981868243980121 0.0031911362739018034 0.2026090478673613 0.10551593654489885
0.9829296728402978 0.002829565169498527 0.1801353585616122 0.15655052814125808
0.9870945605874216 0.0025132895559724826 0.1822676113798004 0.13892454714020824
0.9730799249959547 0.0027218735676590427 0.17573069720937315 0.20696920583468395
0.9857718821322821 0.003758805923963234 0.18745557717628142 0.2314882697947214
0.9800475917727198 0.0028136753242045637 0.19944104239958135 0.2915353444394417
0.9875929482444478 0.0032791292272820456 0.19050781573904088 0.23359739995937437
0.979611109676515 0.003235739925082506 0.19725642030671797 0.18954501452081315
0.9876187733947596 0.003158468419194799 0.19438687839292934 0.1886685552407932
0.9778162263728669 0.004302613222035945 0.19705886438457015 0.28886354998099584
0.9876072144288577 0.0035327728380827204 0.20470999307696366 0.15180265654648956
0.9780578955056727 0.003390543480166002 0.18881625259321405 0.17170396993955236
0.9857158431553062 0.005213862926814855 0.19627213332738178 0.17913832199546487
0.9869291495712573 0.005622964495759026 0.19608701527247785 0.11630798660927785
0.9860507428287262 0.00396166339625978 0.20642851366586382 0.16051892729209022
0.9806182915391685 0.004532237365779171 0.20890612831296979 0.14220059475533928
0.9816813865962053 0.004923453992339241 0.2105889842875516 0.07659480130798647
0.987455513621048 0.005063329602601046 0.1983190981520264 0.05403847161800933
0.9864379796993835 0.005185901013854062 0.21662296957827265 0.15311653116531165
0.9899788457840172 0.0066216375803014645 0.2223995750011945 0.1381096589097864
0.9903356090816509 0.005390264324447349 0.2189127945225506 0.1018483591097699
0.9921092427124522 0.005967272215767894 0.21954961050762253 0.0995928829915561
0.9835911194921463 0.005680963565469923 0.22383224910939228 0.1718981851386828
0.9874780370132437 0.006692953745380298 0.23267005910509142 0.09574528678020162
0.9877394564132751 0.005635340547209416 0.22734504717875026 0.0896700143472023
0.9904977584364784 0.006408317837496193 0.2336329412409197 0.08866796919894265
0.9882088458794406 0.005870956257980477 0.2273385260635111 0.09635299414678072
0.9883902033195723 0.006232834275039996 0.22853439048562935 0.0882685585029817
0.9884866874652763 0.006717008490715355 0.23014932485849407 0.06497898944347648
0.9919060994593427 0.007012305697485536 0.2359392453999289 0.07991849671722889
0.9910687514438934 0.0072416487355494285 0.23347891418884578 0.07590514938560802
0.9904918434931926 0.006229365163890777 0.23513151986461503 0.12049895538896399
0.9909115723530643 0.006523821047906855 0.24035466699432803 0.06399715251824167
0.9910399094559271 0.0055970245869294355 0.24348875998123395 0.13025578135949545
0.9917140978863068 0.0040885867360035775 0.24040392553580467 0.1025149588631264
0.9847714128020527 0.004078376213473621 0.259205673580702 0.10835338604331385
0.9856012755258478 0.004964182018606225 0.25291678666683365 0.1092271777859688
0.9809374865841168 0.0036262215540217315 0.26497421008644456 0.10622662554950463
0.9923641142097677 0.0049905719673161535 0.25998237880005515 0.2501749825017498
0.9925136853068277 0.004825249850697363 0.2713833076090921 0.19039602372935707
0.989140790177548 0.005314396784580717 0.267396021520395 0.2752802496244077
0.9885280981910484 0.005351903828840756 0.2797259151303941 0.16279811757198692
0.9854290889635211 0.005722400462841214 0.2768990373873045 0.24156626506024095
0.9870957465819592 0.005894685699498831 0.28152441219263563 0.2627269139700079
0.9892916372970598 0.0067300436322494436 0.2837469574507972 0.16104794201742137
0.9948688189514543 0.007399589513372669 0.2845363221101278 0.1417636252296387
0.9842468114004912 0.00698260306719293 0.2844649118456144 0.2750402252614642
0.9886790405136644 0.006969683405624875 0.29366546500585466 0.32669751425804366
0.9880638689683051 0.008805860513216558 0.300412393182262 0.2270865568399017
0.9876522323322227 0.008928030379542286 0.2995907067840978 0.15179093804849508
0.9917605701451992 0.007988662885327891 0.31161623378520165 0.17155259184700553
0.9846611804316255 0.009236834564295023 0.31096647304821684 0.23702299123014933
0.9876477515280733 0.008835214473368557 0.31540763826064777 0.21017514595496248
0.9917586769103613 0.009580287100183753 0.3238011988011988 0.18362110810623397
0.9903558760936392 0.009088172982160034 0.3160606011869341 0.15892332593969186
0.9879000008197039 0.008919122301986406 0.32002888657163026 0.14490369820130525
0.9877379480264286 0.009234688984036654 0.3353653452112928 0.17139793086045924
0.9818023962090934 0.00803183277129972 0.35201209113613036 0.17711010081043685
0.9951793049203251 0.008779248956394467 0.35279769613495465 0.1304175147693988
0.9868200479354949 0.008735057865447668 0.3576067619653329 0.1588294426449235
0.9906117021276596 0.00911671221157575 0.36007683455957856 0.14664672980007754
0.9874242182606545 0.00811680126110968 0.37712640904659267 0.13377837116154873
0.9896459581946093 0.00839931170554723 0.35335130182186825 0.16818280268572666
0.9923786922304871 0.007182277016326988 0.3688896949108082 0.13150657532876645
0.9849607841750532 0.007542940350620815 0.37683044130041754 0.14207674154357136
0.9898694471196274 0.008241579255977589 0.376018040038364 0.1517724573125464
0.989450072479962 0.008338623949965632 0.3843354236025479 0.13438468796333738
0.9883065950227332 0.008512104494500804 0.38082494553896545 0.12057505601194922
0.9858230770796832 0.008745031380072418 0.37920964137135704 0.14152786824230018
0.9854225097936704 0.010188185361123548 0.3922720735536429 0.176232603301327
0.9852753557724883 0.009387050875861506 0.3981701440803328 0.15459946161700547
0.9875579332975706 0.011487887770502839 0.41053662326953266 0.14917761646604796
0.9929308607815821 0.012466472431664344 0.42245647939800646 0.2267496954108569
0.9867401627447514 0.013934841533746238 0.4181345486511276 0.14382052780650093
0.9851185834762893 0.015134156518295357 0.42893775135026896 0.17440701614510665
0.9918698216659944 0.01595968858032953 0.4275900265462893 0.13837037037037037
0.9920430383111213 0.016445935605391725 0.4333303797264423 0.09118694647670389
0.9927357373627917 0.016316189663307657 0.43165781054748437 0.07785301586133295
0.9934797157184331 0.016523631648813014 0.4409294413187183 0.07596678045549499
0.9929964513007009 0.01854822694155175 0.4306882624591266 0.06071972474476846
0.9913284411444866 0.01727020852573762 0.4350428687322866 0.04942434392954591
0.9933803002246515 0.01749714907394057 0.45155407105688805 0.055875113191424235
0.9857103538739921 0.018969161024042964 0.4655925701594993 0.07007686845923503
0.9943640990042298 0.017912946337698122 0.45541326973675683 0.0601165673295005
0.9910481295512996 0.02247966188452037 0.5514973636796452 0.06369547291725806
0.991378515117756 0.018735984061816813 0.47731285573949894 0.07694159316380392
0.9931305980587865 0.019551546248529696 0.5504432188603359 0.13020149232875947
0.9867340477754512 0.016204447194194345 0.445351955163223 0.1450500223980887
0.9890814700383113 0.016992619223049368 0.4760879904303921 0.14133200737079177
0.9905805719066543 0.01771352832816642 0.4949853432572952 0.16216832909576895
0.9921145179138496 0.016763290390568 0.4595708748170428 0.1206207861595217
0.9933068063129972 0.01714095798675704 0.4609249028362188 0.13113236655353286
0.9883017885426234 0.01841882683785323 0.4668959470443852 0.12591468637576173
0.9933868328412103 0.018536052999677206 0.47566073419525084 0.19036247638735432
0.9931741644600127 0.018426982125980512 0.4746506960512355 0.20205404617961978
0.9930290965221515 0.01815735095283043 0.49614459849037645 0.24568756341818504
0.9973719881601151 0.019703099761556802 0.47578677540387454 0.22702982931887064
0.9914118287031802 0.018659511627204205 0.48594589200612254 0.1961350974930362
0.9893932150267335 0.019764249233255735 0.48191173089257405 0.15174774139970304
0.9906915270908008 0.01907115614981522 0.5011537173218186 0.17164556962025315
0.9866418858458178 0.019645950252892678 0.5249709611925699 0.18122304613570786
0.98420680172596 0.02130441616675965 0.5244117495623519 0.19344663319170852
0.9954159653762924 0.02349551088398882 0.5449722679461868 0.19084980995222653
0.9921136331825882 0.02327366491288212 0.5669018613967707 0.22804532577903683
0.9856007830389888 0.02264263586491593 0.5575239417071478 0.32934475911798516
0.9819873041500018 0.023981737489542576 0.5704423495514539 0.2568486180648838
0.9843366310369235 0.026156588235729156 0.5700095970041065 0.2510479384193278
0.9897306046451262 0.029834740924082843 0.5960419201337837 0.2892987249544627
0.9878530288183967 0.028282840127977358 0.6004114665118472 0.25069607268464245
0.9846513221886797 0.02621819336516743 0.6093646717163508 0.3435354838709677
0.9909516011737364 0.027815824861939314 0.6236948643631494 0.30109331955922863
0.9872580546523835 0.028785334333549288 0.6341741805028162 0.35359033256766204
0.9785628705801808 0.027767079940992985 0.6517692863150334 0.44988196261085944
0.9795941342250799 0.03219484882418813 0.6599772660128419 0.3193399339933993
0.9877818582068058 0.026209387513374 0.6778955977971437 0.33803151100987094
0.9862232118007236 0.028517128747521096 0.6786597082466373 0.35482677274619545
0.9946754116858846 0.030269704528369048 0.7087313808713832 0.3329174279221069
0.9847407282775401 0.034770928443299584 0.7244022875933694 0.4063274765549208
0.991351934978594 0.0394670492610246 0.7392209787960304 0.32461538461538464
0.9896793964867349 0.04466530079594622 0.7633483993531567 0.3539366515837104
0.9830360285975793 0.043994010495370495 0.7688128304956708 0.4002619383437437
0.9923352135208892 0.05375287048979207 0.8011975771914933 0.31505511939144937
0.9900758194628817 0.050240272093652436 0.8145440610314368 0.32269978489386747
0.9841754461947544 0.06559726586185988 0.8359188368412159 0.273239049842098
0.9920588198296791 0.08406592414751701 0.8665095787769274 0.32584481782140834
0.9949350085529709 0.13402061855670103 0.9175625745497119 0.33452958688471107
0.9951682446982534 0.11721316971769596 0.9138365034174434 0.3866912424972825
0.9909753515948047 0.12182244439277687 0.916499496494613 0.5131223349948952
0.9926676211727975 0.12786669367909237 0.9216482254638654 0.5642417422386973
0.998082225339123 0.12698150423925728 0.9267869652118587 0.6395924517471478
0.9900038225612598 0.13030218721910714 0.9269855631801039 0.7389819482842739
0.9927304892187526 0.13972138889713964 0.9234970178639337 0.7543556870479947
0.989994082197075 0.1553009295205981 0.931559087029015 0.7452512128936765
0.9912291471076767 0.14634594197576203 0.929967554387997 0.753269326270485
0.9923351940233064 0.17191672274927816 0.9318024591997139 0.7236519607843137
0.9911030507094799 0.16282978878900825 0.9283043352878977 0.7928456591639872
0.9940063734278938 0.17088428921485596 0.9351133960112955 0.7883066063070667
0.9867469604141078 0.174004585740112 0.9293712950889179 0.7354879863916649
0.9919733170297641 0.1836681264280274 0.9372497206137153 0.7435860685108213
0.9946092592615061 0.19971586120542273 0.9403029018089303 0.723404255319149
0.990571594797504 0.21023008635787185 0.939030628377659 0.7128537735849056
0.989733610763918 0.20228003167357586 0.9363615242192197 0.6541586998087954
0.9950697775652869 0.21633305697027122 0.9349437233167459 0.48556318505565743
0.992390421212782 0.21912724048388119 0.9375267101911311 0.4349972785941995
0.9981249625664789 0.22011113537647714 0.9268712337266208 0.31302391601274804
0.9935420731744382 0.2210720521043573 0.9388638389891685 0.5552075542258789
0.9943481331877861 0.2278149726110773 0.9444739448732048 0.8301166200641069
0.9894991483675334 0.24444932148213175 0.9406849144559591 0.7785552316164561
0.9929750977918815 0.22002858335335854 0.9426220657957926 0.7008630609896432
0.9931648534924093 0.23596824829628116 0.9403032782175871 0.5780125268766944
0.9907297774100439 0.22781474233529028 0.9379108548052613 0.5240384615384616
0.995002934916014 0.22488219399809423 0.9412293286342865 0.5865838844648401
0.9932290937085426 0.2271182923982675 0.9436288233772443 0.7515538109257442
0.9872751540305289 0.23220394954098145 0.9431642731406056 0.7955938475771944
0.990411024574015 0.2611148694358003 0.9453076838872854 0.6791482063741604
0.9936726037428614 0.24250455080843775 0.9439024209345696 0.6210512961475029
0.9886649534925922 0.2753129206885687 0.943797760321733 0.6057580960747514
0.9904889910566907 0.2767177023308145 0.9507587345381503 0.704977667265276
0.9945629959999767 0.26622065308477466 0.947853558571767 0.6920008962581223
0.9979203698779049 0.28573510551474873 0.9521179630448617 0.6616155394028993
0.9936858721389108 0.298450316292866 0.9533416648329064 0.7409635828997965
0.989670413809905 0.2664865100466373 0.9498965547514415 0.790192544816466
0.9931099773229493 0.2766546106525704 0.9554420279439658 0.8274521100388881
0.990778859703398 0.27996042962125495 0.9533238048595216 0.7968319870030236
0.9928306832945715 0.27281511872891157 0.9539081116949132 0.7587779103460031
0.9890206960395223 0.27129207141607975 0.9539432181927714 0.8870898817719957
0.988486611080025 0.27680284524310916 0.9509082265333529 0.8399388913138367
0.9918600119783471 0.267171408262113 0.9569864544454624 0.8828975296933568
0.991961486712021 0.2676058843410356 0.9584976372003456 0.9021542799242257
0.9930486662178483 0.2813310971842175 0.9597286144391594 0.8883521884665904
0.9931979340430045 0.27868095161949435 0.9590238535612884 0.8864210210981298
0.9923143300926193 0.2873919370024822 0.9591104217925892 0.8959416863672183
0.9923209104416972 0.3132451223974885 0.9655305970862473 0.8732258662219752
0.9932151392591231 0.30752746338215714 0.9648066841305566 0.7644230769230769
0.9888899552581909 0.30376612658007907 0.9633914492116845 0.7987188884285669
0.9892948672010702 0.30938064427627515 0.9644460551100473 0.7862861771394748
0.9810399632834147 0.29591761314641896 0.9588862040690391 0.8395752895752896
0.9955231340549391 0.29321934652769643 0.967678846268314 0.8361508057160231
0.9858267082440418 0.26456433300539767 0.9629911521263438 0.8362635357099404
0.9902175438283882 0.27105534069725384 0.9663034188034189 0.8479493164388129
0.9884794444006278 0.25855401056888966 0.9660326982803134 0.8454875270692128
0.9851335228868837 0.2527174672367061 0.9645360981090975 0.8391035927003726
0.9926184515334718 0.1725253545041531 0.9585956032171582 0.8461619375706735
0.993259871136448 0.2502046923967362 0.9670576919922261 0.8386387752008488
0.9922954015840734 0.19729428518357997 0.9676189654428577 0.8607106396753069
0.9899333455581012 0.24754451808672043 0.9631081640106414 0.8681482550448565
0.9839247459580089 0.23400568831933047 0.9646115682113293 0.8845226442571681
0.9888562588203731 0.3244105059998322 0.9723375245128304 0.8662535559132909
0.9887944845362548 0.23969241816767398 0.9643033166861401 0.8558929276555064
0.9907867606673689 0.25907446675813894 0.9686281205012363 0.8952031839128614
0.9865635484788172 0.265174003663235 0.9672458403433535 0.924459261668564
0.9905029282829562 0.22551791794102372 0.9679415678074123 0.9239639004717997
0.9832715868837542 0.2745052463806614 0.9673237536917633 0.9239874446923572
0.9886520886999399 0.2159016099108265 0.9698384150061595 0.9451178948924532
0.9877395183722578 0.22491087005992566 0.9711858769094818 0.9160026216840871
0.9936877880059548 0.17700494881702936 0.9725900645799823 0.8922632434295845
0.9902679412821933 0.19432398946879356 0.9714200100156802 0.9040670263251457
0.9907794681472536 0.21907772979642195 0.9729128224255035 0.896772669560339
0.9901199858181614 0.1778927883344037 0.9712570695486782 0.9205528947147299
0.9890711066443216 0.17096560846560846 0.9712719053239874 0.9065049940179327
0.9909069143238781 0.210637177461822 0.9756793484870844 0.9275124192906563
0.9933440857483935 0.15418332820670563 0.9739145489716056 0.9180376610505451
0.9910845153249642 0.06593265907054155 0.9688453006082293 0.8851662346947895
0.9891825757691739 0.03544238683127572 0.9712856251031029 0.9084693569921185
0.9920245093600093 0.051062063239465855 0.9740475464177496 0.8813529202701101
0.9874102179117802 0.09266363690019477 0.9692837062343511 0.8777414182708085
0.9892958758569561 0.12098781606183676 0.9716556365703592 0.8872699521044228
0.993042678045798 0.07975606839650844 0.9729101439484013 0.8951473723393455
0.9926493467555716 0.07367380967084543 0.9714872934686555 0.8917344002024099
0.9910151589364882 0.06909775953710556 0.9723142701723189 0.9141398627993037
0.9887056418049976 0.09558874609239319 0.9738219850521277 0.9404077656391344
0.988151152193562 0.0746841304491632 0.9728046072681309 0.9469562377531026
0.9865988379342161 0.11045035413604169 0.9705515439516899 0.9417525186237317
0.9937205710437845 0.05414866269211836 0.9732975992685776 0.9559238029324597
0.9899916576394855 0.03663729809104258 0.9712725578037407 0.9446836117844678
0.9888855926049595 0.03149716525512704 0.9619524501674425 0.9161622785640225
0.9892376123674143 0.038889455955904866 0.9631509697993499 0.9441601742340471
0.9848949385817701 0.010523864959254947 0.9552018722624657 0.9443367761842876
0.9854265181432176 0.007395348837209302 0.9474743570220957 0.9300523891612347
0.9949750663234563 0.025406708174332195 0.9527826941784223 0.932932056974936
0.9905542247719954 0.033151541148354675 0.9290157613065544 0.8950694071764028
0.9935122652448355 0.0356080880166518 0.9352901269287193 0.9177465121519536
0.9954887528894477 0.017176665182263504 0.9400226761424806 0.9321511376086015
0.9877814964640145 0.0 0.7659222987870292 0.8502482703346806
