0.9835606017426949 0.002937559031160524 0.18094192495003236 0.11216489630753668
0.9794790586432729 0.0028339603245554562 0.18840061518177312 0.13260006110601893
0.9840560230863856 0.0032101464856467083 0.1950316314167133 0.14774090363854459
0.9804118474751427 0.0058092890239569 0.19495787431236833 0.3534597916110072
0.9799933393216896 0.005458648203313338 0.20327537932661952 0.3318160038332535
0.9805673560286725 0.005203319820302583 0.1800129402654744 0.34177215189873417
0.9845278187237064 0.005911279071924304 0.18349003518387622 0.29100908656145386
0.971113279158586 0.005008329407422157 0.1749354226237056 0.40181268882175225
0.9832890271839665 0.00642264172097802 0.18818737492555787 0.387774594078319
0.9781137270084745 0.004823839443855787 0.1983558338315421 0.4332546551271964
0.9856403842034377 0.006339695578642184 0.1909973591508296 0.43070885454991414
0.9776286325958189 0.004003042507338099 0.19629721623973292 0.41130653266331657
0.985285521679974 0.005355580334672955 0.19396946204649312 0.41593352883675466
0.9754218509054331 0.004745369241423708 0.1962101016145587 0.4443958925060083
0.9854786089166003 0.005784416194792157 0.20549615907340454 0.41598655784925587
0.9756210087573008 0.0054386179786421246 0.18803742554245148 0.3813813813813814
0.9838661223698715 0.007444662262818928 0.19744670244136445 0.3202493650427153
0.984907152843478 0.0074055695972307205 0.1957452142331776 0.31902403228765364
0.9846182355086108 0.007066942691401803 0.20582337415056354 0.3509532062391681
0.9802298758016995 0.005718827680827043 0.20704948183302707 0.3649185538339293
0.9808916748258365 0.006803939855874413 0.21103779972151607 0.19939659901261655
0.986749111441961 0.00797051808873513 0.19981415779692516 0.1816715542521994
0.9857000923811682 0.007488588273215975 0.21739618569457772 0.25221714592851385
0.9895185136406178 0.0074714743556284 0.22209789576574093 0.1871866295264624
0.9900263813061647 0.0077177715247604885 0.21935505326699362 0.17830423940149626
0.9916531362829764 0.007920462581638171 0.21918253588302852 0.17015503875968993
0.9835599786931408 0.00838914198139945 0.22310638859706178 0.25022373366744227
0.986492238050983 0.009647933753527255 0.232025924702374 0.18862790031509596
0.9871576848648331 0.00864579740469772 0.22659236784037237 0.16209059233449477
0.9899050134173872 0.009337647840864908 0.23195938896838744 0.08585101064209699
0.9880113577870511 0.01022418795977753 0.22755946002488114 0.1352542372881356
0.9871054350192294 0.009664622411536783 0.22853267214445347 0.08465941914815399
0.9875342505897695 0.008990498642808927 0.2287821891576261 0.09907938424388771
0.9905730097621339 0.00998395380996917 0.23400027823211003 0.09219980456400528
0.9897242682749994 0.009653121295122849 0.23270119218590488 0.07306574841278382
0.9896429631774338 0.00784710226202854 0.234651633238721 0.12387019023844366
0.9898864025853205 0.00847472509309905 0.23756574087345778 0.09007143596645616
0.9901253202226336 0.008014060553898101 0.24098299273730397 0.19975768590034831
0.9910578088942777 0.007033173375685403 0.23702366215395776 0.09709636558511156
0.9848633360154098 0.005859834787864649 0.2571242495389145 0.22734158040898764
0.9843014898867254 0.00793709961432773 0.2513637030310406 0.1658239700374532
0.9795934387944221 0.006123934278794053 0.26256510305427105 0.14012325656827765
0.9921486080487698 0.00792854884735607 0.2598000269480414 0.32661290322580644
0.9911954167645937 0.007551068652986445 0.27106055593465966 0.39261625843095493
0.9885167269105462 0.007932616153177804 0.267495073878473 0.41178685746563737
0.9881555509288177 0.007792540412624699 0.2795880324850353 0.24861388334442228
0.9846555163418751 0.007633756043084067 0.27622185363093926 0.5113570180547466
0.9855394162928275 0.007037720238748512 0.28083780613380305 0.45413290113452187
0.9879236799259539 0.008413342991408484 0.28301273059513066 0.4286376990876759
0.992836399088011 0.009203723073593717 0.28312256014353104 0.3694347522679693
0.9827965196153259 0.009074090955401718 0.2852585013688774 0.4404251671524087
0.9870776414171688 0.009357792961421328 0.2942444098339001 0.49065573770491805
0.9864456609768059 0.010456664572230885 0.3005408725437564 0.46189881324172394
0.9864299768908722 0.010868421229418074 0.2995151302539302 0.2717903738625151
0.9899987110800905 0.0108041713776209 0.313329439132618 0.25227011794175974
0.9835095478645882 0.012753576335569386 0.31225914230932295 0.38320146074254413
0.9868435185472495 0.012838890037652177 0.3167517956903432 0.2986732489972231
0.9910369656686965 0.014148841354723708 0.3268945343805097 0.27490817263544537
0.9897267601937375 0.01305357515260983 0.3174210842657084 0.2728051391862955
0.9872924126851043 0.013518366295113417 0.32135215396699945 0.22506437768240342
0.9869360953738463 0.01147472824787179 0.3361957734409106 0.27501064282673476
0.9809540037626014 0.010887873031000845 0.3519011839892473 0.22336619841200595
0.9952737220109351 0.01339940016944082 0.35312109776233014 0.2175145819831497
0.9862312448912677 0.010897331307424818 0.3574031653477718 0.28952663348512125
0.9901957043332467 0.013935497817672733 0.36258799778368395 0.20644147682639435
0.9871793834873325 0.01245806553374573 0.38089107010397827 0.3022995522995523
0.9893978070936826 0.013649098441129283 0.353202291566713 0.2611052674164576
0.9917924570335126 0.010643432152946249 0.3670670630240561 0.16469671385894272
0.9844100148414301 0.009578481647759483 0.3765946307693293 0.23888059701492537
0.9896574435370572 0.011130337487965445 0.3744772659827881 0.1668547318844135
0.9892716890666119 0.01257073988681618 0.38307706428608485 0.14727455774485834
0.9880126637790687 0.012370255625893245 0.38237686800230797 0.18330215949668424
0.9854428522668072 0.012713208528341133 0.38137193103349726 0.20917697463893303
0.9852654450224112 0.01422995168059724 0.39248608165955856 0.21947378780919888
0.9845860380640294 0.01365249767712351 0.3961643330935446 0.1587323177366703
0.986998488533515 0.01578703301948193 0.4082173913732525 0.1762904197630046
0.9915945728054605 0.01733523685347021 0.42010319335574314 0.22733228511530398
0.986245710429805 0.018056445241972415 0.417322653372285 0.19089815118695985
0.983711229138148 0.017947268771017606 0.42052832082668556 0.14172433679354093
0.9912708009305734 0.019224944219362602 0.4277063552845346 0.18126520681265207
0.9913498812833501 0.018967473413792495 0.4403060691108234 0.148389667789733
0.9913959684168653 0.01888210610645451 0.44158350703438753 0.11273136568284142
0.9918747083802674 0.019245150934348147 0.45522497897392766 0.11807384456493675
0.9913153649881221 0.020743189087036127 0.4487584778228667 0.09459258787840218
0.989924966931604 0.019746735451371296 0.4635907409179604 0.08477040213697734
0.9924541831732634 0.01967756610189461 0.47925507027226555 0.10484199104841992
0.9845978710371813 0.02171540793802978 0.4752716442801184 0.09159118821000921
0.9935096388992668 0.021712856099461407 0.4468015151785758 0.052403583772967076
0.9902156121571813 0.025396735742829305 0.5419342398006226 0.05622174393313063
0.9901634962461149 0.021087551808863556 0.4681551267987352 0.06817462828218918
0.9922783035027388 0.02267811581251376 0.5407067314275589 0.11531418770136523
0.9856381774050302 0.018965058531394113 0.4294748599017575 0.09227658140277432
0.9880591223996487 0.019814881451527253 0.4563368180094946 0.08902560235802173
0.9896524435582397 0.02043141351860635 0.47169240035881566 0.08289078734703302
0.9905769075965047 0.01858551496770671 0.4481324627015886 0.09728361548761028
0.9913949608177377 0.019333056867765316 0.4465506969902802 0.09855967817247943
0.9861610339266212 0.020778348436448067 0.45116903976280515 0.08946230404782346
0.9915027951649503 0.02105844793713163 0.46039642403393755 0.11261710185369743
0.9905995971773434 0.020624345878191043 0.46115880410548105 0.14117196659727704
0.9906644137348379 0.02061254516392479 0.4794551340045451 0.14583230761656246
0.9956281391921562 0.023950650684194507 0.4610916400288347 0.1369502481819231
0.989495410714562 0.022632515571374093 0.4693187420692331 0.10595847451517555
0.9879170928872001 0.021351319248931792 0.4713886170781742 0.11876651647369722
0.9881652117990865 0.022687695007000148 0.4920206031610174 0.1492446052329877
0.9848479085644737 0.022629295455487544 0.5209235580459608 0.17609422713392467
0.9822727418468031 0.023853524451415527 0.5186860060708501 0.16536372068371538
0.9945181321470589 0.025775238511217997 0.539005987581669 0.18347388334883125
0.9901423322211429 0.02587526385776323 0.5628360755256635 0.19293847594309704
0.9833470486658668 0.024489677326800817 0.5513373536377731 0.26659468969929623
0.9795201471653066 0.02784893562836127 0.5660309718442068 0.23159746657283603
0.9816713915784594 0.03031859371680353 0.5682321778475309 0.2785847602044957
0.9870974263490047 0.034443603330809994 0.5951603724618376 0.34828219249934433
0.9858723402113613 0.03180366526896078 0.5980314388645152 0.30624359412367613
0.9819133883764384 0.028508855038266452 0.6110110863819402 0.4883385923995061
0.9885548258301597 0.030316234155612683 0.6269444444444444 0.40986252574163745
0.984201895670588 0.03109734682800677 0.6334009575964376 0.3880628604688079
0.9753202327850927 0.03026792049506462 0.6510905895783196 0.47158308751229105
0.9768524500403617 0.0349590901786151 0.6618833142899886 0.3834506507317567
0.9851326641617739 0.02824689772901362 0.6796794262131917 0.4207340991874475
0.9848805544274006 0.031594392704695384 0.6810496709828062 0.42625928102131294
0.99217267924055 0.03328561961563949 0.7078077263935371 0.3429143802804634
0.9815425752902699 0.03875482598201315 0.7249445702379966 0.46216407355021216
0.9882334620251111 0.043388534955536184 0.7401628015768165 0.37088706346656874
0.9865231546145287 0.04909702056565496 0.7624368646359462 0.3476378454093977
0.9799982590484676 0.04794990093987153 0.7684620424001095 0.4067544815291671
0.9888354733831306 0.058434065934065936 0.8024054719075081 0.3689901081205429
0.9879280585826192 0.05728113757066986 0.8105853351725495 0.29355660720786314
0.9818008989386481 0.07366251232044668 0.8377755499386484 0.35154951191440387
0.991022991312491 0.0949954383943148 0.8718008227401515 0.5015490339660902
0.9932498472060356 0.15238845621584493 0.9273468301444354 0.6622198091987901
0.9936875778369271 0.14006224145128848 0.919484847835286 0.5654084282005193
0.9895960337818362 0.1352289156626506 0.9137836200214108 0.42992332330389205
0.9909054560081213 0.14576554614230022 0.9177914287825581 0.43051692720820944
0.9968422810045606 0.1515283798462991 0.9252429637880139 0.5747438215792646
0.9884473557747042 0.1494412993864667 0.9162731808921971 0.46078054407382485
0.9915939155502961 0.14882012671012762 0.9148199624017868 0.5642640679778953
0.9902367500477465 0.16356270345841029 0.919813898636599 0.42643471857885773
0.990025057709759 0.15974009070794246 0.9220079862360435 0.5531092633797868
0.9907909540547507 0.17944748511845313 0.9133949636477442 0.3269654167936863
0.9911717892458971 0.1683310658909119 0.8938026754135401 0.20225837930416427
0.9929355080248722 0.1778307307866685 0.9020053750666264 0.21625055459202194
0.9854757757160456 0.17722954336500155 0.8765253253253253 0.1474446863994408
0.9910894662642372 0.18657229704244416 0.8967416242315717 0.18095269909139497
0.993551347080264 0.20673226768778663 0.9030331828748128 0.20060987364399502
0.9890886923243468 0.2235857798268809 0.9086400472056622 0.2254434176883896
0.988132675954032 0.20371450262413768 0.9025851185394994 0.20623735050597977
0.9941939113736714 0.219897930570355 0.8896831766185542 0.1548114976046657
0.9910692205455438 0.21863190169467353 0.8903240498439878 0.14280724078994972
0.9971161219545306 0.21920528272263398 0.8747981001423294 0.12301238311852414
0.991587188698628 0.22988791146424517 0.8695533110520003 0.1193733472080346
0.9929911580763424 0.23704909762194143 0.9080171077097287 0.22198401870980317
0.988497100124496 0.2578102291620644 0.9053814334835458 0.21395817411241574
0.9917024822805908 0.21977172534573344 0.8998457516424145 0.18477630149826665
0.9919014535269775 0.24063602945666376 0.8980422862287978 0.17966240207405737
0.9890595205827948 0.23379020153054947 0.8898998735321567 0.1670448768026983
0.9938052520173842 0.22871896970074038 0.886261384298026 0.15504729148753224
0.9925004443701538 0.23331951927061748 0.899551018401691 0.1979159322607482
0.9861802417463383 0.23893625401827123 0.8883052477682287 0.16742868260414892
0.9893563658940687 0.26275047270973717 0.9084810669944724 0.22786041098729415
0.9927675097162458 0.2459127722722471 0.9064126899277947 0.2252552488865998
0.9878151442524409 0.279890428617467 0.8972946831295217 0.19597983584963016
0.9894339763406866 0.281949096253586 0.9154399684292043 0.2534678641868653
0.9932599080981249 0.2778373000688758 0.9061485101686899 0.22697354207774625
0.9968763382329433 0.28597016557966554 0.9237611445502983 0.29536219950954945
0.9920213846391343 0.3044107629427793 0.9341212999619987 0.38804352838105777
0.9889059681320658 0.28366480568940333 0.9233510683780196 0.3292941357786854
0.9927629010037622 0.2894994810287164 0.9226503733559716 0.2945270961573942
0.990343335276726 0.28081264108352144 0.9255938692840682 0.3287269372693727
0.9918502245733797 0.2825051255955278 0.9226707833135386 0.30913719554148894
0.9877672512462463 0.2904362242254689 0.9206360636465561 0.3129522916108282
0.987351070542018 0.29602507396233046 0.9126018633105284 0.2889088191330344
0.9912960092719922 0.2861652739090065 0.9321020806981616 0.38922191464361816
0.9911952383628833 0.28455150867384693 0.9325461569692733 0.40097297930953635
0.9928812113065678 0.2911479250334672 0.9397060464242303 0.45871679110956765
0.9922334348623054 0.29078947368421054 0.9218232060405874 0.3200640159107506
0.9918966937774157 0.29826092578226016 0.9305500358015437 0.3936127813685907
0.9916898208362204 0.33774420515018394 0.9444838321099823 0.46200236499802916
0.9924476054784447 0.31876762770291445 0.9372782465709271 0.3762945914844649
0.9883632449922536 0.3122685807666053 0.9420039789649646 0.4521309007491308
0.988535034745249 0.3145820105820106 0.9376713992248454 0.41275272161741833
0.9808795497764068 0.31843337590464027 0.9365806307509124 0.46659807584700635
0.995747732746304 0.2694587628865979 0.94645375810756 0.5085787262396121
0.9853391031441293 0.2623991187106353 0.9397906382370896 0.4841833440929632
0.9893595457815734 0.2629676870748299 0.9540615854184477 0.6211690434081801
0.9877674618038662 0.2654062999635354 0.9501173940071687 0.5738629843552767
0.9845441516193388 0.25567145074756936 0.9563865369644444 0.7039226833428084
0.9918456994831343 0.1725479426976063 0.9532360807071608 0.741133530748571
0.9930833499545686 0.24428941149994374 0.9628974060460865 0.7640178878568972
0.9917388475548493 0.20185410334346504 0.9627494361137346 0.7720640887934122
0.9890798922899865 0.25851055004009843 0.9554134673022578 0.7088751370828764
0.9835385632471246 0.25752695240599527 0.9585456375416745 0.7545244945012344
0.9880927305904081 0.32803604341593284 0.9611392568937989 0.6849449375842569
0.9889033826119918 0.24391256636118278 0.9538559254841668 0.6879582722303693
0.9912097535826812 0.2785943675889328 0.9546052083628492 0.6612464869205349
0.986197798198526 0.2661603673613564 0.9526149935256855 0.707645383669722
0.9899679905375335 0.23949789403679894 0.9593159433352506 0.7901923751901189
0.9826675673542534 0.27792940884560513 0.9622145852456073 0.8595087621015038
0.9882934434112556 0.21900982067846694 0.9648767012025299 0.8835643496332938
0.9873609261028807 0.2477545448013221 0.9660915235016824 0.8459695334814344
0.9933220208438636 0.1898052927464692 0.9706364794169584 0.8735406385255459
0.990034909398329 0.22354913909451557 0.9586308042760268 0.7169022666341701
0.9904211267847631 0.19102845545292632 0.9558058437055063 0.694271559591425
0.9894042470086714 0.16525045590346488 0.9619048856358943 0.7956843909150153
0.9875349691470781 0.14650938247764578 0.9652638048717368 0.8408797537483864
0.9909074755295781 0.14626129827444537 0.9676365942413402 0.8467603862146077
0.9930992969765929 0.09819511807267234 0.9659537411624811 0.8356511881110326
0.990327773908207 0.030511167180637323 0.9606723277061504 0.7948543873486218
0.9885740524614001 0.008054728015006068 0.9631188478882801 0.8189529130396894
0.9919090175983014 0.02759536118485399 0.9596605252389169 0.7546394685319366
0.9871227818341826 0.03873066535723054 0.9526101707102632 0.7449195831290624
0.9887810031058455 0.06573096164535853 0.9630338262376328 0.8184258035397659
0.9931549675018531 0.050461683232370755 0.9659217323944482 0.845694786128085
0.9928724153528451 0.019754228329809727 0.9706644286429108 0.8861794320271829
0.9897516920383458 0.0413999443362093 0.9731624067446464 0.9274502990558854
0.9881620864322663 0.0454742000576535 0.9739459161996756 0.9457689303052285
0.9871463271023481 0.049345619658119656 0.972192334629244 0.9493653592177426
0.9857733866322202 0.08006240249609985 0.9672794736259358 0.9328931466470155
0.9927959769611439 0.020730449883323385 0.9686836766714252 0.9364351708348968
0.9895806874156419 0.02073108817058724 0.9695847063145009 0.9312763111788889
0.9880037190457097 0.01636469900642899 0.9603699656643334 0.904520816162779
0.9880776594196318 0.019072486802520293 0.959070692699109 0.9253438920903793
0.9839626353358215 0.0036341301120949993 0.9521236860865476 0.930109453627798
0.9846846033056113 0.0057767691355477616 0.9426639573854265 0.9102748923733165
0.9943024295997654 0.017117368274323946 0.9453859731943105 0.9105201784920539
0.990157063448443 0.01754260857163232 0.9331272177308356 0.900127923066968
0.9938656666361779 0.023580715497052412 0.9362780686148757 0.9173204335955687
0.9954479118526987 0.006998500321359708 0.9312433839727634 0.9165511418713974
0.9885559280990965 0.0 0.8075132880458878 0.8919746621308098
