0.9870176095698165 0.0008558311689343214 0.18086795758302351 0.0047938008930916735
0.9824759929511591 0.0005661765147977497 0.18962580958497488 0.0010080645161290322
0.9865884101074671 0.0003379198704977742 0.1950278387354167 0.0
0.9827603722096826 0.0019096361003899933 0.19495197709166134 0.02290266367936271
0.9824686479482655 0.0021006653461323583 0.20179637236651668 0.0059036144578313255
0.9836261327767928 0.0017398804829128376 0.18013627594205484 0.0163826998689384
0.9874484689187946 0.0012043823092662163 0.18156073200298248 0.0010869565217391304
0.9735620395575946 0.0009567515219940921 0.17437216199047031 0.011451363870303655
0.9856780688540251 0.001958827838969641 0.18640330644892442 0.054661921708185054
0.9807015387640725 0.0011486558668186446 0.19850157819888775 0.06325503355704698
0.9881445113889019 0.0013357014610444605 0.18990087292163818 0.0440683378572569
0.9797933469167424 0.0018452187126885922 0.1968650035936936 0.015123619147816939
0.9873179879257757 0.0017427319823843292 0.1943566434645718 0.0037985136251032204
0.9783771021578629 0.002921164748409061 0.19726311328568952 0.10567850403156631
0.9873537761094271 0.0018074846610055132 0.20470808844325458 0.05200922899442415
0.9777208077089755 0.0016949202072478295 0.1882492379318225 0.004209097080787509
0.9860913594902668 0.0037382772180987035 0.19613890488831012 0.003092911047878263
0.9868582234077978 0.004272759154284944 0.19667377891278362 0.0170774176265738
0.986495598157969 0.002094745236541287 0.20695264298286303 0.04246231155778894
0.9802226710582085 0.0035130807062380837 0.21009824936054247 0.01407681572720102
0.9812240667557401 0.0027372365936565593 0.21107935447219744 0.03141640042598509
0.9869760022080916 0.003213392380770768 0.20009114228986147 0.01837642659101167
0.9857825963175356 0.002786822667548326 0.2177968197353297 0.05880290947331522
0.989538107931387 0.0034736103988529444 0.22241060543673957 0.0638815207780725
0.9906201992917577 0.003170449030141755 0.2189819001219213 0.01748609060974225
0.9920442504476923 0.002959052518483637 0.22108110440807308 0.010995304088878707
0.9829035731947995 0.003341811770263886 0.22563092952223546 0.05037215246973912
0.9875449964842398 0.00405260443636818 0.23548067830132566 0.018029024137420406
0.9872532456036477 0.0036925297122629426 0.22761218652876428 0.019756838905775075
0.9907190489036551 0.004245489756930246 0.23606540966613818 0.04455897108455715
0.9874941642625423 0.004220258063983693 0.2280281003118006 0.05892102871197134
0.9887063605351656 0.004153163996995978 0.23004300186686408 0.04137848078426656
0.9876972259839472 0.004739602924100937 0.23068070206416197 0.017147026632615834
0.9915365662324461 0.004498497756924723 0.2373674382663833 0.03935710787587374
0.9904426948652211 0.004808440415059417 0.2343444458835757 0.0316828919362155
0.9900171061747772 0.0038029907293131654 0.2347100533154802 0.05015008081274532
0.9902587668039332 0.0046268214874972315 0.2409181369162396 0.036404253980240386
0.9902651008519874 0.0037717539381548473 0.2448239639456474 0.032994436984461924
0.9915576749631534 0.0028059675510783495 0.24290162554320857 0.04973755656108597
0.9845995442859058 0.0030205278904271602 0.2616645863750517 0.04252968793151063
0.9851378297969405 0.0029503985930648276 0.25398062156761714 0.04981898963304262
0.9810700325393311 0.0013235099011807804 0.2667376055091491 0.05090162063455832
0.9919713125555032 0.0038510494188301954 0.26137284443820663 0.14043439452543885
0.9913833850229128 0.0028054008463823453 0.2717749717278002 0.12634466825499963
0.9883103650304405 0.003931795806363769 0.2680625292309429 0.16027170919772352
0.9880861488787946 0.0037202475640226184 0.2793696068467667 0.07993872293015807
0.9846441860645021 0.003730733763667501 0.27622935463791676 0.16546953977121576
0.9864405331068027 0.00447204207040003 0.2817703695627154 0.1408578463133342
0.9891588091440175 0.00505443234836703 0.2844774848854221 0.09009489284571916
0.9942616408096632 0.005097789115646258 0.28404398126015873 0.06003794723527286
0.9834120601417718 0.0052497950473996535 0.2838986668618196 0.17519716723000162
0.9884758809982017 0.005344167444748874 0.2932152891413752 0.12359657469077069
0.9875140382839601 0.006061696875159709 0.2991104524739306 0.12611759133163597
0.9869399554244607 0.006810593157499742 0.2985192175393925 0.08222603579308654
0.9916321552854089 0.005259979439519456 0.31069363818467394 0.08475266587677725
0.9839284123226744 0.007329239815456288 0.3093617344324314 0.14973385790326313
0.9870729400144813 0.006505850694770004 0.3136054264560451 0.12901686286986955
0.9916407636333321 0.0069391277883714625 0.3228186411499475 0.12128793647340368
0.9895897006019175 0.0070432024054917835 0.3146685374907679 0.08889269504153464
0.9869702225027431 0.006761440987958241 0.31992435698570215 0.08301721622410271
0.9868951507162562 0.006727050894867669 0.33496606845651405 0.10143720970992902
0.9809445759446571 0.005689513313893527 0.3515294889741658 0.11123841785394042
0.9944090266602499 0.0057288993527087745 0.35323418062491874 0.07878219464685088
0.9858444821073146 0.006150909651478304 0.3581142249619505 0.07744731729188462
0.9896045568812283 0.0068555776365795875 0.35782612424597615 0.07725336993629676
0.9862015088199401 0.005600912091591855 0.37545033516647763 0.06450391997837253
0.9889491558609566 0.00580532832679529 0.3529645469059244 0.09364248317127899
0.9917209147445337 0.005259377051421437 0.3690426440099191 0.07117520304989226
0.9842220535259614 0.005756307185914224 0.37767572718462783 0.08335713877620979
0.9886931295214155 0.006054281111190832 0.37740896171558447 0.10129445333704502
0.9880053591042025 0.005713865383958619 0.38513234399931606 0.08562722541769378
0.9868862861222008 0.005504150970998062 0.37896441671033204 0.08952756406180454
0.9845302054415545 0.006481732352389488 0.3783876962471197 0.07833327954039312
0.984074661192344 0.008145753263276318 0.3901291272798837 0.11289553188106217
0.9839894376180339 0.007142244107581561 0.3965142165922591 0.09947540983606558
0.9878638399738852 0.009235854031105096 0.40588194987785775 0.06908475756897281
0.9916299283391705 0.009974302136798705 0.41574357709093007 0.07569274653626731
0.9859124774169026 0.01144820801319135 0.4152764894641309 0.062292909211398274
0.9840899959823222 0.012020003597361746 0.42280236281548955 0.09474151977484817
0.9914318829923235 0.01219428698581874 0.41952664391097066 0.06885252258890139
0.9915392329648289 0.012539850595289004 0.4282249540450468 0.058658845487268366
0.9916497473912839 0.01342820329104626 0.42610961708568557 0.05785823297420632
0.9922623199607873 0.013664792137488831 0.437244167589097 0.054791127745060265
0.991641493386515 0.01545245291575936 0.4268118975077791 0.05085255767301906
0.9900946985215793 0.014478855321786596 0.43227446203816483 0.040351866694372705
0.992939030224524 0.014137731301061806 0.44934276655365335 0.04876961805764667
0.9845203377721561 0.015567691063687066 0.4617430944905058 0.06026773079753212
0.9933316754843021 0.014097235362821927 0.45390237637102987 0.05530873152597697
0.9899329965497344 0.017034659377781744 0.5475625501060881 0.05791673809555207
0.9903884476875862 0.014099408386233105 0.4697323545364852 0.06140951077659938
0.9918195342551817 0.014887218045112782 0.5407474183111299 0.10000664201740209
0.9856429204111712 0.01255108603198971 0.4406985257694343 0.11000790587359903
0.9879460571776778 0.013955315008204332 0.47433795490607567 0.12230291272317333
0.9902548026570638 0.014612420718221839 0.4901718764961044 0.11798368440277608
0.9916276219995676 0.014269335204655866 0.4608013986499412 0.0979435047433095
0.9924105163740098 0.012011129841624222 0.464487151775096 0.08761279737489745
0.9870409612181087 0.014253811288391458 0.4674820894768612 0.09622817275484113
0.9924053873566425 0.015077132374667585 0.47873030431551256 0.14218304088610098
0.9925216629097903 0.014685805970652931 0.4755142021544017 0.16786286446651713
0.9923498322755026 0.01416909313651109 0.4977893209662418 0.16150882051899573
0.9971947180823998 0.01607187137574295 0.47655037560387153 0.17307935304523628
0.9904631422827276 0.015089501847369092 0.4872971410786537 0.13872407322886557
0.9886014260676819 0.016153867193973513 0.48375120263476984 0.13312084633120846
0.9892528159490056 0.014637583572189415 0.5028915790030132 0.1328339993778267
0.9861852836415688 0.014740342923003753 0.5268621909667482 0.13492612836241258
0.9830197103886265 0.015953349822673248 0.5240145215690378 0.15327190624102738
0.9948913448702993 0.019178421182875525 0.546434434027677 0.15276288310662076
0.9911817408459882 0.018663132053280563 0.5681527458382494 0.17332680284652396
0.9844407628811415 0.01848075126962816 0.558552730161524 0.27814599808017554
0.9812399858119596 0.019398443388158697 0.571956734414842 0.2412818096135721
0.9832818703678683 0.019444161472851704 0.5698435477078101 0.26285876669508385
0.9884614376654316 0.02425717480720789 0.5952419812687373 0.2784275359096367
0.98742124121827 0.02266763976747326 0.5993158101873953 0.26744837522010567
0.9841021053559954 0.021565106684522488 0.6076583649453371 0.32050520059435367
0.989776119782528 0.020432692307692308 0.6219604760956282 0.28753493098484206
0.9857077698871961 0.02321192597289202 0.6311639289321493 0.3027745869046567
0.9779537053358164 0.02162353855328069 0.6488314387254603 0.3565035331065166
0.9784272612485144 0.025790872560409735 0.6555142107065404 0.2632793583535109
0.9864456863052697 0.021700991702777894 0.677582887847074 0.32781990521327015
0.9858706260491626 0.02159006423147708 0.6756474679052867 0.3064205917256619
0.9948548860939477 0.022762407377791994 0.7061503675762999 0.2882579212436055
0.9834412958085538 0.028142946494569852 0.7194786470110667 0.2995350354841341
0.9898738481064239 0.03434941060696799 0.7360001764475927 0.28130772072404875
0.9879551976207288 0.038094412819453145 0.7596557140528327 0.3018178931491625
0.9815856679275716 0.03712373774809779 0.7629757244733442 0.30739485748455253
0.9908036723581617 0.0452692275814708 0.7949019280374039 0.24197761795723546
0.9893700144014218 0.04147509206373876 0.8093506959953216 0.26290984301359643
0.9828573442984555 0.05564340679263527 0.8258649695080467 0.19544945915703096
0.9913523239135358 0.07105248840878454 0.863725029998197 0.30248663389429115
0.993657128647584 0.11360793881860866 0.906983111373307 0.22716720457505238
0.993892805426881 0.09989480693695171 0.900118304263382 0.2257602468047598
0.9898508679274404 0.10413219904257506 0.9121984442144174 0.4349390776823814
0.9914106625102653 0.10885117413534448 0.9207703707497256 0.6289707750952986
0.9971930186999965 0.10960759190391367 0.9255830170606882 0.6358837142030662
0.9889150400736281 0.11014467698890341 0.9248455125374591 0.7235008103727715
0.9915495391912473 0.11638405637524775 0.9213486381403876 0.7450529600131374
0.9900479539526067 0.13267368988521755 0.9300323030678762 0.7385776392420638
0.990379384222816 0.1250368848427886 0.9276963981017702 0.734600262123198
0.9917292653428994 0.1464484840486952 0.9292937931453408 0.6936119580575593
0.9906062967562275 0.13859584148986825 0.9261822809036961 0.7523183925811437
0.9928329846688089 0.15042988165340865 0.9331652428555549 0.7360302677532014
0.9860218779627411 0.14978180072993516 0.9268312139383096 0.6818668093073014
0.9920824635351103 0.15750641056654893 0.9365413775875684 0.7421529539688293
0.9943526766200084 0.17162572183615543 0.9381364692070137 0.6666026133743275
0.9887657437433248 0.17967849485021628 0.9363335469737988 0.707197994326054
0.9881909657608458 0.17157702002187664 0.9341690073436172 0.6938801998831852
0.9937514523684307 0.18268603330352612 0.9332056973644682 0.49102139863225236
0.9909534895336527 0.18795017812101827 0.9368977567695063 0.4823065117298838
0.9967809138634658 0.1931520294194382 0.936710908518582 0.49180257510729614
0.992146412272021 0.19203559000114725 0.9417194179038191 0.7720510795155345
0.9931304868267695 0.19723482664393693 0.9422263443708397 0.8255805987531685
0.9881717963269299 0.2154316555668342 0.9387334048797197 0.7773391235688907
0.9920224089366338 0.19104121868442187 0.9426814756049187 0.8012539607631632
0.9919421317039729 0.21494284551885245 0.941954409693144 0.6936015456301853
0.9894886755398318 0.20500782472613457 0.9408606978093049 0.667668238097705
0.9933771693179729 0.19988198058044096 0.9436563001836448 0.7534593416946358
0.9913974646769871 0.2100849285162802 0.9428444357398749 0.7815004901678104
0.985545052248138 0.21962661560555288 0.9422081496448189 0.8435361453278587
0.9885753104636874 0.23622629918181565 0.9453276848194825 0.8273970987144711
0.9922631533996848 0.22144252232142858 0.9459805902366888 0.8010170240990493
0.9874737670514165 0.25481063489930883 0.9476039917651025 0.8084581207832813
0.9887872800498912 0.2569370759782644 0.9520399289516925 0.825939703514519
0.9932250600580144 0.24159690920798454 0.9487305360270682 0.8014350252458146
0.9967931107292552 0.2700547086304401 0.9558042115325143 0.8230014172484384
0.9918532162907818 0.27549842685259845 0.9526680212062348 0.7836107554417413
0.9884117657294996 0.2509251613297856 0.9496606185458099 0.8146331698528676
0.9915361573180835 0.2576949798839896 0.9539287384579728 0.8287198079466954
0.9889894641754312 0.2575029125576358 0.9522246868151284 0.837484885126965
0.9908904797688327 0.2525059351094698 0.9527919866255323 0.7930184804928131
0.9872093342987819 0.24933859132431488 0.9513694908541126 0.8615565483188338
0.9868534827677921 0.23610055775604236 0.9488688360433963 0.8520084566596194
0.9910962779635755 0.23201136580210335 0.9545951223081887 0.8618628067967276
0.990439331911755 0.23967896420526605 0.957472817827608 0.8819654854432881
0.9918109405375647 0.2629980380319952 0.9589499468194349 0.86960929250264
0.9915765795203225 0.25581529581529583 0.9590705869691628 0.8691748610517315
0.9917324275249754 0.25388591402647626 0.9584566936488689 0.8812909852255669
0.9917155050572479 0.2864869542642032 0.9646717661947838 0.8825841410364039
0.9927141740968839 0.29244220864774223 0.9672647971332485 0.8435452223168339
0.9883586748381022 0.28680774425934263 0.9642192919957318 0.8379746835443038
0.9881061663430443 0.28842809717025875 0.9664673562410283 0.8581805603597371
0.9797698768241506 0.2709872770709484 0.961076168291452 0.896836457389729
0.994225725940242 0.25648641075931633 0.9711982366474632 0.8956947615738443
0.9836576597938836 0.22770785599949783 0.963378717672004 0.8607651387251936
0.9885800526834593 0.228494344713085 0.9686068820003658 0.8585609489620727
0.9870653121754248 0.22593714768883877 0.9683553481167594 0.8892518882627982
0.9834854865948331 0.21561791287276175 0.9647843509618681 0.8755646344621227
0.9909536214459065 0.13500881158531913 0.9597283195886158 0.8578336034575905
0.9916030263676939 0.20824755742901022 0.9681599757841765 0.8538159298482996
0.990850305284892 0.17162074202646996 0.96973695528756 0.8859119529448346
0.9886406697607824 0.1788814921618554 0.9640324398085451 0.8834010705789056
0.982007516182971 0.2393510748821226 0.9656862155836082 0.8766199481616588
0.9874148916944494 0.30951753229633533 0.9755424959461274 0.9062003921934821
0.9873033536228426 0.24112046869278653 0.967774326659772 0.875596748526945
0.9900342063958529 0.23337317345876546 0.9717124545569581 0.904171581769437
0.9864174213807855 0.2168973818838399 0.969315894519254 0.9283722659396493
0.9894819809453675 0.21300138312586445 0.9711643650606071 0.9171199120344008
0.9824397876709388 0.14430059993684874 0.966540083824982 0.9314453162653505
0.9875444128567431 0.22162822023909748 0.9737563585365122 0.9385739387773976
0.9869377912905901 0.1097316219369895 0.9718026141798454 0.9256998082235164
0.9931583096150722 0.14863567804744277 0.9763820979136202 0.8993719074354831
0.9900857445834178 0.04888757338069163 0.972817536250372 0.9067977835011317
0.989886010515309 0.08460909833832743 0.9761972414657797 0.9234899944923811
0.9896364803854711 0.0027826596367896894 0.973018127005486 0.9339757725020762
0.9883768086917338 0.037628458498023716 0.9723784625734339 0.9092424673687635
0.9900547223373733 0.06877797291938134 0.9756888613587522 0.9213715371383091
0.9928187649291591 0.053763440860215055 0.9766465342295775 0.9337894616585638
0.9906060644716868 0.02403529566706177 0.9762949001413607 0.9132449792666071
0.9887000673937018 0.0 0.9765115327203754 0.9229753230457657
0.991525629135609 0.01104721549636804 0.9817510335234318 0.90481993098293
0.9871758454963923 0.008898885194601995 0.975370165610605 0.9030402390283652
0.9881631201994912 0.019619500594530322 0.9753453940466581 0.9037047689238015
0.992264792198231 0.018513643941388085 0.9771410831298238 0.9113465339667788
0.99194148792105 0.0007957823535263105 0.9752546553562587 0.8944651448541087
0.9902160409697789 0.010420509037255625 0.9747444001921696 0.9160810313075507
0.987489548586419 0.011264205974052097 0.9745214949048957 0.9301034885661826
0.9872335422511341 0.0025575447570332483 0.9735678316861361 0.9370074627352917
0.9852355135712076 0.03452054794520548 0.9709972644831194 0.9342737922517057
0.992873680954784 0.0005303030303030304 0.9761773356279358 0.9543193658492769
0.9882979332740635 0.00010676916506512919 0.972326904537479 0.9383009330078105
0.9870722405136838 0.0 0.9627139403295463 0.9118446013947399
0.9892921591654908 0.0033401373167563555 0.9657252650585675 0.946833796085668
0.9839439086341703 0.0 0.9575073498629254 0.9440590213868342
0.9833291872885981 0.0 0.9485837348659927 0.9266374096724165
0.9939383404588961 0.0037754232127633664 0.9548137105749497 0.9312922546055838
0.9889095084439526 0.0008739869696488161 0.9180582148312286 0.8683070638001971
0.9919343922441389 0.0 0.9292607173648838 0.9034836469286709
0.9943103383268892 0.00017051752067524938 0.9361686720671611 0.921269929563072
0.9862457964210193 0.0 0.7483045296032984 0.8324543685918958
