0.9866000234964866 1.4892653751757333e-05 0.18016403821987678 0.0
0.9823711791667883 0.0 0.18925449404064135 0.0
0.9863686306426765 0.0 0.19479530980528176 0.0
0.9823794616219069 0.0002137719557411383 0.1945012450026368 0.0
0.9821842342257828 6.399772452535021e-05 0.20129739495243706 0.0
0.9827402639724334 0.0 0.17975681031236146 0.0
0.9864903958800549 6.061204478643541e-05 0.1814837629107261 0.0
0.9729160246853945 1.6548120474210728e-05 0.17437431139823717 0.0
0.984951805354634 0.0 0.18607849400903267 0.0
0.9795965525548558 0.0 0.1981060300096545 0.0
0.9867521378043586 7.743196875620061e-05 0.18966747053428892 0.0
0.9784862409575442 6.356439806959812e-05 0.19657337039044512 0.0
0.9862921798090418 9.903354907112357e-05 0.1942167119821541 0.0
0.9773761331608486 0.000586267443658622 0.1969433740448044 0.0
0.986247706512518 0.0 0.20435651663888374 0.0
0.9767490836582577 0.0004256881877859636 0.18787544876124124 0.0
0.9851162283623853 0.0005525706871117821 0.196440916276406 0.0
0.9861441532197472 0.0008022769194152997 0.19658671746199388 0.0
0.9865073273605004 1.7096956842252414e-05 0.2060756980783798 0.0
0.9802367984844897 0.000910361935058812 0.2095540573522373 0.0
0.9808073104263593 0.00011517076636890224 0.21169930608117132 0.0
0.9866298027217567 0.000931967395354173 0.2005879790243168 0.0
0.9851411227301197 0.00040675929653587097 0.21761851766561743 0.0
0.9888362963731367 0.0005382368032503639 0.2221247997687555 0.0
0.9906948459566448 0.000796922058718809 0.2195680480255378 0.0
0.9916438516737249 0.0004209224573097937 0.22024305502237473 0.0
0.9827301918906084 0.0005739147314627652 0.22491770505913045 0.0
0.9870377474879514 0.0009546584897323884 0.23523800012828225 0.0
0.9869792399553466 0.0008074693533437715 0.22753308884453827 0.0
0.990114438244523 0.0016057260400486966 0.23595970502626692 0.0
0.9869662544740654 0.0015236695247513713 0.22668392553278974 0.0
0.9884002424479988 0.0011756232812562787 0.23033427769145987 0.0
0.9871832760987334 0.001539513497357032 0.23066688489209197 0.0
0.990469736533577 0.0011586793321475323 0.2369848850684217 0.0
0.9894032478197791 0.0011066571576125717 0.23384092210262833 0.0
0.9891151840423079 0.0009318210739340501 0.23437486575003066 0.0
0.9895570720149601 0.0013927720931582145 0.2410468870449532 0.0
0.9897103966642086 0.0011441303104206184 0.24415242196448578 0.0
0.9912306332453503 0.0010441707042651155 0.2427484168359358 0.0
0.984742224801627 0.0007180930686972151 0.26073237474188954 0.0
0.9841414283874687 0.0004464323318087248 0.2525732784284142 0.0012131441531726356
0.9804592781020528 2.3551981363959475e-05 0.2655583840310383 0.006622938292046106
0.9914108513575127 0.0008922048586327642 0.2610333201478423 0.025268432355046527
0.9904449542154056 0.0001693709562684191 0.27084887341109853 0.001913189046992706
0.9872404596389425 0.0015995837935414575 0.2677417274565367 0.0383248730964467
0.9876128673975195 0.0011754300088236886 0.27918294099018265 0.010492332526230832
0.9842540396408291 0.0012819431559416379 0.2754856156743902 0.024149417083035928
0.9857099564072079 0.001504324934185784 0.28115662788327833 0.10538300391656799
0.9884001273125329 0.001899126082821048 0.28307315857443865 0.024156923374239057
0.9930311567248371 0.0012415144561432625 0.2814670186534311 0.004509120721459315
0.9827269732197487 0.0020733286613466304 0.28328614477026304 0.0874537227478404
0.9868050604158122 0.0023380152069592654 0.29300221351220795 0.1022680412371134
0.9865508294029621 0.0011761200932002918 0.2962775489261555 0.04618752280189712
0.9856931468089097 0.0024036296496442403 0.2978072673957098 0.030606531881804042
0.9905556676937444 0.0007049745124599341 0.310129323729108 0.05027180017071746
0.9832877332588318 0.002801081493276593 0.3098778088067211 0.10658473676225155
0.9867254155913728 0.0026655805589855066 0.3134064987141806 0.07326078507578702
0.9907427807862383 0.0022549095476489533 0.3226552982230983 0.06141494544705963
0.9886048307099694 0.0032009985504912225 0.3143125505245778 0.025047736717960237
0.9857523768482858 0.001455405139714098 0.31760251971131787 0.034757098105514396
0.9860222836874969 0.003146530678674117 0.3347009306097231 0.055234463445152836
0.9800460653748115 0.002326408496936152 0.351767448766257 0.06679939585335713
0.9935012800508991 0.001890161061419502 0.3527415813866104 0.028797733948804027
0.9848377443532633 0.002092650733645159 0.3560770437627266 0.043178547079766684
0.9887538841019817 0.0034576154723448883 0.3561771905172023 0.0331020997253131
0.9853336307209067 0.0021295172384420452 0.37573706979419236 0.03176271822789563
0.9880954184903923 0.002820758557733885 0.3519388469605406 0.039784280788612854
0.9906468966034763 0.0026174729887381482 0.36883404182536805 0.033122344576432844
0.9834623537761764 0.0033567450822899647 0.3770612788482881 0.06167736757624398
0.9876258471248396 0.0033091264767988967 0.37771228034321225 0.05835782687020006
0.9866738058415342 0.002688871883472576 0.38517880667743504 0.05251762336354481
0.985588554492715 0.002416475972540046 0.37989328197396777 0.039763466130927565
0.9832199975568335 0.004090072870313268 0.37814503648021225 0.031396396396396395
0.982949898915288 0.0047703980334060665 0.3896032518914827 0.07098234049879483
0.9829757123687078 0.0044122209790698206 0.3948388612292645 0.054057293539494185
0.9878333609508823 0.006070957118166601 0.4071385488903205 0.042864292864292865
0.990111266334069 0.005772723879668566 0.4148078068941036 0.05390354103183776
0.9846559681860337 0.007676211514872313 0.40994967758610984 0.03795590034623695
0.9831128849850869 0.008053971108381859 0.4210220687418167 0.06360112200195404
0.9906159001990241 0.00667759606541645 0.41974925640451594 0.061722181551976577
0.9896530360826333 0.007206137182515589 0.43585885173406536 0.05021667698461831
0.989739812408075 0.007671067521689928 0.43929206944644833 0.06682082015950168
0.9905008106477641 0.008547366072673528 0.45235003246591077 0.06357684713706745
0.9896530486553069 0.010058881637796255 0.44666091614103687 0.06360484283521856
0.9882908202980966 0.009438290727338991 0.45384286834267096 0.04616850453278034
0.991417479654724 0.00791999065526653 0.4647975759115455 0.05423104635337443
0.982763366091956 0.008854829718013362 0.4728300700657678 0.06734462450159125
0.9915437614763237 0.008436947843727505 0.4669204945549824 0.06366693522962133
0.9880912567945662 0.009460300922628617 0.562358247608316 0.06705129627574984
0.9888151537694599 0.008463236101818473 0.47879116476461686 0.06777178246277651
0.9900058558975052 0.008667620843236483 0.5429905063796745 0.10239560151852337
0.9838037621658541 0.00817482391830225 0.44141920987081734 0.11217644099066361
0.9866130777186533 0.009351316143601308 0.48120242578162703 0.13144533825662666
0.9889513397442106 0.009889029900321538 0.4925675464863347 0.12825487283640002
0.9898515330215595 0.010182704752731541 0.4606425754444384 0.08647627514168241
0.990605849238216 0.005527288534423295 0.46551478478285896 0.08020123717798136
0.9853666356882924 0.007353043039237266 0.4693115372223516 0.09026966194866468
0.9908136007496933 0.010225702015400191 0.48002476259184995 0.1252583595232028
0.9907271238870737 0.008900919280306754 0.47506354653194804 0.16389244558258642
0.9904725011886747 0.008141232051520059 0.498629325035193 0.15616354134644944
0.9953213349053199 0.010599508182820317 0.4789464856230032 0.20250399126123855
0.9882634277218789 0.009913310382015015 0.4881117499520133 0.1443932411674347
0.9870777814048728 0.010444638580044938 0.48654302161901297 0.14401908686693418
0.9869369284167321 0.007948327615072434 0.5022819321539861 0.1535278678400494
0.9855646432501561 0.007036953150861543 0.527491518965658 0.1509078047630276
0.9810887421905709 0.009183310331658118 0.5234760163682032 0.1788081643368117
0.993553245572142 0.010650147780983093 0.5444180776705541 0.18381243328793845
0.9893844501562707 0.011991677487679014 0.566811546988105 0.20045094188668267
0.9826993466184757 0.013305434742882205 0.557028007052005 0.32200994799909566
0.9793036809628357 0.011964427026415947 0.5712911065222582 0.2878948163820462
0.9816355799946203 0.008524780995243621 0.5681060630087542 0.3286025013594345
0.9863635456029392 0.014352416933062094 0.5919098687521778 0.32758818140174073
0.9856407133339289 0.01408169301556645 0.5979032250601161 0.2996577017114914
0.9821177033854528 0.012171207787646144 0.6063329803072861 0.33965244865718797
0.9877448518332497 0.008551540989356505 0.6224117767927458 0.3620161198773981
0.9833827696573094 0.014284003370502967 0.6302226318753176 0.313534423660758
0.975269359731758 0.00956142832890046 0.6465164584977369 0.3751891074130106
0.9759761334866781 0.014768564924541205 0.6573760319634357 0.3257061860888934
0.983705463915935 0.012309580801571227 0.678043186132443 0.3691684726816471
0.9843569526463484 0.00947895143995848 0.6747300998427649 0.2980869565217391
0.9920954661674971 0.011782537208716935 0.7044924793756514 0.2851706256273001
0.9805369362046896 0.01138865126889079 0.7168239239866085 0.31828106852497096
0.9867501884951148 0.020760984675913214 0.7346222676867454 0.30330126711022587
0.9849508948395691 0.02600561397404457 0.7584251180630832 0.3105032727903247
0.9785965370425842 0.025803593676458375 0.7600125645488522 0.2832880167080427
0.988151366200335 0.03154785239390664 0.7920378438749567 0.23253968253968255
0.986774837717887 0.02544637619442839 0.8054212365860193 0.24690566928602745
0.9802360643354002 0.03992359798760747 0.8226572036665408 0.1935905318167845
0.9895382322733955 0.04928482020246212 0.8631161798223803 0.3338068775331133
0.990965979526846 0.0854072632407139 0.9054445132681842 0.23219196711898213
0.991421444435355 0.07867350108729419 0.9007943886941832 0.24789836888331243
0.9876059918643594 0.0747119622141855 0.9097596193068095 0.44792641956270307
0.9894952953288482 0.0771467916306984 0.9182261252841446 0.6632932393197843
0.9952245058756835 0.08519416711284684 0.9237500309462525 0.6542544763112027
0.9872512691206995 0.08470478036879309 0.9218892956988991 0.6942633637548892
0.9899353345847155 0.08851406595403204 0.9187033464264169 0.7228134353175922
0.9894981678914976 0.10105413331219783 0.9275482069634351 0.7125509440239541
0.9882538016566725 0.09707914192219125 0.9243277296571141 0.6955769705955028
0.9899368069057066 0.11891795969521866 0.9267856417575013 0.6838409281734219
0.989540800036627 0.11156690178362137 0.9241917609293794 0.7468516884575279
0.9911083193578217 0.124115569451682 0.9312526098029779 0.7445907808090311
0.9845123079681414 0.11663805953295091 0.9242411244765554 0.6906022028322129
0.9904742278039083 0.12256964463144465 0.9339138616744191 0.7111439114391144
0.9927731864318641 0.14089722878091215 0.9370303909863666 0.7008919015340707
0.9859112510417183 0.14850554546024186 0.9340307346523166 0.742577868553505
0.9857093923242493 0.13436339217655385 0.9316622017206454 0.7648114901256733
0.991183564834068 0.13627730876208446 0.9338265925196928 0.6384296278482535
0.9880784875540434 0.14585153994862424 0.9385346773408777 0.7087430597364373
0.9942661700363669 0.14940542994413689 0.9388329648078659 0.6847470425371256
0.9896347104685048 0.1553002271989614 0.9385045433873852 0.7420658583449281
0.9902796994375964 0.1660461747627095 0.9389737007531485 0.7976600137646249
0.9857697142712232 0.17895578915790658 0.9353692717819282 0.757101989222274
0.9895339089563135 0.15173001310615988 0.9388736055141634 0.7882632293080054
0.9901608434109714 0.17603908725404052 0.9411066558454603 0.7884781884781885
0.9874225500126013 0.17512010602462863 0.9401656114574775 0.7571664323696595
0.9908395914635665 0.1625464292031184 0.9411481834397334 0.7766916819070442
0.9890161115080687 0.18312975027144407 0.9399382072964798 0.7442975111162442
0.9831692329648143 0.19300939432432054 0.9391248557648912 0.8076730190571715
0.985979587326791 0.20642637449860388 0.9419675381094763 0.8018901569186876
0.989635456822593 0.1890777730556736 0.9434703461979665 0.8186285981745846
0.9848774078099235 0.2245243580550173 0.9452949947446041 0.8055587196719444
0.9859380027137802 0.22348415460707088 0.9492440631229154 0.8059877548727743
0.990396450634356 0.20201193122002573 0.945673781683933 0.811039506864668
0.9947655647437565 0.2260256732947395 0.952897814285444 0.8078783319002579
0.9897989739780404 0.22247662044501773 0.9489830171013725 0.75138039098642
0.9864395965173812 0.2223385471193962 0.9467906106589751 0.7885208596713021
0.9894862967267654 0.23150334019790045 0.9516397888908857 0.8060063328715614
0.9871113886654883 0.21738394051792762 0.9495268060648102 0.8151790957134468
0.9891286460808695 0.22444032991078944 0.9503744775454285 0.7727755460128365
0.9851539541145132 0.22850780278966992 0.9495577766890411 0.8427741812642803
0.984973270590511 0.21259723964868257 0.9471025152032985 0.818943763518385
0.9892939086031708 0.20731090311156083 0.9533058258743038 0.8484160842334574
0.988392993355135 0.2142251994877352 0.956031490365266 0.8666311489966259
0.9901925701636675 0.24109349158478452 0.9574794446668492 0.8478325732065982
0.989722611401435 0.23231539168624246 0.9587549485829653 0.866991643454039
0.990039297365408 0.22105634769647164 0.9570776126742779 0.8644440007985625
0.9901843202342504 0.2474913357646046 0.9625865064481526 0.8718826596117185
0.9911331668049297 0.25777518040451264 0.9664788296539573 0.8631754788081271
0.986709991728021 0.2579467921933675 0.9634004673380067 0.8438411727033374
0.9858846038782361 0.25136612021857924 0.964253655506076 0.8538335820365238
0.9779400681574262 0.23701250702226428 0.9597643540550351 0.8834052181291098
0.992705451798304 0.22285239184012828 0.9700145106045522 0.8928028126162063
0.9817001490966399 0.20224833237395456 0.9628421689243484 0.8614390659845206
0.9869412523432566 0.2095812900792154 0.9693440913406752 0.8858577900334843
0.9856833564575416 0.19937141800702532 0.9678948264125256 0.9010667159945739
0.9818396535598576 0.19755084028978045 0.9654185447465895 0.9063993225669872
0.9891446408970171 0.12555573851473736 0.9607561795099361 0.8745218271827183
0.9900260954839853 0.19231045634207689 0.9691182864302087 0.8723802801607123
0.9891374346331824 0.15915273999222698 0.970857130597095 0.9254066487759461
0.9870856902952094 0.15706840820634607 0.9649852723329518 0.9093565739112445
0.980634515945676 0.2074933992707766 0.9657528790519793 0.9080884199949761
0.9857636567444676 0.29158878504672897 0.9767149415105288 0.9293511145533315
0.9858606536813479 0.18225880904754577 0.9669782208796391 0.8936536697760776
0.988570688529021 0.20283370618941088 0.9715376797705485 0.9123273230404322
0.9849939176833258 0.13545207991137934 0.9662327198281104 0.9136022923112062
0.9881445938404358 0.11778689467428397 0.9679710155894626 0.9057361715534726
0.9808308415207176 0.058711293079460984 0.963136080265357 0.9194432075581283
0.9856973217015073 0.1055713349355473 0.9700635390171349 0.9293997398253113
0.9850500515885213 0.010485117897178198 0.9690561205644069 0.9174005305039787
0.9916635877982942 0.03367481986177148 0.9737748037930338 0.9004104521730317
0.9887926048688501 0.0 0.971596489224595 0.9019389101879203
0.9883850507847209 0.010692145822669624 0.9737365620852965 0.9108082000643984
0.9889175257731959 0.0 0.9725422220858707 0.9308496769894841
0.9868669608487466 0.0 0.9722066178092048 0.9087942970731373
0.9889165851740581 0.0012030075187969924 0.9742521076636309 0.9130042763666341
0.9916982253480344 0.00030753459764223473 0.9749092871753663 0.9313550232391848
0.9890977376466116 0.0 0.9770796420337065 0.9214739607369804
0.98768201520597 0.0 0.9774010935058779 0.927819750248301
0.9906455943684691 0.0 0.9809740464525774 0.9003192584963955
0.9854343384899444 0.0 0.9763317802684739 0.9140293428042857
0.9863904868782127 0.004450488317468167 0.9769909470694933 0.9148323238292214
0.9908755926515619 0.0 0.9794759731241071 0.926715605776827
0.9906654606928974 0.0 0.97804081802831 0.9104499546861095
0.9885615373213447 0.00025065797719012406 0.9762340899171403 0.9172808198294006
0.9857897736362182 0.0009250693802035153 0.9728318715623606 0.9163511115458242
0.9857643232424318 0.0 0.9739038851949195 0.9348746400915054
0.9836456405831508 0.0 0.9711657425751159 0.9333891737823066
0.992006503014157 0.0 0.9760891120032165 0.9481840793220263
0.9868434978912989 0.0 0.9717459858805735 0.9310090904474125
0.985460734921301 0.0 0.9618132095196316 0.9041643025318209
0.9882607671924385 0.0 0.9652408737559318 0.942820898327382
0.9829875895005858 0.0 0.9587997516831568 0.9457503821076867
0.9817063435583582 0.0 0.9475151122729535 0.9197048121764977
0.9925040253876825 0.0 0.9548570221958727 0.9271435601863454
0.9874157171327421 0.0 0.9157776313463301 0.8609055263278393
0.9905421638992383 0.0 0.9239185718500897 0.8908072443683128
0.9929428421298458 0.0 0.9306642714051873 0.9100739456671021
0.9843616788338171 0.0 0.7630641291343319 0.850178899192231
