0.9844958084361692 0.00013105535301546453 0.1805931153499448 0.024757804090419805
0.9805919915543223 7.812468700045273e-05 0.18878388549718642 0.019944211994421198
0.9847570546583417 2.831895640600079e-05 0.19519090686168447 0.030564492541678853
0.9804982116646407 0.0015755413088181928 0.19460058788103585 0.08754260923458321
0.9800752382270234 0.0005729279360271105 0.2029181319510046 0.06420233463035019
0.9811944052620372 0.0005188923076923077 0.1804343223950607 0.08828349037279803
0.9848996197109516 0.0010059408186148908 0.1829997782764374 0.054038349796629866
0.9715391195818615 0.00047278748105445225 0.17495532089637963 0.07757028524522881
0.9837050866934471 0.0005593690935994821 0.18769527262378352 0.11156685808039377
0.9780614853636712 0.0008594096042208085 0.19949231665344494 0.23601672765290121
0.9855849844511362 0.001769181782460324 0.1911147620541655 0.1645101663585952
0.9774773833136381 0.0015696930008894275 0.1974991133653727 0.1276447337828412
0.9856191833198839 0.0014462431143405043 0.19467687933206704 0.0825120330048132
0.9759593510131505 0.0021085265252832478 0.19740297288631106 0.18106559116960305
0.9858213060284117 0.0003191907529256689 0.20505294241981495 0.154336954647353
0.9761541308169118 0.0013227693608432996 0.1885919136349369 0.08109169448262321
0.9839969474155996 0.0034912614966689107 0.19687163101577143 0.06205348030210247
0.9854372958618791 0.0038150025743593804 0.1966393844529099 0.11788693234476368
0.984559469653948 0.00243799941286942 0.20644365041286836 0.13262420896728155
0.9795480195211608 0.0030646065362025686 0.20874627903422377 0.1605156037991859
0.9804787152749204 0.002766943292549582 0.2115575159775454 0.06927303846500316
0.9857304420744365 0.0037950529534024244 0.19928621083270587 0.025842696629213482
0.9846565918902117 0.0027242277012478923 0.2181201705613439 0.11431461810824481
0.9886335159756678 0.004351826679771639 0.22251094831587656 0.09407954828531097
0.9904095804380046 0.004219047778260724 0.22067655087079563 0.060658206065820605
0.9909939290261257 0.0035309108374687046 0.2196893046902403 0.07270173922437075
0.9824194489540063 0.0035204411865307605 0.2234081235946088 0.16201959306706856
0.9863742424790133 0.005603960709926609 0.23175375715375118 0.06117724867724868
0.9864749345381673 0.004868481073571058 0.22699534460457274 0.03309260444281927
0.9889525445708093 0.00576826626375709 0.23348412732157628 0.03823006428669129
0.9867747542412243 0.004275833504194953 0.22727276344004743 0.06863644705450542
0.9873235040791244 0.004790079396079947 0.22925156769274727 0.05452981941423441
0.9871930458739797 0.005062668006634474 0.22910891992486762 0.04003472399530205
0.9901187008098762 0.005321702903803229 0.23518670977050884 0.0690846286701209
0.98940344934807 0.005445721343196072 0.2327962803956318 0.04380827437567352
0.9888357804648241 0.004461079286104363 0.23508528498121792 0.1312664907651715
0.9893333137479557 0.004951447672529915 0.2388583800807007 0.05623014318666492
0.989486734076359 0.003873446683633289 0.2425185130868978 0.11583408244510081
0.9907081988134953 0.0028509087595284866 0.2380099821276569 0.0908092273892347
0.9844868895134397 0.002735289054380607 0.258524748767243 0.1350410066284687
0.9837886365922042 0.003660820078368044 0.25178292404207187 0.1388862355525838
0.9788608352631786 0.0022492824735482245 0.26329441580383833 0.11300498063087991
0.9906170556967876 0.004045926506688357 0.2595139108502318 0.2619288058571068
0.990917584411217 0.0034994386096973565 0.27147554632504245 0.25770108385624646
0.9872634179891484 0.003975574872105222 0.2673478489799361 0.39526696655583804
0.9875679546065157 0.0037195487781351163 0.2796284910265049 0.2202963747023022
0.9842479275115826 0.003703079757831008 0.27670160126322296 0.33954684235899085
0.9853900308750699 0.004103251419807437 0.2808677444780717 0.37814007652636833
0.9881899355357647 0.004659163304310894 0.28231030642735094 0.213738117141981
0.9932335888415471 0.005091894188887709 0.28332543918775316 0.15807962529274006
0.9830155480888992 0.004917506387173889 0.2840884234702247 0.3094932191291934
0.9867091522857053 0.004936601231472718 0.2939877995576 0.36098840419657646
0.9867922785628521 0.006920707262522682 0.30037234391458856 0.27167836326870465
0.9863060889478982 0.0066520066587417315 0.2984692104599397 0.1511065281192988
0.9896869983948635 0.005902245639811027 0.3125700705124428 0.20774555331639358
0.9832774389326077 0.0073209082920963784 0.31086608767941154 0.34321200196753565
0.9868885593164727 0.007431501275661043 0.31556626138586497 0.2554684275691292
0.9901306583173648 0.007804439019582932 0.3247510032769331 0.2610567093511245
0.9887621187041854 0.0074587125957429725 0.31664724658390353 0.24427563754747694
0.9857711129352773 0.007689906982138992 0.31950187788596346 0.20720871751886002
0.9861601778173549 0.007580938791576461 0.33565242175793936 0.24702047468676785
0.9800578882272687 0.006040330706200296 0.35173132834661 0.20361023184190263
0.9939751663560421 0.007013956135700533 0.3524922124689613 0.19926873857404023
0.9847465376071968 0.006903983372150397 0.35604769740710435 0.18923704673185002
0.9890291484435892 0.007780295589361258 0.35948661348309136 0.16234028244788165
0.985715012122767 0.006476892047815874 0.37720212536961717 0.19607698001480384
0.9883047342864536 0.0072720572273798885 0.3519710910947132 0.21716611172770994
0.9907547674211371 0.0059443160298002186 0.36641323378479 0.1453631010794897
0.9835148705699825 0.006184700372282935 0.37362076011442585 0.1694055944055944
0.9879314695106133 0.0071988590290796356 0.3726963182635984 0.13481939035853363
0.9872235860489686 0.007174169838561491 0.3816699750007549 0.13060065655221365
0.9868272872264349 0.006665326727607791 0.3789780823240031 0.1331342279056072
0.983987678776309 0.00785868941121022 0.377319453861728 0.14893294990161948
0.9836586298813967 0.008919114186667727 0.3905043580886267 0.17386945867676543
0.9837107095056504 0.007781173258379699 0.39272335062482466 0.12806160930491048
0.987728295662458 0.009692320438762218 0.4044072672098371 0.11732966174226919
0.9910671350836703 0.01090592809971922 0.41693893476033533 0.17265575164788433
0.9854668716364625 0.012230971274049119 0.4094162259476579 0.1109449547817418
0.9843780366375949 0.01298767473065012 0.42077534838524566 0.126066718386346
0.9909472822148656 0.013640211972029727 0.41977643529625996 0.11013410187036819
0.9904850635555503 0.013716271072061624 0.42846825037374897 0.08421996001562608
0.9908435026287894 0.0134348255233097 0.4273504411127732 0.0725869941741458
0.9913267758841716 0.014160243771285176 0.4392982721768446 0.07365669269085386
0.9908461154940318 0.015955199960244002 0.4313626869642353 0.059900601621763014
0.9894918587364946 0.014681908210091927 0.43793919145534965 0.051013849120551624
0.9922661325019926 0.014364185843524713 0.4568381395919659 0.058169116737028834
0.9837884368759772 0.01597182691876839 0.4605067316285408 0.06202862859781438
0.9928095708960282 0.014893637837079842 0.4471265176075207 0.04966338744626366
0.989525657722752 0.01812764749994933 0.5412418771864461 0.05222555350553505
0.9896147241237386 0.015293687950327059 0.47086513494216076 0.06662654878180499
0.9914864562107262 0.015744027791438023 0.543374647869248 0.11822621503747617
0.984855581391764 0.013362986054726161 0.4390298463625676 0.11010613751730502
0.9872617150446965 0.01428317081623115 0.4654968109715665 0.10372334548668656
0.9898481102253 0.01493699833944132 0.4862203695528586 0.10796783462900675
0.990711717220988 0.013940799673112283 0.45680801446601155 0.10533691991229459
0.9913732973375401 0.013037566200508673 0.45921102688243093 0.11927244768014608
0.9859054933981346 0.014791722044075552 0.4641815720792752 0.1149647768449956
0.9914739242169536 0.015060356802773936 0.47197315759237435 0.15688360640787913
0.9912661699021564 0.015091440977332941 0.46917517260708963 0.16654398233345602
0.991019770745283 0.014316022035946497 0.4882147447150235 0.1802103726316488
0.9959219516889616 0.01585585918494294 0.4674643304610192 0.16507707995921062
0.9894251817323705 0.014998646475262344 0.47637525074430626 0.133007095669195
0.9877047040394931 0.015900386531399444 0.47525752227116436 0.12480792214444254
0.9882739722140783 0.01456595910668701 0.4931685048342179 0.13729151107791884
0.9855581716133942 0.015270116209054833 0.5190802332686076 0.1658889407372842
0.9818380673822663 0.017117972833393023 0.5189584211945714 0.1712749844079475
0.9943604025190523 0.019054552136746096 0.5393373656376318 0.17743007109162182
0.990218426187491 0.018018892399924595 0.5597313897983514 0.1785565908956021
0.983680685205795 0.019370817478021257 0.5531125739827472 0.27169225461445573
0.9801232405563682 0.020081874859160218 0.5624258329261416 0.18176189633822748
0.9817000383031103 0.021079876179332612 0.5638392696858107 0.18856187094691745
0.9870600200919738 0.02414083280940175 0.5903189903746786 0.22657475289054235
0.9859851358645393 0.022989742345880897 0.5952698617452863 0.21465832874315524
0.982723602844457 0.021343274328672824 0.6041844175248821 0.27179196370706415
0.9884683607881034 0.02226668387763005 0.6177718273337871 0.22518447224895732
0.9844936450827108 0.022286441169942117 0.6275831824224758 0.2523461939520334
0.9763439981197821 0.022249286737259944 0.6457749058700315 0.31847518224450944
0.9769165919351351 0.026718859546623043 0.6515008528393886 0.22791210215855318
0.9850826107809995 0.0198223832327425 0.6706056781039853 0.2445598065709003
0.985528150266669 0.02138592267866836 0.6710637741747114 0.24709690336358783
0.992927806927692 0.02374254469192711 0.7011167432762244 0.24296906388107672
0.982106918442493 0.027879985463795765 0.7163443378551969 0.2843133484597931
0.9885942611835028 0.03220715033009849 0.728869243402312 0.21664811802642467
0.9866070967542057 0.03774999500176604 0.7551528990885045 0.2471313356501213
0.9802044330088263 0.03643145487953282 0.7613412439130101 0.2876773879507245
0.9896303022040913 0.04565753884424789 0.797194702175242 0.2888178421478371
0.9883617905173361 0.04205923824225673 0.8099557778205342 0.2907448867301636
0.9817179418741092 0.05343726710576671 0.8335605621290824 0.30702889176369125
0.991078003275259 0.07171418374075217 0.867221679183304 0.39047313405464884
0.9926696285079075 0.11281956659901184 0.9205834785601341 0.4680244399185336
0.9935497340776229 0.10418656709217394 0.9146434725942516 0.45056167278389503
0.9894929279554683 0.10463935642597727 0.9156191382292063 0.5649630127774041
0.9903775477710819 0.10974837629181815 0.9147114374313318 0.4167329488964009
0.9961722821341539 0.11556046199189744 0.9249318801089919 0.6134500486313742
0.9880902447384 0.11840251261145948 0.9243227013529602 0.7135706340378198
0.990864236944152 0.12421366350298532 0.921060294319989 0.7167685104356797
0.9890894850773598 0.140399475142149 0.9290694446322618 0.682708622551288
0.9890240966755736 0.1343527590979935 0.9265395680412067 0.6767631103074141
0.9901874337477112 0.15680208151128214 0.9274402853645206 0.6217519421376909
0.9902171974921328 0.15015543495442332 0.9239778466849946 0.6033946779408107
0.9921131766981207 0.15596434970158282 0.9286815059592025 0.5407732122108376
0.9851038100795948 0.15494527540625488 0.9210637541129242 0.4774399555740664
0.9916775120753629 0.16374968293655107 0.9291461759575148 0.4449415003441156
0.9940005172595927 0.17986654002581526 0.9336243705057502 0.4967890967890968
0.9884972246984302 0.19307933002024663 0.9310493404070781 0.4881178277762718
0.987411207960431 0.18270973243790642 0.9257837324075289 0.4141607122387375
0.9930362304392447 0.19154498578381765 0.9196616647138967 0.2842801791375233
0.989760851000586 0.19666861105710026 0.9179938116941482 0.23973965315919216
0.9962271904003092 0.20146148129799357 0.9150271473160343 0.22965695460911764
0.9909562498404366 0.20398944269617297 0.9178765341135174 0.26493262720386135
0.9922303019435755 0.2150940577418672 0.941434435878996 0.7652638190954774
0.9878207821941429 0.22655069472597944 0.9358830929937 0.6206354199433785
0.9915243942774327 0.20457249262918326 0.9371291762238942 0.5410353535353535
0.9910579795628053 0.2224333363699067 0.9321988223504903 0.4222626984672486
0.9886600585363998 0.2161743703367547 0.9283081331347536 0.3697009436382815
0.9931542342833766 0.21244812174098116 0.9265983033769948 0.33793966573670897
0.9910337285775329 0.21839475947859457 0.9311831678763354 0.42775352691845386
0.9852970592948812 0.22254343105320304 0.9299515309852862 0.4318742985409652
0.9881473669194963 0.2439125852792723 0.9374925187134647 0.5182897510818508
0.9919414185115725 0.23134956209916557 0.9348364052101308 0.44894284206277746
0.9874786714650259 0.2630043323214759 0.9311181425094993 0.3823476541434478
0.9888149826775031 0.2689805111521256 0.9417834080533048 0.4801119201297256
0.9927510241725687 0.2579916047788182 0.938559875202845 0.475583466116787
0.9968436663877891 0.2810469479271529 0.9454573589783267 0.49291177019212834
0.9915072363175043 0.28373206495204195 0.9482764183653462 0.6243578353740971
0.9877898390578976 0.2605633802816901 0.9409628863800017 0.5395155210279607
0.9911122647270468 0.26824574626745995 0.9439921089050609 0.5180634513112048
0.9890205738936463 0.2673712064290614 0.9460732275968423 0.6123397661642485
0.9904324500361918 0.2659469907938276 0.9452382299212388 0.5562581424168281
0.9866536667186053 0.2637369910157349 0.9435576581293771 0.5978617619341631
0.9863008651479179 0.2576676291305743 0.9372968864987028 0.5180312687258266
0.9905778742773552 0.2510971679352671 0.9511144289040797 0.7176976266118482
0.9900676874653734 0.2600623263497785 0.9500277077560885 0.6250623130608175
0.9913223695000671 0.27119085246816027 0.9554712808593904 0.7440219947183736
0.9912562717274653 0.26469093988145637 0.9489433871871038 0.5833738871554118
0.991177408088891 0.2643491724112508 0.9513904880140701 0.6573215124471583
0.9911362741735361 0.3023151361724715 0.9574193731817311 0.6373120841205948
0.9920489015534516 0.3097730430754979 0.955351486695873 0.5535386694988896
0.987786263030652 0.30347947446941625 0.9586623386300709 0.6773456637216855
0.987676186511146 0.2786889338226117 0.9560871069488719 0.5955231775341412
0.9790562862307548 0.2737464712999059 0.951215498366443 0.656476472389507
0.9945519992217142 0.25186853962364164 0.9608162587884829 0.6569591069045019
0.9840447128327933 0.23212613646660826 0.9554241845727535 0.6704724409448819
0.988749189687704 0.2525691699604743 0.9642407243842589 0.7431808984216917
0.9867354204597336 0.225121297458691 0.9604380514556937 0.7156427813675379
0.9830833921786577 0.23041098684434172 0.9597631848010442 0.7500797878869713
0.990554936448438 0.13388172974074264 0.9560223677936585 0.7771478838823185
0.9911331348390678 0.20445429940978901 0.9651302715451738 0.7940699896007158
0.9902129580656512 0.17617777777777777 0.9657416198811096 0.8065160199191957
0.988019890252296 0.1967168095688524 0.96024144141039 0.7998572161613458
0.9822427214362105 0.24346099507426783 0.9642629129120098 0.8534216335540838
0.9872107024301329 0.32122877122877125 0.9690190351374205 0.7807502705302393
0.9875752709755118 0.2440039158100832 0.9623827576752737 0.7813815537696135
0.990876820750531 0.24810688801514488 0.9664317140638524 0.799531907665012
0.9862549798530026 0.26245752101591846 0.9637143938789473 0.8154948743536242
0.9891477078545924 0.2398202654219931 0.9686026864915097 0.8805801469203239
0.9819429547807756 0.27541349191600073 0.9657639513216777 0.8764222958375342
0.987203453797696 0.23354145261993203 0.9717615475115233 0.9224586373816921
0.9872641526299417 0.20819082697535737 0.9703276739116073 0.877992610633398
0.9920029268445318 0.1826869509320763 0.9738814180777969 0.8754752851711026
0.9897335760303485 0.1531438737768622 0.9688798821773598 0.8322048153269376
0.9891520988890689 0.1250636521030655 0.9654759247825598 0.7810344827586206
0.9900543418706355 0.017000093923170846 0.9695223504650634 0.8819247877072381
0.9874218008766813 0.0580372845585649 0.9697661005053907 0.8843389296956978
0.989946961905338 0.08061139028475713 0.974008936195307 0.9121376468059822
0.991893748801461 0.03930670090365908 0.9708901170020963 0.8704099110725263
0.9894498350500208 0.0007038535984515221 0.9679386276734249 0.8442669103039446
0.9890447200147092 0.0016149159509652794 0.9736896519415735 0.89032849793371
0.9914599197053736 0.0 0.9744580125760415 0.8419674724777986
0.985531983965852 0.007465162574651626 0.9662994109064277 0.8366340173017802
0.9873648013501837 0.0110561797752809 0.9676418067659087 0.846877923292797
0.9912738623055308 0.02127659574468085 0.9699359114334036 0.8595237516508268
0.991509137946895 0.0030003529827038475 0.9711555008295226 0.8727952513105149
0.9891908663134384 0.015239477503628448 0.9727777562036426 0.9071538506214427
0.9866371380579108 0.008833236264802952 0.9739585421765997 0.9337008579402543
0.9869612051439559 0.0037002775208140612 0.9743505278775239 0.9440271886471832
0.9841132286268622 0.03187075130219829 0.9690316867871256 0.9299332669733362
0.9925819795832233 0.0029131163061685236 0.9728878214184798 0.939459778146563
0.987769967812428 0.002638800928857927 0.9701669831331436 0.9308031303110549
0.9865048741365354 0.0 0.960807407934934 0.9028970167391901
0.9890374098389246 0.0001281640499839795 0.9605505829789445 0.9247171864413739
0.9835655502534969 0.0 0.9528213897829074 0.9259351509699101
0.9830815365974706 0.0 0.9450779981372124 0.9161667354519191
0.9934918355144334 0.0017411852496735279 0.9483122384497568 0.9156731995825119
0.9881858823068561 0.0 0.9280013015642475 0.8893873838438467
0.9917858941789004 0.0 0.934933846679408 0.9128605664106915
0.9940169141678353 0.0 0.9393906623044644 0.927106372721083
0.9862186936695654 0.0 0.7733053065361704 0.8596855973014829
