0.9849738805145498 0.0028061216898625507 0.18105962195590425 0.05057096247960848
0.9810929202971412 0.0027272026963891076 0.18909768733984209 0.05084745762711865
0.985368564738055 0.0020721684151849954 0.19477307146256567 0.054963235294117646
0.9815877204761877 0.0055525356848060235 0.19476682304095982 0.17726187893252332
0.9810791731358266 0.005623478581162463 0.20321711926595262 0.11654135338345864
0.9821649786532677 0.004469202328508496 0.18014848959705346 0.1922623260202878
0.98603292180086 0.004983249172225858 0.18326311667229875 0.14972585407001265
0.972683661595791 0.004341826521291276 0.174990661012001 0.20073465859982714
0.9849204676872415 0.006457335496407062 0.18765819880115062 0.20034136974610625
0.9792439982497456 0.004328928133143631 0.19857479030017136 0.31446707220312087
0.9867237244483402 0.006339161058749076 0.19066636646661958 0.2487782173609495
0.9789714311010332 0.004972777866022469 0.19591175078176104 0.2297232824427481
0.9870255053429114 0.0054379010089144805 0.19360571270676324 0.19218316373728028
0.9768876613682701 0.00456478483086887 0.19611999148471412 0.27490462060195
0.987003776638126 0.005614701095107667 0.20499021071019669 0.20245098039215687
0.9772023172612592 0.005230245562849502 0.18816516047693982 0.1760031783869686
0.9851961770014415 0.008247254196973218 0.19728271787853296 0.21036910603797737
0.9860563971191956 0.007495730280220127 0.1957289757164603 0.17897196261682244
0.9851881074489832 0.007857299234154347 0.2065425116618249 0.20715802244464665
0.9804033257976692 0.005316802958634949 0.20646417513513685 0.20435782920557585
0.9811180582738828 0.006735655926293293 0.20925488589247315 0.09690366972477064
0.9871081602316625 0.009164617995848341 0.1998679666130281 0.048597089744482354
0.985748897526625 0.008127452091602292 0.21688812618133102 0.1269388482795507
0.9896594808294793 0.008100539723098585 0.22217448369291545 0.09952046702342067
0.990100629485344 0.009279454336360392 0.22053397606719333 0.07158776254474235
0.9917413400708648 0.008350183479367933 0.2195703453398304 0.07791146761734997
0.9834027964739609 0.008482989941732574 0.22318397675983895 0.14630887429016814
0.9870891539798823 0.011295756784048977 0.23244065822521245 0.07471490365709792
0.987408462760687 0.009877242957254877 0.22791591616908205 0.06780836164459544
0.9899795188891216 0.010541255753481353 0.23417968006749398 0.05552241773536137
0.9878497244341443 0.01121632018299933 0.22879121391333979 0.07095619312813883
0.987964177949242 0.010847428383043011 0.22867498536387446 0.055879017013232515
0.9880599858107011 0.009769898805210477 0.22955225892924414 0.04955331051181431
0.9912186690139202 0.01106295128439519 0.2352926747827628 0.06152502679315683
0.9903732249327821 0.009683487364030425 0.23357127893911597 0.047834811314648194
0.9899870575173743 0.008408187080627082 0.23556527010016087 0.08964210056862526
0.9905698253997787 0.008805821511659139 0.23970315931731748 0.043216887830013574
0.9908022320635562 0.007653253900345261 0.2428196507221945 0.12652044823292788
0.991441137043233 0.007381810358737159 0.23985959438377535 0.053171541840780025
0.9843563615716502 0.007017811672465372 0.2581272942318476 0.12488791065460178
0.9849573987153999 0.00993631723951041 0.2538193869357068 0.10997392438070404
0.9798690729249334 0.006263168159191255 0.2636328882016352 0.12387931034482759
0.9920674082911198 0.008827190804896154 0.2602583722116531 0.29363120217230315
0.9917776606648392 0.007825950192165395 0.27161037060855747 0.2452248190769961
0.9889191736505591 0.008880084345112083 0.2679706063640384 0.3781009409751925
0.988183178088952 0.007884085834583473 0.28022003079883917 0.21354051054384018
0.9851786720368625 0.00679524290998508 0.2761725258278767 0.3590441621294616
0.9865609464574536 0.006816403713546335 0.28138683099602013 0.36114175399889686
0.9887002664143871 0.00797770190408084 0.28346002979900875 0.23662374821173104
0.9941633588928178 0.009787398432657775 0.2844346613032273 0.21887530562347188
0.983478841445967 0.009879730617185388 0.28521472153795535 0.3222919727527715
0.9879029103179872 0.009317946406254605 0.2945293031841255 0.338404408241495
0.9873727260364383 0.010225354579076924 0.3002322057533447 0.29599315905204004
0.9872022773301687 0.010381587744574865 0.29843068690686014 0.15878601275566306
0.9907462127568504 0.010818129677329627 0.3111020968448487 0.14113137414333837
0.9840544091208491 0.013463182458815646 0.31133452849575105 0.25643316654753395
0.9869564335575066 0.01186201223010738 0.315869795300026 0.23379191745485814
0.9910679301774147 0.013703240639239644 0.3248747482341324 0.21310201967892284
0.9897789921341393 0.012201286466882138 0.31554530700133376 0.19742007851934942
0.9869573414429363 0.012308783425588514 0.32014308486504717 0.1817872224492576
0.9870082645013386 0.010639289683581415 0.33444901455341774 0.23125
0.9810385997449866 0.009008517559060911 0.3508554960423974 0.18361501002578057
0.9948814350628691 0.01044563777637731 0.35280120939968335 0.20167619047619048
0.9858029195394867 0.009679681721965774 0.3562183624604734 0.22103109656301145
0.9898762134378668 0.013257848873140785 0.3611904715313517 0.18163534225674458
0.9869138747134087 0.012607666447852639 0.37918232868412993 0.20483321987746766
0.989077310685427 0.014132814155007011 0.3539030624265754 0.2465518526802356
0.991784230224465 0.012204450625869263 0.3682141333654952 0.15777764415849918
0.9842277911953333 0.010803036585588476 0.3756961046999193 0.1927594723209445
0.9892830785887827 0.011846246193068552 0.37385229941586207 0.14625922922623874
0.9888035354488983 0.012960322120627464 0.3823884573547945 0.13553334482164398
0.9877158349663759 0.012395945609546611 0.380371496116177 0.14470102730705067
0.9850630446575805 0.01258557868295659 0.3791126344929482 0.16585854326973754
0.9849368732440641 0.01340775023034642 0.39263177703967267 0.20255418431878186
0.9846981800708752 0.011989371323981955 0.39467683744597964 0.14236038376136412
0.9869855913630334 0.014280636347109276 0.40578091585990866 0.13338372185535843
0.9919640436440754 0.015844377468587866 0.41759537886921416 0.185790273556231
0.9862973336684638 0.01637685592602179 0.41201793736212183 0.12326896080737565
0.984753485894455 0.01651809383770333 0.42064801086979825 0.12922199133589266
0.9915123954118475 0.018089818731848638 0.4205828862744721 0.11908640988595494
0.9914907301050873 0.017071287259783335 0.4308849891878421 0.0964901492977839
0.9920888709466087 0.0169673013760965 0.42706271159767084 0.07546606747884703
0.992717517192951 0.018994666864190216 0.4400801778278215 0.0747750542972386
0.9921471097163973 0.019520185646520832 0.43427509257486313 0.06373655954179067
0.9908274707651968 0.018439419929281 0.44309591083615846 0.05483993762049191
0.9927546790249956 0.018441347407596696 0.46096640125428406 0.0643979901264228
0.9851576407757894 0.019932789596306743 0.4674708352248769 0.07197508186247105
0.9940989217302758 0.019457590364976338 0.45028131938711463 0.05292586060017038
0.9906831054744998 0.02322106616740195 0.5462423234111594 0.05718853769524044
0.9907662760940212 0.019418440397510013 0.4720698224232441 0.07092579148385468
0.9925938306419589 0.02081871388340113 0.5454677880165788 0.12648403061362468
0.9861776943535697 0.017296518507999622 0.44109418662876154 0.1158173395102581
0.9883161970096034 0.017968406464752937 0.4667165163703438 0.10822825201910169
0.9901609675745847 0.01875982672870207 0.4867710189061483 0.10902034319604038
0.9914440571581677 0.017430344645450943 0.455395758806278 0.1005415389782125
0.9925141459030791 0.017948579177302918 0.4579306405811325 0.11168422433011321
0.9872362327540278 0.01916905941011904 0.46254644724650784 0.10192441995809731
0.9926669943492863 0.019354273703876695 0.46992688746045536 0.13996552444630173
0.9921753872458812 0.019012460610811854 0.4670873222166163 0.1580914378846208
0.9920575822271356 0.01868621829718075 0.48740048771277683 0.18137917712961174
0.9968775784634704 0.022004859893574483 0.4676715700431934 0.1662888036274852
0.9908380936283268 0.021540805243832818 0.4782968315587284 0.12944308038275315
0.9884884184356111 0.021100115947056197 0.4742002009839334 0.12089107315501128
0.9897753388123363 0.020937645229254898 0.494837543398941 0.13920622414811898
0.9857254562696525 0.02036104731758561 0.5216791239018246 0.1708197691624741
0.9834614073775875 0.021873785820979288 0.5186748934022716 0.16148184628854415
0.9952519885605154 0.02367701775732247 0.5418515163231725 0.17487566180009625
0.9912974855380428 0.023664538770613797 0.564296330225273 0.17662575983484344
0.9846316885929137 0.023456096421122306 0.555606514451211 0.28680636747908983
0.9807140498293766 0.025055064530943923 0.5656782162552759 0.19093989438017034
0.983087005728155 0.02743009862341234 0.5673815012545336 0.20072655624653654
0.9883366424855207 0.03006644293616339 0.5947296278098898 0.2761941781117733
0.9867872166982006 0.029682114132516278 0.5989793035385026 0.25579312660920184
0.9834114713594001 0.0265256013574209 0.6090135189626923 0.3368864650470996
0.9896679135695413 0.02837822397191262 0.6230148712402118 0.28192953756533534
0.9860775589668318 0.028922810703911995 0.6330689032881134 0.327047785494182
0.9774550666065468 0.02777977770778023 0.6508975537335705 0.43026194144838215
0.9785706518610437 0.03248414625329145 0.6583221931254235 0.296387318751536
0.9867400984719995 0.025922092471049523 0.6767404999355773 0.3264919336199325
0.9861682427851426 0.028655730538994863 0.6790282686583451 0.3594215227562739
0.993476020620738 0.030844720200200095 0.7091263990476379 0.35744660518897226
0.9834645496044098 0.03546777947013493 0.7220619405382376 0.36137146136189746
0.9901008986795575 0.039625081383382485 0.7372049644006632 0.2919170673076923
0.9883949386958442 0.04529608626940597 0.7614929143382516 0.3179320170974964
0.9817764037967959 0.044091734989335135 0.7672879463688722 0.3665521722985518
0.9911106767048802 0.05439462147870019 0.8022254891047761 0.34157691796303685
0.9891581966407513 0.05170748459936895 0.8149944420613725 0.35557168125538574
0.9831681921764639 0.06800756196751563 0.8391250393842205 0.35412125795115873
0.9915344128382995 0.08711446855603137 0.8688792932262323 0.3898991717680951
0.9943020295463149 0.13841572485567932 0.9230286323858433 0.4669593477393238
0.9945881143613352 0.12482530201213791 0.9182500911989088 0.5163522012578616
0.9905662879838334 0.1259517244715329 0.9183640408838156 0.5933057280883368
0.9918021011904192 0.1339189927737182 0.9187754571453333 0.4652000860585198
0.9975549593734163 0.13756695668328328 0.9268419927235078 0.6279788476066204
0.9893186233211855 0.13538810916976962 0.923595390410092 0.7281934521472875
0.9922004481231991 0.14375585856340778 0.9215676045723806 0.7501009937787833
0.9898412215179092 0.1619241637642111 0.9308680850928 0.7356052652830494
0.9906118430396444 0.1505727624326859 0.9279256934237656 0.7393505867223918
0.9916594592380764 0.17206532061604526 0.9270119687993522 0.6710358509281564
0.9911265339159845 0.1631493424571815 0.9229672697435635 0.6152704791344668
0.9936613927332094 0.17430107051225338 0.9300322297569372 0.5830327914331688
0.9863600382082542 0.1739904160547164 0.9205470421354293 0.4694610778443114
0.9916463546793854 0.1834635146655607 0.9283252725266454 0.4629946102274221
0.9939662849641229 0.20580184816937652 0.9334947880806367 0.5079686780285583
0.9900067371670274 0.2173280722877204 0.9329783571274151 0.5051366721702439
0.9889258553401136 0.2068498112854789 0.9304489737287324 0.4688150129495181
0.9945842414635757 0.21889959222268188 0.9209858323494687 0.2834114385258974
0.9915663986219717 0.2224424358715411 0.923264004496833 0.265437030075188
0.9977780033336064 0.2184522593745119 0.9196340083249679 0.26068826266350625
0.9924200058354405 0.22477608986095304 0.918234134363515 0.26253584774485095
0.9939289011444342 0.23044523949122325 0.9418498904192348 0.7579277286135693
0.9894372191921912 0.24771595688113307 0.9376316326383076 0.6310999529264083
0.9925949886904626 0.22365289172490632 0.9379944338173796 0.5313742437337943
0.9926025538716652 0.24083151546259463 0.9342401298305197 0.4343458918392882
0.9902994336581121 0.23021823279021617 0.9286709677000455 0.3781878617685827
0.9943981643434385 0.22668471329290196 0.9226850313137435 0.29715449884702355
0.992999551509858 0.23131515324823876 0.927847036929997 0.36758141623306306
0.9870517264169815 0.23222216416740687 0.9260030903391672 0.3746561725537188
0.9902683767259512 0.25855467494912715 0.9379938329499495 0.5041766954551891
0.9933054226895052 0.2429915321336071 0.9339957422452451 0.4252218913527422
0.9882559095027286 0.27722285664724844 0.9299911561033972 0.36623563218390803
0.9902208326921911 0.28187878323500115 0.9416730843121961 0.46693489835430785
0.9941903388910756 0.26972309480647083 0.9391781597914963 0.4732484076433121
0.9980878693451274 0.2893016652370671 0.9445531805091503 0.46981984591322484
0.9931089955638506 0.30072856684639 0.9494591400027226 0.6172323759791123
0.9893955301364857 0.27683365787455005 0.9442868739749176 0.5832871588862724
0.9928193350729769 0.2848172977055991 0.9457920816757894 0.5183605285923097
0.9906671060424151 0.2817011751538892 0.9469025664508878 0.5865073602217968
0.9924486266097878 0.28096570469262133 0.9447926699595539 0.5178139052231062
0.9884959625308195 0.2802245040310153 0.9446746073567323 0.580374814448293
0.9880729920452073 0.27323449453120063 0.9378586732677386 0.5012278660979708
0.9918339563458162 0.26295903486676386 0.9507941978864229 0.6836834391792868
0.9916127648396824 0.2772654077001903 0.9511432496298351 0.6248700862016262
0.9928640978795292 0.28340646190666136 0.9560159214443837 0.733584537017654
0.9932166665711322 0.28362816318231393 0.9497132449688135 0.5719228320739572
0.9922594438352287 0.2800679081118362 0.9506747090761547 0.6315103444450607
0.9927431811223726 0.32357387222531625 0.9600490259775644 0.6752769645829746
0.9937436804853387 0.3179530201342282 0.9565557392053589 0.5530040818275129
0.9896223224609366 0.3123401313515382 0.9605003905364207 0.6869458128078818
0.9896361210359101 0.2974517116083381 0.9564800088907374 0.5996328875539345
0.9810051054233082 0.2871302382908792 0.9528332779192674 0.6784233987643701
0.9954283116753887 0.2734473538166591 0.963003712447864 0.7011090761090761
0.9857383807676735 0.2583556053682789 0.9559291323754702 0.6628604327591997
0.9898556244543041 0.2550038431975404 0.9641502350622424 0.7577248145229231
0.9880551686139641 0.25660606447902357 0.9614896857450952 0.7256297654666538
0.9845860135037626 0.23823823823823823 0.9604642375632251 0.7610381935039031
0.9920181145383865 0.14343828230310032 0.9566632584379351 0.8012971844636068
0.992791015917162 0.22481921093583132 0.9657776785768147 0.802777442337882
0.9917698114293175 0.1890287652468854 0.9662230649887951 0.8239847564606407
0.9894072710965407 0.20797463936714752 0.9605367117725839 0.8028772506271785
0.9839556492956798 0.24828048393354732 0.9647639880465393 0.8635515761984704
0.9886713722394853 0.3241329217359724 0.9683479533425259 0.770866497651475
0.9890480878472017 0.24728878498603807 0.9628298353601078 0.7968273572889729
0.9912634166546607 0.2497072697467465 0.9654255136692622 0.8062006743139138
0.9863834490789439 0.27596409574468084 0.9642810065372706 0.8442045117245474
0.9902495826098763 0.24280489743997455 0.9680974605609077 0.8905681711109017
0.9832452031327616 0.28822965195944095 0.9668982444602521 0.9079879413342211
0.9884250550236084 0.23128971320625108 0.9704904128069671 0.9285701395029867
0.9880663594294348 0.2411041446136308 0.9702288010843042 0.8779609159099881
0.9934808143145287 0.19641465315666407 0.9739129788749776 0.8921763822703832
0.9903200340074088 0.18263329706202394 0.9698788062787702 0.8539134979746504
0.9906321949112188 0.1866672668347137 0.9659157538173082 0.78988427361025
0.990021400487732 0.12247706422018349 0.9706701111645708 0.903069599474721
0.9882795295295296 0.09874983075326083 0.970111873384188 0.8975198504752184
0.9909820220131413 0.12262348332855641 0.9744226686383876 0.9203937865849023
0.9930811931131964 0.09101644875579924 0.9712205234056334 0.8903067631405849
0.9906988314537939 0.022631527383168412 0.9672299394535502 0.855243246723977
0.9890300827559637 0.0029567945932898864 0.97223127160906 0.9018410780570298
0.9919433970690502 0.004134723059695064 0.9727282189223341 0.8516259199969689
0.9869550330974663 0.021807925151348377 0.9660483241382238 0.8461995623711202
0.989045272539804 0.053268251273344655 0.9671005171744287 0.8503788829226677
0.9927035456129248 0.04428389858853435 0.970022940948054 0.8691757590617466
0.9923863496055214 0.015551333474069383 0.9710850164239314 0.8862388187961407
0.9901781867827533 0.027033015732328827 0.9723283539698533 0.9143759205518207
0.9878882333017969 0.040136830102622575 0.9735864888050392 0.9404906148956942
0.987511517683786 0.03267922758189352 0.9745997376514899 0.9533881682184329
0.9859138948323932 0.0563165905631659 0.9696893914177017 0.9344615002689396
0.993126928396638 0.013284949873915985 0.9721968559135716 0.9455785672736053
0.9893852536581964 0.012257843305331733 0.970527956948688 0.9367018323153803
0.9880099852654027 0.00714105687641771 0.9615174585112816 0.9098500564586014
0.9883588417812701 0.011761363636363636 0.9610308280240574 0.933255898546651
0.9841335251427089 0.0008293593199253577 0.9534650544442832 0.933997546599647
0.9849084669749737 0.0037641154328732747 0.9463817422196514 0.9213268789876542
0.9943771487720422 0.005933895297249334 0.9481776122192082 0.9186229300510532
0.9899284168470118 0.003955919751342187 0.9325306980465321 0.9001777126026819
0.99335 0.003954897340962639 0.9360714505097896 0.9172038546423967
0.9950588306831656 0.004865649963689179 0.9368453400479776 0.9257097462761105
0.987417452130093 0.0 0.777354636048889 0.862700146911413
