0.9856973861903471 2.9785307503514665e-06 0.18037805354488373 0.0052656213433185115
0.9815799246520471 0.0 0.18980612833246793 0.0
0.9857069939574756 0.0 0.19593971923897383 0.002840404757677969
0.9812091884873 0.0005989358301764844 0.19507104880660955 0.014909090909090908
0.9807553842942547 7.618776729208358e-05 0.20316506511970348 0.020970495001219214
0.9819320410393724 0.00013197341622051773 0.18070894404799825 0.01203309100025069
0.9857161131281927 0.0002610202862620233 0.18330898204816445 0.0037420206911732336
0.972230385478895 0.00018882359010097196 0.1754112336266465 0.013420004193751311
0.984478213144638 1.4517847758105557e-05 0.18768544273559248 0.0018393623543838135
0.9788886034594863 0.00011074924313183179 0.19938967601917415 0.08377358490566038
0.9864270272665941 0.00046459181253720363 0.1909873100287524 0.05178365937859609
0.9783146812129022 0.0006014169971200438 0.19783978826819465 0.011788312014045649
0.9864953540706102 0.0006718720569188258 0.19521369443875264 0.005030621172353456
0.9766195852936909 0.001362937683514716 0.19765817356903753 0.05937633489961555
0.9862711122347675 6.897020585635871e-06 0.20513763505027305 0.07351837959489872
0.9767909812767274 0.0009078511591661796 0.18858347323606614 0.0076771653543307086
0.984222257216576 0.002216441915313572 0.19741968184653774 0.0
0.9858652571193639 0.0029334984520123838 0.19671769577816778 0.0020591538749532012
0.9852507092499585 0.0015627765531223351 0.2064780965094846 0.06653162979121222
0.9797847975045416 0.0023946345537424556 0.20953529628278098 0.12628118352349643
0.9805989029204512 0.0021038394298769866 0.21244417627000226 0.08244408712176582
0.9859678094672258 0.002172388846442244 0.19997025560985596 0.02069688236835211
0.9846693385609189 0.0017936621157704613 0.21911975283755752 0.09634267824107016
0.9886556615044274 0.003433222206177498 0.2234359068042611 0.09513897391943187
0.9906531208687386 0.0026321981521278764 0.2213722852820597 0.022373710889704596
0.9911436227933044 0.0019026912324781665 0.22074441246634563 0.012092758571631812
0.9825892031798854 0.002046132914262812 0.2245353895297078 0.09008327024981075
0.9865363289398963 0.0032355403521732735 0.23320455128148457 0.025202956500666424
0.9866361927455963 0.003179749947474545 0.22723127787544814 0.014066931366988089
0.9893122346693928 0.004064831867107879 0.23464981662038456 0.03836473190450766
0.9866502268455893 0.0027900979886539452 0.22771992898428167 0.03575652173913044
0.9874453501341598 0.00338897282753471 0.23032996023834926 0.04497297297297297
0.9872089530001685 0.003806743373976759 0.22997529121073068 0.023596517562293605
0.99049679154692 0.0040942416240354615 0.23573742681654306 0.07554088742207554
0.9898559505652721 0.004136812719393881 0.23359621822058813 0.03053321417932678
0.9891795283201712 0.0032988414075330037 0.23533292419791652 0.13683723084047233
0.9897411478995731 0.0039350881279602455 0.24033149388083141 0.056213351375732974
0.989639470224962 0.002999518915735603 0.24283573914540757 0.08499505020506293
0.9908966316559059 0.0018899791729268772 0.23967680722820917 0.12146019547239162
0.9845557350565428 0.0022126763708279727 0.25843166121466965 0.15907534246575342
0.9841112543339912 0.0024896867854115085 0.2517954670849116 0.1805514813728366
0.9792962262438333 0.0011410824990883105 0.2635678583795615 0.14609902475618905
0.9906770185947446 0.0025954951268897073 0.26048733948342323 0.3363920343615775
0.9908959884698535 0.002319152155213913 0.2719179594028273 0.28318088482359527
0.9871525769992027 0.002611844131679689 0.2674974786510612 0.34407342315953915
0.9874687489957904 0.002477455263160686 0.2801584160808635 0.18696711327649207
0.9842097323029988 0.0028534428347289703 0.2768356734797703 0.34093049538519493
0.9853319415557 0.003061965940785069 0.28077186572276774 0.31986754966887415
0.9883376663216603 0.0037385818673998637 0.2824578970636579 0.1991520290732889
0.9933083843146155 0.004050037630270896 0.28413450123382056 0.13185483870967743
0.9829000463054839 0.004102275376785075 0.28417499734530727 0.29759192971038073
0.9867494844918491 0.0037970612430644284 0.294355301078639 0.3321718931475029
0.9867301641975262 0.004893898850533839 0.3003136974545208 0.23806042884990253
0.9858144290464 0.005577503022458326 0.2996103096479537 0.1617136240833655
0.9898221861749539 0.0038435297317481317 0.3119728005228017 0.19224924012158054
0.9833770293981986 0.005848548505011058 0.31088659395265184 0.347838372421588
0.9868895760855559 0.005587633361230475 0.31494168553443175 0.25271891467653324
0.9902735482672339 0.006094045169167413 0.3247602233144057 0.25929294077526427
0.9890092610217746 0.006349165084200588 0.31622258366759937 0.21980306345733042
0.9857103210523049 0.005745007827573165 0.3187267542126037 0.20689345660174133
0.9861288532905657 0.006302383950585371 0.3358565064252055 0.2379066780821918
0.9802433302113375 0.004694823740650409 0.35222415067656604 0.21651221566975568
0.9939392244072095 0.005670589065682538 0.3524755502211237 0.20003570472194948
0.9847246018075099 0.005137100199037049 0.3545351568477739 0.17320540156361053
0.9889353897534401 0.006179797015849271 0.35946639618122955 0.16986599058312205
0.9857046112740577 0.004643152346958031 0.37805704464078743 0.21297023653661518
0.9883158724164137 0.0052110296550139275 0.3519798635831839 0.25124354763022055
0.990764147492238 0.0044605138749327635 0.36697025840112996 0.1639694874171241
0.9833967717713293 0.005146028350175474 0.3737419577251618 0.19979890835966677
0.987923177430379 0.005687161754098083 0.37342509095401094 0.14389016977572835
0.9870181091521015 0.0053533457754405414 0.3821589855016211 0.14704780258016167
0.986500308286229 0.005039165207032888 0.3787409366822496 0.1389498719356019
0.9836237363605987 0.005986058578975337 0.376481111876054 0.14372030572195826
0.983519474695247 0.007508784123451255 0.38989708148958385 0.1789339330213335
0.983536365602249 0.006179445298230651 0.3925305857595763 0.13384726163751112
0.9876966760225461 0.008003370412399857 0.4042005104677447 0.11465187452180566
0.9909492337580325 0.008899625032075071 0.4143818612463266 0.14434790603594908
0.985578912422175 0.010443998131584673 0.40797996120248586 0.09613130128956623
0.9842018895355812 0.010947824670495833 0.4201816414175973 0.12112382185768761
0.991079284766852 0.01125488629554598 0.4189466906681775 0.10624142251924339
0.9904317463783768 0.0114541928156872 0.42697737106050443 0.07768392976216937
0.9906806050347161 0.011521375758579668 0.4276391338763013 0.07065246673012338
0.9913397368222607 0.012245655266250231 0.4435985452463601 0.07826726571508091
0.9908120949057102 0.014205353106488882 0.43665520081391407 0.06447136420035264
0.9895843209967587 0.013065455513495614 0.4422700650268954 0.052780466952487524
0.9924212590325967 0.012341585133626633 0.4606769649426566 0.061024893709718614
0.983756814841275 0.013974247387199436 0.46624575935074725 0.06795409576573011
0.9926622242441242 0.012481454096747183 0.4508002452364434 0.050804822740734314
0.9892488059462464 0.01505488061006865 0.5479393965240468 0.057082507562323984
0.9896170895208178 0.012638556239414544 0.4763733167456107 0.07410668686050402
0.9915563748007041 0.012962667072930562 0.5446598288134643 0.12319963922320246
0.9849741209113708 0.011354570448162241 0.4387448938726472 0.1238294001177289
0.9873271738574164 0.01233240385640138 0.4677252547272339 0.10979994690991578
0.9901051536654332 0.012943777474999358 0.4875584088741414 0.12122857364461335
0.9909405664638776 0.012014052472787239 0.45830649207646096 0.12136932263381157
0.9915250664080617 0.01027479848312202 0.46055294130779006 0.13855544846520051
0.9857668747152291 0.012074297216545416 0.46764865066478745 0.14205254753955582
0.9914969108220256 0.012984494334290702 0.4729793813532193 0.17765475591343735
0.9915018474244729 0.012416470389664194 0.4698501300196518 0.18131925388169093
0.9911272667588698 0.011355756171606614 0.4883316792354345 0.19372170904942407
0.9958715165921246 0.013457094438453244 0.4704210662290627 0.1911791050123607
0.9892490141160254 0.012753447685211004 0.4783241284874308 0.14957374618652525
0.9874483789813452 0.013369246547002465 0.47737273667251784 0.13813937688052025
0.9882609682514163 0.011108822632866758 0.49624918211164487 0.1546433770014556
0.9859932618289627 0.01124964160664483 0.5215830063180861 0.1899916655090985
0.9818713179454477 0.01304633249440958 0.5204662791105555 0.20217179551931888
0.9942905125786768 0.015401403954347607 0.5410383724876864 0.22658216859102354
0.9899337160178446 0.01516852568281716 0.5614169841952495 0.2078627743447688
0.9835792200824363 0.01642939774688801 0.5537657138079591 0.3106037544393709
0.9800694724739784 0.01662739552402999 0.5644551096659215 0.21825889920327463
0.9817408766362554 0.015876427729641186 0.5625797745402421 0.20293651563662235
0.986906489723741 0.019785708063532623 0.5900612188757424 0.2625362350192532
0.9858800318586343 0.0191323784433388 0.5943563455551699 0.24164592290865203
0.9827412421064302 0.017080804419783296 0.6040686831476291 0.3315319908233495
0.9885931172158611 0.017991045105748175 0.6199288119730897 0.29659517541966945
0.984407271170525 0.01756225929857763 0.6295110844936257 0.3341644666079984
0.976291567354634 0.016148128064348493 0.6456211812627292 0.32875165676697266
0.9768524500403617 0.021149280091699123 0.6516164334491452 0.23382458051121474
0.9847996605287522 0.015439325215278661 0.6713918738070022 0.2552367941712204
0.9856385257289132 0.01579522290819362 0.6722681219895947 0.2652784397111119
0.9928453746444572 0.018144774177031555 0.7026198068581965 0.2620937824603057
0.9819049677535421 0.019746253672382263 0.7168561621390613 0.3044088858626266
0.9882127289031466 0.02621855925900275 0.731749000729085 0.25424895066400605
0.9861965605644785 0.029708226354114846 0.7572857850120126 0.2858088894082817
0.9799777772657332 0.029601798485376946 0.7637103891473846 0.34633270408398176
0.9894451196378391 0.03864537579909939 0.7969965168818992 0.30989715056482886
0.9881894538755469 0.03376407916736873 0.8098118536629401 0.30834697217675944
0.9813992722877611 0.04194390974632574 0.8310714178559642 0.29099769559140193
0.9909926125829023 0.06000872325474327 0.8655999541309994 0.39331366764995085
0.9923095766555566 0.09453627890210618 0.9180030782785741 0.4231946308724832
0.9930955078678244 0.09020501138952164 0.9119680107641505 0.40177857713828935
0.9889903566135639 0.08831296323565503 0.9116760643222017 0.462470003906468
0.9903524082467217 0.09046970519266412 0.9132249020478154 0.40795823894415445
0.9960485464295794 0.1001508864579404 0.9244238436459146 0.6228980322003578
0.9879248502889959 0.10395582176517268 0.9235206692489607 0.7019474350854972
0.990775423693215 0.1085749972299727 0.9200412175142484 0.6943021269989132
0.9890669963729888 0.12267410351368441 0.927110976961051 0.619877265994216
0.9890493860891817 0.11662727422635079 0.9257561037761391 0.6815384615384615
0.9903006649320613 0.1394584545927344 0.9261441799152896 0.5756722951844903
0.9899205157920352 0.13211518224433177 0.9224585598113342 0.5710273113010219
0.9918358537567612 0.1414775081725678 0.9269041435466919 0.49839767292806786
0.9850110699330991 0.13793605791319744 0.9219882268915124 0.5333123326508111
0.9916808651415525 0.14249147792752903 0.9307620636674886 0.5162628357529465
0.9936503657505902 0.15643513351077531 0.93270925610132 0.5028211085297046
0.9881089606740554 0.16980194946296642 0.9314382176357238 0.5310992890170536
0.9871184736028918 0.16387955868466034 0.9254122441657121 0.43239203328889425
0.9925126298149258 0.17322146265648336 0.9216330540058669 0.3120198888237102
0.989308890943622 0.1747039305433514 0.921820536751681 0.278428178764125
0.9960951449186743 0.17984192190992296 0.9188283346874013 0.25824434146013836
0.9907714602149152 0.18052938537460744 0.9301247513608986 0.41837171169886644
0.9919383173448544 0.18958201793155702 0.9411452098320672 0.8108670830814695
0.9873668093163441 0.19999257177522192 0.9361660988564964 0.7070329006942349
0.9912778355754139 0.17861889250814333 0.9393660957182477 0.6793347811178421
0.990816303334773 0.2052308056809656 0.9361982554921705 0.5215224675659421
0.9882760768724158 0.1915060420102187 0.9308041302385078 0.42908702045181124
0.9927712129207454 0.1863409366986098 0.9362649623518766 0.5130829583018042
0.9906158440619788 0.2028633207537034 0.9400329261037172 0.6789606458123107
0.9847086609199369 0.20622294521492182 0.9363082979073821 0.61176363054705
0.9873101877456144 0.2238963450662615 0.9386312797759012 0.5922388059701492
0.9909972728580938 0.21116119700608052 0.939302731008448 0.5801545244933457
0.9865040848448509 0.24172670563535578 0.9384628707795449 0.5172134894679467
0.9878824121868311 0.25169462734376263 0.9486505024515435 0.6856221198156682
0.9920115704134653 0.23361423890804514 0.9444443071050869 0.6613924050632911
0.996185562078256 0.2585056186751102 0.9508018043384382 0.6427983200197644
0.9908655235610297 0.2611388707076835 0.949809158887301 0.7051299133910727
0.987274750083238 0.24225504601345604 0.944510454707255 0.6519396984924624
0.9905824794951366 0.2476492114807096 0.9523177100335617 0.7854167641690457
0.9885619936029202 0.24347593939798437 0.950497534485315 0.7856947483588621
0.9899537273052629 0.2435725538832836 0.9510483880338844 0.7528197535165266
0.9861770528766395 0.23821617228768793 0.9491207537986044 0.7976227027501206
0.9858345067868406 0.2306695747716427 0.9475874618552229 0.8149123564459028
0.9900772041361083 0.22464111890077837 0.9535830855544863 0.8438126643197719
0.9894941500344115 0.2294659512682936 0.9566168492381882 0.8654073199527745
0.9909599828420887 0.25286823502143935 0.9584374619676936 0.8515470842604643
0.9908641768643993 0.24955649903326754 0.9572771337688933 0.780003875217981
0.9912545668996864 0.24887957627611898 0.9570743059714484 0.8055877243775333
0.991077748581728 0.2765071390798519 0.9604833131952836 0.7539389985320503
0.991758203879033 0.27642537626967845 0.9596143620789378 0.6452447274174293
0.9875554702460114 0.2745639156469669 0.9606529124977351 0.7362643990109161
0.9876226952516696 0.26669018671298306 0.9604249376508465 0.6931172266306489
0.9789179019901174 0.24164613824083467 0.9572651140452979 0.7905495253115626
0.994073998665264 0.22530891245289633 0.9659722316105396 0.75134727612878
0.9832091242504672 0.2072050859430186 0.9613352227410873 0.7866430088135199
0.9879603020784602 0.2263375981389939 0.9661700498316704 0.7787613138270622
0.9860033436456846 0.18382759255848222 0.962782040949712 0.7662803388597266
0.9823232684878055 0.2027157379238703 0.9611253896911978 0.7768119647194172
0.9897333475832955 0.11012165716790881 0.9588754226676084 0.8289367253750816
0.9903496573236339 0.17082464591271837 0.9673418555342843 0.8373158002455997
0.9894583212539807 0.15395859671302148 0.9682585470635808 0.8465845742176854
0.9873221230334099 0.16792842395044735 0.962994436048967 0.8528927198490962
0.9813993786180598 0.21744415105410955 0.9647859606880744 0.8664436377440862
0.9863301822568449 0.3177067781427292 0.9727400011861143 0.8292448189575893
0.9867244893862822 0.20188316679477325 0.9654626937589865 0.8417742469381
0.9900540937467268 0.22372087388442435 0.9710955248900596 0.8782227784730914
0.9858042548542529 0.1772431382998972 0.9676282406674618 0.9148788503541612
0.9882961328102975 0.1848123385503723 0.9695705550420413 0.9110572222004928
0.9809493076538234 0.09467126929333809 0.9635969490966669 0.9141223534739782
0.9864627178028076 0.14252500438673452 0.9718300850671125 0.9416720674011666
0.9866186892584797 0.0630842218986331 0.9706970558803392 0.9204511776293998
0.9921124428200243 0.0902027027027027 0.9748463660167795 0.9026189168040224
0.989381249362 0.0 0.9711050578192798 0.8894249854948545
0.9886059606387732 0.0054694621695533276 0.9726436632191285 0.892616954751932
0.9898994302083008 0.0 0.9719689026603472 0.9130659658638187
0.9871085657058805 0.0 0.9722840316772338 0.9093179609029053
0.9894109268747676 0.001825354766531237 0.9748563861488745 0.9225964984130235
0.9912079622360198 0.0006623191359282658 0.9725898399866716 0.9029773312662508
0.9888093546243059 0.0 0.9725394988629542 0.8732786614563267
0.9887651069460659 0.0 0.977164183442156 0.9127497889107796
0.9907451501088392 0.0 0.978551652092602 0.8753362788414335
0.9847419432971454 0.0 0.9712583594155518 0.8657293269319888
0.9866258437130332 0.00011530035743110804 0.9721926162773485 0.8743044472242592
0.9907607592590958 0.005502063273727648 0.9742237849031308 0.8806776107232895
0.9906337497511322 0.0 0.9742798156368102 0.8839804042598076
0.9883115643284771 0.001720747295968535 0.9758455328786709 0.9176306312927169
0.9858222684370501 0.0 0.9753046428464873 0.9361647646663944
0.9859841735404821 0.0 0.9748432968874187 0.9408109769910359
0.9830133980061971 0.007894452254785337 0.969606627489588 0.92837023315986
0.9918751127412663 0.0 0.9739772489578985 0.936653330144165
0.986573295264232 0.0 0.9701459655947836 0.9259809589411794
0.9851702227508274 0.0 0.9595992576142421 0.8957447820503397
0.9883666299865534 0.0 0.9597437420811502 0.9187153117858309
0.982882515765777 0.0 0.9527273518331629 0.9219584514742128
0.9818301532079106 0.0 0.9445977660703678 0.9121286272753321
0.9924324524254249 0.0 0.9494046217807919 0.9158561569197239
0.987009298658819 0.0 0.9269495132871375 0.8855964837407347
0.9905440725739076 0.0 0.9317222120669695 0.9054047275828003
0.9928271859020206 0.0 0.9371719006639848 0.9216102365945587
0.98533885552693 0.0 0.7374459254756897 0.8215466242207189
