0.9859579412890266 4.964217917252444e-06 0.18152650346568372 0.13893690579083837
0.9816409516202114 0.0 0.1902945755190011 0.018078512396694214
0.9859176709278734 1.0117361392148928e-06 0.19625231307806934 0.06782464846980976
0.9820303833533787 9.0752245361804e-05 0.19564884924623915 0.18184471687098658
0.9819800064495324 0.0 0.2033917145236808 0.06922874440642274
0.983017906784955 0.0 0.18085592192368374 0.06564433683077751
0.9870563045372871 0.0 0.18393719597694186 0.15816960954986323
0.9726875559193618 0.0 0.17594537774063185 0.13365990202939118
0.9851318010647968 0.0 0.18871023165246248 0.2302025782688766
0.9799633977416726 0.0 0.19992470227371417 0.2816464617987031
0.9873282455904929 1.548639375124012e-05 0.1914554944694069 0.25044495296211544
0.9793627196008052 2.9337414493660674e-05 0.1979951783354334 0.17803702764392595
0.9873926889459265 1.941834295512227e-06 0.19570703859796756 0.11928429423459244
0.9782406063855428 9.787436455068816e-05 0.1981536985235432 0.21909614532565352
0.9869266298249897 0.0 0.20599146303723556 0.22327790973871733
0.978168277722392 0.00018313038006372546 0.1890517476112679 0.1400343642611684
0.9860223129383547 0.0004558708168672202 0.1980544222037974 0.14386459802538787
0.9864470920874051 0.000785358225487056 0.19754976548651743 0.16150442477876106
0.9869460374845628 8.74938150923814e-05 0.20622901585232828 0.2160092807424594
0.9804971740440714 0.0007309688493247192 0.20984076817540984 0.19887133182844244
0.9817898035122855 0.00022210248795916606 0.21371525836174848 0.18551724137931033
0.9868719131452791 0.0011277894008098564 0.20164512375984453 0.16541353383458646
0.986388012526654 0.0007540691574241915 0.21923086488190693 0.23504652193176784
0.9905241994230601 0.001455434897559372 0.2247311421967974 0.25375854214123006
0.9915765731271798 0.0011630694564979571 0.222049934720588 0.13216736772193935
0.9928346194421588 0.0007708119218910585 0.22059137743225798 0.12182961196618253
0.9842405684903808 0.001051620096175246 0.2246068443229792 0.22632058287795992
0.9879053887020565 0.0014957991561235073 0.2333140654024659 0.19530284301606923
0.9877394150713481 0.001854852799174784 0.22718701555727536 0.18126820524311002
0.9901937120491451 0.002288259894284701 0.23399424274234562 0.15368043087971275
0.9880041466556216 0.000980664394966198 0.22742547630413515 0.19003115264797507
0.9885992047025861 0.001613906580866298 0.2313121618921894 0.20295342673229838
0.9876388824435983 0.002315714537041204 0.23065276131120538 0.1904281098546042
0.9912555305117289 0.002138349239686609 0.238129331977574 0.22674303772466917
0.9904441187347118 0.001999481691733598 0.23445864268794772 0.10435588507877665
0.9901319662480377 0.0015154546620495062 0.23507963922471695 0.21786310517529214
0.9906412792291723 0.001718040356332761 0.2415761994750983 0.2758838383838384
0.9907084557463252 0.0012060998343429144 0.24309817381409837 0.15521628498727735
0.9915709702062643 0.001066534975188537 0.24146505292555512 0.21672869041290094
0.9854090322832323 0.0007062658457080768 0.2592795786326075 0.2905541844289881
0.9849441107140141 0.0008970016771404597 0.25293976036047333 0.25291531255974004
0.980322387561757 0.0003329251164702658 0.26451062215478 0.1456414649817948
0.992313890086005 0.0009310068308821368 0.2608037155151062 0.3774875621890547
0.9916358815373902 0.0007251063577537158 0.2719129854021563 0.3455675892498997
0.9885740122780651 0.0017807683312690544 0.26827513452387275 0.3343980834497904
0.9881103853875082 0.0010308982829332718 0.28050101128323623 0.24709468470184798
0.9848373682344218 0.0007368738417165471 0.27673061836675195 0.397853986955607
0.9860119120852365 0.001682574709917343 0.28188457955955326 0.3710891089108911
0.9890627618298766 0.0013846099855690035 0.2830582872578399 0.31807361289141184
0.9938035819294138 0.0020262185231472865 0.28400921453428724 0.238542329726289
0.9839201707718572 0.0019983114375904105 0.2850129719768929 0.3928296067848882
0.9876732813830962 0.002002017350086904 0.29489641256084514 0.427233564337891
0.9879967145749544 0.0028601505330684758 0.3005965104370104 0.3552809749492214
0.9865084210500507 0.003949240119871582 0.3010672420831632 0.30096927879086577
0.9906610243688896 0.0025097460266199165 0.3148507661814406 0.3301254511084379
0.9837292610714019 0.0049976741548850845 0.31204593924812407 0.43041375604513704
0.9875079954557171 0.0043058817735260975 0.31722175581247214 0.37616654702081836
0.9915859902271247 0.0041593348871352106 0.32686767400685807 0.37115839243498816
0.9900449278789312 0.004602269570285393 0.31917274314347716 0.35188977843976915
0.9868367278829275 0.003751464292815443 0.3227010983627815 0.36131247615413964
0.9875766334879601 0.004351573659065163 0.33889545625132095 0.31162035366293755
0.9814061369832526 0.0037299761851452297 0.3559068865023654 0.3375422372399075
0.9945223963030545 0.003445835924226926 0.3562948685041061 0.4116279069767442
0.9863166790584693 0.0030771042452262644 0.3585186082671998 0.3495034999186065
0.9902721778273181 0.0039030042165348034 0.36392482659668224 0.24288499025341131
0.9872843846280078 0.002864613117640644 0.38202808570676766 0.2639371506269829
0.9899333435122689 0.0034318208228286185 0.3545386808970827 0.2952744765138653
0.9919706591375963 0.00335400712871696 0.37089132211617515 0.20032751091703058
0.9843580212283998 0.003596290280215307 0.3794652341738964 0.3598427577865135
0.9895993622205717 0.0035410746391731055 0.38182460461807993 0.31427716252618976
0.988764232927657 0.0032243314833501516 0.3890604943501932 0.30090754395916053
0.9876930765746771 0.003885551885504867 0.3874762718672957 0.32708993251618235
0.9851312511975474 0.004399524220833447 0.38398241755470675 0.28370824812542605
0.9850903047410289 0.005569234687921208 0.3958400320276396 0.3395729339988907
0.984290294409829 0.0049025129401668146 0.399869810524725 0.22630381666526245
0.9877183313754212 0.006762808359461748 0.40512928980636803 0.1373672151635076
0.9916939737923903 0.007295654069807556 0.41770576126811404 0.19899190685787307
0.98658318748534 0.009262941444630888 0.41447692365964056 0.13857931465472348
0.9839994530137622 0.009914673206593923 0.4270923958953403 0.17797687511350566
0.9911897481574168 0.010058026527634973 0.42072051061838217 0.11627751388238443
0.9913930408486377 0.009807420604137109 0.43568768363820537 0.10810897538747874
0.9913357673452862 0.009890989881717549 0.4408381841961975 0.10076916668980646
0.9919052954920626 0.011085932983587501 0.4520193211865973 0.09760081674323634
0.9913294424729449 0.013016117559722562 0.44623253060345486 0.08102153019683553
0.9901005513350267 0.011668314091733172 0.45859090872436675 0.06740124454223537
0.9929121537341982 0.010766945919112519 0.47204808433113205 0.07565951252139358
0.984435187017845 0.011992633713216308 0.4787274365476934 0.09089696268955397
0.9932114617867762 0.010796139829187605 0.4627401544904727 0.06534895070766228
0.9896856836016618 0.013512910216969569 0.5612928348909657 0.07321605550049554
0.9901445614134684 0.010931187550915227 0.4849502825048685 0.09100356965342732
0.9919511426058383 0.011013465653566642 0.5483669658415754 0.13683419875249012
0.9855041359160674 0.010151569289983202 0.4485960168457197 0.2052818361985528
0.9878079985908503 0.010322047237834787 0.48483917124040826 0.22813159656077847
0.9899831538120328 0.01147272376791107 0.4959024656931619 0.24076548885443952
0.9915352294259215 0.010979381908142929 0.46419186065921697 0.247803064443443
0.9917226540994607 0.007930105297443035 0.46245716896669414 0.22181093394077447
0.9861514409661326 0.01058167707974615 0.4736649174866278 0.19909657990965798
0.9913761975322954 0.011971237017564381 0.47799435523052647 0.2608053397527082
0.9913665277261245 0.011685490477636944 0.475773520395946 0.24674794674284548
0.9914121653749515 0.01101122051678604 0.4964160259363211 0.3092258348531539
0.9960579719907903 0.012205699073981356 0.47858686185313565 0.32740921339663803
0.9898394136951276 0.011817980474918062 0.48619256150303125 0.24127088417495776
0.9884197422152494 0.01138108775510861 0.4847967439400307 0.20256429425837322
0.9891676991024901 0.01020625062821005 0.501800227962126 0.2776488368327306
0.986624726477024 0.009611289484251497 0.5274388254486134 0.2829664341761116
0.9828338615617909 0.010747975226298237 0.5250389811546691 0.3097896944617652
0.9942924557232382 0.013076195276370356 0.5436413735644338 0.30714372790442523
0.9904825688737646 0.013514321257924605 0.5659550453298464 0.29547311652230757
0.983793104698332 0.014449717827398649 0.55652886634906 0.36665178286661987
0.9804695478812859 0.014352870386040127 0.5700659369796885 0.33406894906358103
0.9830077982157445 0.013964415475173651 0.569048947148236 0.355448777182283
0.9878288020486249 0.018476487900019156 0.5933599571580139 0.4262038073908175
0.9864196117264696 0.01754475202973687 0.5987235285098921 0.42618598476909103
0.9828081276167365 0.015369400138939218 0.6078931296304253 0.5066983211802611
0.9893253819402501 0.014755355825228553 0.6265128888480449 0.48484377428882325
0.9849718804070015 0.016891149012299028 0.6353061609290517 0.5319587628865979
0.9762474677675226 0.014690631389871102 0.6514367136935496 0.5340403694834075
0.9772824672791027 0.018170083203547023 0.6625044156954664 0.4531711179900655
0.9851276162652391 0.01370486571678895 0.6804525786413391 0.46178156695575484
0.9844021022744277 0.014270490663948478 0.6808850091893565 0.4646542646542647
0.9929526943236063 0.018005931742289268 0.7116925082653586 0.44991188830147755
0.9819386184822745 0.01978170732400935 0.7244795063159675 0.5081853816001844
0.9886539567103612 0.024258492428437296 0.7415518010529337 0.4569736842105263
0.9867103330226602 0.029431761373104482 0.7649587447092538 0.46727357299488337
0.9803938887715458 0.030007757951900697 0.7695709950312296 0.5144895878840833
0.9896135831080543 0.03741283165409706 0.8024548052090774 0.4554589371980676
0.9881719661297407 0.03211212938005391 0.8155874320699958 0.45737021599090566
0.9815679806614879 0.04190072193981652 0.8378463391318325 0.45032187537957
0.991053005935708 0.06216322457742433 0.8703149894776304 0.5367727771679474
0.9931149926139274 0.09695614718792304 0.923075658165195 0.6052610914801727
0.9931577514349309 0.08468722262956817 0.9167603081963694 0.597699350496909
0.9892633782672349 0.09286957201790916 0.9164768340688354 0.6570605187319885
0.9907510049872267 0.09225559001142485 0.9204308458823717 0.6958181656752197
0.9964101011993552 0.09736154078518379 0.9252659474480324 0.6780578582304179
0.9882496608520165 0.1036646505158974 0.9236439727781791 0.680003259452412
0.9914078871251527 0.10639213645099295 0.9202874874881272 0.7087498967198216
0.9903033409947418 0.11826291870055546 0.9290787241734101 0.7010711616706801
0.9891047136677347 0.11429817388934314 0.9261918222717681 0.7110072602854043
0.990428351161222 0.14071107209480962 0.9283434051287944 0.6904965420778615
0.9903987044034858 0.13238411643727258 0.9256553090927079 0.7527240201658806
0.9921867840899774 0.13407066474319343 0.9321259204042835 0.7603220149848557
0.9851466443978639 0.13520229088437496 0.9258582011727675 0.7101787668734039
0.991515420338753 0.1447590768636539 0.9350749758988994 0.7135740971357409
0.9941114738805971 0.16405123316467454 0.9386902755834308 0.7173897505539275
0.9881670188459245 0.17668122808096967 0.9365245888058322 0.7512273759800688
0.9869313516376198 0.15626036680726033 0.9338693398756495 0.774370125974805
0.9924111598144923 0.17415473468896642 0.9354715855353777 0.6115038194048569
0.9897401412405633 0.1737582224063811 0.9384288713627311 0.5747764249542076
0.9959982828817745 0.18097215527789107 0.9312201851504148 0.3981725094218872
0.990766608555263 0.17888135807943245 0.9376582280999576 0.6369573785259839
0.9921563971281315 0.19184120738176474 0.9410595624116604 0.7994528043775649
0.9869463739994856 0.2134484885872918 0.9376226146601965 0.749917930536406
0.990906160622148 0.18263202703748613 0.9411966596045991 0.7818560021472187
0.9908844772901569 0.2013778759911608 0.9400971328177298 0.6784940102681118
0.9884460474759387 0.20487954949773277 0.9377375253946529 0.5666485802134201
0.9925648794312785 0.19631242201396448 0.9424857421274393 0.7452841241944933
0.9909513288139025 0.2044841869945427 0.941907992779589 0.7563477961827249
0.9849636725416822 0.21006981740064448 0.9414852274100369 0.8098443675889329
0.9878024397458998 0.23797968165179123 0.9448620095204291 0.7657647522079091
0.9912826986546739 0.22295977600218533 0.9406405513989384 0.578488845464908
0.9862476109278968 0.2570518254362632 0.9423541608875993 0.6038199067909454
0.9876026410396296 0.2584944208706585 0.9509508169800476 0.7810650887573964
0.9919837532430632 0.251958884489005 0.9489231581857722 0.8059660795113704
0.9958322057464936 0.2777000917196686 0.9549445222895164 0.7909137577002053
0.9912157809516624 0.27533084386669376 0.9515814703086904 0.7546754136884363
0.9879081141971477 0.2546752448223632 0.9493698585794527 0.7711575875486382
0.9908655110759879 0.2643631030295384 0.9543318224619888 0.8152212034671076
0.9889859567780322 0.26499004943185467 0.9518928413705626 0.7914029286726499
0.9903000661699128 0.261482153268122 0.9533275540476908 0.7846977531689013
0.9865023406941653 0.25783381495891383 0.9514957813004853 0.8435746286253242
0.9864701337788406 0.25640782678732177 0.9482326155265645 0.7907790692650045
0.9904787643899577 0.2486185052901139 0.9551696092689266 0.8522846101386679
0.9898508250219374 0.25689836469777727 0.9569370852924558 0.8729331015732941
0.991011614824126 0.27621048057074565 0.9581062414292467 0.8489097905087645
0.9910628296262325 0.27217333676963296 0.9586841312027868 0.8742449444104
0.9906576038865472 0.27171988243240774 0.9583162347822896 0.8737381829834963
0.9912120368047035 0.3320156449352659 0.9654731254768357 0.8576180462626649
0.9918282742629706 0.3155784267860723 0.9669263157014496 0.8306874400059071
0.9875097687044984 0.31150765772094985 0.9633948025543417 0.8015597920277296
0.9875498659435086 0.32612520719112587 0.964399392946359 0.7916544033487034
0.979012181978288 0.2744000832856176 0.9591009376723663 0.8602893836196672
0.9942624934685392 0.2919856396177604 0.9711824795986095 0.8849121873336881
0.9841096386835841 0.27506302937593835 0.9635594943572712 0.8627621532811443
0.9887166749277388 0.25239205836622414 0.967922428135057 0.8743374272786038
0.9873563537599351 0.27485470508223075 0.9680631418940003 0.8950215457962776
0.9837223367303886 0.25457263454097784 0.9664401198505737 0.8925297619047619
0.9906959608293161 0.1642035734651207 0.9594937185402954 0.8784496124031008
0.9917968208941166 0.2565648647833821 0.9691200023433751 0.871110991495317
0.990716377019105 0.18931273136970866 0.969609243252596 0.9216877360039403
0.9886644489055006 0.23682527322784283 0.9643664289253644 0.9047972938342473
0.9825713904147614 0.23544245758826227 0.9650640785785127 0.9174530091831313
0.9874133782749942 0.3252668424009334 0.9747554357427937 0.9282831943941041
0.9875140061878084 0.25664358920095537 0.9663214664298793 0.9027964808331089
0.9904570567553993 0.27692258762165256 0.9705918646461392 0.9170116258587282
0.9862419929878545 0.2720658932119736 0.9672344522632179 0.9144411679195913
0.988879644940319 0.21315719791697313 0.9665859932335686 0.9012255818070938
0.9821959214754007 0.27521662604928243 0.9670443928754408 0.9254255030434614
0.9868672130627141 0.20730064655172414 0.969851690979416 0.9346239761727476
0.9866032004061587 0.21349197000039266 0.9707188936213056 0.9198003857792564
0.9921172282489656 0.17394100152720843 0.9745804103935168 0.9079679652504412
0.9899032250615857 0.15949170124481327 0.9725294520301185 0.9054260393218632
0.989527619935936 0.1957835090204575 0.9744374275876699 0.9182407364645392
0.9906986939810536 0.15759015331461887 0.974431336813508 0.9340214531471362
0.9880444374902206 0.12852692880682587 0.9718412916856459 0.9174267816913018
0.9903439426863023 0.19202985217432905 0.9756347231494407 0.9204872446675355
0.9922302922085756 0.1321313358964161 0.9758447984308725 0.9356378307518041
0.9898886294921352 0.061224489795918366 0.9735261245595276 0.926886931156565
0.9895547621601467 0.016531356630191788 0.9751668587740292 0.934739492802068
0.9922292294336925 0.05610894941634241 0.9781506117357367 0.9109426519983976
0.9867924982912042 0.05964658740064376 0.973216451351305 0.916033005955593
0.9885363437502768 0.14022244122201888 0.9759422435768487 0.9270774916569369
0.992723577901965 0.0880638026941894 0.9781844368900391 0.9382190407763201
0.9920096962122281 0.09982037464716449 0.9759058519617799 0.9298757615479105
0.9903000429601827 0.04465006976573401 0.9741519478950841 0.9262934247800805
0.9878894376899696 0.12249064307587615 0.9730659113892913 0.9374135111334759
0.988180159983186 0.043004972449939526 0.9715858848950072 0.9389600062571697
0.9854985361376978 0.11230633921926798 0.9684198241181302 0.9316971837255542
0.9937420162805259 0.0681793625067531 0.970134448031022 0.9368318012041934
0.9890563617912752 0.08515866329682674 0.9675272632955403 0.9287835004535293
0.9877080268409716 0.029516681821361124 0.9560392771831294 0.8931620382310386
0.9901892282035091 0.04186115800973284 0.958700711995863 0.9269957005176759
0.9849394522759735 0.022408584697236125 0.9498950241941981 0.9280147577775205
0.9843428992925778 0.01087586360597281 0.940922898914334 0.9141167352451027
0.9946323584706783 0.03687037305849906 0.9452302543891666 0.9150572516861
0.9895497211463602 0.03915609841622348 0.9287099117309721 0.8956605515433705
0.9926958612725785 0.034528002209792144 0.9247296149165308 0.900281516382416
0.9950181467895264 0.015503408336852265 0.9236598082876325 0.9080503226102922
0.9865071795964614 0.0 0.7363999309524601 0.8220820977554241
