0.9855554767169592 0.000176726157854187 0.18131841577459343 0.049421578657432914
0.981658168806508 1.8037536112650425e-05 0.18974522206612882 0.036544850498338874
0.9858964803986657 0.00019931201942533386 0.19577982343438655 0.04939460649422124
0.9816962737466765 0.0018002353301472425 0.19433808303303052 0.10527704485488126
0.9815140339253361 0.0013343867609335426 0.20310696643737594 0.08058551617873652
0.9827214407309065 0.001242907162806077 0.1802823036063296 0.1206896551724138
0.9865469887036787 0.0012073126978990804 0.18324402430045633 0.14522167487684728
0.9730121072519774 0.0009732644262119575 0.17545357089440916 0.15472779369627507
0.9854020500343632 0.001580512302653597 0.18750935039103045 0.1686656671664168
0.9796519131257759 0.0016151114848343188 0.1996913535043017 0.269267364414843
0.9871804973174209 0.0022791537722606863 0.19088253370632574 0.21292281006071118
0.9791681781347643 0.002253262832111879 0.19780686638030406 0.1589990375360924
0.9873023993831005 0.001955133802953562 0.19472284515533872 0.12297426120114395
0.9774951365097478 0.0028923798157048696 0.19724126029288497 0.22056221741694515
0.987250180369619 0.0014393376290309083 0.20489780048964062 0.13097245643620012
0.9776406286138601 0.0021496557823500306 0.1888583049176287 0.11785095320623917
0.9852761256404976 0.003895597206677491 0.19646360966759338 0.15434936350777934
0.9865889444143242 0.004626485988894058 0.19674358174415435 0.09579593764761454
0.9853103089640827 0.0031009933026181586 0.20683807955652084 0.1254125412541254
0.9803322718665513 0.003620388320921782 0.20952992330051212 0.12294804535454391
0.9811692463937108 0.0037741118106291143 0.2117593863415376 0.07827850668694936
0.9868952579663499 0.0037464301019276185 0.19930859023761055 0.04305186170212766
0.9856559353448026 0.003656924245407747 0.21747790988184948 0.10666173205033308
0.9895729404634249 0.005619040550132818 0.22306627877131205 0.11161850576433598
0.9903504558501739 0.004485297726648517 0.22053038006347928 0.08078569244879241
0.9917378487535398 0.004692682936996329 0.22049214548052828 0.08144182188371918
0.9831831984507374 0.004302620821149239 0.22408569022166092 0.1579984670973393
0.987087656783994 0.005631486435495276 0.23291891493308073 0.09249107598164202
0.9871238244422219 0.005078950802557745 0.2279887873837901 0.0705925925925926
0.9896955520138576 0.005557399066055482 0.23455395381205008 0.06388132001211021
0.9875265151333777 0.004745170939379154 0.2280243933853382 0.07396073631184973
0.9879705904763748 0.005294240355634841 0.22930891387136101 0.06631299734748011
0.9879039004273019 0.0058317434768221385 0.230372172670671 0.056714499892910684
0.9910160748177557 0.006053542504296063 0.23597121962467155 0.08145922343772008
0.9903474903474904 0.006399332243591973 0.2341337582333592 0.0613323124042879
0.9899064741847159 0.005254618533131752 0.23539052577356073 0.10213237330379396
0.9900654388417349 0.005684392592393362 0.24040684124726747 0.054072363356428024
0.9903630930722327 0.00465669922384893 0.24360149690182695 0.1325898389095415
0.9911284113268886 0.003271407792369131 0.24032400034195286 0.07914283592067146
0.9846695985840984 0.0035178645043115356 0.2594580187976703 0.1290909090909091
0.9848432816417039 0.00435842272811829 0.2529180933899257 0.1270424836601307
0.9798101466892197 0.002878295621786615 0.2643417753503469 0.11656122069222181
0.9915852066533832 0.0043345742278810455 0.2596095978937106 0.27705827937095284
0.9918284440927804 0.004189735939857255 0.2717158349811474 0.2246473798002677
0.9883358084820758 0.0043241704593855535 0.26728275135433066 0.3695955369595537
0.9880756383414881 0.004427347638430098 0.27977637004068484 0.19662698412698412
0.9850329821086888 0.0045531216820980346 0.2773099330296376 0.27295829964190826
0.9863319191259888 0.004957058896240897 0.2811092440017015 0.31771793925980574
0.9889403285551154 0.005660793933514065 0.2831682791917733 0.17329919531821508
0.9940937215486314 0.006240860913860828 0.2841209601982534 0.1386851754845469
0.9833850364847453 0.00601690530324988 0.284288995630859 0.26688476150274376
0.9878322409019437 0.005558923607128618 0.2939580189305331 0.3161240819905733
0.9875642159878313 0.007915845451801346 0.3000811130443397 0.22409573021484905
0.9869264218926039 0.007495669530445755 0.29920911163587943 0.14298098953495572
0.990980211912735 0.006836942039024188 0.3109905829249867 0.15470437324741962
0.9839967439575366 0.007902502285680601 0.3104277120234567 0.23280672797296234
0.9872012043679812 0.008020188589139738 0.3152773231453186 0.21161063031324193
0.9910774577185588 0.008515410816648666 0.3239897733344728 0.21964285714285714
0.9897705950718672 0.008417397134472966 0.31575720613725367 0.18142343442567338
0.9868848158956032 0.008160597304577057 0.3194651728744335 0.17309805837098546
0.9869326293829362 0.00849469942069298 0.33511942016111124 0.2086676164054885
0.9808101134353548 0.007003727954578653 0.3518590988568888 0.19142324425108764
0.9945442254571731 0.008112959587516741 0.35144009848494084 0.16863396040821346
0.9856816953833223 0.007737062522517458 0.35607526308464044 0.17006232023010545
0.9897386797656339 0.008251567140620671 0.3584355820736256 0.15232885794795292
0.9866025512126234 0.007011866951052311 0.3761559782679335 0.15457995691865833
0.9888656040057251 0.007291165943101401 0.35183736281537276 0.18967419710784597
0.9914137174159781 0.006313315179921106 0.36704054481002674 0.1385521472392638
0.9840065067867436 0.006780085651428437 0.375546159719237 0.1575611371269098
0.9887807888629991 0.007520061098867299 0.3739905981427006 0.1450468231638181
0.988273705948716 0.00750443443853186 0.3823185879345978 0.13245818508976404
0.987477724625299 0.007341990573536725 0.38022612995527405 0.12951807228915663
0.9846801661325324 0.00784317808803987 0.3781257210457751 0.14922733196797616
0.9844499816536644 0.009225468760352481 0.39116993733907823 0.17869615832363214
0.9843037287353726 0.008327787277862066 0.3952806049743177 0.1465437008207124
0.9874461359941498 0.010187971813051736 0.4064306584308389 0.1295286703012025
0.991815546124314 0.011132234023501535 0.41835420970407733 0.1888030888030888
0.9861350965215676 0.01260580415310292 0.41184616896870996 0.11921041023378914
0.9849739969168201 0.013310020639090352 0.4238140653277545 0.13789233474243387
0.9915667669741942 0.014158689555669814 0.42320313318516234 0.12581672521916143
0.9914285070080232 0.014179823127689086 0.4306855273974476 0.08828125
0.9920003399589924 0.01399396391885125 0.4304919636098958 0.0786427578236452
0.9924791211070055 0.014636413754337416 0.4413703547672198 0.07801938414219806
0.9919629292899669 0.016746493169479477 0.43385872302930273 0.06364962625396682
0.990630783331597 0.015365338105519787 0.4386838271005342 0.05228880444314528
0.9928372486573513 0.015005246589716683 0.45552099269492524 0.05896404664219391
0.9848811538529106 0.016601233689441323 0.4643688800588288 0.06877577007033714
0.9938078233096442 0.015372255303615487 0.4492851751812241 0.05331624402572979
0.9905241341953109 0.019283300293410712 0.5450669629519576 0.05732290730712256
0.9906832408319566 0.01617437076175266 0.4728440209073413 0.0720162632859521
0.9924525841631104 0.0169309639250923 0.545936709868881 0.12276221498371336
0.9861065657356156 0.013994112106906131 0.44099649751817016 0.12695791293577272
0.988226934992258 0.014924519488937681 0.467131030746006 0.11074395129348392
0.9904422049277337 0.015537140216191235 0.48803208923471164 0.11979166666666667
0.9917277324615312 0.014356394029277197 0.4564734948671631 0.11048767943143031
0.9925165372239629 0.013918433048004454 0.45801264783601425 0.11858606221138746
0.9873435115607981 0.015604603519290368 0.46382279078820987 0.11764705882352941
0.992673094666467 0.01600480774403374 0.47257530448606677 0.1590909090909091
0.9926076729505069 0.01577322824996362 0.4700367070201677 0.16061740215278383
0.9922761936599619 0.014902074586908306 0.4892467552324813 0.1770238816439754
0.9968173015624812 0.01658475052110975 0.46988004872044764 0.17571597192023358
0.9906583550467856 0.016050981352863883 0.47993421237911243 0.14627153543409702
0.9884911563060182 0.016654690079688513 0.4772236475684596 0.1293646866461565
0.9897351447459262 0.015241415603210105 0.4968885533433673 0.14064205616751016
0.986317831392322 0.01629929831373419 0.5212350596330864 0.16464939197636094
0.9834390214938843 0.01787288624899304 0.5210408874191321 0.17191459613760157
0.995287999672878 0.01978038667203515 0.5427653839167887 0.16597941293258806
0.991174447648812 0.01973097849394198 0.5650020457134897 0.1677984665936473
0.9847041920277639 0.01983297778619118 0.5549186224795337 0.2544352572850606
0.981237539598087 0.020245139872272187 0.5658034496161236 0.18268583306496472
0.9832569543697155 0.02179976104783852 0.5656477606708128 0.18986167096830323
0.9884078336039296 0.025312393057459442 0.592226453319327 0.2324940268333027
0.9871366658489487 0.024583435935319708 0.5979925307451123 0.22259618557381378
0.9838688949254363 0.022143411990470884 0.6059179545758421 0.2893695708265245
0.9900558934819758 0.023842045409657817 0.6200232286604035 0.2434074278613834
0.9860186901599557 0.024334505113124006 0.6303124980799125 0.2803619622162248
0.9779854692601279 0.0221227581176068 0.6476143144935732 0.3504844134330606
0.9786922387093555 0.027766626834459837 0.6542970148594274 0.25095684539485236
0.986691235374825 0.02155685409919226 0.6736246871174612 0.2804824297792203
0.986493925650219 0.022404411407472187 0.6755161349371198 0.31097235344863
0.9941336677312538 0.02433932143151229 0.7056962816918063 0.3005431009841153
0.9837493286049868 0.028008148855448483 0.7195605325215485 0.327963125548727
0.9901009243722562 0.03395714624347007 0.73341373039846 0.2552100562355276
0.9882013363212955 0.0393896073672662 0.7571543784597982 0.2663925858825169
0.9818570505066021 0.03775596535998514 0.7647446623921548 0.3291085940460651
0.9913911841301483 0.04735072217234482 0.7997275256585116 0.3077606037370354
0.9893768166447744 0.042699392834414075 0.8120008259279984 0.31163629080712996
0.9831241265564606 0.05559264185509574 0.8350922219011757 0.306823492755881
0.9917681699214818 0.07351213251465724 0.8654763912998525 0.34347599791808464
0.9940520814003835 0.11545131804456052 0.9170694713438852 0.35355203128394525
0.9945151933903991 0.10315441973839524 0.9127963398320312 0.3914711948961481
0.990414649877335 0.1050737675422814 0.9146004456570734 0.49815108293713684
0.9915926046524991 0.11208296127932461 0.9167164504209864 0.44727730563424617
0.9973866539201993 0.11368253047011027 0.9244168838387848 0.5792149292149292
0.9893453457340039 0.11726611751312921 0.9252910641720251 0.7064804035700427
0.992147200092174 0.12364725073605475 0.9220253063185713 0.7432498373454782
0.9896224660142103 0.13995367173753256 0.9301037759141121 0.721275911939579
0.9905864086083628 0.1331511721206601 0.927912530249423 0.6984139205420388
0.9916377565770453 0.15529434876563422 0.9293037573678585 0.6647690884508646
0.9908348919637298 0.14711437565582372 0.925784854848435 0.6975515739881505
0.9934010947937013 0.1539795328596199 0.9303262547149874 0.5905295665103512
0.9864204942617655 0.15476216801928308 0.924699916144232 0.5657164617560657
0.9923149315611045 0.16200174710112844 0.9314929852447289 0.5174027784693522
0.9941698746110418 0.17857660705654907 0.9352622503428331 0.5441749784821022
0.9898349817419145 0.18885012338775362 0.9342058801442474 0.5599690880989181
0.9887387961893379 0.1806775407779172 0.9310685960662742 0.513723263297369
0.994571791663456 0.19245571677861975 0.9272913837380174 0.362178874227067
0.9912962020012035 0.19672763261056772 0.9253241812913716 0.28822418298962404
0.9975680523510662 0.20093790665128042 0.9196694953460445 0.2579027590624931
0.9925938353283295 0.1995506125728058 0.9291708854896975 0.37113143716326275
0.993724148459024 0.21184165147558753 0.9433107339739426 0.8123956454952247
0.98893015662959 0.22731715661119664 0.9371094799212646 0.6351070075252175
0.9926963319302465 0.20211823608704024 0.9381391061802985 0.5505658999634904
0.9922950654919434 0.22015525831327162 0.9351789249719502 0.4697506186940796
0.9900034118454042 0.21388612052355324 0.931018416480838 0.39676791040233733
0.994021072104068 0.20975835204014262 0.9297270573962509 0.37205840251932437
0.9922709021714692 0.21330649405325755 0.934539686586777 0.47914483336826663
0.9864469511488976 0.21928393230395793 0.9334965216836588 0.48630699467990146
0.989442889998632 0.24343165755066615 0.9400329405428128 0.5540683339203945
0.9930493564717265 0.22613396262656751 0.9368869581945669 0.47183874522004016
0.9883450402022348 0.2575895746308172 0.9354574815154844 0.4344373931438176
0.9896729956822188 0.26135833566564043 0.9450284686055116 0.536763144858821
0.9937583115767017 0.25056531085117667 0.9408164733491383 0.5081016600947679
0.9978113592322491 0.27453316842137016 0.9459288427546472 0.4961862955698764
0.9929348841690103 0.2828752378872492 0.9482470674000928 0.6038029578561103
0.9891844798503948 0.2586978987254564 0.9431918635949792 0.5670654372193467
0.9925365611171172 0.26210063133728717 0.9490584875432445 0.608976187081135
0.9901416759611751 0.26418312971146346 0.9486990701114371 0.6554059109614665
0.9919629818442103 0.26246595772273373 0.9481281025406881 0.5951191520961318
0.9883344179353455 0.2572139549447109 0.9487180342135404 0.7084382391088732
0.9879912035277999 0.2478463087570125 0.9420289734707454 0.598796232769912
0.9918186793980204 0.2406957652048984 0.952917941460416 0.7558683615378616
0.991530177184931 0.25182808536039397 0.953416128343388 0.6989410506708978
0.9926621119308922 0.26706467293865405 0.9580560662648436 0.8086234454797084
0.9926635902433432 0.258085138387485 0.9522026356266611 0.6377243649462766
0.9921379342085582 0.2597637197875646 0.9528065294938306 0.6834983198619562
0.9921943516662102 0.29259773683565504 0.9605286827192505 0.6996622732299231
0.9933162514937035 0.294456722334875 0.9585309633075497 0.5942028985507246
0.9891036099647641 0.28854761904761905 0.9603950270384456 0.6927673834124546
0.9890082139798047 0.27515789999251067 0.958007054021431 0.6214631722767359
0.9806166542196515 0.269597909556314 0.9552376889424243 0.7253742221225542
0.9951386595863054 0.2507373861293101 0.9628558034416197 0.6948479837170843
0.9853544996269837 0.22594667401353047 0.9589905843526351 0.7228366777268658
0.9900423320611069 0.24089949881297812 0.9664671730734802 0.7817935778523301
0.9880539914265116 0.22432998042260177 0.9630868528563816 0.7511197222082432
0.9846972779860468 0.2193250492293067 0.9610405545826086 0.7562206197238561
0.9921149219785835 0.13213590242902531 0.9580376915467841 0.7950657079097446
0.9925949153894567 0.2012734693877551 0.9665389822019159 0.8037951587398127
0.9917355097560597 0.17470905478285553 0.9672300980522176 0.8148944718867434
0.9895064299215329 0.18476295547179064 0.9622189580564279 0.8237595223388923
0.9834854770868307 0.24203699439711412 0.9651785798764654 0.8529956049040018
0.9884178830457853 0.3123026810323227 0.9715253781489427 0.8127597672485453
0.9886958150654077 0.23955165829856445 0.9642314246952686 0.7979348164281269
0.9908977317498734 0.23453999777687207 0.968718133567816 0.8419801509478814
0.9865933963433847 0.2591537984156536 0.9664288850707187 0.8568344915077727
0.9902185494319372 0.22949132086187923 0.9704928814837421 0.9025153609831029
0.9828937212366012 0.2631779402803169 0.9676058060150476 0.896198535215404
0.9884062162715068 0.23200188523624365 0.9732540217384051 0.9367964417110538
0.9879094861740143 0.19216757741347906 0.9718024353193166 0.8921292098989289
0.9935878998085276 0.17520297115218517 0.9751796308625994 0.8782363372561663
0.9904099255751919 0.09177230442955608 0.9713795588163044 0.8740591397849462
0.9902652390980987 0.09766272932897713 0.971777105732941 0.8564087402151265
0.9901812303453494 0.005283336450345988 0.9706862005677607 0.9028929883207462
0.9886326660359129 0.016074404601903125 0.9713587701512865 0.8915516055652541
0.9907560017943638 0.07001612036539495 0.9752342076546903 0.9192723572064623
0.9931522941465577 0.03291139240506329 0.9732924139099154 0.8893594049904031
0.9910279749094569 0.005985515053570359 0.9698180361574252 0.8505892436254553
0.9890147049065695 0.0013444049031237644 0.9751380300308744 0.898594665900701
0.991883487663182 0.0 0.9773469357903137 0.86611345659242
0.9867912971691832 0.005582006238712855 0.968788180266765 0.8554312661073642
0.9885781230824898 0.01406332920573147 0.9693987964070081 0.8562994789904594
0.9927425241190998 0.022279625443978043 0.9716604774800303 0.8665281107574481
0.9922531502679712 0.003954653308726601 0.9716794842975317 0.872984806758053
0.9903519085158444 0.013450917512916443 0.97321044686985 0.9058538959388097
0.9878632373948766 0.01018483591097699 0.974496402539946 0.9331993313716551
0.9877519982890568 0.0027992908463189323 0.9747788406198571 0.9425407682904627
0.9854187344449045 0.03112565213546733 0.9690812797722127 0.9243493124533755
0.9932769448033413 0.0018587360594795538 0.9732301381334059 0.9399119540934776
0.9891061542944091 0.001796850227248705 0.971871170102621 0.9346438664368764
0.9879404545979344 0.0 0.9623422129124947 0.9053670773224486
0.9891992560483419 0.0026698874833132034 0.9620866323375284 0.9300948405892927
0.9845308916529149 0.0 0.9552794112348556 0.932947310935057
0.984501180078639 0.0 0.9478422622680291 0.9236784745678108
0.9945406450149642 0.0026571093122412406 0.9513655395383854 0.9215408938283006
0.9896221091428998 0.0 0.9299121003076651 0.8912811330852305
0.9928991701674909 0.002972946189673967 0.9357662798697958 0.9133433237506882
0.995022098332105 0.0 0.9408420742038035 0.9282469539300441
0.9871330120369723 0.0 0.772313484198917 0.8572857654597801
