0.9849436375120245 0.00095489747259881 0.1813391749940892 0.024566898306743662
0.9812038197295079 0.0009329246234982769 0.19006212170750963 0.02825648191274647
0.9854718931419661 0.0010218535006070416 0.19606911970325472 0.03246004284066568
0.9813518017055453 0.0023778925486657213 0.1947725143728303 0.10811781609195402
0.9812103785599197 0.002321485669622238 0.2030127760988869 0.09036014664653871
0.9822238012830392 0.0022026041687161347 0.1802592811311022 0.13004394726328405
0.9860652337384889 0.002284262719523216 0.18309769270466067 0.09483270639477331
0.9729287578853187 0.0024387039641103744 0.17595051054024896 0.11039680780314787
0.9849962757147197 0.003158188905338461 0.18794047822241533 0.17180426816124164
0.9793520077680404 0.0028239677775775194 0.19970966915859592 0.27166089042921887
0.9867766946784229 0.0031085658150582216 0.19082383128039437 0.20052707235265932
0.9789591344114251 0.0030327960151561636 0.19772301428802752 0.15722120658135283
0.9870576357230509 0.002668373805124325 0.1950704448289627 0.12525903753166015
0.9769085663832603 0.0036463971798068543 0.197184238144627 0.22365092748735244
0.987022597601857 0.0027790379450864464 0.20508557744848094 0.18083538083538084
0.977096049296752 0.0031266644790077245 0.1887598400793405 0.12627852084972463
0.9849587537703052 0.0045124380167731485 0.19689352941130475 0.11220346227826458
0.9861946430310236 0.005239353542551191 0.19671094692352994 0.13948954271534916
0.9852884742978671 0.0034813134347552632 0.20614678978778112 0.1888520448444655
0.9804328852582875 0.004145000923818477 0.20892979922583346 0.18695407156945618
0.9813862675675549 0.004812503271455359 0.21223609261031376 0.10395180230777086
0.9868052030679482 0.0046073007841222835 0.19992643815815314 0.03438744817494513
0.9856407956186822 0.004607407052540479 0.21776402912257484 0.12548975708048807
0.9895847174143618 0.006395135558270565 0.22346366003194118 0.11651021535063501
0.9900577162910758 0.005232065219661122 0.22072190431702285 0.08070418356245673
0.9916705255913439 0.0058392152694854114 0.220541151410197 0.0753045404208195
0.9831496117581808 0.005555567242137326 0.22377459004797762 0.16712210556594276
0.9868209796292431 0.006508561839263145 0.23289532973821533 0.08565561748313288
0.9871890017926253 0.00562677891695726 0.22755914136102043 0.0626314345798665
0.9902303562956047 0.006352524843488898 0.2346504921240835 0.07345575959933222
0.9879311252950781 0.005605299256297086 0.22828124065024433 0.08105175824877146
0.9878226501850972 0.006095456095867049 0.23041875143720314 0.06974465073229161
0.9879728148985687 0.00665257525630029 0.23073337586982257 0.051857339400994816
0.9914973231176809 0.006856992560461023 0.23629878522394585 0.08210526315789474
0.9905153463637246 0.007149817931195273 0.23378374225757065 0.057699210337401295
0.9899864711878003 0.006122975649420473 0.23546946143361136 0.12976772092225936
0.9904853057088165 0.006626331575137036 0.24062502726147303 0.05135941184630323
0.9906458606371642 0.005481472581243254 0.24320546693045503 0.13312514457552627
0.9915628624186869 0.004009426395355937 0.24056435247659375 0.09523084728564181
0.9842166179337232 0.004124650923664747 0.2588887532743097 0.13893911995177818
0.9851609556153255 0.005231597207993553 0.25285194387776994 0.14186942061963942
0.980330322042526 0.0034664431858822775 0.26442724734698314 0.12259800153727901
0.9920342463700047 0.0051852713153933425 0.2601272264827697 0.31520686315206864
0.9918151508181058 0.00493533339392415 0.2720336063001069 0.24391474334720645
0.9887255776039942 0.005233345260589625 0.26747183043881606 0.36096393778841224
0.9883280834126926 0.005199143396378287 0.2796988685206776 0.2229738039601525
0.9850612916367987 0.005681154785960048 0.27714746456330974 0.3086734693877551
0.9865513244711505 0.00570056657104108 0.28121931686039936 0.3697078115682767
0.988618967356848 0.006298458867402318 0.2831127009263069 0.2235020811150905
0.9943065023225344 0.007067449178489984 0.2840631941490394 0.20433058859408357
0.9833250041010342 0.006677041966298165 0.2847426326458684 0.33580760095011875
0.9880467730577899 0.006524350294824197 0.29398239959861694 0.35615195125113447
0.9877312784399647 0.00855557182863559 0.3004305321290498 0.2685273159144893
0.987410673894894 0.008647907273782306 0.29999350212668346 0.17680720356812252
0.9911287498540913 0.007822150453042943 0.3113909915849224 0.15639841688654355
0.9840789562403075 0.008903911712024036 0.3110076665129996 0.29494555167454284
0.9872029294067832 0.008790691905730272 0.31611517296160635 0.2692659153213524
0.9914645140775376 0.009680906224897454 0.3251891098910845 0.23525972127472955
0.989839241525509 0.009244650458043282 0.31684610279477915 0.22583053378126167
0.9869948897621936 0.009144152699585616 0.32053773145851633 0.2072466031547712
0.9871375441287364 0.009487131894242695 0.33631222678340056 0.2460534008965114
0.980958574147616 0.008006114406435363 0.35255111215764956 0.21826491893756467
0.9948069383778442 0.009130684813944679 0.35373534942177104 0.23125347157933715
0.985949543042657 0.008686192618204615 0.35691766919798035 0.22846734322144158
0.9898826970995138 0.009285078573480146 0.3621853174290173 0.20453604834036918
0.9869574110819247 0.008126446175727598 0.379764133861017 0.2270583687669115
0.9890803613153445 0.008313771394622223 0.35365213162062403 0.2563977180114099
0.9917912652777908 0.007267541107794344 0.36879014959062845 0.17932708983697537
0.9843313692047106 0.007862748857697029 0.37633235310117086 0.21923289183222958
0.989168174048395 0.008718658162946289 0.37560037040683125 0.17577603248383822
0.9886721200786343 0.008694899516862597 0.383776945741902 0.15489267358661696
0.9877122747490671 0.00869562947717903 0.3811106127294427 0.1508395787875913
0.9851312333914943 0.008944767298118137 0.37982075464970616 0.1824465232675922
0.9847677997786457 0.010481999830486926 0.3929628966559619 0.2236477115117892
0.9847344016529322 0.009469283726458978 0.3965344924591145 0.1702127659574468
0.9870657525144221 0.011329618763553068 0.4068768927581325 0.1545727981953191
0.9920966667188816 0.012596462967169892 0.4179779993184856 0.19913063909774437
0.9865143893413889 0.014047070908152064 0.4120539023447647 0.13525161617442008
0.985385399796053 0.014465784107717065 0.42217144126666745 0.1391937160679219
0.9917603470131705 0.015792552154416065 0.42165203435627563 0.12590534775275325
0.9919095022409659 0.016053679029421935 0.4300413902099385 0.09420218525445417
0.9924630619209336 0.015775971288543824 0.4313397809986545 0.08327423167848699
0.9928175376501943 0.016364340833977812 0.44525851000431216 0.08504230319602132
0.992114262251811 0.018541505042668736 0.4377897514702354 0.06834982372341636
0.9908356325216233 0.017202715621303693 0.4463742803282845 0.05848176644182125
0.9931032699830666 0.01701448410812441 0.46156757915340535 0.06515409796497157
0.9851434996222924 0.01835391628677994 0.4686274810404495 0.07347391419491525
0.9942085283368435 0.01747606019151847 0.4500671676778931 0.053116913095773245
0.9907534964335083 0.021673066884638263 0.5493836837401436 0.06002349256068912
0.9911028177957835 0.018182902999656927 0.4774197339747692 0.0788364100201963
0.99294970799606 0.01918773940682675 0.5486881610769779 0.14102013258040758
0.9866211654277539 0.015729698446272283 0.44489668960304407 0.13995738799953933
0.9885078128068382 0.016669313597814695 0.47375982401759825 0.1327859334826242
0.9904115811746141 0.01745856779094003 0.49244361383353497 0.13729913387361795
0.9918623092634867 0.015964088679709682 0.4608371952294083 0.11969366536491352
0.9928960280641225 0.01641887757479903 0.4631396761523974 0.13204517334877722
0.9876050789885417 0.01753357198558262 0.46703623567340397 0.11981804539486025
0.99296287484738 0.01835994529052881 0.4747672705541725 0.1729643955172072
0.9925328078284767 0.017937295270881795 0.47234729175822554 0.1964088101952665
0.9923219703643986 0.017407134055655006 0.4922716292101294 0.22233833045295606
0.9968540450054356 0.01901858326629247 0.473041453250177 0.21404402539634262
0.99113448373961 0.01821877480131118 0.4836468047629963 0.1783877603497043
0.9882937947980854 0.0183041947648589 0.47836998116818447 0.14338050427411825
0.9900354180655778 0.01780936729663106 0.4987584462055366 0.1711460292422496
0.9862163549758032 0.018722440256190874 0.5241364541585025 0.19796074079212042
0.9836991630487446 0.020364874995249922 0.5219264373899829 0.1977880309404261
0.9953404143002986 0.021888549098359064 0.5430812161505875 0.2166426397565273
0.991517150921107 0.021836697052856322 0.565987637783221 0.2423882957690787
0.9850292490940091 0.022161330116483444 0.5574504604880491 0.34961056178533945
0.9812179698871072 0.02383568115605116 0.569073753734864 0.23475185310606916
0.9833336845510879 0.025572592450207744 0.569318290317885 0.23304748865028466
0.9886898128446687 0.028043306455196988 0.5952946398498961 0.2995429006761261
0.9871729233834701 0.028105771804736793 0.600299462911324 0.2788406036117754
0.9838008373620198 0.025391564761667082 0.6096540139730777 0.36993709303608874
0.9901487478051466 0.02669526131057399 0.6247134343813925 0.3127981099273392
0.9862560075020513 0.027402953644953036 0.634467692203696 0.3797365864190867
0.9779916871677358 0.02664860388499829 0.6513109264957577 0.44268269292244744
0.9787611570448814 0.031041844079185282 0.6599018762188253 0.32444585755813954
0.9868866877635232 0.02510296088704764 0.6772134290189682 0.33052292535051153
0.9865689802132879 0.026948049582079327 0.6790689359213563 0.3615830023448342
0.9936092640859968 0.02907010697884314 0.7101187720563124 0.38570907765220563
0.9839331128784888 0.03348520845781147 0.723161186625597 0.38717339667458434
0.9904928138078708 0.038646183389342295 0.7387394388194334 0.3163663232215426
0.9886957442194293 0.043648987591980465 0.7614191266220209 0.31635080810566907
0.9821834776653418 0.04235235094206061 0.768032876436033 0.38103128959937616
0.9914605649144963 0.05209075065600277 0.8018912297366872 0.3417546056161688
0.9893190018135618 0.04888652141040621 0.813917725429679 0.33267733378968084
0.9835584876679215 0.06454508077536326 0.8390106683221582 0.34752705129890044
0.9918806800952727 0.08187134502923976 0.8690770155351354 0.3921496866279336
0.9945259808700041 0.13204456427735667 0.9219620406455732 0.43973395338776833
0.9947774495202285 0.11821340045363626 0.9174923665695379 0.4980995586071604
0.9907688598209711 0.12059669128679709 0.9182545678502165 0.600999788777019
0.9920654682666615 0.12798121970716506 0.9202126422167157 0.5188599151000607
0.997699087200512 0.12963173272488876 0.9265882213062141 0.6350190167629244
0.9897248823466672 0.13043838911700054 0.9246564043097415 0.7364577481743039
0.9922916569157266 0.1371187653509196 0.9212707946798347 0.7444543755586251
0.9898469369881944 0.1543465796321616 0.9309896508404953 0.7278884140933645
0.9907851961335377 0.14708919581773588 0.9293155505788726 0.736735684244581
0.9918702516740728 0.1731591861550822 0.930546662446057 0.6581142656852436
0.9911172724787206 0.16354999010303264 0.9258602332730083 0.6312124696563178
0.9936615073724012 0.16963421496904896 0.9312351995228575 0.5902567328034765
0.986712462254731 0.17102031459791067 0.9233891868024983 0.5052376333656644
0.9918314817863957 0.17995077511693827 0.9321116893594756 0.5552596537949401
0.9940068326960032 0.2042655452087714 0.9360402216254453 0.5351757551787215
0.9902171980400529 0.2137287178439689 0.934862261908956 0.5306579652267083
0.988985400919017 0.2028327222624413 0.9326551423674392 0.5243217286914766
0.9947442066406221 0.21451893515098072 0.9244848065373195 0.3108189208358339
0.9916261516477868 0.21936116809153108 0.9269059663158634 0.29098842526062757
0.9978784258531235 0.21810914568957138 0.9217522146805793 0.2689517425042472
0.9928564394772897 0.22192303377089645 0.9304620931352241 0.3787150001592712
0.9941881737756637 0.2293047764745878 0.943948140923778 0.7984210526315789
0.9893579005063298 0.24599027946537058 0.9384241873255228 0.6480595716925753
0.9929951525252926 0.2212465521168105 0.9398348423234877 0.5828123497162643
0.9926898923105085 0.23470745523437797 0.9359153562415065 0.4775655954044403
0.9903374750947469 0.2302190779876325 0.9313869288568574 0.40397063833741137
0.9944040934666991 0.22756879773987654 0.9297084971706503 0.3608752178362977
0.9928500547958428 0.23072006261414035 0.9356638033696599 0.48166948674562887
0.9870284218985599 0.234662698939873 0.9343869217844922 0.4839866585374601
0.9900380355286681 0.26173868201063943 0.9425053699661966 0.5847087681370308
0.993305195580002 0.24449600690697174 0.9383377353688939 0.48254169024398363
0.988581168644924 0.27562937970412665 0.9365293931176529 0.44114972869922275
0.9899655415203696 0.2782506515614878 0.9458534598341285 0.5577725708427912
0.9940145002806431 0.27106141245898024 0.9429428135975084 0.5359083310114238
0.9981870214535795 0.2904198698994678 0.9487724131064296 0.5415933991613688
0.993194870675847 0.29934286108175173 0.9503644135861882 0.6441669301296238
0.9894719989976647 0.2742970051756934 0.9456657308256106 0.6165382906236113
0.9927347896970743 0.283679934757379 0.9493595808679197 0.5928682707287519
0.9907062811528544 0.28417386859215005 0.9504684148827048 0.6789956803455723
0.9924221588274081 0.28256250499241153 0.9494531140447525 0.6070368221683786
0.9885967846896969 0.2799427901071882 0.950693607384891 0.7408366533864542
0.9881109460813098 0.2780073209432391 0.9430624056408268 0.591465860356052
0.991810931635882 0.2706665557127403 0.955606464254496 0.8131021194605009
0.9916976465959548 0.2802186824563634 0.954835657757604 0.7188829033172668
0.9928744770258368 0.28668534755491276 0.9586391463556578 0.813295836262792
0.9930258820831781 0.2813861458030787 0.9534302114388926 0.6656739608960248
0.9922248879530065 0.2796160202538767 0.9540849833140498 0.712981616721229
0.992165479077444 0.32131400736604493 0.9620092862650441 0.7275208585341646
0.9934908998988877 0.32095766062239106 0.9605992084976709 0.6210741798200722
0.9892635653600595 0.31454387010961793 0.9629386414250157 0.74584131163236
0.9889558883917958 0.29988760361541705 0.9593075779964049 0.6571540983606557
0.9806154550523343 0.30082375673751655 0.9561271752324451 0.7527003484320558
0.9955348155453565 0.27787168369221726 0.963946598372001 0.7288731456574427
0.9855694271391406 0.27074065836298933 0.9598817675111925 0.7404053471323846
0.9898595596342536 0.2690547204913918 0.9651018836479007 0.7884331744951214
0.9880562263807211 0.2551264897159038 0.963189785242385 0.7647389537706678
0.9845298304483519 0.2559381676511248 0.9616394966843484 0.781240467717336
0.9920637836237194 0.15188759984785088 0.9574899479021225 0.8200572626412393
0.9926568847107631 0.2373149947675288 0.9662802405450884 0.8158842094881152
0.9916259657027527 0.19217461600646726 0.9668338806574786 0.8425528803976996
0.9893806560929783 0.22030951634508508 0.9621142558512178 0.8391671906658282
0.983739325931984 0.248846487424111 0.9649715567766356 0.8689095400541113
0.9884991846105919 0.31430679746505774 0.9707228776372618 0.8326704243326598
0.9887933225997797 0.2480086662843306 0.9634048768808494 0.8132600399422617
0.9910381536930754 0.25771170345143757 0.9668988829948704 0.8386352885525071
0.9863391520743198 0.2808162454036506 0.9655237212545331 0.8666067604772102
0.9900539301588909 0.23600920283546822 0.9684496888208192 0.9107485047325939
0.9828155720675864 0.28658619749045283 0.9678848450689105 0.9200776055303358
0.9883063074926165 0.2323887180858174 0.970718272632709 0.9385239134821772
0.987899829267973 0.23670544664063445 0.9712465403757287 0.8958084436891081
0.9935602199465899 0.19462960870711407 0.9742157734813702 0.8892752203721841
0.99034708936868 0.18702593973934542 0.9718303848764143 0.8908497723823976
0.9904603761358448 0.20008352474420546 0.970811526346109 0.8576219598117408
0.9900524563402993 0.1580359320380457 0.9714673538012408 0.9108424056068035
0.9885290216003805 0.10609891328454203 0.9705962232672731 0.9021948093559756
0.9909983365258594 0.14830728551867417 0.9752318546836144 0.9253150174264959
0.9930456162363779 0.13087806908031627 0.9733782767902611 0.904312799668995
0.9909245618556043 0.03473597758345814 0.9677011961444664 0.8585494742518199
0.9889467097197256 0.005518496058217102 0.9726424853716096 0.9058734052467515
0.9919563347532792 0.011353201435846064 0.9744559844957207 0.8709627253729892
0.9867723592906708 0.020463001240181893 0.9685845451212931 0.8699960107246565
0.9886708525262544 0.048141155968632006 0.9683426074933235 0.8606729936673401
0.9928295621721586 0.04443127962085308 0.970605450887141 0.8740937850128517
0.9923991211050692 0.018902654867256636 0.971103084422371 0.8847880143252584
0.9901782484626823 0.028095657276995305 0.9721100790274995 0.912935631898797
0.9879607665715993 0.029215229215229215 0.9735181869742587 0.9385416450288389
0.9875947088094821 0.027364341085271318 0.9747318814930409 0.954981162981163
0.9859525834229013 0.061192631907586635 0.9702573467908325 0.9357572022800801
0.9932556253191936 0.014515037825204502 0.97345864149896 0.9523348456346132
0.98933531560742 0.011938503822038994 0.9714251860150105 0.9411420950896804
0.9879836488246196 0.0029392005374538127 0.9617095229780345 0.9107153836019498
0.9887281248094496 0.014406244619181541 0.9614050629737658 0.9332517982628884
0.9843895862712774 0.003138403598702793 0.9549387662211433 0.9380960266146817
0.98482847726623 0.0005109078833086395 0.9463128727255685 0.9227905799779582
0.9944404664043214 0.010427528675703858 0.9497554176579625 0.9226365636771157
0.9898719736186579 0.01065608023401588 0.9305794811351302 0.8962144274330781
0.9932963087624818 0.008842849924204144 0.9358294777437418 0.9165396349798244
0.9950698238927473 0.003259259259259259 0.937457519988668 0.9259453105379676
0.9867385060649418 0.0 0.7545702534560718 0.8392397778685351
