0.985653184878964 0.00026608208036473104 0.1809168207321838 0.00028954035468693447
0.9814548809398685 0.0001863878731640544 0.18975089365504916 0.00023792529145848205
0.9856137274782107 0.0002681100768919466 0.19543594528011732 0.0
0.9812571303126303 0.0011713898611267924 0.1948253824038731 0.00805111821086262
0.9811597771914394 0.0005637745876826935 0.20280521809354543 0.006966530364985612
0.9823061529647193 0.0008043563229594012 0.18028549306120828 0.00895199876524155
0.9862864015283292 0.0007986900310384436 0.18250181585820646 0.0004666355576294914
0.9724552223356486 0.0008117183317923013 0.17532485820457658 0.01795363430364302
0.984731674149939 0.0006455121902122158 0.18750512738355615 0.01646090534979424
0.9791268221932693 0.0009830220430197105 0.19942522852707498 0.030530765617660875
0.9866548152233595 0.0015271608164213338 0.19073123041312606 0.02745339069862733
0.9784402141099594 0.0015880621534670408 0.19777847769352264 0.0
0.9868797314898802 0.0010912345901948105 0.19522017988686352 0.0
0.9769024178494397 0.002250377752458447 0.19722251066268234 0.05362035225048924
0.9866427395334209 0.000583155858253724 0.20500933671425012 0.0442081117714524
0.9769390145031979 0.0013306006990037053 0.18861870205009554 0.010120615555247469
0.9847431347134568 0.0030510255684814765 0.19634339850131347 0.0
0.9860479821506496 0.0038240103479047177 0.1968890737217401 0.004871902561948761
0.9852460329510445 0.0023909205345688097 0.20678371888466554 0.05299966295921806
0.9800535521209458 0.002679830890975123 0.21019149797023756 0.04263739545997611
0.9808180174503492 0.003060309359369077 0.21151303997132104 0.025551999131991538
0.9863549285759396 0.0027556755967588875 0.19952413077698708 0.0055579538096265915
0.9851016137110241 0.003071408688145676 0.21763574147732534 0.030059600932884168
0.9890787067417132 0.004318644642171686 0.22309078712347147 0.032890437813112613
0.9905969863474694 0.0034426465946644203 0.22052291229311122 0.01107142857142857
0.9917099852722544 0.0029965007796325556 0.22059072893890283 0.015555368704279829
0.9829474024773526 0.0032189869671054505 0.22451352279383546 0.041782157889333746
0.9870929299713617 0.0044459582822501224 0.23383484440883143 0.01242854895379936
0.9868217281461205 0.0036379745195512397 0.22788254738000785 0.0041029713453775395
0.9895334542558943 0.004829865119992289 0.23566074028074052 0.014189728891603628
0.9876737254150856 0.0038906615876785067 0.22854253873856173 0.02898343803540834
0.9879630279177442 0.004161456705220381 0.22996199309267837 0.02458090035788284
0.987752909141971 0.0045399784803180744 0.23078174069974722 0.012332305641196566
0.9909632526888651 0.004981907808484976 0.23664219607892592 0.028978678289551182
0.9899904881987303 0.005215885682357985 0.23462101033849084 0.015617560232358822
0.9893310633120069 0.004249554498717551 0.23539122055724968 0.0616911603421803
0.9899307501939925 0.004609682817805754 0.2409829099805143 0.027969360836538157
0.9901434086878129 0.003760427204431251 0.2440356714985542 0.02393428692819714
0.9914019134837407 0.0029022615267014274 0.24098541400745305 0.05503827033851495
0.9840025246986689 0.0028108581622260636 0.259665448360857 0.051446548639812476
0.9845267954056258 0.00357817680167984 0.25340482154038824 0.06001971261088344
0.9798382348611969 0.0019744655740649084 0.2651287392568197 0.046125578153709684
0.9915028001284198 0.003644791627357007 0.2604812691971011 0.15471629264732714
0.991199869534052 0.0033329666470630543 0.2722012198118075 0.1220614828209765
0.9879460680797516 0.0036313679828106874 0.2678321172606202 0.17884567748327967
0.9877261737513127 0.0037111671042826294 0.28019750606491395 0.0963302752293578
0.9846343469661925 0.003981684881391915 0.27758262626109786 0.1522417327747571
0.9862904416430749 0.004180406643399895 0.28189540149253844 0.17641788370217723
0.9888777063152618 0.004631183229615785 0.2838826639540231 0.0922843291863793
0.9941130652553498 0.005037282905962928 0.2847056612824622 0.07305281054085644
0.9831234897621773 0.004784108253607147 0.2844150018924091 0.16421546512677074
0.9876770205774196 0.00496084235934077 0.2942144371228901 0.19388923131108568
0.9872859995008735 0.006567183408005012 0.30010223405794917 0.13215408230392514
0.9869643785368916 0.006814510965892626 0.29927978160664587 0.08340283569641367
0.9904802321028606 0.005648754567660103 0.3102836977395266 0.0940400363967243
0.9837534933059768 0.00706463289119147 0.31000796519627616 0.174577117978731
0.9868928443207693 0.006948105349724817 0.3141527978088782 0.15138766370360318
0.9911560388676967 0.007421553502524326 0.3227884664487795 0.1427573195444064
0.989225547028424 0.007412421209801643 0.3148766106171756 0.1040471899066033
0.9865628542254115 0.007118680556386122 0.31906296509916066 0.12023077341751483
0.9867008382049919 0.007492484751089296 0.33490196268389816 0.13668125122444982
0.9807498148240452 0.006076751880157962 0.3512288304037453 0.12543984196555344
0.994338272485496 0.006982163551166423 0.3523909132608745 0.10830979158893449
0.985341113230289 0.006696967953512456 0.35607260462837415 0.12258682125192788
0.9892771655546433 0.00747479930331467 0.3594272251181074 0.10686946515234903
0.9861472091601536 0.005985256640952329 0.3763023923382758 0.10891622519529497
0.9885767233692897 0.00638896987642354 0.3526682811779176 0.13078826440438318
0.9911721805851288 0.005685444102802112 0.36799311516234906 0.09015917758249047
0.9838156421288383 0.006365568488608296 0.3761805809555581 0.10220332431387708
0.9884834578530332 0.007010119499266004 0.37461134873704865 0.10777306682818494
0.9878692121800281 0.006838311343984124 0.38300410184822203 0.0994541910331384
0.9871199248201621 0.006552042910788805 0.37998377049609455 0.10229889258433537
0.9842476589455884 0.007280156462815341 0.3784123375284989 0.1110963631537032
0.9840183031678006 0.008882419305872075 0.3906788306552139 0.14867237801308997
0.9841011854136935 0.007726467506224322 0.39507666803496194 0.12455845248107654
0.9874477341491984 0.00946244097012776 0.4093575874033575 0.10578631089610341
0.9916368614370138 0.010315004582761923 0.41946192528963844 0.16510236566222075
0.9856644962970624 0.01177869194307543 0.4148412097879737 0.12173184603853446
0.984822855333055 0.0122808930374289 0.42758196786320446 0.14614890296520702
0.9912037462563101 0.013108496791646594 0.42626713196296273 0.12871543034375807
0.9910599952291492 0.013381971833475998 0.43423422699950615 0.08486692015209125
0.9917240939706643 0.01326061609057058 0.43387272243756597 0.07772298882570486
0.992146849785084 0.013971176817829205 0.4461941241089619 0.07718533201189297
0.9914350035135139 0.016021778561844655 0.4377642518944377 0.06378172263522174
0.9901379747087338 0.01478613234358981 0.44179324237410855 0.05003159634454599
0.9927031750826594 0.014373794117261023 0.4573715647854831 0.05565756892858136
0.9844546963260707 0.01596189591078067 0.4678063628336266 0.06806282722513089
0.993165473561143 0.01477016488649685 0.45359757575757575 0.053325960883150954
0.989938014874546 0.01799726018514015 0.5527148360200514 0.06017753633334267
0.9903629532480833 0.015023118873830364 0.47489068408222035 0.06899944960555064
0.9920721942407241 0.015719227951065232 0.5471520576619432 0.11985502073093715
0.985667770210021 0.013294278704263415 0.44277621808662876 0.12509557618787548
0.9879198736525898 0.014380254889461527 0.4696358505842392 0.11014251432489348
0.9901968754333699 0.015029998972197955 0.49101742987503244 0.1251295681063123
0.991489857635639 0.013719397674719106 0.4593963211790479 0.10931549653354164
0.9919961161165503 0.01290611041777379 0.4604649970808543 0.11970887771347705
0.9867528754336354 0.014584252019316605 0.46740693420615037 0.11831212912993577
0.9921646108028859 0.015440968333476917 0.47532953949484846 0.15591414893954283
0.9919664894053777 0.014834147059545132 0.47264699685223377 0.15953582861364196
0.9918207986096443 0.014140227246239836 0.4911208482499 0.18342329792791223
0.9962761427767274 0.016087483389765785 0.4714795258663827 0.17038662088261478
0.9901024747979131 0.0152075391176124 0.4799568617138059 0.13391768292682926
0.9877258330466554 0.01588167165331532 0.4771102823208738 0.12251961732774373
0.9891085901812989 0.01457539314230797 0.4964836536647801 0.12969324559705825
0.985785517777614 0.015140659992610082 0.5214419776059547 0.1512508229098091
0.9824377650396453 0.01711496517333767 0.5203663996871886 0.16746680891417734
0.9949515847717568 0.01902550810368619 0.5438501496671653 0.1636896411982917
0.9907869523455562 0.018931371213492497 0.5644119168833159 0.17715778725448975
0.9844335501583592 0.019508070042427866 0.556156504824842 0.27742083524552547
0.9808510378062354 0.019881021926603265 0.5688753437263989 0.20155642023346304
0.9826209191079399 0.020408729938357306 0.5661126126020538 0.19100748870630324
0.987828726103283 0.024486866768155275 0.5930004718853225 0.22690552771336675
0.9868539414900376 0.024081137648416562 0.5990778823176275 0.2269906568121601
0.9834127522105831 0.02137325782142407 0.6067224556408208 0.3079133933703775
0.989261147630612 0.02154584685586765 0.6205631136692419 0.258333650805745
0.9854696868923937 0.02307917218889323 0.6317727919163111 0.3187316116377901
0.9774029557153623 0.021655803796026198 0.6493296983832784 0.3924633961383655
0.9779436880261897 0.02611075277863466 0.6558561683431611 0.27160834746932816
0.9859814345948156 0.02056108570744261 0.6742872221664553 0.2833158447009444
0.9863264039027997 0.021197799869979037 0.6758507811862424 0.30501217362102256
0.9936214626092046 0.02246571694847557 0.7049112432755755 0.2835507275106054
0.9830905525823632 0.026920204776412666 0.7206327501904186 0.35017700402502305
0.9895039691036717 0.033479169485664456 0.736031426060888 0.285282874617737
0.9876785290138692 0.03835572638071955 0.7589581434171135 0.2889061891786687
0.9813283187166132 0.03656729788582927 0.7648516813511783 0.33618701206529455
0.9906990861131902 0.04517704999546177 0.7989536501635305 0.29866377753701695
0.9890340798839834 0.040712391384031564 0.812469319130136 0.3130481327459135
0.9825324322146569 0.05633462647365164 0.8356846537139325 0.3013831688553889
0.9916914693464048 0.07087656118768089 0.866738046361578 0.3545747477317053
0.9934838791888685 0.11440859775657397 0.9179832874150406 0.3775675161658425
0.9939991087180802 0.10509934668234115 0.9145196302730549 0.43515897212543553
0.9900669318539437 0.10459245712506932 0.9153199875201365 0.5329945973758683
0.9912191232770448 0.11020541245516792 0.9179284927859073 0.4952790725469105
0.9970695337195784 0.11331079323797139 0.9242041264932023 0.5573928709303821
0.9887996740328844 0.11594882229490033 0.9240518159299557 0.7069849407241269
0.9917931755417908 0.12321417926758996 0.9213767512742361 0.7310085134250164
0.9895737185218119 0.13865508595988538 0.9295587442904022 0.7007867758086307
0.9901699525769722 0.13118244527727987 0.9272157529901524 0.695210335591618
0.9912968374694937 0.1551397571630336 0.9286296238551549 0.6412187129610263
0.9904074427837206 0.147397046578057 0.9248352249069132 0.6468413978494624
0.9928498911206017 0.15326032512180685 0.9302503411415965 0.5904402663994813
0.985854709081284 0.1535252260327789 0.9239521488419001 0.5593388977944834
0.9918760448719501 0.1567780520220239 0.93269813848119 0.5976018338917298
0.994176793849762 0.17871271509356115 0.9353755505430003 0.5448157401623985
0.9889749950711031 0.1897795001348998 0.9337758014415055 0.5711990574626467
0.9879759835485121 0.18208951702333484 0.9301420093293589 0.5041497689333208
0.9935892966574071 0.19009903370030287 0.9257853434361906 0.3446713425609832
0.9903443789447525 0.1939571653706048 0.9246691745116385 0.2871393694379545
0.9971247498984918 0.20060670333193578 0.9213247876196657 0.2666278528178854
0.9918692564770587 0.2049874112779767 0.9356046672512832 0.4999354477772518
0.9930420433591072 0.21607365016173177 0.9427914008439562 0.8137488917683966
0.9886941863750637 0.22383171838587024 0.9381048671375284 0.7009278659084106
0.9920526774707598 0.2020799321258243 0.9403291436911447 0.6464266230223678
0.9919325603682093 0.222001982160555 0.9369855693006164 0.524736521208954
0.9895326360638432 0.2119274846738517 0.9331053868948075 0.4466636404902406
0.9935526713664851 0.20999072479130781 0.9357589636529268 0.4731871713206429
0.9915328357172369 0.21787066204304206 0.941150821840629 0.6773801690540062
0.9857769012384238 0.22486385434446882 0.9389956650233422 0.649663840982169
0.9888161748628769 0.24552450946405047 0.941507372482627 0.6104559056504136
0.9923403697728318 0.232 0.9407626093235187 0.566547901821061
0.9878954160196914 0.26557957647753266 0.9399426245695 0.5154304843602887
0.9891297252181049 0.26978310234124186 0.9490873400778108 0.6566960952255457
0.9933297777446544 0.2562131009277481 0.9453185309836035 0.6164820340923026
0.997458677252011 0.2788967519506442 0.9493708192595536 0.5695788171964792
0.9920445800654866 0.2859376710293819 0.9492050906641087 0.6412552436269764
0.9883513324446889 0.2624981120676635 0.9465239449091153 0.6743973019111462
0.9915664325940347 0.2706015854750032 0.953044524429773 0.7525490724520505
0.9894757096752265 0.2710100796274283 0.9508940323929473 0.7435510309723061
0.9909698623326916 0.26759803921568626 0.9518101669636518 0.7263495234527823
0.9872207913622907 0.26354691940014124 0.9517429288267967 0.8494888475836431
0.9869743782231591 0.25828131734806276 0.9468848050201704 0.7391765537832954
0.9910207771029816 0.25309031389064124 0.9554487230199502 0.864668442197445
0.9905379565702644 0.2623730964467005 0.957942881153582 0.874562324929972
0.9917823710354098 0.2717443714995735 0.9589729410035018 0.8674274563040896
0.9916051460615156 0.26577365813221804 0.958222051536795 0.8412691846274769
0.9916528391163563 0.2696721761572676 0.9577839847604293 0.839141081182897
0.9915081103416208 0.3016098484848485 0.963970336775759 0.8016016085419122
0.992366026289181 0.3166003277920862 0.9630321709365138 0.7027010322022375
0.9880170558152926 0.304279775006114 0.9623791730700336 0.7685932320010008
0.9879696374397259 0.2809863724853991 0.9621762175881639 0.7189127840991765
0.9792222215926155 0.2834979224003022 0.9583168305249313 0.8264822516684399
0.9946581522839425 0.2655261493040911 0.9670029470430431 0.7892863394993289
0.9840144420322194 0.24405099573045114 0.9618239884943212 0.82102894672829
0.988705114497015 0.25348493608273914 0.966963439141765 0.8268849504355662
0.9867442777558695 0.24141508802463352 0.965104967548038 0.820059160147071
0.983039327037159 0.23516984121744297 0.9623583594602635 0.8160965687061721
0.9905994676297277 0.14139684902617541 0.9577704493156493 0.8288516871566832
0.9911042655866498 0.21579553590885037 0.9661885809816035 0.8335964152960945
0.9902406207053752 0.1847676182595504 0.9680200495215612 0.8671659540014675
0.9879545758360152 0.2013840830449827 0.9629873157229366 0.8666521381180686
0.9819469323470754 0.25175983436853 0.9651897673675229 0.8821648393921908
0.9871998846936343 0.3120263591433278 0.972868086865529 0.8770373705538046
0.9874816004282082 0.24653654541732067 0.9661338777264424 0.8605358160744823
0.990411335251967 0.24632196916112603 0.9705200570441476 0.8985248480210858
0.9859560820381429 0.27893812918711713 0.9692698033148534 0.9207258443976187
0.9891032441724794 0.24055953693495039 0.9700928467686131 0.9159507641729124
0.9819276898666224 0.2813095638524498 0.9683273866431367 0.9140083479706121
0.9872422525871738 0.24975992010140974 0.9726928632692713 0.9411459779690826
0.9871634456114762 0.2127949382661804 0.972660375753642 0.9185415724866989
0.9925023678316679 0.19764835257793004 0.9749282078891759 0.8870695171372787
0.9893912352553114 0.18203033838973162 0.9733011538713696 0.9053768453768454
0.9891950403222343 0.202377596090593 0.9750484950623951 0.9139045834969937
0.9895810382364694 0.0945164960182025 0.9728547466532113 0.9257277912226326
0.9877773410804004 0.08344135580200682 0.9714442534163095 0.9104623002719413
0.9899492420336966 0.13144509823476613 0.9751892859885923 0.9264214046822743
0.9917896108415236 0.0926887926887927 0.9751294459230583 0.9209838107098381
0.9895378060137523 0.029569304766069088 0.9712877658499184 0.8883055106803087
0.988397697666136 0.0014451861537402794 0.9747389446047475 0.9161598468116589
0.9914699553011873 0.00035323207347227127 0.9787813423296262 0.8904578091561831
0.9859162252541636 0.011204026954615571 0.9707555025605349 0.8794440518256773
0.9873648013501837 0.019100842438902327 0.9711240786796664 0.8832254679027461
0.9912776442201628 0.026072705601907033 0.9727772862115963 0.8917988525143435
0.9915027301401678 0.004426955238563699 0.9722323132362091 0.8868192928268849
0.9891018031767566 0.018816538747214655 0.9720686139469562 0.9086542666394566
0.9864422200864609 0.009970358393963891 0.973321282092823 0.9347811032782571
0.9866050207404516 0.00975609756097561 0.97402944676402 0.9470164575525502
0.9842266966588029 0.036777882071849136 0.970530325430922 0.9405986708146485
0.99213870342451 0.004422069528539356 0.9748147428909377 0.9575496924859613
0.9876056057427111 0.005953582240161453 0.9720486711472408 0.9427706153853881
0.9864106380891962 0.0 0.9619521932341412 0.9123379062009853
0.9886521306991563 0.0034636318654131617 0.9630222726354438 0.9372560993462521
0.9833439513780483 0.0 0.9559551271982696 0.9402433576388101
0.9831347548803022 0.0 0.9469988807241229 0.9243309296485787
0.9934885624540797 0.0040457343887423045 0.9529184576601962 0.9298910553001523
0.9882433590402742 0.0015978087194704405 0.9310520400957614 0.8972485230640702
0.9918174844100454 0.0019216691068814056 0.9339430589721658 0.912986856384903
0.9938333321170281 8.086689309396733e-05 0.9396802989412497 0.9289836066967483
0.9853942436342168 0.0 0.7566010413778229 0.8421683051169313
