0.987395363606017 0.00015091222468447432 0.18094719836473575 0.003395970115462984
0.9830790717662226 5.711886435672635e-05 0.19006124766123486 0.0
0.9872604577724345 1.821125050586807e-05 0.19564380529728834 0.0
0.9827717472535685 0.0010618012707331067 0.1952644644490937 0.006714413607878245
0.982711231601955 0.0006257555286923132 0.20251488184116745 0.0008362202843148966
0.9840308324696211 0.0007987550845537904 0.1806983073147926 0.001949528863857901
0.9879262450275398 0.0008436739605848821 0.18229922213886962 0.0
0.9740675390932205 0.0006307422609968647 0.17505468229391244 0.004373177842565598
0.9861297867910895 0.0005720032016693589 0.1864937145655047 0.014356087262491204
0.9812997968491337 0.00038125181927683684 0.19866067297905807 0.0008729812309035355
0.988740321982964 0.000770448089124196 0.19047438535687208 0.007764744754667107
0.9804349777494138 0.0007676623459174543 0.19717790407528057 0.002059260954124242
0.9879354349346122 0.0011126710513285059 0.19452324732023035 0.0008556759840273817
0.9788885240781252 0.001660342948385544 0.1975668395250732 0.06688558589699274
0.9879057665867208 0.000226607236455784 0.2049535526900362 0.029935339666320747
0.9785135636857193 0.001104638703267159 0.18870931715171202 0.0
0.9863748137560113 0.002553715315485931 0.19690737707035186 0.0
0.9872332905772788 0.003952079671706914 0.19709265585578736 0.011551670309085233
0.9868217832671076 0.001954032467310435 0.20732985376419724 0.028068636587906363
0.9810579911784731 0.0031258429139248106 0.21185816034674765 0.009871582073905826
0.9818044623201573 0.002178306574805659 0.21194794303327183 0.025478239077771282
0.9874192578800683 0.002293806114515733 0.2007332107273499 0.006687593831035895
0.9861416627448246 0.0017323774142207222 0.2178593529442694 0.018716007251786286
0.9898351904517693 0.003190173261575368 0.22255744995692822 0.024743852459016395
0.9909673152563612 0.0024647006947401237 0.2203827100692395 0.010515701526937482
0.9923018983544191 0.0027310676437935833 0.22256491353865346 0.010216574492337569
0.9834466470389766 0.003491936896163933 0.22687610351857812 0.03249507197897378
0.9879396973205676 0.0035350812051692486 0.23723482023525588 0.011947466722006464
0.9873211170921095 0.0050037436577418425 0.22904307224302556 0.010238095238095239
0.9910243122110056 0.0037327165263927172 0.23737917441815085 0.018972828647714778
0.9880148916049176 0.0028557863991495597 0.22932500353048413 0.023944484523686832
0.9889403864575371 0.003428558492833675 0.229784130479861 0.016888686477665185
0.9882934833968433 0.004166146963262251 0.23100259042044882 0.009211933911803161
0.9921899456291562 0.003653893645044452 0.23760299672895607 0.027131659949861962
0.9906614374974667 0.004225102658630748 0.23626610435446102 0.018791477471184072
0.990299786865102 0.0033760646957748442 0.23599518344926979 0.038704233619487854
0.9907642528737038 0.004179266407787494 0.241941350451948 0.02499873616096254
0.9908604659423139 0.003401727301946066 0.24670795153570654 0.020571174997622746
0.9917925420514613 0.0026353860949443696 0.24303465973424107 0.03209719348506552
0.9845973382446447 0.003393648315512514 0.26217975099299096 0.032040413826511197
0.9858622228980971 0.0025496680382702647 0.25470156642797437 0.04666163711806865
0.9814991524737708 0.0006311800820962025 0.2670183237193022 0.03988705957209894
0.9924576664984486 0.0030972124039528527 0.26160197068191554 0.11235449225030548
0.9917209858473097 0.002131214675963306 0.2724073416514479 0.08283074199081503
0.9887879582952296 0.003330396494231259 0.26873171313352434 0.11830882352941176
0.988281480910341 0.00307201581287532 0.2799547402166047 0.06003449618872753
0.985139528827535 0.0028408132631720976 0.27896714937950523 0.07950875596997953
0.986769407264784 0.003268527120627591 0.2832254690462182 0.08898109727985247
0.9892358552309493 0.004058312209570393 0.28604255639640913 0.0519734012637708
0.9948730248379768 0.004119461185107856 0.2840669539837221 0.041158958737191914
0.9832706570961451 0.004675172255915705 0.2848793846648129 0.10297470113983875
0.9887547717449601 0.004034173366575681 0.29468659910336503 0.09870097322584688
0.9877151961750665 0.006109228290460581 0.30029317531417193 0.08826368776720453
0.9872660112714251 0.005664843576134823 0.29924640080837206 0.0620721482962849
0.9918297276332715 0.004177487904996732 0.3096577662865835 0.060711035434342246
0.9844592772384034 0.0065470728520960935 0.3090070535019247 0.11676863047352955
0.9873992722918751 0.005721667430571592 0.313770520642587 0.09730038332925536
0.991756275389469 0.006215944307422268 0.3227357978342588 0.09834117808344377
0.9901087376758253 0.005964461454992902 0.31475299862284273 0.07562072622225473
0.9873686158054483 0.005845649469377394 0.3199788716002077 0.07179549530380863
0.9872391900206969 0.006189202199893871 0.334090420024767 0.08486849510374067
0.9815381940419613 0.004976301508918418 0.3511062564062642 0.08563200969990907
0.9943390335230807 0.005261644478300131 0.3523046118475104 0.06452467899634821
0.9863420784054752 0.005280025587717895 0.3577647068515269 0.06728581752000642
0.9897301609322975 0.006264259670781362 0.3567862251811894 0.06691439105887775
0.9867042484000028 0.005459237779839093 0.37581736147700867 0.05621287828792307
0.9891272423824264 0.007195925129044315 0.35236419908425687 0.08104322928013445
0.9918405106510707 0.004687870875860432 0.368912665573048 0.06174503882657463
0.9842197751945567 0.005162976027173558 0.376505835988882 0.07179238418627214
0.9891361645721217 0.00558666506625195 0.37655548757670854 0.07752547078389775
0.9882004560164052 0.005315298627559942 0.38376155624500324 0.07230673619930288
0.9871001695385692 0.005091551264266924 0.37799424291098777 0.07989230551225733
0.9848324274223389 0.0056605592554377845 0.37813044498993054 0.06592986764906536
0.9846213986193434 0.007373517700025078 0.38943028009852965 0.10837925137754133
0.9841237427943029 0.00618887264043361 0.3955724266388649 0.09250955490685847
0.9880235177198983 0.00794563527019238 0.4044333844896086 0.06410167372734217
0.9918611601160694 0.008771481989968747 0.413917954625452 0.07594109664773584
0.9860191166689318 0.00968579056955831 0.41254132010023975 0.05789150280898876
0.984639462716997 0.010362576844443751 0.42162598907834614 0.08718665197882802
0.9919386025637965 0.010726806028584841 0.41454710949008405 0.06477509160206957
0.9917517306530612 0.010662330514539341 0.422398908377413 0.05659962978069212
0.9921632369762065 0.011059974458446784 0.420096792662945 0.05243594667251879
0.9924154946836589 0.011490715409157621 0.4333051220475244 0.05290561648837618
0.9918327125553568 0.013474019163809083 0.4240308273414256 0.04745077042060801
0.990521920619183 0.01214704401902999 0.430641689386547 0.040532658448093485
0.9931300679706021 0.011469923676155696 0.444019598346894 0.04470364996093314
0.9848741267340879 0.013314504070443595 0.458040290472945 0.055297649750691055
0.9938089945774193 0.011911679256246368 0.4487703693655723 0.05012784682166855
0.9903902425813167 0.01420187031204338 0.5488487920664615 0.05848819822706398
0.9908039560964591 0.012247659000176178 0.4684535224416113 0.06176715117112468
0.9922003167287796 0.012821989684438961 0.5430128120194488 0.10551084756929738
0.9861290785406245 0.010645207210092706 0.4414208426391122 0.11628249502908904
0.9882900134845154 0.011892015724506143 0.46916766661986037 0.11168318737368876
0.9903530058694846 0.011803780230515969 0.4911853443946729 0.12340414600940174
0.9922644526430487 0.012057719511076837 0.45816342319632 0.09308804851067316
0.9929731103714385 0.009404606116160001 0.46092593323925113 0.08893455758969815
0.9873495842057238 0.011557271161417323 0.46748742292922874 0.1032778467200137
0.9925499757865156 0.012097332951490573 0.4766921877362846 0.13407958837374787
0.992813651165065 0.011470473582919215 0.4739252528993541 0.12683940356880957
0.9923645424215549 0.010570020392116753 0.4953668213732427 0.1301928144007486
0.9969857345618129 0.012695478006316924 0.4741144917411449 0.1529441538721107
0.9905321809431872 0.01207891130445868 0.48417860652769873 0.1195355947975982
0.9886011358526785 0.012849434576572486 0.48115702639469493 0.12061232048063866
0.9898332655551036 0.010250072096568204 0.5007594097326341 0.11964636542239686
0.9867086410477109 0.010372023344004283 0.5236301474699074 0.12453502617217953
0.9835445924089234 0.011760690394800901 0.5216235749422983 0.13888821956097444
0.9952483177890427 0.014469703670942061 0.5459432127075737 0.14781272298150283
0.9911858394266271 0.014314087820226567 0.5656316047992141 0.15637050444636813
0.9846969786683326 0.014908755060544001 0.556141485419381 0.2287954926145881
0.9815678911930724 0.015114373705429623 0.569510119606059 0.19567107933133637
0.9835482767340503 0.014374116212394431 0.5665488239820932 0.18291990690810014
0.9886498925514842 0.019050274138091256 0.593505361155297 0.21649304341746486
0.9874956590887358 0.017202566682457218 0.5985462354355306 0.19998156568759987
0.9841134447958271 0.016119953124530493 0.6058700484327937 0.28597009580087746
0.9901313991112919 0.016138747793245613 0.6204468696363648 0.24578462434902945
0.9860566626448768 0.0179994489310758 0.6311569063936139 0.25907778790641145
0.9781542144113465 0.014495013877964324 0.6476497691656271 0.36170554247806547
0.9786217139728355 0.02039513080579363 0.6519737421799278 0.23268726024631536
0.9866578027293897 0.01581109935746748 0.6741373271406224 0.28110675201321494
0.9863104254178443 0.013154588983123196 0.6724510066304549 0.27512435950181396
0.9947019850244518 0.01679316432605994 0.7023801780898375 0.25557686842853083
0.9837545476783058 0.01824464605671056 0.7165106207278312 0.27286470143613
0.9898959094395253 0.024339714114504758 0.7328684198149348 0.2600754142595219
0.9881109745644563 0.03028381269630406 0.7571912824092449 0.2766146006425169
0.9818839327432042 0.030674063053391373 0.761379839567348 0.2908250925890573
0.9911150376926104 0.037441522316348466 0.7933231492056304 0.2357589934880192
0.9896088807747059 0.031027510886845924 0.8075154871848285 0.2618415679869334
0.9832287728336588 0.04093552490761868 0.8268163401232169 0.22067324039442365
0.9914301314163935 0.05778940103882896 0.861206345561954 0.29200737673544663
0.9938984334116442 0.09535135135135135 0.9103076025178518 0.26774616185709005
0.9943557317464755 0.08086462196999777 0.9069666062522952 0.30693444486547933
0.9900853546800406 0.08248405452419093 0.9134262300420743 0.5237650864750529
0.9916848030378123 0.08615731027071286 0.9179318123361488 0.5543449375498273
0.9975032095586601 0.08842825602444307 0.9238924780064284 0.5945853088710231
0.9892424798019379 0.09074540090246443 0.9237192383166802 0.7166707188589027
0.991923995060063 0.09658942460357337 0.9203224162690509 0.7385980770811077
0.9900624569626829 0.10929849500214354 0.9285062301645621 0.7338709677419355
0.9907753896447008 0.10535445692390458 0.9264320110888502 0.7112196684551934
0.9920075455515697 0.12577483619327537 0.9276987563908359 0.6538950940195108
0.9909866509940698 0.11860099108870882 0.924624350316515 0.7014080418057773
0.9935132032839107 0.13058043423203555 0.9305833716123105 0.6261151662611517
0.9863595459117136 0.129617795118451 0.9243671105382936 0.6132606721162579
0.9924081914487671 0.13523598837986653 0.9347186510977576 0.6855197519212619
0.994481429147183 0.147249790154545 0.9363795786459138 0.6229814413111593
0.9894104313601215 0.1580645563154813 0.9338180723620716 0.611617638626068
0.9887922552746973 0.14985490978134963 0.931179621386682 0.5971755211835911
0.9940433380790927 0.1631976892362586 0.9284706827347489 0.4034825689410222
0.9908622676584454 0.16951886384200796 0.9308964980421125 0.38085334997053827
0.997068201602097 0.17266744096012387 0.9267604669691816 0.3286219081272085
0.9926533966643041 0.169937316105923 0.9403240513990595 0.7388708960436908
0.9935048571213954 0.17573232323232324 0.9414089846909255 0.8165068493150685
0.9888259995025729 0.19039984090880843 0.93775308416982 0.7713198635528733
0.9926032745243545 0.16826026271507025 0.9414602069742545 0.7832297315169952
0.9922784449692645 0.1908949066483313 0.9384435166938708 0.5798887503596433
0.9897775526992777 0.1789079010157475 0.9361484279553205 0.5458029896512073
0.993748332434083 0.17514513298231402 0.9405556560014724 0.6473780302261892
0.9919224688852607 0.18838899300265602 0.9422592478193085 0.7761822376009228
0.9861276017326753 0.19735327165032113 0.9414015159547138 0.8238622386223863
0.9892008563547863 0.21582611648836814 0.9429556375279194 0.7223116465029337
0.9929464260644123 0.19592602519431787 0.9424203955288893 0.663135005089294
0.9881519113050464 0.23101873001370488 0.9450318368788009 0.6875117547489186
0.9896861070182964 0.2302238744592305 0.9518754696056461 0.8174424355663021
0.9939985817370112 0.21413778620979304 0.9480446287542527 0.799105002397315
0.9971281864649165 0.24254326938124002 0.9545805443795581 0.7862148943679725
0.9923012461001337 0.23783991421117495 0.9506712096300258 0.7415240328253224
0.9888677494199536 0.22906216514217384 0.9485836966465299 0.7944496475575492
0.9920947700565371 0.2331175298804781 0.9534483955531019 0.8190308542369567
0.9897372496243789 0.22880016145850854 0.951969073334863 0.8363327674023769
0.9914520373910072 0.22542848030081752 0.9524200123204853 0.8032015500299857
0.9877856245932742 0.2199218482210187 0.951144037489107 0.8634838099740014
0.9872990688747166 0.21099759116205666 0.9489169583943485 0.8502907631970428
0.9915171979151812 0.20051140763149838 0.9547490764185795 0.8669223826714801
0.9908511231347521 0.21007435742305666 0.9575885135314937 0.8847565559633839
0.992364941352152 0.24228190535588992 0.9595238750584897 0.8706091973527914
0.992022755439786 0.23638029315960912 0.9605162933418226 0.8746665519318475
0.9919764009084362 0.2337125935162095 0.9590364315884252 0.8792783545852908
0.992311835629808 0.2605611812463755 0.9638179496838154 0.8442015697205311
0.9931427678491409 0.26115508502084944 0.9659048654453168 0.7980732041770683
0.9887597058648788 0.25908028468629357 0.9632189341600631 0.7965565591678352
0.9886806102983582 0.25995635570103653 0.9653739716690797 0.8121958389130222
0.979953603965535 0.23767843505845032 0.9606728635081688 0.8726829102985529
0.9944105777244052 0.2284855095963914 0.9692547017073676 0.8268063982349697
0.9838712924664843 0.2006160303276469 0.9632556368569863 0.8294312331453788
0.9887830294173992 0.20633737185461323 0.9687421362260686 0.8347675898430398
0.9871186041525728 0.1892200567365435 0.966753256047554 0.84491750021373
0.983574718506368 0.17897183996400315 0.9640425287966089 0.8372987526787186
0.9910639539026042 0.11548107929333297 0.9603380731096764 0.8333726137167099
0.9917281377395266 0.16318661331393233 0.9685131035145887 0.8383453843991926
0.9908414532401804 0.1483393089318782 0.9700393522477361 0.8690243468988804
0.9886085934358276 0.13683897997558803 0.9641683807380529 0.8734412440706147
0.9822878554597178 0.2061573450134771 0.9653861596112667 0.8687465868889047
0.987511405931417 0.2573677466593447 0.9750058449774452 0.8727452433901656
0.9873768177672322 0.16766490204412846 0.9667210756519219 0.8717466558399931
0.9899251110050347 0.16048156882214223 0.9708051809730582 0.8945294292131023
0.9864896846455278 0.0893423516374336 0.966582485248524 0.9217797061110884
0.9895116924779906 0.1273095902987644 0.9696041257921822 0.9178845361633678
0.9825757399883923 0.01595638852413354 0.9633326010837294 0.9177410499611897
0.9873456862698992 0.06794883028125821 0.9710357237417094 0.9402827639809024
0.9868228090135275 0.008572529377769216 0.9703326646647733 0.9226304933048981
0.99320047175488 0.014762297868207644 0.9741279788731411 0.8939383923849815
0.9901114091090186 0.0 0.9724833843672086 0.9041642101343594
0.9897301463405055 0.0071731149392826885 0.974939507473754 0.9197603151187018
0.9897202473413789 0.0 0.9728328467566496 0.9293249094910201
0.988278013232765 0.0014326647564469914 0.9729322908184408 0.9083564142403567
0.9902679342039777 0.007232516437537358 0.9756408963065488 0.9221198984172588
0.9928157689870323 0.01127497860774148 0.9752457856681294 0.9243719600862458
0.9906150419561329 7.174630506528914e-05 0.9753664068767539 0.8934245491038616
0.9884605076764041 0.0 0.9771615284748193 0.9174516202970999
0.9914978419267135 0.0 0.9813161226609622 0.8997352108675142
0.9866999253075516 0.0 0.9748567895070883 0.8894728308041547
0.9880441947290713 0.00011213276519398969 0.9750000617079273 0.8934621692300874
0.9921727269518388 0.005284274390840591 0.976210260850364 0.8956025283762659
0.9918573525058418 0.0 0.9750419433311982 0.8850802956518998
0.9899521032248988 0.0014781966001478197 0.975149973790988 0.9120937158449903
0.987493297972457 0.002613809627532128 0.9749886602754956 0.9295247598852439
0.987184875526302 0.0 0.9755499457830187 0.9416242493939612
0.9849785782330908 0.008557813867548381 0.9716933817655868 0.9381700144932744
0.9930548250557267 0.0 0.9777243273004489 0.9576278788150606
0.9884398533689286 0.0 0.9742615689985666 0.9416480596502218
0.9871318485816479 0.0 0.9644906291675256 0.912896685433387
0.9893729240586887 0.0 0.9658169075290457 0.9427652624560041
0.9842103367459607 0.0 0.9582676479883725 0.9408484176638523
0.9835741151222844 0.0 0.949448390729966 0.9250671534662619
0.9940036490951231 0.0 0.9549183345400105 0.9276223164771195
0.9889313121940412 0.0 0.9195253909801049 0.8680182592876755
0.9919676902872097 0.0 0.9314790391825027 0.9033787068546427
0.994372388092377 0.0 0.9369410699213823 0.9197683739768796
0.9862422601069788 0.0 0.7497274402539389 0.8338658613480238
