0.9850378560968148 0.0002770033597826864 0.181193421871022 0.0
0.9809608894183045 0.00017035450773058734 0.19000470948842185 0.0
0.9849697406591362 0.0002650748684743019 0.1953066265707228 0.0
0.9805599636608643 0.0008761732302359417 0.19521228300571097 0.0
0.9806015376172093 0.0005160451437917128 0.2029363966161903 0.0
0.9811497000634108 0.0005761162868566701 0.180466570832897 0.0
0.9853300002749653 0.000628589583791578 0.182557424295578 0.0
0.9717569849052519 0.0008000365953479137 0.17553388219600324 0.0
0.9837538912376862 0.0009591411669970267 0.18775819914003877 0.00019043991620643687
0.9780832054003493 0.0007595633931607932 0.19958354895337455 0.0
0.9855862333016119 0.0009195046289798822 0.1907404405123098 0.0016151827175449223
0.9774381171378331 0.001055169007955329 0.197699272353748 0.0
0.9854215479827189 0.000710711352157475 0.19512796033383634 0.0
0.975639658783065 0.0019191980451960379 0.1972886683946342 0.014705882352941176
0.9857385105845065 0.0007398256730344871 0.20513695721004224 0.010318704284221526
0.9762915424496549 0.0012653480681281324 0.1883951163380578 0.0
0.9839715092122636 0.0024768851985402943 0.19668050180855096 0.0
0.985355550453146 0.003377390997652966 0.19671733155298138 8.486082824168364e-05
0.984885818708731 0.001594960488021706 0.2066678459125705 0.011979061807932354
0.9793797096437635 0.002467102752183396 0.2107823556832142 0.0029520853833926272
0.9804979609206834 0.002267487457381823 0.21242404018405986 0.014492753623188406
0.9853210000573078 0.0023282910708920987 0.200257045203419 0.0
0.9846844449505731 0.002183895698643252 0.21867636194897086 0.0003151839886533764
0.9885507082522784 0.0035814917546170694 0.22326154363479403 0.0012749410339771786
0.990498663475567 0.0030356233484713654 0.22095576879892925 0.0014967925873129008
0.9909091858655423 0.002198899088699371 0.22148624262454633 0.002479274812117456
0.9822968049667393 0.00277463743050224 0.225407469212136 0.0
0.9865980535518132 0.0038066847755897928 0.2353781817945873 0.0
0.9869119800760048 0.003420472447529932 0.22858764385885144 0.0
0.9897878774971248 0.0044906554742704516 0.23677998874755066 0.0
0.986914780277003 0.003409835389035909 0.22901232498631177 0.0016767878183630925
0.9877415873876141 0.003913956727376713 0.2306975748590818 0.0012256511271613044
0.9875004426621273 0.004260364706844386 0.23045958845655404 0.0005535668155146326
0.9910577819026889 0.004711775324120978 0.23690117486849693 0.0109380659181456
0.9898826669550428 0.004642955114006248 0.23540537072853157 0.0007130336611307525
0.9892112670873733 0.0038845698530730636 0.23565249981731937 0.01692047377326565
0.9897026193824264 0.0044055508284216 0.24192919590899817 0.0028263557675322383
0.9898651131569792 0.003561057888183819 0.24394334772959267 0.0
0.9912922824904341 0.0027154684312549276 0.24256005665968697 0.0328199338763003
0.9842310856516042 0.0025491213666778683 0.2597665317255217 0.010092514718250631
0.9845440229202745 0.0029227157803514412 0.2529386832107695 0.029538352691468664
0.9798419641389597 0.0014997523590077673 0.26510925205260255 0.0
0.9910268021661597 0.0029217197246494144 0.26059635107483314 0.12141219624025676
0.9907167404657561 0.002576654137884329 0.27209179070298223 0.09775441949354993
0.9871309247546292 0.0030754759078991337 0.2677799728126714 0.11453547013336322
0.9877175525610072 0.0031482720556657764 0.27972398105758295 0.06947275143996455
0.9839898397307787 0.003116367940088169 0.2778338462654985 0.10781005678544976
0.9854549174967072 0.00333172564349901 0.28119123769714355 0.1416851820201675
0.988168265538092 0.003938442578102174 0.2838270510011529 0.06738594327990136
0.9932709865780813 0.004201979915960402 0.28337686771636283 0.049409810783557745
0.9830517747225763 0.0036335537897074026 0.28421430664826214 0.17385901491188432
0.9867242454146906 0.0037084089732773514 0.29385012524619003 0.2111631963370762
0.9866775825209883 0.005205028564316662 0.30027137115348557 0.11622169354128117
0.98630603858338 0.005818768619104395 0.2987409436434305 0.06321804511278195
0.990035274762555 0.004313886843163763 0.310546694975007 0.08512262620479054
0.9832925732327155 0.006068473671848877 0.31044826649555357 0.19125830192066057
0.986859966076383 0.005957920647014007 0.3150404292113464 0.15081385481755766
0.9906998845971081 0.005961803073783408 0.32369357837892915 0.1222773862908392
0.9892054093549966 0.006372091374277644 0.31546081584969676 0.06950466430166864
0.9862571928419367 0.005900040594961674 0.3195417121477031 0.10543599366680349
0.9863791119964287 0.006216058829105781 0.3357196939186468 0.12551424357680666
0.9804403188619822 0.005111856837490002 0.35225737686705944 0.11981335247666906
0.9941239129472038 0.005381292569327641 0.3535030478036752 0.1012885441374447
0.9850928923390951 0.00539566044060935 0.35604678256150446 0.1062015503875969
0.9892374762940006 0.006540870121429087 0.35962175617153275 0.0951517414262094
0.9856756869198624 0.005287244853903328 0.37713244281650754 0.08872195716170947
0.9883520763816612 0.005566300714062074 0.35260588427569556 0.1242623503625021
0.9911346395112971 0.004881660048158834 0.36868292604085856 0.0836198086035492
0.9841029014415256 0.00538911753526894 0.37658118903650084 0.09002839485552029
0.9883235664474004 0.00607953878461398 0.37578173965037936 0.08106289942818702
0.9874769929484881 0.005726952659730239 0.3842518482214747 0.0810924546563986
0.9870005780992912 0.00560791847491782 0.3801952633174188 0.08687950400579733
0.9840630913315289 0.006200257909887848 0.3782107409280566 0.10013531799729364
0.9838048815583574 0.007763538432964526 0.39158833183534913 0.15669803574812102
0.9839376296079143 0.006715629491387262 0.39550077833837766 0.12418333250211959
0.9874771649887745 0.008329935024331893 0.40830419207473645 0.10560791108481596
0.9911126109567743 0.008822425573719823 0.4175120068936677 0.14454214025305598
0.9853266824878845 0.010249159649305195 0.41281860964593664 0.10291528916748958
0.9845958971972257 0.01079315064223355 0.42396152856662245 0.11839804838381784
0.9912022270183548 0.011073427626068855 0.424471838849435 0.11333169135498398
0.9902064339409016 0.011072897063942 0.43174429858302105 0.07480373646030011
0.990823554686255 0.011601242484788896 0.43232128203890524 0.06953789207842533
0.9913597164601349 0.011968444999126221 0.4471005036897265 0.07517388978063136
0.9908695779687362 0.014040016221532687 0.43855136202776346 0.06127044128523297
0.9894133938594407 0.012949965011064947 0.44061275768409697 0.045995605669169666
0.9924138668823497 0.012158299250142435 0.45837686374658204 0.05339148529810008
0.9837308963056919 0.013925614892966768 0.46367764315665216 0.059294895664219006
0.9924984030378816 0.01273917569847626 0.44938471776877004 0.04844294861669684
0.989222191475958 0.015132244866497493 0.547886170490052 0.05391662188904761
0.9897863845267747 0.012240644590848353 0.4725986071440033 0.06229420383470137
0.9913417963401783 0.012619052484335322 0.5445154138555854 0.10615711252653928
0.9849029040447458 0.011194129419613076 0.44418462478985177 0.11383528556216399
0.98724624296169 0.012379143481622173 0.46991760782087993 0.10809996988858778
0.9898940023958854 0.01296683165134666 0.49228578153101954 0.12155052077740792
0.9911538022551016 0.01216321473359417 0.45945487982139843 0.10071704096362732
0.9916587860425614 0.009845998865953262 0.4606924131480663 0.104969277854356
0.9861115296483042 0.011954500929572396 0.46764724609996816 0.11326691137912952
0.9917262151328986 0.012315968725846135 0.4758547017064139 0.1506528077069337
0.9915523162302755 0.011832929897296493 0.4734392218563084 0.16503764364020604
0.99124291262464 0.011099673275746319 0.4929459723623881 0.1821138792579619
0.9958739472851655 0.013362610270041219 0.4743179042540267 0.18697456251127548
0.9894739849233849 0.011919522900337553 0.48199744954499757 0.1369727445368711
0.9874486519581669 0.013118106432654375 0.48056044000160586 0.13726504569753406
0.9883283524215742 0.010785286141253307 0.500129076810383 0.15185282676727793
0.9856888022072114 0.010785915395043276 0.5237823927071596 0.1592920353982301
0.9819460673943816 0.012393337801585363 0.5211550598780867 0.175060796109049
0.9945289192570493 0.01499385352825166 0.5447410889840181 0.18038185321422315
0.9903960208466319 0.01416382954074063 0.564439259355214 0.20732365966946315
0.9838003550242946 0.016076378307655532 0.5563031496808651 0.33538201296870596
0.9803386521916746 0.016764043083891695 0.5695994590478397 0.2529156087274605
0.9820073210307951 0.015408623194852178 0.5675597678206662 0.23548078761231123
0.9870386917390067 0.020049892493095755 0.593708748092769 0.24949748743718592
0.9863262574105948 0.01787563803105623 0.5994296203618864 0.24268938521759154
0.9828344782054319 0.0172633451386997 0.6089593218223712 0.35625805728378457
0.9886150082520211 0.016669759064025135 0.6228017031209807 0.2973116848549375
0.9845829038419148 0.017142698436775617 0.6334529862099614 0.36066463944396177
0.9766109584001799 0.0165867134479656 0.6495494839433013 0.41290765962763964
0.9767653985843294 0.020614190069899632 0.6588446735921816 0.338705590188029
0.9846015366316263 0.016141081378972508 0.6762645111411726 0.33123783864690914
0.9857568032746333 0.015272631473671115 0.6768492249046822 0.33018911545752994
0.9932789340386772 0.01802801275828595 0.706646372246423 0.31695943498732343
0.9817975442733579 0.0202957750084625 0.7191606382448418 0.33161868806040584
0.9881257502514356 0.02666694780471348 0.7348211178777502 0.28383298473932916
0.9861087803454927 0.031769191730327474 0.7590494893056152 0.3054718875502008
0.9800456231710408 0.030347414856242726 0.7645923569203815 0.35288293809815663
0.9895415623866638 0.03783315601925275 0.7980666196700101 0.3143848526387937
0.9881828743600547 0.03351614868982328 0.8120769165436679 0.33919212000722937
0.9816309315472068 0.047548546510159016 0.8337849335084248 0.296760710553814
0.9913782034336125 0.061501210653753025 0.8650539097454647 0.35581074080469693
0.9925025795580233 0.10168549731431746 0.9158088583600391 0.35377230323340275
0.9931491879999073 0.0980580266294552 0.9145850337341077 0.4587978393288128
0.9895577728875893 0.09543495297805643 0.9145240119841377 0.540168576320295
0.9905295820374507 0.10114312590744566 0.9158382495007923 0.4571841637010676
0.9967908298443217 0.10716679232638016 0.9243359712921726 0.5666489644184811
0.9887169973670996 0.10500255925457794 0.921605868307818 0.7075976024623359
0.9916131486817833 0.11355304154667244 0.9196289199943704 0.7267360826432729
0.9891593283906701 0.12765505759840892 0.9282587736136247 0.7023934241276493
0.9895368431188465 0.12351317711997402 0.925772043908889 0.695987900015921
0.9907945234521621 0.1441822442639926 0.927252124917351 0.6464323748668797
0.9900696354168549 0.1395599176824442 0.9239579549129118 0.6354479354279234
0.9925171035909703 0.14804923230784967 0.9302596797387136 0.6203622735790131
0.9853608942042761 0.14522083204385694 0.922624270316578 0.5592815037259482
0.9918583333030399 0.14795846615413463 0.9325351167266378 0.6498512482214461
0.9939668999044465 0.16422049456271645 0.9343900491136117 0.552722001503275
0.9883750606284555 0.17912014623060962 0.9331626603943166 0.5728744939271255
0.9873310400450884 0.1715203070944505 0.9292574414324534 0.5277179628424057
0.9927328106078213 0.1803640042880717 0.9263866955355633 0.3668390325271059
0.9896999399416959 0.18466822187662002 0.9279056869432005 0.33328199125130925
0.9964691839375387 0.18827437711473394 0.9235751821411308 0.29459058621497153
0.9912674744728937 0.19153978467223037 0.9361164485486949 0.5439722380680738
0.9924217275311188 0.19866157983613733 0.9414428824379032 0.8020335744506619
0.9879702407763191 0.20826244544714845 0.9372317618016811 0.7286621800113214
0.9917349507428562 0.1881755840533106 0.940040544379724 0.681154360854134
0.9913834049787695 0.21366397152694494 0.9375591219826116 0.5634234999763962
0.9889406147986296 0.2021543748347872 0.9338504132732454 0.4975147928994083
0.9931103587712485 0.19801250887272825 0.9371968914944588 0.519467718087728
0.9909324945822156 0.2153505613782436 0.9413144256943329 0.7003986181238374
0.9853742646482536 0.22321806730151791 0.9404160604086138 0.7303558500863173
0.9883028764587789 0.24153423281382985 0.9420927401051712 0.6567328918322296
0.9917986852157554 0.22692778117529327 0.9412054764399366 0.6008435582822086
0.9871979089449517 0.2636491249029329 0.9398729438067266 0.5213887389818312
0.9888569483495834 0.26699682661794405 0.9476310394833599 0.6194145483479208
0.9930514636526454 0.2484561518604618 0.9455122175022362 0.6595942182734386
0.9971809522920515 0.2730401003272872 0.9502803373476837 0.6006188358151228
0.9915455390647397 0.27855724059652553 0.9494838337354299 0.6612387444248086
0.9881993579949582 0.25811144619394727 0.9470373788724092 0.7013310058913376
0.9912894045229741 0.26930881216181396 0.9532022029116054 0.7860309375589511
0.9890816662787563 0.2657098974418259 0.9505927017376183 0.7410115519404664
0.9908881572512109 0.26738300764934236 0.951753838575962 0.7283426505821529
0.9869286362428165 0.2619217554401049 0.9515077865543561 0.8562552951143745
0.9866819263596996 0.2520558547518462 0.9485063968908771 0.8108424336973479
0.9909904522254757 0.24815979541763142 0.95525406126895 0.8677003989844033
0.990481761871989 0.254518697407645 0.958029075444847 0.8805910719815954
0.9919153479932882 0.2728865610339695 0.9593177365448888 0.8613810958787828
0.9914619381526509 0.2654743661862549 0.9591499055033356 0.84742570113018
0.991724172848797 0.2645164934478084 0.958961899447771 0.8738078347915189
0.9916763729611027 0.29867131343933784 0.9639202611237935 0.8375542032576614
0.9922982528305616 0.31195251543726965 0.9644018970959068 0.7472523845671474
0.98806047227973 0.30367597175808436 0.9632165816836423 0.8007871433256806
0.9882517679792426 0.29093621782916823 0.9640330871432383 0.752010518912638
0.9794863484090899 0.27747812207606365 0.9585774946212131 0.8216612113944972
0.994603753055253 0.25357656703857534 0.9673166817065181 0.7994242127444869
0.9838579066281905 0.22792119565217392 0.9619448637483118 0.8249018886436105
0.9886710322158819 0.2455733138802308 0.967384391673357 0.8315512071002332
0.9868953527768366 0.23092563236611757 0.9657594890280581 0.8278030917172169
0.9831814371184923 0.22636748973962187 0.9627210912338258 0.8254329004329004
0.9907287525563283 0.1442144036580719 0.9590379675418763 0.8411956781438318
0.9914510972846291 0.22168850998854817 0.9672591246965889 0.8430801731244848
0.9902882004457004 0.19046271402292345 0.9689931417048352 0.8782039769082746
0.9883600303593741 0.201445210073785 0.9639731112775591 0.8756830935868846
0.9819623043837682 0.2567238109980264 0.9658140805575315 0.8885683113104619
0.9869879469982804 0.3380614657210402 0.9742381136078696 0.8848184217711841
0.9872676666978898 0.2501078826237054 0.9675281831349646 0.8764305997762671
0.9903229656720889 0.25310080432985044 0.971710705320061 0.9003930448156534
0.9861749736300423 0.27519451993596666 0.970009972628318 0.9228821410190428
0.989013442078931 0.24917855208521394 0.9709516477372067 0.916890870171442
0.9817281686380573 0.24506068580855492 0.9676738384652992 0.923170778205666
0.9871928421943706 0.25412099405907457 0.9739258449564223 0.9432938125231567
0.9870826590656139 0.19241527949740908 0.9728468437540231 0.9214790267724775
0.9925998490845789 0.20084098205000678 0.975803872567282 0.8908803634029526
0.9897338578582762 0.11883716362207818 0.9738620244264387 0.9110100631289456
0.9891299812226163 0.19683848080133556 0.9762416735408522 0.9183080596833315
0.9897439217360884 0.0038097098759402167 0.9732852020591646 0.9369927717741359
0.9876343863944455 0.06310077519379845 0.9723628326079854 0.9149075081610446
0.9899242745074314 0.07873116056368681 0.9755377471043766 0.9275222637726975
0.9918619994234313 0.02123938030984508 0.9751127467013836 0.9290857544282202
0.9896436777063514 0.02076146271090761 0.9734898885599131 0.8945044547819916
0.9886308215173034 0.0007937080597445704 0.9759330583671791 0.9229182582123758
0.9915257374293333 0.0003045994517209869 0.9806519164504605 0.8937294786578042
0.985780536086344 0.005645301372242487 0.9714409681868191 0.8830095392657313
0.9874660145164984 0.0065919578114700065 0.972724294981211 0.8889044574831422
0.9914402665493433 0.020156046814044214 0.9750763557451316 0.9044641484290913
0.9915734053800662 0.0 0.9748169041384761 0.8977941467664647
0.9894383270149205 0.010338428912255898 0.9739560465540418 0.9175266055045872
0.9867396713788117 0.008516886930983847 0.9743655785590926 0.9354362676495448
0.9868931990252153 0.00392681838464971 0.9751146246419324 0.9523557472391034
0.9844922866676309 0.03232533889468196 0.9707930727762334 0.940650261531146
0.9925989097480248 0.000145623998835008 0.9752375231339361 0.9536322081769593
0.9878895038631312 0.0006198987498708544 0.9713523713900232 0.9374772827986596
0.9866476800111238 0.0 0.9610884458119733 0.9071435753286324
0.9891661808451799 0.0013229179790852966 0.9622049552307481 0.931963545981773
0.9837171984141967 0.0 0.954737529949902 0.9345020595892827
0.983312974246064 0.0 0.9460963754492943 0.9194385413266359
0.9937088929846082 0.0016123253314224292 0.9506603666231651 0.9230697244594176
0.9884649283878075 0.0 0.9219126443521951 0.8781493646688953
0.991671534796252 0.0 0.9320352745401267 0.9090831775965876
0.9940911672802949 0.0010918864438098437 0.9391527953053639 0.9269051750254758
0.9867054574592109 0.0 0.768944789564621 0.8540201215149411
