0.9854763796334316 0.0008814245726877493 0.1811228853906762 0.00669115717659407
0.9817200420883974 0.0008046616262582233 0.18977946481288105 0.00842037945001066
0.9859661117060301 0.0008174828004856333 0.1956518770508593 0.005749823984980052
0.9818632551089874 0.002561719413180973 0.1941389567602251 0.04131455399061033
0.9816384445799522 0.0026887614036369837 0.20273021977934363 0.03698453608247423
0.9829296728402978 0.0023322542599789695 0.17999824846342474 0.0562585969738652
0.9868685793940466 0.002280399216418093 0.182641492763147 0.0476460578559274
0.973447505371892 0.0023355323018714427 0.17564510355568394 0.05928381962864721
0.9858333792731705 0.0033427643704057536 0.18759224791267248 0.07978056426332289
0.9801252465907485 0.002740931074106038 0.19944372308742178 0.15435717076983196
0.9877061491414248 0.003069083384500839 0.19043590363387317 0.11257393627170387
0.979721529167133 0.0029995525097558737 0.19744085609603895 0.0644880174291939
0.9878859552214091 0.002660438608657531 0.1944669860098029 0.048712021136063405
0.9776057550418101 0.0036379946177613875 0.19688058353723567 0.1289482253337675
0.9876349841398261 0.002782560782423032 0.2044376654324725 0.07415138863677619
0.9778269835202692 0.003136475131676451 0.1887528181248432 0.04421686746987952
0.985523239615762 0.00462659251510513 0.19608929268174205 0.037742631200575125
0.9867175732192424 0.005306772419430982 0.1961435312059304 0.04223042230422304
0.9858272178144796 0.003760403145758571 0.20680161364610963 0.07882628045560836
0.9808721005280542 0.0040597542219312005 0.20946955308778326 0.07473377281947262
0.9814324605163554 0.0047222193712602506 0.2113756350234087 0.046296741902882715
0.9873782796941408 0.00451321401405619 0.1997199902605308 0.016376165383056345
0.9861114177579097 0.00488818307255734 0.2176927908959189 0.05200407114816071
0.9899228537694891 0.006408762404435549 0.2230911010941518 0.0532582314420479
0.9904049057833906 0.0052204382244663144 0.22019524234601165 0.02948135529055461
0.9921115455544608 0.005889094963219205 0.2208666117507955 0.03511059596252294
0.9835899071342653 0.005393744392472739 0.22467499776700528 0.08739657803839666
0.9874817828869897 0.006426236715042213 0.2338612423404238 0.02886826544021025
0.9873018440634099 0.005579595338439091 0.22878897281334426 0.02047614382286666
0.9904303163036032 0.006245055648803519 0.23478738794616544 0.032729438973963625
0.9882279708392688 0.005624944043846984 0.22891998882527742 0.043769508645179395
0.9882842071402484 0.005969210790196111 0.22936880392326223 0.03696665031878372
0.9883419404461048 0.006528192335066901 0.231171640596314 0.02962227835919644
0.9917296731275143 0.006731055741073722 0.23664813693916686 0.04186475753677499
0.9908151930836868 0.00704115882031699 0.23534907083475304 0.031965780516971756
0.9903335483886794 0.006091210448863223 0.23557517453842697 0.056341022642712874
0.9908397133432476 0.006448410133363671 0.24146204551651138 0.033670407823091456
0.9910906538828043 0.005323898087746955 0.24462843324335654 0.05707717891030031
0.9916457413075753 0.0038514804548493878 0.24184432261712 0.044241874671884694
0.9842232255848539 0.0040258461446946465 0.2595014969906508 0.06993931088488645
0.9854553259336482 0.005028885092182217 0.2539995909956111 0.07299778135467873
0.9805829291687825 0.0034656900951303103 0.26519197098549274 0.07154455043637102
0.9921828059204815 0.005134130602393483 0.260260649074615 0.14645353352316853
0.9918969092749553 0.004786838255811004 0.27184235499266496 0.12580665772155133
0.9890847214120321 0.005141721712944604 0.26780761065611025 0.20987775061124694
0.9882952791773157 0.004942325413890625 0.2800038367639637 0.1130359750431435
0.9854401724386873 0.005515353680075824 0.2777287240752026 0.15037593984962405
0.986728436622782 0.005598837977023636 0.28228189019891237 0.14841595686010173
0.9891221433062912 0.0061538918749097825 0.28437313429412964 0.10983857431998816
0.9948932614263276 0.006863657021019949 0.2849758562579461 0.09475125959986304
0.9834938136766633 0.006653341377170816 0.2843658123787406 0.16367506207875132
0.9884947666773513 0.006345579610265641 0.29343856329207557 0.1731233329099454
0.9878587513177347 0.008363497555421904 0.30058108739921063 0.14750995365837738
0.9877465854104066 0.008277292672003018 0.29955645918146845 0.08187676198147402
0.9911305481187521 0.007419406424476563 0.309418849748827 0.0888183684898264
0.9842844759084014 0.008597574788152243 0.30842736912418106 0.15877278180883278
0.987314778593033 0.008368651383051316 0.31483061612873847 0.14548660861897939
0.9915395233121623 0.009140537846241486 0.3231896710531585 0.14676443202979517
0.9902249398812522 0.008846737212363006 0.3150341925980334 0.11994834760151131
0.9873290101381971 0.008697356142336014 0.31925322493137154 0.13244402096236302
0.9873812770222238 0.00900124426433486 0.33486018236343595 0.15339436863016065
0.9813087687086185 0.007654285866685632 0.3506786122698533 0.14372404982433729
0.9947889477216795 0.008651137499339176 0.35192725232169103 0.12563294162606287
0.9862358629543597 0.008309959178251562 0.3567559541049894 0.1468036408154575
0.9899921032885236 0.008943386892308327 0.3591315792907283 0.12874788084281907
0.987245505245325 0.007822462609424907 0.3768103066752626 0.1336250273463137
0.9892638394272183 0.007902465609640403 0.3525215454027672 0.16124920331421289
0.9920468722152914 0.006911658591897743 0.36821697251501934 0.11381482087354818
0.9844352336247038 0.007330484980920387 0.37676844629864764 0.11908424908424908
0.9896137494625045 0.008227256794914059 0.37494310221977745 0.12176817006607296
0.988951160928743 0.008220568868087875 0.3824093887361704 0.11173203869931193
0.9877320954907162 0.008057979866796659 0.38066615224291406 0.11761389662097882
0.9852067392319575 0.008436336375811324 0.37883330552841266 0.1371356036067583
0.9850640139383351 0.009902144448890149 0.3913770154221539 0.171544419608047
0.9847634765458435 0.008852650438816147 0.3952342938048832 0.1354825870646766
0.9871182468348314 0.010589064211813866 0.40424007294271314 0.10188925486296688
0.9923090733174366 0.011682101400970708 0.4165986808225796 0.1478396668401874
0.9863685283277518 0.01293398942733962 0.4107153499274916 0.09656804006513657
0.9852554828586441 0.0133963817883915 0.4210830290446529 0.10857263259286015
0.9918428382865068 0.014663220183290252 0.4217706236778665 0.10194746134503237
0.9918003899264646 0.014783786569295779 0.42899128842566014 0.08051174129560561
0.9926330762012123 0.014808477624148239 0.42741967400338093 0.07116543871399866
0.9930660615229451 0.015400225165747008 0.44080423478921055 0.07210047287334113
0.992238613367745 0.0175258324033099 0.43085002870403705 0.05840271095678367
0.9909901473392432 0.01613549078446726 0.4380748444657695 0.04987775061124694
0.9931118438214579 0.015943675735411063 0.45250225940840316 0.054709167584818204
0.9853766684898008 0.017409750256245252 0.4600056363640768 0.060628006121556624
0.9942332918086344 0.01653815067332386 0.4473655860413766 0.0501497263621657
0.9909895164224659 0.020451674036639292 0.5438307027228133 0.05346730166105239
0.9910599832552067 0.016835457942034417 0.4704808218659026 0.06446470238699112
0.9929236560873153 0.01785009331867912 0.545127697204376 0.10302909082827744
0.986785984891154 0.014834844262270806 0.4417086724036422 0.11814345991561181
0.9885959525271713 0.015851050646466122 0.46737083153971587 0.10686989176054783
0.9905705819847795 0.01645017198125942 0.48921696839912215 0.1132801759692054
0.9922131723663137 0.014762319449866371 0.45679087903185545 0.10107559200498079
0.9928623659359577 0.014702320508480951 0.45803220254664473 0.10154901841362649
0.9876810624661742 0.01642043185797217 0.4632194292139799 0.10039542630071878
0.9929423443638388 0.017044371329294917 0.4729613513959332 0.13718449677896294
0.992876997495659 0.016268621495971535 0.4699462550833034 0.15124780123131046
0.992640438725437 0.015585919554897657 0.4901626739916222 0.1696882464629142
0.9970618267187351 0.017468082127068296 0.4699754247677556 0.15599666851749028
0.991211854652194 0.01717653198246072 0.4815975276511636 0.13087818696883852
0.9885773993569376 0.01751974769248575 0.4773808177573868 0.11978170247900598
0.9903593349537059 0.016682562652108136 0.49689714872247953 0.12885482831630304
0.9865413137103904 0.017328315858260373 0.5225907394298217 0.15342752205034718
0.9839199619997625 0.01917219539009912 0.5196492150849739 0.15016650747347499
0.9955012374302818 0.02092173596726829 0.5433202316388188 0.14722592220077746
0.9913498316782702 0.02092480010141742 0.566115911435027 0.15659347697983653
0.9851948343844292 0.020674521515852348 0.5560894888440971 0.23249934941819397
0.9818626581620484 0.021154907060267278 0.5676791406895279 0.16977083276018598
0.9836820099241742 0.0227501424311706 0.5677437603967269 0.1907871409998818
0.9888358232051645 0.02638697415054903 0.5940223993479266 0.21213859181539085
0.9871809871017332 0.026187743995058032 0.5993849383183896 0.21142731498932027
0.9841612026952792 0.02291453551563199 0.6078721524407761 0.27251524203117966
0.9902848925692969 0.02468255189595438 0.621331990960602 0.2380691918501299
0.9866039291233945 0.025491032394276088 0.632838178400489 0.2701193685021178
0.9783546687035537 0.02332590718744298 0.6491783800663389 0.36463331048663467
0.9790285295408229 0.028619265230254785 0.65686780258206 0.2801642451042325
0.9870075596354813 0.023159486754159145 0.6749192426133935 0.2914716917499262
0.9866772852789077 0.02430741255749278 0.6763847226617686 0.30465191932335717
0.9942817884496828 0.025332369404472702 0.7061900934239262 0.3015859972060153
0.9841686673698788 0.02999540756447836 0.7199034926993593 0.3149349272966213
0.9906316833122236 0.03588833539018656 0.7353472488774347 0.26371511068334935
0.9888635589107019 0.041373438518538225 0.7591548607942276 0.2796733741615631
0.9824535801378674 0.03990422984836393 0.7655990283549254 0.3239996686272885
0.9919185683880218 0.04877510657242591 0.8004409804988113 0.30653286583645667
0.9897125775864379 0.04403652355011661 0.8125768437705189 0.3126892486575962
0.983589963110781 0.060977018711540876 0.8368274693781255 0.31261200270797657
0.9918127345441462 0.0763331162723392 0.8661006005538787 0.3403510168344808
0.9946179765274011 0.12322255543994941 0.9182944414539368 0.3611704970603955
0.9949984068637924 0.10918684106832227 0.915164812533911 0.43349543098380805
0.9909764157141772 0.11102152626670811 0.9156081887333576 0.5088622754491018
0.9923252439736825 0.11805710574913246 0.9158110998175575 0.40136150234741785
0.99788900082975 0.12015065522572345 0.9248016892542874 0.5594669972110319
0.9900335530257639 0.11702879621377424 0.9216655678312189 0.6651132309036627
0.9926877038694084 0.12376672300008497 0.9184411915829604 0.739077865548928
0.9899941902529112 0.14293185730785155 0.9287239943637187 0.7040043712434626
0.991238776148865 0.1365693306010929 0.9272822022830415 0.6934189406099518
0.9921774210062867 0.16138837140896167 0.9294699860526859 0.6431506849315068
0.9914393110018342 0.15299411561093804 0.924916743566985 0.617237485886338
0.9941933158023557 0.15783105534393904 0.9296957751444207 0.5663047054952287
0.9868936272593305 0.15635602866093593 0.9222592418845557 0.5177873435258028
0.9920206873758339 0.1621434665313934 0.928648438142162 0.503314121037464
0.9942829618431381 0.1879816579838187 0.9349066926921599 0.5353560433012216
0.9903151712050821 0.19818959682877307 0.9334759676386427 0.5338746759281906
0.9891080690417482 0.18571227609490762 0.9305255407447073 0.4953411208581428
0.994883943925188 0.19851576994434136 0.9239569560161216 0.31303892669219535
0.9919381756254675 0.20406059981449037 0.9237580821328061 0.2688739487698499
0.9979702929136323 0.20226769978362566 0.9188842856766469 0.2566573230553609
0.993014516821204 0.2097113820625654 0.924566912775274 0.30891628812459443
0.9942511746019438 0.21889361283821976 0.9421318770551127 0.7382094081942336
0.9895141495594977 0.23037770584908612 0.9358162105952358 0.6064424347119195
0.9932897124557608 0.20376006036217303 0.9370513412873074 0.5380548273870351
0.9928801226088111 0.22030556924593395 0.9337096539574276 0.4594775619557937
0.9906857919989348 0.21423501322836677 0.9281831929843055 0.37680115273775217
0.9945784096905591 0.2156139724832481 0.9276519599346729 0.3396280475098979
0.9929983743703775 0.22051505431697885 0.930647794338956 0.39985479889647163
0.987212225355869 0.22628636406708993 0.9306137048778311 0.4203784481169749
0.9903701010110458 0.24586676979599728 0.938964829710273 0.5167601836333163
0.9937610991134748 0.23090046089289398 0.9360091273343758 0.4493075475771876
0.9888285617958588 0.26147771972054246 0.9345250984251968 0.4198023671281822
0.9905368622902472 0.26418961611367103 0.942710100574192 0.49954149472718934
0.9946235494820931 0.25569975447211507 0.938429273458312 0.45827241533641655
0.9979949377719198 0.28174699159460603 0.9449954458470186 0.4729177765938554
0.9935338598944943 0.2886015056383344 0.9475788534744605 0.571798641741931
0.9899968446500578 0.26298114571411363 0.9434099489734706 0.5577273033632136
0.993211199030403 0.2709932243665907 0.9478919986391962 0.5661543546521236
0.9909689848346235 0.27129986289743424 0.9466331663306653 0.580526941362916
0.9928076678316327 0.26924638293035413 0.94589485656346 0.5405134741442098
0.9889107082298378 0.2633956644050968 0.9464772851422905 0.6304001085960566
0.9884702932165395 0.25480553597744604 0.9393335255797101 0.5329062317996506
0.9921038774698376 0.25092225596678164 0.9506966827449225 0.6723893253954518
0.9920945261590661 0.26180976399292355 0.9529365018414699 0.6590354785210237
0.9934549224556828 0.27435969078886097 0.9567358174052367 0.7381628451764037
0.9929577706982273 0.26858214812120745 0.9512497053567398 0.5953028287152196
0.9926740896115208 0.2668053426757171 0.9507465567800159 0.6274460890293253
0.9931565420856548 0.30092621631227917 0.9596753140259923 0.6710650870600384
0.993957408867063 0.3060741088180113 0.9571142415358046 0.5602042056642762
0.9897057277741979 0.29788540413095266 0.9591300339437623 0.6612748749600936
0.9895269198087614 0.2853597380002047 0.9560938377375112 0.5809435277713223
0.980978402525787 0.2681465632522065 0.9533938184692994 0.6842535463797922
0.9952409374335879 0.26530124956888546 0.9612150864525936 0.6515691868758916
0.9857327564994475 0.2298525428829371 0.9568215892053973 0.6799821689492063
0.990083673528475 0.24469465896553963 0.9654774848527486 0.7649411180672385
0.9883095243384951 0.23604724253151158 0.9626166946520203 0.7421834320993776
0.9847787984978194 0.22777101096224117 0.960772078955364 0.7512253407788534
0.9921763766204129 0.1372002936931919 0.9577573536649984 0.7934479611219379
0.9928275259895533 0.2126611432775663 0.9661565011018233 0.7956490384615384
0.9918804619882136 0.18543642278673772 0.9667704587241331 0.8093518431666823
0.98946358037237 0.19284427755899503 0.9618415591609855 0.8141191855876981
0.9837790587947036 0.2515561927038141 0.9649958558935391 0.8459160541320327
0.9885619013095392 0.31742567534798 0.9704699236612259 0.7975695294021695
0.9888580163634296 0.24502068198408009 0.9635828016844084 0.7898722014029019
0.9909521869393654 0.24234848755401592 0.9673722783457723 0.8268467037331215
0.9864074004153295 0.27838308999782085 0.9661218467898064 0.8480492813141683
0.9901105387483935 0.24182483022810378 0.9702421729768315 0.9013344039152711
0.9830378054413652 0.2855085644990147 0.9672933726242974 0.8900318616294948
0.9883921076207877 0.23795603811548535 0.9718748044601849 0.9204257839846345
0.9879114451106698 0.20825465335851093 0.9695977494996042 0.8540402581142251
0.9936095623091744 0.19571852110219742 0.9743844047272304 0.8660756839195501
0.9901223982180724 0.14959795849583513 0.9701480670953359 0.8452276360703432
0.9902959210222726 0.15145612155449498 0.9685138857507817 0.8174093680895262
0.9899289777676025 0.04875335990360553 0.9704842956851507 0.8939301458121397
0.9883994464367494 0.07137441237426073 0.9708144149557346 0.8879459828700541
0.9908501047808549 0.07560316139767055 0.9745403271838804 0.9156890012642225
0.9930977027478382 0.0539383964260522 0.9723469882550945 0.889378148445072
0.9907958907447355 0.0007354189059229507 0.9691328325407206 0.8548641768440047
0.9885462397738839 0.0013686788647168996 0.9734425241238757 0.8941201331290612
0.9919943856067373 0.00012367054167697255 0.9765437969703251 0.8606903974782809
0.9868954156780742 0.009210632625030298 0.9685645532299062 0.8546632006202399
0.9888151610801511 0.018289585097375105 0.9690980292640163 0.8561763863379783
0.9928547656746372 0.025430560644924882 0.9706950998622618 0.8668212093509208
0.9924194225053827 0.0009278785322648671 0.9709655361507622 0.8701664256929277
0.9902973348757117 0.013248847926267281 0.9720194030355271 0.9033740450305519
0.9880419581293564 0.013230526592482257 0.9740661897740882 0.9344333358562749
0.9877348711530022 0.007344482789133705 0.9738712840685344 0.9398324447829398
0.9858215012924118 0.03620484992369001 0.9690557334729188 0.925083608122434
0.9933582929335791 0.001456411679034607 0.9743749563470697 0.9489394481278715
0.9894899101394166 0.0014088759182851968 0.9727534774292615 0.9403527642495045
0.9882867148058357 0.0 0.9635795950563418 0.9133663800666784
0.9888692280507897 0.005047085615805995 0.9631861759271995 0.9366251186543252
0.9845676790196405 0.0 0.9566935000859011 0.9393806256829678
0.9849932985907859 0.0 0.9480987935271589 0.9274459936468996
0.994496136450464 0.0 0.9506019853659088 0.9211919545688969
0.9899248186565283 0.0 0.9303743718294721 0.8927163824016466
0.9931822726895818 0.0001869333582577811 0.9356341112345017 0.9142643359968936
0.9950895207844119 0.0 0.9388370830396434 0.9260398406038322
0.9871220500401672 0.0 0.775206611570248 0.8605549324232951
