0.9872608205092415 0.0009283087505262071 0.18162209080132918 0.0
0.9827426947227306 0.000511063523191762 0.19044761194304913 0.0
0.9869767474307533 0.00041481181707810603 0.1953670084152849 0.0
0.9825990901362928 0.0016949648151117053 0.19554669963629379 0.0062731040663156715
0.9825150593756267 0.002167710059129523 0.20283779657381948 0.0004792140888942135
0.9833743719213706 0.0015084530479219386 0.18052980195748586 0.0007675438596491228
0.9874422073792869 0.0010636124305792485 0.1821788223340964 0.0
0.9736844610061726 0.0009509043324057879 0.17545780364047023 0.0014691478942213516
0.9858388893515502 0.0016297962367579056 0.1870935072045238 0.023930384336475707
0.9807756594924636 0.0014299393427375448 0.19919513531449914 0.0
0.9882946767124637 0.0015834837610643024 0.19050586850825307 0.001782001782001782
0.9800011558603967 0.001869495158085762 0.1975637365312028 0.0
0.9875189630720423 0.0013893824384389982 0.19487801392692036 0.00027866796711717987
0.9784189116737086 0.0027390508861088758 0.19723605700478328 0.04930295817749065
0.9874982581662715 0.0016617808143612536 0.20532370687048468 0.032674278288313374
0.9779265598276292 0.0016121270921123638 0.1887049159485365 0.0
0.9860949935193148 0.0033262221451076735 0.1967409618179085 0.0
0.987008490703263 0.004098855925907583 0.19708042488138583 0.009284332688588007
0.9866732814115706 0.002223482631493203 0.20713436857857145 0.027693407182419152
0.9805235401239465 0.0030461120089887274 0.2112594010797058 0.00962401515907051
0.9815112341788889 0.002576633520902387 0.212415232133542 0.02239564093091984
0.9870765373072884 0.002456257114623303 0.20029504524134636 0.004290762241292277
0.9860893715175495 0.0028806901975181425 0.21817129863444962 0.015161086544535692
0.989593908333615 0.0037852117280883007 0.2226074082463968 0.027251988408656513
0.9909398511944822 0.0026493875971424687 0.220133371341973 0.013733410271206002
0.9921382388680178 0.00240989015578666 0.22118352918759096 0.01054569802477402
0.9831958310223701 0.0029147324752237195 0.2258874049592674 0.0204136995591726
0.9878682438105189 0.003401900912751621 0.23618683870125312 0.013085424906664695
0.9877306510984503 0.003402640574528805 0.22773928952879413 0.008881735813066284
0.9913059425562754 0.0043300888239474564 0.23681710194536895 0.004484304932735426
0.9878245567832218 0.004173504743416105 0.2284311806784278 0.015313519391083726
0.9887793201794438 0.003759460382654216 0.23056223007770596 0.017456863836462076
0.9884227208681616 0.004318027586319671 0.23091596860151356 0.006551240056153486
0.992299089468302 0.004500288018433179 0.23782732836951034 0.01803311390384999
0.9905845998147871 0.004941749182687092 0.23574182171667435 0.014404736472670675
0.9903628729650321 0.0038689179840631326 0.23528773183784468 0.041301383206701736
0.9908680995295168 0.004585712777693834 0.24206777157469248 0.02051378564035005
0.9908504960522787 0.00370766939239622 0.24520568391907058 0.016570543169492986
0.9919124951278251 0.002662398541378542 0.24237174215587046 0.04377707430856381
0.9843224374760976 0.0027526008303519695 0.26187680035453137 0.02279351319034452
0.9857414227183149 0.0031411157007411646 0.25459521740327257 0.04148927624708812
0.9814323347183455 0.0018355827065859552 0.26744505741976465 0.037392469632127265
0.9923494209916899 0.0034829433282553513 0.26240889902828224 0.10195124844315284
0.9916381089864731 0.002912160067216718 0.27276114806602614 0.081104033970276
0.9885842015436738 0.003629931328737096 0.2685329962227832 0.10791081488534476
0.9883774737394148 0.0035886448280577957 0.2803920390274182 0.05091017606684572
0.98503252621564 0.004015869586979773 0.2774489958377874 0.0994236311239193
0.9867655495081109 0.003800041458843637 0.28275581007948136 0.10449989336745574
0.9895177602844738 0.0046252830397084 0.28521692964646517 0.05972703734585509
0.9948137822897499 0.004747122979922231 0.28375785947037496 0.0439297124600639
0.9835403766195786 0.004475729427867271 0.28480348258136723 0.12679622280005473
0.9886550777676121 0.00453513995286604 0.29431085460215783 0.12194125159642401
0.9873599658640476 0.005430821467299522 0.29956383146794874 0.10212740528265807
0.9872463960004463 0.006164496678451899 0.29914812761382414 0.07108739837398374
0.9916422585112423 0.004703151722452968 0.3100308784821363 0.0782552918537524
0.9845827865595993 0.006735805827443551 0.3102813909307619 0.14576831283275196
0.9874016029769572 0.006029574800713471 0.3139328189997984 0.12117556749643602
0.9921528602342113 0.006450202252104515 0.3228937731865167 0.1081716974635602
0.9900141523320608 0.006649547459712156 0.3152325786235361 0.08502259811160334
0.9877209232610399 0.006458904248989262 0.3205175717915084 0.07742268041237113
0.9873200862420605 0.006695084977972321 0.33568504867352866 0.09617050771096863
0.9816644352870945 0.005225209186398433 0.35265446989554766 0.10187754347021828
0.9946164591189913 0.005426161082457977 0.353898775972342 0.07394126295406461
0.9866561066957297 0.00555116307037273 0.35709111113660685 0.08293887631199835
0.9900320048839822 0.006824186919792592 0.3590281012265176 0.08131583810755867
0.9868463933323626 0.005657124337190645 0.3765702831804997 0.07058424122712262
0.9895251282696822 0.005726072565598625 0.3533990688642946 0.09407376709490262
0.9920281120730895 0.005222329391011919 0.3699355940675876 0.06999224104487263
0.984639266758369 0.0057452649561040335 0.3772239463838234 0.08735817471634943
0.9893067449125006 0.0062728596100365755 0.3779009249174267 0.0984283048657959
0.9883262902269728 0.005813273860888593 0.3859393772846954 0.08985031033223805
0.9873849407580091 0.005758924373961826 0.3799273755889808 0.08394926249878966
0.9850916428652691 0.006257677182534255 0.37858308494428344 0.0811705461844561
0.9846166575134839 0.0080829493943426 0.3907782387495401 0.12271321254971278
0.9843973744149616 0.006833786282283506 0.39745940865080803 0.10444751087994905
0.9879175954624799 0.008413149521646532 0.4102199905149794 0.08968071264137724
0.9920834533449188 0.009530641100803532 0.4181093704869794 0.09694487113841953
0.9861112113361765 0.010394869222262564 0.4167132779097766 0.07617299184398231
0.9846861928700257 0.011044691550393088 0.426479491958899 0.1297811993517018
0.9917383484096739 0.011331424552513585 0.42102496461357053 0.0757589147629358
0.9916841421920302 0.011492439145964152 0.4321650793548486 0.06844446249771513
0.9920711460304382 0.011901159858799798 0.4294889697869833 0.062931798792218
0.9924119598823619 0.012191540273664295 0.4427960010851652 0.060380348652931855
0.9918491362876499 0.014133183391218445 0.437284146144762 0.05906746689990047
0.9905909840603919 0.012899644724178394 0.44321765410404884 0.046108369797970394
0.9931274830155857 0.012321750647023202 0.45309727082327445 0.05010368929056044
0.9847206655165589 0.013982065758884091 0.46645723477481377 0.06559028055311326
0.9935166950112376 0.012798846374693324 0.45594849392148257 0.05742843786949707
0.990154703392924 0.015245738431872697 0.5549757335231225 0.06583100782286472
0.9908463896457765 0.013030257233818883 0.47497175272816045 0.07061040065358387
0.9922214227375803 0.013324374938519304 0.5489934544847533 0.1334660153187383
0.986140936055977 0.011281493490135176 0.44610090729637253 0.14466422769268927
0.9884387835134244 0.012539793091823851 0.4781464680644585 0.1514819245082403
0.9904808463488596 0.013024062710829827 0.49657647766062385 0.16461161192277138
0.992222231564887 0.013092396760792848 0.4625052562349197 0.1187626057573932
0.992922530927034 0.010205465825028487 0.4629727366791527 0.11492406542056074
0.9872699833898656 0.012600540725814508 0.4708969427590949 0.12496721741410963
0.992522597045025 0.013023539354642061 0.47966813733207286 0.1656631571865855
0.9923866477228146 0.01209766516903587 0.4772008615188258 0.1866481020079144
0.9924250011160997 0.01132005522601759 0.49777423178118047 0.20206249515391175
0.9971865174161669 0.013719754073485258 0.4795737279310417 0.203393690923585
0.9907035872726039 0.0126903310701234 0.4886158323331656 0.1506484680296766
0.9888351939365967 0.013876415886902865 0.48608786214273786 0.14546451902458485
0.9896701249326159 0.011540057568552026 0.5040851973153143 0.1446559297218155
0.9867603755169778 0.011653748923521405 0.5267068214897536 0.14531473999739344
0.9834150940931562 0.012898702512745497 0.5249091619111594 0.16263122248560785
0.9951233591697083 0.01629490291476689 0.5475364101309268 0.16558901410185356
0.9913422264053044 0.015280018523497953 0.5688780562601023 0.19903449663079553
0.984810567108413 0.015965550902737866 0.5595690461649117 0.30134328358208956
0.9818906787020389 0.01694819639824971 0.5736008064421084 0.2542611285785206
0.9835829646607324 0.015825048081020688 0.5710201765762171 0.2707287227309169
0.9884988762194049 0.021061999980652214 0.5957729347914338 0.27037538784250315
0.9874808280520042 0.018841447661993003 0.6007303112557689 0.2521115353465232
0.9841486032224411 0.01787938873199944 0.6086298830865641 0.34775302217162685
0.9900509467811476 0.01664721817045218 0.6235911357613247 0.30795032182032456
0.9859854580016028 0.019439307419951396 0.6339105145585311 0.35317666632005823
0.9782460415996076 0.017850524736275953 0.6508638959405323 0.4479692062649323
0.9785321633761087 0.022557938308271557 0.6579273428259554 0.3070592945153685
0.9864842101473222 0.01860013025232716 0.6785521742403446 0.35624673288029274
0.9861931116510098 0.016460845136368956 0.6758152534801454 0.31812850254137887
0.9949778098389449 0.018414228182910934 0.7057230996459618 0.2975524909926699
0.9835953122067702 0.02238929044659156 0.7205638317433821 0.34449238939731613
0.9898310099691401 0.0305970059375414 0.737999838939309 0.3209813442371582
0.987894200111015 0.034862501626360724 0.7609539495716452 0.32890206163099855
0.9817533618797084 0.03286222982858089 0.7654917772465105 0.3634940958884621
0.9910480621710217 0.04014395253200811 0.7980425569033498 0.29506260335459483
0.9895411485330542 0.03550091515005008 0.811207662835249 0.3125555825046487
0.9829580649547512 0.0511414096560633 0.8316862728137704 0.2501512883396503
0.9913492458897595 0.06441178071092998 0.8647747163821108 0.3375595574578051
0.9936930372269158 0.10432016418676245 0.9109915548472417 0.27147614516786733
0.9941920943134536 0.09469744591549568 0.9106407335318216 0.35733053074093535
0.990121438551948 0.0959885527231386 0.9164231234448026 0.6232647910325885
0.9918619768285413 0.101004932561043 0.9205251770652952 0.6337572428324177
0.9976222499759824 0.10116361661235063 0.9253767459152474 0.629519384347321
0.9896955149905751 0.1010547289541507 0.9246622638361464 0.7209584716263255
0.9922228676495297 0.10852028735401532 0.9212849086960276 0.7443887198881854
0.9901244708028095 0.12246253616906293 0.9293532377877106 0.7383539094650206
0.9910582531516979 0.11647496987621864 0.9274973425527283 0.7311173276287642
0.9923833776220912 0.13738286848197553 0.9291187525168911 0.6902056879780204
0.9910786650272349 0.13070765968725154 0.9260857967940405 0.754808066651094
0.9935259552531388 0.1426436266225181 0.9334523687678313 0.7534709193245779
0.9865568500632816 0.14200156722265755 0.9267977984156376 0.6930679571944652
0.9921553521309315 0.1496972632598692 0.9362386439122767 0.7462642836214474
0.9945214293084715 0.16131368937998772 0.9384191176470589 0.6995384824216099
0.9893983615539715 0.17116031842624904 0.9370533341090751 0.754155173633213
0.9888299099930764 0.16576643030504926 0.9352060455066514 0.7633708026061431
0.9940045571236551 0.1785675430643699 0.9343964896611239 0.5273194160445099
0.9911241918763088 0.1820005732301519 0.9375365804005394 0.5064623338257016
0.9971647143257119 0.18911566315946385 0.9379860218541004 0.5266543267006015
0.9927129847220686 0.1844011426239543 0.941334685333193 0.7567128275144659
0.9935472615236992 0.18900317747384549 0.9419711351553713 0.8188301446890215
0.9887965767921674 0.20568088749906932 0.9386770035763147 0.7773582405935348
0.9923471320688 0.18492643716968146 0.9425314667351656 0.8022372881355933
0.9928014863608684 0.2076727215455691 0.9422624297110822 0.7011155424541934
0.9899939133701384 0.19668179047877024 0.940036176074144 0.644646810223385
0.9938811810743508 0.19407634161732523 0.9437656781484157 0.7570393251752405
0.9920025143699303 0.20873592056798163 0.9430791656736542 0.7749581867466405
0.9863042382229668 0.21477087917344304 0.9423313484770516 0.8333540759178594
0.9894300283074131 0.23105430237599117 0.9455753376492775 0.8143459915611815
0.99324941707488 0.21362388708531302 0.9461043092090412 0.7887000710343697
0.9884237030097202 0.24970460222258783 0.947440794874796 0.7776484284051223
0.9898053861504318 0.25270235490927806 0.9525891003325163 0.8304773561811506
0.9940627423400178 0.23565878061790868 0.9492090550245551 0.8086008804896382
0.9972450408986625 0.26473997372691443 0.9560350052881701 0.8250065806791261
0.9926531095452704 0.2715136350679378 0.9531799964430032 0.787949533081661
0.9892902716874319 0.24727645510741172 0.9501578724865908 0.8141881715031629
0.9923091274214313 0.25601693535254844 0.9544303084890791 0.8333085649180165
0.9897004025818702 0.252580056412809 0.9526824870041698 0.839441959945557
0.9919238740547837 0.25 0.953668085361268 0.8045043381945727
0.9880537198793801 0.2454097402054966 0.9517665271200406 0.8677013343427652
0.9876931543818888 0.23247676859732777 0.9494821681771822 0.8528881679733261
0.9918888241037513 0.22746248842774547 0.9551736758051637 0.8691217618918675
0.9912814171797719 0.23645497630331755 0.9581312964684789 0.8900088417329797
0.9926780594104828 0.2578455353926086 0.9595300947944478 0.8723810331665112
0.9920287528947791 0.2543264571507684 0.9603700684721785 0.8775922898201531
0.992309427050014 0.25101382575400344 0.9592168677713663 0.8905094984500437
0.992678937876282 0.27909124898282345 0.9652465553993568 0.8865884518058431
0.9935253848575585 0.2852756286266925 0.9677164269461203 0.8467489956851659
0.9888990955664935 0.28344868095104325 0.9652284875203201 0.8551625405915011
0.9887932240638554 0.28343038930227543 0.9673187040913496 0.8659315350525177
0.9799754324812514 0.2655996871683146 0.9611865909111794 0.9011089275687816
0.9944782924763909 0.2533834374028763 0.9713696255083692 0.8989603746636995
0.9841464601329443 0.22373727674284616 0.9638397814802482 0.8580829756795422
0.9889779458686508 0.23179271708683474 0.9693945385815566 0.8674097331240188
0.9877607016101709 0.22717360720315138 0.9685561216172504 0.8795209226674553
0.9840329959779542 0.21642630663802803 0.9650804783171959 0.8714558458951928
0.991541471614724 0.13484554009819968 0.959882115389056 0.850756625477061
0.992300046649595 0.20843656278523928 0.9687162269138369 0.8558220694325077
0.9913404872608012 0.17389437526835552 0.9700181087696709 0.8880316876796024
0.9888969652515112 0.17608688867388658 0.9649249635308198 0.8935776605584861
0.9825661027911232 0.24119564353287223 0.9663442165613743 0.8840293181598997
0.987668897196096 0.3133167557272102 0.975825553432699 0.9068709767702211
0.9876172520021897 0.23719796054090003 0.9685101871984152 0.8867218110579016
0.9898699755078519 0.2318397958789191 0.9716762857509298 0.9079726847762866
0.9862958690810144 0.2147628212385373 0.9692217558038284 0.9287395235539408
0.9897161529345437 0.2132937997297703 0.9713316239474993 0.9177213947920959
0.9823721817776622 0.14647084438462452 0.9664288610188382 0.9305595685254743
0.9874338655442425 0.20548986486486487 0.9732456198765375 0.9395929694727104
0.9868735012454628 0.09316828876500047 0.9717095286459041 0.927310451540301
0.9930427436213115 0.14448441247002397 0.9758420609679975 0.8984670184257394
0.98970910053604 0.023032918506623846 0.9724654868457294 0.908772697440385
0.9898444825165557 0.06325068870523416 0.9756604060694782 0.9228592839555263
0.989310528463782 0.006587936755807144 0.9731876492551496 0.9395285324133966
0.9881501580729865 0.03703507189473126 0.972640826865048 0.9142106481166364
0.9900321677105738 0.062372996161661774 0.9755141527260511 0.922565235257859
0.9927805031678162 0.06472556559956051 0.976796042593411 0.9353050142103126
0.9904594004691847 0.03676667559603536 0.9772489760991776 0.9239934985207966
0.9881884740330167 0.0 0.9767782109210233 0.92992765228917
0.9911026990350204 0.011577206435122538 0.9816997254106049 0.9080392698831936
0.9865530276611475 0.007801833430856251 0.9750689989663412 0.9048860882210373
0.9880609741749142 0.015157764487523201 0.9759280962053153 0.9076750146126523
0.992164060569694 0.020779682088624456 0.9778511543104608 0.9177803121980098
0.9920287509148419 0.0012842042872666206 0.9761180886784618 0.9024325774748292
0.9902295963224397 0.012301804264625479 0.9748588136035532 0.9178224534614647
0.9876583326563643 0.009299564701226752 0.9748042925577869 0.9329168722335333
0.9870697416199021 0.007106872975890608 0.9747515737815982 0.9476230749562379
0.9856470784803435 0.0369059208779538 0.9719756338606516 0.9410581915308665
0.99305073054336 0.0002221563981042654 0.9769441105185765 0.9602797831399759
0.9889267281364205 0.0 0.973880172627646 0.9454020509749996
0.9875901625097766 0.0 0.9641622389567303 0.9168902596650116
0.9889918101457592 0.005956443506856115 0.9660610441543758 0.9483799736719182
0.9842489082264532 0.0 0.9589427301101788 0.9487418167331287
0.9840246931609895 0.0 0.9493434309020646 0.9284266086357094
0.9943115075183012 0.0036959761549925484 0.9553792406596059 0.933394441176734
0.9894456325214558 0.00046739892498247256 0.9194433914309592 0.8710087609027791
0.9924519835187414 0.0 0.9315379597397574 0.9068220357406844
0.994782640421767 0.0 0.939958624096832 0.9267171203256169
0.9866963364563465 0.0 0.7551418686464951 0.8390714377733419
