0.9858730282434748 0.0003137385723703545 0.18082047716940458 0.0
0.9816673829365821 0.0001322752648261031 0.18961797821011797 0.0
0.9857811915010383 0.00031060299473897207 0.19521975345106704 0.0
0.9814684853318449 0.00137003563705649 0.19471648660742824 0.00044483985765124553
0.9813157212732 0.0007486672301140981 0.2028068752137568 0.0005457770500750444
0.98249909119037 0.0007985765446941925 0.18040932814979196 0.0007023458350891979
0.9863966804026841 0.0007478539524325783 0.18255173304520125 0.0
0.9728514539784673 0.000886663740319452 0.17530836731784277 0.001211794802746735
0.9850685379589667 0.0011255452313368051 0.18720014378379132 0.0
0.9794708791803102 0.0009124561535905787 0.19910947991131764 0.0
0.986952710654999 0.001450852024708039 0.19059026209814608 0.004065729290191428
0.9787722247293806 0.0014873603705003926 0.19764501897624598 0.0
0.9870047057893072 0.0010582811959936776 0.1948762757639931 0.0
0.9771373761843569 0.002289531335576246 0.19717415890259196 0.010119262739428984
0.9867783658992586 0.0007477022194639004 0.2049281698986534 0.01583510261854211
0.9773373553228061 0.0014484650361775329 0.1885324225733928 0.0
0.9847285985972648 0.0030107950904520136 0.19609266178822282 0.0
0.9862307071819352 0.0037449436822275133 0.19693733122485413 0.0
0.9853896530864522 0.0026151400623169478 0.2068360551767877 0.022473539219950704
0.980157005503127 0.002824786946189741 0.21033080908728577 0.004501937542739913
0.9808102370479386 0.002977633839400939 0.21194750822636457 0.0132501546710662
0.986117511116517 0.002798884908027222 0.2001944788362929 0.0
0.985324723465917 0.0033249089794437424 0.21857034639821687 0.008147779574573952
0.9892862013219746 0.004409755852653907 0.22296231134612518 0.010212324024924994
0.9907959511933582 0.0034483299275108576 0.221023743387212 0.004424778761061947
0.9916461534354875 0.0032051549488510255 0.2210754595685467 0.004502504914706069
0.9828422536513218 0.0033253430972262467 0.2248178098041895 0.0
0.9871535349059574 0.004362663890810689 0.23449404176534747 0.0024827586206896553
0.9868382797736002 0.003952957403566335 0.2283676442560834 0.0
0.9899878367953505 0.004874067384086358 0.23605430016508763 0.0038670068569606124
0.9874666315524857 0.004225179389781043 0.22840057158181665 0.006903748896202938
0.9880351928859473 0.004263160167729543 0.23044053125806516 0.01099398830601993
0.9877551767923423 0.004585383999084354 0.2308139143785341 0.0038382896294436274
0.9911572217250231 0.004953651428301115 0.23732589031989307 0.01704448610874382
0.9901065037573661 0.005183462860207174 0.23510243564614353 0.006185344245469033
0.98951224777146 0.004350040426170745 0.23576073548640014 0.03840410639290714
0.9899745324732383 0.004723415265200518 0.24113568095359467 0.014200100374929886
0.9901643761789275 0.003868034920105179 0.24477824969667977 0.010425020048115477
0.9915254237288136 0.0029011476156937483 0.24184520576793056 0.04206592918716934
0.9839363839380896 0.0030563224414860424 0.2601484362971365 0.03150902691041217
0.9848923404484956 0.0036170624405918524 0.2535378327911592 0.04474238454820979
0.9801160093661189 0.0019159791808333654 0.26550936685640963 0.029910504003768254
0.9913983383778261 0.0035692983734272286 0.26015748689543744 0.11458333333333333
0.9911229774812871 0.003162119731034687 0.27236058076018715 0.09092263012882568
0.9878671010701303 0.0034974700934892605 0.26792967381202676 0.12214932833489535
0.9878299091966506 0.003686985724856305 0.2799763374641649 0.07013979193758127
0.9844140808317303 0.003804247655258488 0.27777643142113667 0.11410102224894768
0.9861246014416739 0.003908121088310214 0.2822472709654953 0.11033386327503975
0.9885931411961161 0.004801913119565725 0.28424580971485386 0.06561990816175381
0.9939170647161383 0.0051297525648762825 0.28399568153458443 0.046551091542836175
0.9828900166966987 0.004865558078437522 0.28447021130521016 0.1090044027836955
0.987483941637158 0.00447087534687826 0.29349551598952744 0.14103718064114104
0.9869251279850174 0.0062569978850836195 0.3002172595849133 0.09748157248157248
0.986703249281588 0.006343817614401039 0.2988483203364034 0.058709433248178636
0.9906470350055264 0.005106572191817274 0.30949904313740356 0.07673357295747345
0.9836360856158652 0.006724852348147283 0.3096007224856284 0.1512499171142497
0.9869802258303446 0.006816413755612001 0.31373955493847605 0.1218394907490035
0.9911119632997804 0.0069973844439746 0.3223958956682704 0.1306509649983644
0.9894596457542413 0.007245940253477969 0.31455900539371034 0.08995619524405507
0.9865794052829906 0.0069345074298293894 0.31929961699065934 0.10797588456216643
0.9867251892738597 0.007304686394406303 0.3349925561159 0.12292540579974466
0.9808042508847317 0.005945147529147366 0.3512217436238351 0.11680862158873631
0.9943883800424456 0.006532266295698457 0.35219823022666175 0.10284328396718097
0.9854138477239877 0.006321060782184916 0.3555726947769806 0.10949811374814956
0.9893721706049341 0.007224563515954244 0.35860509576959276 0.09627499315256094
0.9861137113232884 0.005933780181864785 0.37607047429683 0.09980108968260831
0.9885708957615809 0.006188484345141478 0.35221657492627645 0.11802277145237434
0.9909646465120205 0.00545011475283014 0.3680894789900712 0.0847763486273757
0.9839533299227431 0.006088421162584217 0.3763036198887266 0.08676510430777568
0.988432520668059 0.006781902062084199 0.3745528579345129 0.08468681411446902
0.9877471749302322 0.0064858862075483584 0.3828607007866787 0.08174083327706125
0.9871191353788726 0.006270296526788477 0.37992926318731757 0.08970612930310663
0.9842476778109386 0.006867625668825225 0.37839804650269543 0.09522855654821522
0.9838804058737053 0.008571682418105558 0.39023907520747586 0.13333333333333333
0.9839089628098231 0.007337004963268064 0.3948598908017848 0.10521470133313693
0.9873728032956911 0.008952628110627255 0.4070158962575065 0.08730644174741654
0.9914199500621813 0.009578937643832292 0.41761240093143726 0.12340696686491079
0.985509146231464 0.011028112750294097 0.4127206045435823 0.09423174350437867
0.9847270554957769 0.011642480538038099 0.42606684992224997 0.1212415507730557
0.9912338917987232 0.012345256529810843 0.42337369786559226 0.09781573708053207
0.9908665502832248 0.01211139476337309 0.43075591065962776 0.07301055600855058
0.9915378477402784 0.01195464369352285 0.43143204715097294 0.06814199259326167
0.9918888092904005 0.012760886399361956 0.4454187495664826 0.07105847520355292
0.9912191688418336 0.014928154760795422 0.43643608971443465 0.059039050180873756
0.990023259162319 0.013764556793603043 0.4409923474008332 0.04783828501546651
0.9926995459402024 0.012930129055127413 0.45635398247221753 0.053732743045499055
0.9841794649267357 0.014471364395496396 0.4663696552434807 0.06420646785742387
0.9930912236619107 0.013510802280345477 0.45106766091622225 0.05007309035950546
0.9899005123338095 0.016325016420294672 0.5497333112099504 0.055961720953233804
0.9903973169252019 0.013595434537517787 0.47196352885331305 0.06360159238154711
0.992074536812034 0.0141502168462739 0.5447796755905385 0.1049176297024834
0.9856938568365934 0.012152906413284767 0.4420358569258834 0.11880715705765407
0.987793716668075 0.013193212102708926 0.46801549960692296 0.10184006480731397
0.9900708643344873 0.01407403481894374 0.48827280635732057 0.11320847465958807
0.9915430889171093 0.012965233698788228 0.45782348148237345 0.10326112717447979
0.9920804340702762 0.011359134530654298 0.45846262335687404 0.11320847829841833
0.9866226137855303 0.012883096123697396 0.46557400025163925 0.11086300686509727
0.9920837731237153 0.013814228701717893 0.47435773702652323 0.14566977428851816
0.9920365533671675 0.013685016111296005 0.47170177226544635 0.14529815517391179
0.9916610953290066 0.012437981754220116 0.4902825175981988 0.16432606941081518
0.9961606881894253 0.014461957291647419 0.47147743228485367 0.16608369371661155
0.9900132006680086 0.013590760894668019 0.48046848930211467 0.12966131548487747
0.9875659542969937 0.014238448961726123 0.47731352646902697 0.12093224932249322
0.9890648495796174 0.012079577675833928 0.4984649734859057 0.13206355621795035
0.9859842197628684 0.012653547298470257 0.5217862496292675 0.14619167957392462
0.9826206431371431 0.014301390158123563 0.5199629185176053 0.159365777443435
0.9950258092533181 0.016673796753630156 0.5443755861608233 0.16036740520076956
0.9906942508763357 0.01623320244450295 0.563572891446684 0.17457351256856954
0.9843465462468084 0.017464423141773346 0.5555214303863699 0.26068338722363016
0.9808792861991573 0.017799392280039763 0.5680478015748155 0.2038596126528774
0.9825193375644585 0.017538304865065038 0.5648821785268414 0.18345900374042629
0.9877513530917382 0.02165455252481674 0.5920470671989334 0.21453138435081684
0.9868198894360332 0.02009911624931278 0.5982756169249668 0.20958261788403118
0.9834405128489424 0.018781353113850697 0.6054099098682405 0.2839824489980549
0.9893032286118609 0.019091304700887622 0.6201239059041002 0.2495497523638001
0.9853617765138629 0.01976184173448214 0.6316919523777048 0.30042610450773716
0.9775229949584169 0.018126615424553325 0.6475683895194808 0.34325499534113263
0.9778285515446838 0.023093068807060683 0.6544726133348732 0.25631741433852956
0.9856766647550027 0.017719184080867784 0.6732921226779127 0.2686427583963568
0.9864611010509571 0.01714475001400516 0.6743572368579914 0.28770938446014127
0.993684884351342 0.019329190032645802 0.7031195402750907 0.2622297424327881
0.9829015912870723 0.022684218747781138 0.7175335307174269 0.29323339579429525
0.9891847278078635 0.02862892188858242 0.7336082123653057 0.2593653825745516
0.987120867885948 0.03342348080392425 0.757197450098389 0.2711572966507177
0.9809788243968756 0.03247454143547336 0.7629194117387326 0.3054045147470753
0.9905435436825779 0.04061875695864688 0.7966059560224547 0.2703275458229542
0.9891092319397848 0.03577003009580642 0.8101601265129 0.2751393040333592
0.9824568471678397 0.04748556880340803 0.8316700785373026 0.2577834807861147
0.9914100439313458 0.06360078277886497 0.8624512265910919 0.298181290158638
0.9932017226426556 0.10369412899188543 0.9132416441988327 0.2996271955109728
0.9938183500867482 0.09733778644375374 0.9112870269736192 0.3668021429891003
0.9897605324716039 0.09455209594874399 0.9116262321717143 0.4304010962947346
0.9909844877163495 0.10107245992306044 0.913713017266669 0.3900357568533969
0.9969914354996199 0.10337238048546424 0.9227921124648908 0.517463402781996
0.9888404199223432 0.10271179792098933 0.9206628151688043 0.6849521095543418
0.9917463685581889 0.10998427825546864 0.9183170216848974 0.70863800723182
0.9894729338533436 0.1260665811928025 0.9270868699911979 0.6485159562597634
0.990098938398209 0.1187240952014699 0.9242551074587313 0.6388544778838446
0.9911378315935039 0.14208322541655874 0.9254155009053203 0.5773680864589955
0.990481983582566 0.13545707539214033 0.9224948862193791 0.57003003003003
0.9927992495400056 0.14407333168171887 0.925924652962894 0.4801477377654663
0.9857042824589308 0.14364864274161823 0.9192100538599641 0.45577204537138677
0.9920147807123819 0.14383355343944765 0.9268617804866007 0.4667193088392401
0.9939702286869981 0.1649922345175694 0.9314952633307506 0.4589251525001113
0.9887766296505502 0.1771592666224873 0.9297962319732326 0.4706802538660946
0.9877962568871528 0.17344335907653607 0.9256735752737114 0.41605464739793097
0.9933297859978104 0.18284172661870504 0.9222983548674661 0.3084628767046411
0.9901933195187052 0.1843058869043781 0.9229223905466941 0.2770449897750511
0.996765301530153 0.19005094249728186 0.9186022425433125 0.25483335576189836
0.9917707830581953 0.19035257945008693 0.9315649816631423 0.43149452855643833
0.9929366381305231 0.19423366849823695 0.941365292873575 0.8072593300129631
0.9884791819869034 0.20686244581476282 0.9352757359411951 0.6394873494641476
0.9920104682950414 0.18662107123645585 0.9383437762159168 0.6114623060446163
0.9915736352770722 0.21013690874466004 0.9350656157819786 0.4961111342178597
0.9893091420922364 0.19556097433073757 0.9299558317173877 0.41732464797999735
0.9933913992137983 0.1977512166426012 0.9340711699865257 0.44653577230030367
0.9912197166154415 0.20863922827868306 0.9397904563333774 0.6418472228924383
0.9855134682399402 0.2138628178544145 0.9380170315805114 0.6334722421803899
0.9884081084778422 0.23216703186277932 0.9400620087729717 0.5936611833606064
0.992086491697485 0.21630046059863908 0.9397816864671201 0.5623682011697768
0.9875118423194434 0.25178483597394663 0.9393343881977364 0.5147303860743787
0.9889478739724239 0.2563438879537587 0.9481510570493645 0.645037334614209
0.9933472451562868 0.24015206320836346 0.943186329001521 0.5836560654070336
0.9971109731679882 0.26730262754945794 0.9489275293779149 0.5673404996881535
0.9919123168867527 0.27544673864999686 0.9480693566286221 0.6133762656631881
0.9882713392599227 0.2516240202506938 0.9456604359082494 0.6510753557567918
0.9914493467365798 0.256950636297317 0.9519648776160996 0.7378783165192658
0.9893581964700922 0.2579193009168846 0.9499853180995482 0.7220444594139441
0.9907834366538202 0.25557128279403535 0.9508220162009018 0.7115416391275612
0.9869080135285005 0.248156631945025 0.9505044028703272 0.8288370814821601
0.9867648413392899 0.23878028187309217 0.9456687862191515 0.7178359778245077
0.9909239472319304 0.23510366076557523 0.9543681724571131 0.8426283331114957
0.9903177445311487 0.24549223980523432 0.9572947040104178 0.8565185409545238
0.9918430825624098 0.26642266193907505 0.9590761885683761 0.8468245650806959
0.9914974214807053 0.26090132059456367 0.9579941131872779 0.7847476083067589
0.9917000177207441 0.26044828171244366 0.9567082166156987 0.7833771027042373
0.9915544603797385 0.2862852426256571 0.9621391343227804 0.7748977729715116
0.9923752358322552 0.29412333035433924 0.9621185443560837 0.6876142874558089
0.9880627573568056 0.2916730484505029 0.9608218452148605 0.7234137756167407
0.9879582896812803 0.27643873433850075 0.9599504444731496 0.6583569860225995
0.9791154791154791 0.2636627258532233 0.9572698013107945 0.7919446426909114
0.9943630239707203 0.25102104047545276 0.9649048293086979 0.7207250690478105
0.9835860577122041 0.2272697731851563 0.9613596392676552 0.7833585829157441
0.9884386754152554 0.23599367567195986 0.966538566577873 0.8000408794930943
0.9866187224579072 0.2247845829311023 0.9647831016170416 0.7941809185758847
0.9828553550714021 0.21633029475401697 0.9619069880141136 0.7947927014168453
0.990387955219494 0.13281930764965277 0.9585732002719536 0.817471371092541
0.9909291876049221 0.1993310123557922 0.9669617978609001 0.8240181268882175
0.9899805918919696 0.1769954094476529 0.9683889124802506 0.8560600375234522
0.9878096206111762 0.18238213399503722 0.9632891123373996 0.8580418908531898
0.9817437323753235 0.25195854414884933 0.9654406266445857 0.867804090930663
0.9868448625113506 0.32712493944124454 0.9733949872094594 0.8547324830943412
0.9869106561398814 0.23982173880202431 0.9666609731164291 0.8510593752617034
0.9900273527103282 0.24199274372878712 0.9708317694925803 0.8767739918724602
0.9859778522206949 0.24156601416076634 0.9687880504275215 0.9095125260748932
0.9886186065243657 0.2325018615040953 0.9705121865184583 0.909661694452569
0.9815273537707925 0.18969332911792602 0.9656810056779681 0.9081299286518963
0.986722552731206 0.23599096603741423 0.9733705596094904 0.9400765688287188
0.9867205439524495 0.12783812765163877 0.9710747445214573 0.9083013741035652
0.9921208671258315 0.17715617715617715 0.9748222741495887 0.8815067935888048
0.9893063590837632 0.010308241564841353 0.9713180903340478 0.894820888418014
0.9887556608289049 0.05852304275402554 0.9743641040529649 0.9097729664712073
0.9895684308693763 0.0 0.9714322437329181 0.9090681397581644
0.9873541623118238 0.011729556268673232 0.9716155392854121 0.9023559085542556
0.9896534556752227 0.03881407717551205 0.9749445984050151 0.9216353907990067
0.991500056513893 0.006295009316613789 0.9734516765603601 0.9112768055213212
0.989086186594954 0.0 0.9726798696657286 0.8825013896609227
0.9881098580689307 0.0 0.9761376799602847 0.91122591243637
0.9911613663373667 0.0 0.979983387153219 0.8888622921715887
0.9851921269847711 0.001628332994097293 0.9718428796165728 0.8766805618146312
0.9870902279705823 0.0014803849000740192 0.9725123083820391 0.8803469313263692
0.991117543167404 0.017252280733447745 0.9740529199594328 0.8880237611800044
0.9909284050928959 0.0 0.9738941522132819 0.8856218621008357
0.9888165348969835 0.0077293716121260795 0.9739398122910383 0.9116968457943925
0.9862172569241787 0.0020516142965122555 0.9750004903704045 0.9374078662338831
0.986371160359382 0.0 0.975057065602875 0.947051862255514
0.9836892617960141 0.02051090807383927 0.9697608921914984 0.9338453079829027
0.9922648293966542 0.0 0.9762584261527295 0.9536006637168142
0.9873316689598496 0.0 0.9727951878060497 0.9398491364257705
0.986158512285267 0.0 0.9629144915412127 0.9105755162474484
0.9889309329588822 0.0 0.963365171958261 0.9343251163735393
0.9832860950545124 0.0 0.9569146411590227 0.939387557865365
0.9827919301281075 0.0 0.9485494557778029 0.9250900480256137
0.9932896248699349 0.0 0.9526649223563352 0.9245575662331266
0.9880119525472612 0.0 0.9250918786093245 0.8822056055601533
0.9913019829088598 0.0 0.9327493169753396 0.9082925512461032
0.993576597944414 0.0 0.9391360829124814 0.9249414710247268
0.9855808368728083 0.0 0.7635926128227462 0.8501366949779512
