0.9849099049322848 0.00022735824610487667 0.18103003787814803 0.0009871668311944718
0.9810459638296729 0.00010922730201549424 0.18992790846886196 0.0017189514396218307
0.9851172654835668 0.00028733306353702956 0.19581880583350103 0.0
0.9811168731382236 0.0018084457944819734 0.19458899308455177 0.02609830361026533
0.9808068465392048 0.0022115536926244988 0.2030831632669305 0.0202796128437548
0.9818391012843333 0.0014151732553905503 0.1802591778245204 0.037633525061626955
0.9858488141193854 0.0016295066807818896 0.1831794159407861 0.013826420123271697
0.9723492325246317 0.0013897796693141905 0.17548296771445396 0.03573153066151617
0.9847575131298306 0.0019520481027988385 0.18766334140435836 0.05550293616215192
0.9786769848361749 0.002058804795711885 0.19954830181819302 0.11901306240928883
0.9863002230768853 0.002988773239162795 0.19073195074680563 0.07348102654090809
0.9784485567812773 0.0028260761222952194 0.19766070686263093 0.022902012105349256
0.9866609491067136 0.0022276490443715476 0.1950039319976632 0.027788649706457925
0.9765198346772062 0.0029491373993046016 0.19708218524390808 0.10904098842910374
0.9868030759933152 0.0019609522431344524 0.2049785548583057 0.07640067911714771
0.9768282098133475 0.0024154942266766013 0.18863672619757488 0.021566401816118047
0.9846752995045607 0.0037653296018368425 0.19661195134981457 0.004217791411042945
0.9860684185028329 0.0044456983339767765 0.19626548106508782 0.03449878034614938
0.9848449346432576 0.0030189741115935038 0.2065272372618261 0.09680429204571962
0.9801056123276753 0.003452955888717093 0.2093373708981255 0.11724928366762177
0.980983170999806 0.004037520600904643 0.21211610622974175 0.060369096027525805
0.9861724311750101 0.0036697136164409653 0.1999293991350588 0.012072434607645875
0.9852457054277258 0.003761592164217985 0.21794354187526244 0.06535261935097054
0.9891754481867973 0.005591060158260039 0.22389734689098537 0.06127671346566153
0.9901227090671976 0.004209798564637274 0.2207174162939855 0.020660306129452948
0.9914940978625569 0.004284487466493244 0.2209251036790604 0.02347119123365147
0.9829056471218998 0.004243820259006674 0.22392533182488536 0.09824064234266147
0.9870271606435349 0.005460657054669993 0.2333579896637854 0.028159425671493998
0.9869941535824694 0.004867191039858348 0.2279243140079745 0.014278782837734802
0.9899238729433034 0.005552635381480605 0.23488112978141304 0.03282066024627474
0.9876186599949723 0.004797760838985128 0.22822955213729923 0.04534757422157857
0.9878109985209694 0.004935838213849327 0.2297385333076239 0.04618821812876163
0.9879042793480252 0.005659510142381468 0.23071677101780488 0.03254399862972637
0.9913634884877205 0.006010654316457661 0.2368488500013801 0.05488857997388264
0.9903192271110794 0.006348615293963598 0.23495035012066307 0.04203892236304453
0.9898310906124652 0.00527740702308968 0.2358506057151477 0.08489586514383436
0.9904699772459384 0.005679396514981607 0.2403855613632541 0.04079872204472843
0.9906337613281025 0.004671309313403519 0.24360431128114388 0.08957726590768687
0.991386515601783 0.0033551523483478386 0.2406335878588477 0.06392710380561015
0.9839455464117444 0.003693601122956751 0.25908219399281046 0.09437602018103576
0.9848910027939196 0.004480779317151515 0.25296743609304956 0.11115051780394382
0.980041925326798 0.003253689508720657 0.2645818731127215 0.09988547120418848
0.9916439933941452 0.004195332326062402 0.2598631351899235 0.2384227418615314
0.9916892184831781 0.004123310235747619 0.2721137388691937 0.20261143628995948
0.9883001161582198 0.004221855690818667 0.26731088216943377 0.3272191287258434
0.9879961855116273 0.004238473471394543 0.2797782317337447 0.17055361813426329
0.984944376186897 0.004620648932777452 0.27738440677863563 0.23493975903614459
0.9861741484935558 0.004703873616678677 0.2815249067549515 0.2280890103455007
0.988775991524965 0.005457305422275063 0.2833909876759091 0.14348294434470377
0.994223969173869 0.005942038836188769 0.2843756570707671 0.12420091324200913
0.9831780288194992 0.006191641337875517 0.2845395350537264 0.244499063670412
0.9877842404081679 0.005404495806216153 0.2939852595312362 0.23528267003989492
0.9872196022656387 0.007526868589533656 0.30063397194919866 0.18642725112226036
0.98722428183325 0.007116231024880984 0.29929654800228417 0.10175574204946997
0.9909092345981619 0.006643715231856684 0.31098065933059604 0.11442709138704191
0.9839484887596078 0.00737254956357697 0.30997788550024385 0.20784687475180685
0.9871127565223407 0.008242253639870072 0.3154672213921869 0.19038817005545286
0.9912632239608703 0.008174060238289406 0.324185091262914 0.19594652133185728
0.9898060645757788 0.007988174762279192 0.31566744539170616 0.16037735849056603
0.9870605868989906 0.007820354199166801 0.3198089364083722 0.16826859776168532
0.9871227528335421 0.008267674891703545 0.3358704827201082 0.20643180073360062
0.9809840094123647 0.0067071211079960825 0.351460815127907 0.16617892976588627
0.9946785821673065 0.0077196162852179165 0.3529874462979621 0.16352497643732328
0.9857913743817568 0.007522630505563705 0.3565913096091024 0.1709933774834437
0.989957680033301 0.008292354796808314 0.3603903499352454 0.1516540701276174
0.9869526980410557 0.007113102307909743 0.3779842314882549 0.15773310999441653
0.9889611244667301 0.007709688773830205 0.3526814830898813 0.18666419019316494
0.9917830384466566 0.006292477120022268 0.3686255020323725 0.13464855541181545
0.9845260757076597 0.007007223834478151 0.37658625291610526 0.14675103431491848
0.9894287572392994 0.007733268693945531 0.37515197105252185 0.134944442097258
0.9885129999569775 0.007663589162357373 0.3831589480636503 0.13184575389948006
0.9876532381413533 0.007465423473536248 0.380355260341944 0.135346040680568
0.9849209162411504 0.008004113351470263 0.37971262795115546 0.14696469646964697
0.9845806843063286 0.009350871683567668 0.39207063805124615 0.19375965400061784
0.9846322761841725 0.008215831981883656 0.3958713426048265 0.14857169100762377
0.9871485982595751 0.010017394988450869 0.4059900456505199 0.10924077487566515
0.9920433608516002 0.011169852280804218 0.41786744661066116 0.16480137124420247
0.9859723848989987 0.012371942158088851 0.41221338291320375 0.1012899345007352
0.9852475064602894 0.012847329346198588 0.42178547190173676 0.11211451628398501
0.9916285831251619 0.013803342266751584 0.4221903598534153 0.10616880323496515
0.9914668255190688 0.013972461527133495 0.42916064886146876 0.0780105384911965
0.9921254358691058 0.013676216256861419 0.4288442940038685 0.07406274735554436
0.9924461207277457 0.014259390546975517 0.4403111457868566 0.0714908001115138
0.9917939802187412 0.016409729412550006 0.4318337078215148 0.05926228075286988
0.9904575394451748 0.015018150512251393 0.4380110055577986 0.049591470128063975
0.9928087484354708 0.014581447518595773 0.45642756344443697 0.057489756070731236
0.9847042688675655 0.01618888525781285 0.4638172163517124 0.06406768068751208
0.9937606513248304 0.015233224629355288 0.4495310879697411 0.05078977013973778
0.9904007724599199 0.018701409135082604 0.5464117011903252 0.0550778327056832
0.9906654793033347 0.015631168779464993 0.4746710100131411 0.07023125121116207
0.9923508123927982 0.01657369454347258 0.5463371146686792 0.11672599700768715
0.9861017897754896 0.013761162152434753 0.4424836653899385 0.1268282267534963
0.9880603125598799 0.01478075165413486 0.4689579847778113 0.11156847815741887
0.990236543870407 0.015484289369680587 0.49020218405121224 0.12198003871584082
0.9917960498965495 0.014118332654952456 0.45831021165782815 0.10591699641115303
0.9925032947916993 0.013763877121354176 0.459444758678759 0.1078080861581921
0.9871132063417827 0.015172809980446459 0.4645112652255441 0.10808170707881998
0.9925522471876189 0.01599083514016392 0.47348922436364305 0.14270437596735613
0.9923794458766777 0.015498363108010348 0.47133119726873296 0.16162218577605486
0.9920344690249466 0.014533478221324385 0.49013978882405906 0.17738734341955426
0.996794563387058 0.016278958799272866 0.4698408631423024 0.1673440699202396
0.9907143001681925 0.0157646976443665 0.4817841098786359 0.1381794871794872
0.9883924800827533 0.01617329541343991 0.4783830920350616 0.12769485903814262
0.9896736714678873 0.015033251835349943 0.49742197704842894 0.13839724061532263
0.9860312487371906 0.01585883985086274 0.5230113095892698 0.1628054953000723
0.9833331552053163 0.017726155027338847 0.5201540795178149 0.15593561368209255
0.9952134523636285 0.019482939182924524 0.5436141905091122 0.16422269359648314
0.9910549985459697 0.01918952688212148 0.565046407172461 0.17424417931194255
0.9848238226952668 0.019868635315461035 0.5556506835740865 0.26756140577278786
0.9812364312404063 0.02020503520816086 0.5669670931825928 0.18141136985898076
0.9831675792130325 0.021529551089893045 0.5669986229593925 0.1855796089385475
0.9882817326063598 0.02484886459892552 0.5948608619701907 0.22848194546794398
0.986820637646156 0.024768165048107096 0.6002800022749211 0.22227775556444088
0.9838372740582453 0.021837823574214415 0.6084745487209535 0.2763789719821287
0.9896299404319163 0.023390316413165815 0.6220512171637369 0.24467407459834384
0.9860458656799901 0.023015502238833033 0.6337778023808041 0.2886118038237739
0.977842211819105 0.02245998702281821 0.6499427366915125 0.40110406389476155
0.9785999659707733 0.02675209522652739 0.6578804736718705 0.30192986990609116
0.9864583534252741 0.02121191402911602 0.6754866057399732 0.3058855050459945
0.9865550637170238 0.022498820714574024 0.6769565299601036 0.32400963011599915
0.9936644551248563 0.024283276541227878 0.705446367888395 0.29951869677897075
0.9835060085809136 0.02811898477963209 0.7188158289561024 0.3163684616043147
0.9899205139019563 0.03370054240423832 0.7338592451788245 0.2561735673617896
0.9881806516906728 0.03887469051992652 0.7574001298776528 0.26568394578734106
0.9816969669039993 0.03716882375005592 0.7642031693044481 0.3172159672466735
0.9911764025031701 0.04610035322316135 0.7994067905699469 0.3042387963112765
0.989293673464699 0.042081520031337305 0.8115683553940227 0.30132189786765284
0.9830737658478855 0.056674892072953155 0.8361095400135372 0.31608870967741937
0.9915670215429758 0.07314836046778261 0.8657303493042516 0.34327328789354106
0.9939990499423532 0.11463706094434628 0.9173168738879239 0.356233303650935
0.9943991610949225 0.10553275734481467 0.9143110421630007 0.426362336493142
0.9906420368097568 0.10577661923335052 0.9151346443334687 0.5099806436002904
0.9917973323373294 0.11280013819312489 0.9152221493456727 0.40292464513670573
0.9976318172320122 0.11454530368403584 0.9249620554551902 0.5871461871461872
0.9894769892277253 0.10407558073223587 0.9154248979392807 0.6962457337883959
0.9922951647958639 0.11099580461758157 0.912306161970985 0.7425507531106745
0.9896579714066222 0.1286043298019346 0.923825883638385 0.7324798949614312
0.9909848101875256 0.1199202243197346 0.9208420850870117 0.7094423320659062
0.9919268574732582 0.14364004930273305 0.924030866360435 0.6641918903483723
0.9910077444686668 0.14246998425068008 0.9224836078682233 0.6288772812278326
0.9937145971337695 0.1473169671953074 0.9271704535266467 0.5780821917808219
0.9866068367328525 0.14471229430877267 0.9189807218622625 0.513288040763313
0.9920084758589375 0.1497275658845769 0.9268927297011742 0.5393630439352534
0.9940279093921499 0.16938186829228416 0.9322827982868934 0.5389868514932219
0.9897527326650999 0.18306850680558687 0.9320041071237518 0.5625556895015462
0.9886622995344182 0.17287288193109066 0.9283732365602784 0.5229589360256286
0.9943515539953766 0.1889044530505103 0.9235551460290785 0.32639639902960865
0.9913900217807599 0.191765830586933 0.9242893564961685 0.2921705077659884
0.9975972237846721 0.18963756119897152 0.916616944631456 0.2557076612455903
0.9924552616222525 0.19586144074055836 0.9246712282737699 0.3342650162569163
0.9937229369046725 0.20039656625862295 0.93986021046963 0.8018482555414184
0.9893369391993045 0.21129743835792775 0.9341120345486212 0.6484452257993627
0.9930610590723947 0.18899190437114968 0.9353973853696822 0.563516379919868
0.9926145180413697 0.21134859229269384 0.9332346981545476 0.48080113771035793
0.9902827674259914 0.19943837831739147 0.9267061766478514 0.38929499184437866
0.9943424305847894 0.20903217299578059 0.929286367080909 0.3655213607144889
0.9923591876325017 0.2160740946265541 0.9351426213568435 0.48254229997132203
0.9867885263486664 0.22069774971669096 0.934733322646392 0.5044184290030211
0.9899059108825108 0.23411537325852952 0.9393592620990052 0.5760991173911242
0.993273115039092 0.21754006121112493 0.9362077198011494 0.4923547400611621
0.9885391885057041 0.2501253204623251 0.9343063659151156 0.4374484141021106
0.9899661029593468 0.2489255757432052 0.9423305157982239 0.5388091822094692
0.9941694051558901 0.24418652339744903 0.939592377308513 0.5122867587327377
0.9979303723113214 0.2715002672685158 0.9467675601543051 0.5300811365855301
0.9928698524640968 0.27790875688916106 0.9474744664094468 0.6124599175446633
0.9892159273884819 0.25477285754177625 0.9435809665550456 0.6008236505368436
0.992677833964468 0.25886007436343955 0.9483240038202366 0.6149444140696191
0.9903513785061805 0.261712 0.9484960531782302 0.6753914465996729
0.9923128176860431 0.25736893540556727 0.9469187156899017 0.6027265876549976
0.9883882661338368 0.25185232910250627 0.9468043525908616 0.6856522715365616
0.9879934509732582 0.24091361712720935 0.9407361404930408 0.6024919741902673
0.9918604771492008 0.23712169454033583 0.9533381807520829 0.8154152205197663
0.9915290301341705 0.25127706154220386 0.9540719787784606 0.7196114277520881
0.9929075573967158 0.27128690724724125 0.958271542189906 0.8058691632901932
0.9925919811807433 0.2605026042656731 0.953584640583746 0.6642392972602292
0.9921535912365084 0.25876782370733115 0.9530690954574565 0.7037527593818984
0.9924267797355358 0.2881599474505296 0.9597919286230236 0.694707990723171
0.9933518705763398 0.2980254702652179 0.9579322140447203 0.5838313370437815
0.9892041533560927 0.2906205186787546 0.9609775952403286 0.7192946483493952
0.9890673646445102 0.2772109715457575 0.9595318180901753 0.6414874017178296
0.9803707371908918 0.27055932157614715 0.9555923239055679 0.7333600182982617
0.9947442083414354 0.24340198517530587 0.9616133443361298 0.6945961888640968
0.9851710673632619 0.2149513776337115 0.956868287646307 0.7145672912669838
0.9896233884681301 0.2288978874344728 0.9642935049353766 0.7688544753172695
0.9878162709657783 0.20907023749368367 0.9605956282240503 0.741421048691008
0.984287472170109 0.20922510438241773 0.9596449662536154 0.7566844919786097
0.9918865994186584 0.12947253804664355 0.9573050947041453 0.7910484976935545
0.9923721892946934 0.19837393249929097 0.9652681886031136 0.7969696232701802
0.9914433922805744 0.17911563657077756 0.967215570279835 0.81690745243885
0.989063867016623 0.1873655748786333 0.9618243016051744 0.8187407153468175
0.9833055755139611 0.23639953202690844 0.9641015981794069 0.8535119075251846
0.9881122896951744 0.30924030702617594 0.970747939431433 0.8079485317007368
0.9883321718283946 0.2400587556394922 0.9641679442742401 0.805965134205637
0.9907347163906931 0.24018768153720116 0.9684992791910503 0.836241610738255
0.9863275629279035 0.2688117188354043 0.9659942744898886 0.8483707621934002
0.9898309648156906 0.24026461648489184 0.9708381722256876 0.9075820664278106
0.9827736290979658 0.24748498642083924 0.966835923509742 0.8920851407984707
0.9880487971199541 0.2361739268428152 0.972431915551691 0.9222338770933555
0.9875800962286425 0.1732585192281374 0.9697436020213311 0.8655338616126134
0.9935012810900518 0.17972473386486126 0.9749857339354218 0.8735306431354868
0.9900441859843709 0.0616582594642245 0.9697830496105169 0.8568871412641587
0.9901216476929647 0.12128135088154954 0.971916940068877 0.8626697958893393
0.9899035906779018 0.0 0.9710532360972706 0.902889168035559
0.9883552420808137 0.04024416594641314 0.9718581798788286 0.8942036317162788
0.9905099978325849 0.06634819532908705 0.9750152912364449 0.9213672809115206
0.9930710157388016 0.02898768398918594 0.9741115486379189 0.9022906706567887
0.9906005301872495 0.00035435861091424523 0.9696216748403336 0.8540765605835646
0.9883686810438972 0.0005371805694114036 0.9746161817096622 0.9007342332232517
0.9916444600996488 0.0 0.97710724934396 0.8619134968140568
0.986425138538404 0.005654140570633264 0.9697636471922396 0.8615472557461992
0.9884644190965861 0.005801104972375691 0.9702422509978528 0.8614508107371577
0.9921525568167493 0.01884057971014493 0.9723521365050968 0.8760842934710634
0.9920088491004129 0.0 0.9728151835229965 0.8805996912665867
0.9899450715777759 0.012764825813314423 0.9734192532868098 0.9099613922156781
0.9875707852839097 0.004326826323203864 0.9749950930611618 0.9345594643573534
0.9874016732738892 0.002580169553999263 0.9753522701856407 0.9492745090342923
0.9856431767058859 0.025311845579532005 0.971146382638055 0.934948471387199
0.9930860519265917 0.0 0.9753287687080898 0.9498399619009646
0.9889517277789399 0.00021724961981316532 0.9732556877845462 0.9410803522648101
0.9876500448784558 0.0 0.9630768949738325 0.9089234286719282
0.9886942288662488 0.00185742650355473 0.9626361190984138 0.9330952836227896
0.9842811611081658 0.0 0.9565937496742944 0.9383805472591789
0.9844765812092747 0.0 0.947037849885488 0.922466889685757
0.9943893002279038 0.0 0.9532612583436417 0.9255425542554255
0.9895400690636985 0.0 0.9361933039827992 0.9035251764340666
0.992730603051415 0.0 0.9357013884637023 0.9125859374146091
0.9947510647457867 0.0 0.9407723913601734 0.9279013464882646
0.9865008818958141 0.0 0.7550457211408127 0.8401144331304593
