0.9874096054102405 0.0019420020492291563 0.18017904639281299 0.0
0.9829492705473494 0.003417111008007664 0.1900586339020742 0.0
0.9869523310122233 0.002508088814065532 0.1955081827709379 0.0
0.9825207528839182 0.00401427431983713 0.19460166060852668 0.0
0.98241610565112 0.00399223900610518 0.2024183428360363 0.0
0.9833379018909123 0.003407765766333638 0.18044704757351182 0.0
0.9873321028446285 0.0036229369251178237 0.182535524255909 0.0
0.9734351130506789 0.0025755258852031854 0.1745680930188768 0.0
0.9859617448053188 0.0021776771637158332 0.18652270832929502 0.0
0.9805393140762719 0.0037027490314341634 0.19856858834633798 0.0
0.9878908750677107 0.004148417726113448 0.19056945680244797 0.0
0.9795053594462623 0.0034657265655177807 0.1973570932654478 0.0
0.987480416915831 0.004437091365245438 0.19506831009931586 0.0
0.9781276092359112 0.004286897167320141 0.19800901754404898 0.0
0.9866446234530916 0.003288737993593956 0.2051195631372239 0.0
0.9778221683367905 0.004088336114414965 0.1887733774870389 0.0
0.9857812556781704 0.0052296868601650805 0.19745409028101982 0.0
0.9869483837850769 0.006423944658906383 0.19754590452744303 8.035355564483728e-05
0.9867286577784579 0.004902631229610082 0.20717706884320192 0.0
0.9807607826884935 0.005847935351955489 0.21137556333903149 7.313149041977475e-05
0.9815266246038985 0.0058703826905457945 0.2125862870317261 0.005433268319866258
0.986690634440381 0.005329813964112586 0.2013925412671836 0.0
0.985657130705686 0.0053744375770495975 0.2186376720447014 0.0
0.9893899482493357 0.0066974663555981855 0.22333382042001942 0.004272710384543935
0.9916014081221208 0.004541622815973695 0.22139633166419062 0.0021982223071776736
0.9922786868312905 0.004006596888933917 0.22134235923409712 0.0
0.9833126889194961 0.0053899455203001235 0.22575833763142875 0.0
0.9877001581208341 0.005211947958927435 0.23458861948760482 0.0
0.9876600813126316 0.006104642942796071 0.2283653846153846 0.0
0.9911781583695685 0.006626456718691959 0.23578885961338658 0.0
0.9876701637114962 0.006092519166867101 0.22771409107132778 0.00027056277056277056
0.9887700256584893 0.005829606115213541 0.2313845022479836 0.0
0.9884128158725739 0.006782875362235822 0.23062892146799469 0.00011678150181011328
0.992044892342104 0.0064832641798881875 0.23791601209360533 0.0017368146818734441
0.9904709029673102 0.004900223500996639 0.2352026283688379 0.000454489112919886
0.9902396491718601 0.00428558973017607 0.2351959443841552 0.0
0.9907595952871611 0.005171092423049836 0.24129375381645557 0.0009759271307742355
0.9907176148508363 0.004825169311466702 0.24390135003348648 0.0
0.992028346914804 0.004022907445127086 0.24140099268198054 0.014001710132535271
0.9847472971474595 0.005754614549402823 0.26107350446716576 0.0003392513852764899
0.9853570237230932 0.006042070322078868 0.2540992260210821 0.020961934156378603
0.9810265926978936 0.0026612115042267876 0.2663016379619481 0.0028810536424749623
0.9920378843806875 0.004894479514141823 0.26155582524834353 0.0810938236680811
0.9914919703969614 0.004377180651061956 0.27191173927085105 0.008462801566249843
0.988035254859006 0.006434979436386007 0.2691097539813256 0.10166010610987507
0.9881044046096397 0.004982114262854014 0.2797190519327099 0.034064044702342575
0.985100471251104 0.005033845362378885 0.2771612281808877 0.08193132058077898
0.9864172524722984 0.003909945201445334 0.28245675509688895 0.13311890433699938
0.9890718973789306 0.006096634203010692 0.28414438523001134 0.04653095139177399
0.9938925490903934 0.007164841335508558 0.28350782547737696 0.020665542860710494
0.9834733027829818 0.008674967765940402 0.28542570193807765 0.11658812441093308
0.987597564438275 0.0053901268651810955 0.29565494765645417 0.1091048522030117
0.9870877650115495 0.0069644463070648276 0.2997040780059648 0.07628422023992618
0.9865549576984421 0.0058822602289409455 0.2998807901640934 0.04380749382993045
0.9911262209349689 0.0059328730540510926 0.3116087441688562 0.06337840241949831
0.9842628438627018 0.008576649313300296 0.3107409802310002 0.12423812898653437
0.9875275697250125 0.007397518675625962 0.31406068756293737 0.09475651313619875
0.991409730715959 0.006801595530039984 0.3233174677471957 0.09212491073167564
0.9897221200831878 0.0059763737967370185 0.31569432373873096 0.049084208175117265
0.9867607055492387 0.006310943681986911 0.3189026085204955 0.08304821150855365
0.9867517173699706 0.00781343363571067 0.3348242734187834 0.1060884398372917
0.9809724178301718 0.005209421815345876 0.35244485295598466 0.0989654742614982
0.9942137801982183 0.00668128961257607 0.35210917024173827 0.06785980611483967
0.985958779168841 0.006485947966434419 0.355858841021302 0.0827185822165961
0.9897519919616211 0.008968065943027619 0.35669093889362313 0.06313785841568119
0.9863494638940316 0.008398128781952006 0.3755425192744336 0.05077618392611515
0.9890624908941507 0.010721461879667892 0.35369380529247096 0.09133591481122944
0.9915532459736045 0.007926375077617802 0.3685831214723012 0.07325274538179961
0.9841938373765236 0.00687042657819816 0.3759289415009991 0.07606914021755327
0.9886872333948132 0.0066074752448107435 0.3755902544105538 0.0799709662268904
0.9876683382972316 0.007143326542682526 0.38452682917508585 0.07467707770901691
0.9866133878139647 0.007349452548781779 0.37994267252511843 0.06837447947650208
0.9842001324539794 0.007543048679249709 0.3785662436981123 0.05073178429129354
0.9839487549673004 0.00882090144727042 0.39050446043393255 0.10808879573170732
0.9838667826304232 0.007020563578460068 0.3957976392936848 0.09385286372613562
0.9880154006515288 0.009707919088432247 0.4075714928132443 0.06987012149924264
0.9913004595642516 0.009346904718487696 0.4158384697469221 0.0772712680577849
0.9857277580370826 0.011099384076412804 0.41335875859414634 0.05369413368164007
0.9841024294250756 0.011112056254962005 0.4231701290367105 0.09243046669809414
0.991399109948144 0.010595913004983791 0.42040552666356623 0.07569077013521458
0.9909384168399464 0.010629516030662861 0.4323965098544058 0.06369291070211315
0.9909639051983219 0.009046546206904873 0.43078959360171065 0.058880375509077106
0.9914245720533896 0.010800536776462321 0.4424795768159616 0.05558455114822547
0.990894213567176 0.012553068778380428 0.4423495309873139 0.06347867348552749
0.9896054033173747 0.011261718769043761 0.4481082426972396 0.047169689370338296
0.9925513505379581 0.009551187858107909 0.4585499778591844 0.05244865266891698
0.9839359123010435 0.010972081501187048 0.4679510849671524 0.06513199507307167
0.9928885347953833 0.010135786847672202 0.4586766220391349 0.05629206608199062
0.9893241954286925 0.011517261681199436 0.556385875558942 0.06410421150695493
0.9900050146418079 0.009992096177045634 0.476031428367951 0.07057399230878793
0.99166308083125 0.010569569981081921 0.545854302516302 0.12043669131238448
0.9853156529874417 0.008886856627062305 0.44062288075953576 0.1266283469570492
0.9877603921815994 0.010866017624441773 0.47196684844377085 0.11649218218898709
0.9903063170341252 0.010825887656913514 0.4940472761948647 0.15570252585661015
0.9913665124457705 0.010978727117621481 0.45796801649769764 0.10709525274274583
0.9922948578174787 0.006280157509550036 0.4612006629466571 0.1046697359766983
0.9863804130595675 0.00822140057816103 0.4667014295646542 0.11658004425461843
0.9914901890223801 0.010415655681007642 0.4758900491679183 0.15334560273432365
0.99146228704001 0.010348773800105992 0.4730840440079661 0.15635210455506438
0.991239033711986 0.01028040373018539 0.49426785965867437 0.1660589435653832
0.9964932415200204 0.012607153869873574 0.47372771274065845 0.1753905179501233
0.9896727686526391 0.011885817066209135 0.48483709505156247 0.13077083768539796
0.9882948283862576 0.011377425962125742 0.4833499678042498 0.12898939270311224
0.9891322337497754 0.01119994452039866 0.5030521932750427 0.12878046331852522
0.9866840771436353 0.009510526526568358 0.5261693580782518 0.13808143263976191
0.9827869572755535 0.009162589968022944 0.5230859118592557 0.1487636480411047
0.9946736145443522 0.011937892489880515 0.5446933501559508 0.1726804979253112
0.9903550169478027 0.012637036843060199 0.564052086993994 0.18678085774058578
0.983819611018132 0.013526751934612474 0.5559364514184162 0.2802347008049656
0.9808669381964065 0.013001620256980293 0.5695851957874319 0.23794146500981034
0.9827177358275393 0.00877685653222413 0.5654247646228537 0.24025974025974026
0.9877501051399391 0.014175999441874526 0.5922105680409446 0.25254918552993444
0.9864407973958681 0.013565868697433727 0.5970212779129445 0.22240772974317075
0.9832768461238015 0.01289303695736368 0.6053730407427158 0.30991260923845193
0.9892496633765084 0.007989711706483002 0.6193120998834704 0.2729315798235392
0.9848945831485927 0.013820156265030623 0.6301261715134697 0.2934137044588246
0.9769571126393558 0.007035733285040012 0.6459590036062973 0.3547934107480421
0.9774473507129497 0.015490352191832146 0.6539439933619517 0.2598898738626157
0.9851727361451685 0.012851086380498145 0.6750385047930979 0.2989899900802597
0.9855428650276881 0.008468355607318852 0.6726068828983601 0.2736348974733123
0.9938877126950522 0.013070408359922054 0.7046071278952593 0.27717260712855424
0.9822544635634736 0.01125991907913308 0.7168365789404259 0.2975880469583778
0.9883036002797896 0.019274003482417413 0.7332632112629162 0.2740024820427964
0.986515444115126 0.02284563641654653 0.7577055099637633 0.3001113815436657
0.9803554855764 0.024799847832477392 0.7618373855184603 0.31320881993338673
0.9899046406502183 0.031208801650111445 0.7936138754056115 0.2447363076298152
0.9886278034692413 0.02670169572486267 0.8087025511167298 0.280632261958654
0.9819558944246081 0.031053098466607528 0.8273245015191213 0.23565949253082394
0.9907392028668207 0.05055619719166008 0.861810934302353 0.30518629470136677
0.9927487819784777 0.07865191749553291 0.9093873595022589 0.2706009859105688
0.9931248191464813 0.07313156870377578 0.9063217484546486 0.3061540246779871
0.9893597137830534 0.06689772300886704 0.9111825811150641 0.48144421426457534
0.9909617640721143 0.07388250778928318 0.9166607525754206 0.5402398401065956
0.9968520600330528 0.07761178327196212 0.9235703503272006 0.6114219283586427
0.988702616482172 0.07847613304762623 0.9215377830284059 0.6963418582065394
0.9914343528417737 0.08262449542484976 0.9189054496277821 0.7186782551656281
0.9898507700728207 0.09798444330891955 0.9275074904034784 0.707239263803681
0.9900532243970429 0.0910515109056608 0.9248906769284589 0.6880571841619147
0.9913076787792203 0.11028277920147325 0.9264261501017754 0.6472228179283723
0.990561424217969 0.10514170948753833 0.9234869265740838 0.6783423423423424
0.9925590053275689 0.11897997286421672 0.9303902865419094 0.6551839914047811
0.985961927428447 0.11703028182526157 0.9238048889874925 0.6230749649993637
0.9918235198608011 0.121290291179441 0.9338657167235224 0.6979335637209958
0.9937202391433974 0.13222945443704662 0.9352627370689998 0.6104234922946244
0.9878670809752298 0.14055620366537463 0.9334306740980356 0.6646450459652706
0.9876322920829421 0.13607078533525124 0.9315363642268591 0.6840300672557036
0.9927685672418053 0.14810104913061553 0.9306977038896853 0.4763369512677418
0.9897754696547195 0.15101004087788228 0.9340162580238237 0.4797306337243009
0.9959103579812206 0.16082606400362 0.9304467562557556 0.3916579406631763
0.9913610850068749 0.15830220977279802 0.9395227538822647 0.7366890669423624
0.9921067233997184 0.1637284726907068 0.9401169042081048 0.8041914937333059
0.9876212246908929 0.17414159071045074 0.9361374629645137 0.7572059890508541
0.9917974523993655 0.1505955571826419 0.9400872453675911 0.7840378762259046
0.9914197491724221 0.17559380838003735 0.9409807534395858 0.7286921381337252
0.988927590675115 0.16692350027517885 0.9386448569503155 0.6661721068249258
0.9929919342024441 0.1562068685556548 0.9417298861644392 0.7709113224915618
0.9907571007996309 0.17901741812940336 0.9406486395883492 0.7606665129151291
0.9850900085744734 0.18937973869009317 0.940399982412629 0.8240329938136599
0.9879181949668695 0.20336741513914763 0.9431613700539013 0.8074192403265885
0.9916606317001291 0.18607787193572656 0.9434757817044228 0.7525944153204237
0.9867956921750862 0.21585504311270673 0.9457460247814516 0.775621917511246
0.988447783046801 0.21354262030394328 0.9504592952970421 0.8105677970805351
0.993092373780365 0.19651839216200848 0.9468196286188612 0.7997163739500381
0.9964359503529634 0.2169084101563729 0.9532772173408796 0.7962003454231433
0.9914590722549256 0.21629674966981283 0.9499023531611466 0.762114537444934
0.9883572410512822 0.21689726413322483 0.9478858484052205 0.796817563824966
0.9913844150035169 0.21984071211056452 0.952520908556831 0.8162210515853295
0.9888558204487399 0.20528058409033026 0.950367540708832 0.8247986331462045
0.9910630957408735 0.21180266621380658 0.9515360138752783 0.7855534622983964
0.9869768006718399 0.21239645021795384 0.9503553453615132 0.8479399688517627
0.9866876832861458 0.20524186101176983 0.9483716684196948 0.8401497046489607
0.9909718748023301 0.18640614197867772 0.9537711604463383 0.8548583269516645
0.9901537162724062 0.20692049760917441 0.95724330197676 0.8710789078377662
0.9918798213560698 0.22106924442690867 0.958360533432808 0.8538611511401204
0.991239555339503 0.2152914177021523 0.9595483241424806 0.8687161723316735
0.9917005525294157 0.21166702822095568 0.9580686709910671 0.8704432518386007
0.9917800619890592 0.22720641867250183 0.9628854271198024 0.8630048342278558
0.9925498838360974 0.23550195867578155 0.9663305295553486 0.8449298206109735
0.9883975211483883 0.24330548414738645 0.9637938354844603 0.8278109350346436
0.9877990378916883 0.21494707087022988 0.9648887518498186 0.8576763340662409
0.9794078481371299 0.20747674803599916 0.9602482961294525 0.8844873040099903
0.9938455032485521 0.19519081883595957 0.9699230798442188 0.8777759553878957
0.983025671770001 0.18223314606741572 0.9633401221995926 0.8422556438192722
0.9882149838221945 0.20817843866171004 0.9690151470741909 0.844913343013377
0.9867142554039988 0.18030695335659874 0.9676020051968928 0.8741604284403941
0.9829148430124253 0.17678413927982514 0.9652702555978555 0.8778256968363773
0.9903350666092248 0.10307622964674067 0.9606013818988314 0.8478103267728163
0.9912207121605824 0.1513941276532801 0.9684225875208536 0.8456556655095591
0.9901078400347 0.1348673568424458 0.9697847902413061 0.8746664614121511
0.9880303428709059 0.12978559205449117 0.9641972772568694 0.8791282190831952
0.9817713248238222 0.18398967075532602 0.9649908817923791 0.8712947026200039
0.9867871936562563 0.18624236579877854 0.9747002898013599 0.8870971446948293
0.9867475239410897 0.13187585399180168 0.9664760280744646 0.8895292776998598
0.9893268483804506 0.0822244539291991 0.9695822573243115 0.9068481313458631
0.9859569355125002 0.05607226241053317 0.9656398934531071 0.9236776859504132
0.988785506999565 0.0358446348303815 0.967058566562076 0.9141892157247772
0.9817641316372002 0.003066995937226161 0.9631211380181103 0.9300109930377428
0.9864521681468993 0.023397035184854437 0.969571460173875 0.9382931031288787
0.9860909905359169 0.0 0.9700212109034398 0.9267948988938209
0.9923809546732391 0.0014386347851969442 0.9740250572336899 0.9044604123745875
0.9895837509917489 0.0 0.9723629866853059 0.9073008226719634
0.9888403705394618 0.0016016474087632993 0.9744658384336405 0.9207233970874232
0.9894469057954232 0.0 0.9733711313713479 0.9401730388687476
0.9872168479240522 0.0 0.9729065130526042 0.9156898414739232
0.9896219281663516 0.0 0.9753519792203436 0.922608024691358
0.9918886895033013 0.0 0.9752538321307411 0.9345815761394238
0.9896105751689684 0.0 0.9774606738860117 0.9208474378428855
0.9878450457167223 0.0 0.9783903201027634 0.9298765978639809
0.9910208144565398 0.0 0.9816787858472212 0.9069943754034034
0.9855522739348718 0.0 0.9759351706327727 0.9027367687348132
0.9873672997144516 0.0 0.976873069980304 0.9088473301036564
0.9915146976882562 0.0 0.978683794407379 0.9111645904931742
0.9911756480639334 0.0 0.977039227505506 0.8991403965679774
0.9890815816381647 0.0 0.9770942071594101 0.9204611889379778
0.9866533854583267 0.0 0.9753297038372042 0.9306110793832096
0.9863035975416777 0.0 0.9767505174472032 0.9480031529164478
0.9843813124385901 0.0 0.9729787984821542 0.9422517557169502
0.9926196258088917 0.0 0.9778861736975507 0.9557053953498765
0.9877612211634124 0.0 0.9739419014368058 0.9388199477817317
0.9862516077449855 0.0 0.9639029805447046 0.9082947822360078
0.9888295155886053 0.0 0.9656240855499294 0.9400250824860279
0.9837531179504507 0.0 0.9576304128854694 0.9368298518067781
0.9829936645490741 0.0 0.9491511413740055 0.9214459739719316
0.9935261634967347 0.0 0.9530975222681326 0.9210840866631841
0.9882102639622865 0.0 0.9152607085663153 0.8591275427186272
0.9912088689330038 0.0 0.9272360724890689 0.896266205704408
0.9938589118755679 0.0 0.9334181399142608 0.913771269369805
0.9856223688271155 0.0 0.7461309623826007 0.8306651978870809
