0.9851913974942509 0.0012737146204171588 0.18154119507243496 0.07939021975846366
0.9808150900737828 0.0008647996480676287 0.19019965291598337 0.004491725768321513
0.9852176713588604 0.0005433023067583974 0.19620867802504757 0.011509635974304069
0.9812467523368579 0.0020691622261484457 0.1954377243150767 0.11675423234092236
0.981019345351522 0.0014279925126879063 0.20331526728955335 0.022374309028691763
0.9821685080110539 0.0014984267503632847 0.18060701534790785 0.021791767554479417
0.9861381593340578 0.0013470672937339865 0.18390479781421626 0.12448031303497188
0.9716201601206914 0.0014567925262748151 0.1757707084269439 0.05271751807790996
0.9843252699434755 0.0018433259987343464 0.1887325012799927 0.19632392115077252
0.9787462081917807 0.0017335947935317021 0.1999423863748398 0.21849450239639132
0.9862621263603684 0.002608601418088367 0.1914295926545997 0.19603356216628529
0.9782400456447505 0.002512521055806319 0.19797935461017485 0.11311184377377631
0.9862940906782268 0.002698894239447527 0.19560294052966262 0.07256461232604373
0.9772703796795915 0.0033770971235538598 0.1975037016151522 0.192512184315463
0.9864350429700843 0.0026233563402209567 0.2060088125747295 0.17645659928656363
0.9772709290166925 0.0029335452654215654 0.18918142221857298 0.06973262032085562
0.9850677746417453 0.0043955740708436445 0.1975483900218958 0.05831177992005643
0.9860059073079194 0.004968100399586553 0.19688319084733283 0.13837489943684633
0.986280030366611 0.0035559969003124813 0.2062687367856354 0.16021505376344086
0.9799026573824072 0.004003900298616613 0.20885271989825296 0.15879648976180527
0.9812140019277334 0.004344870362459334 0.21327764312325637 0.12686567164179105
0.9861666805062237 0.004807156533984418 0.2006911766826403 0.12606615352610775
0.9854514185447932 0.004481202600160244 0.21891638763722018 0.19566179725542276
0.9896872009632117 0.005842389315578938 0.22423477422426216 0.22287923584261995
0.9910661550118998 0.0051144030446207385 0.22106068785822583 0.10449989336745574
0.9919409778759881 0.005592828338942491 0.219771603444802 0.06877219211362362
0.9833243977741214 0.005364147544571457 0.2235791083813828 0.18863588886567786
0.9873270116095209 0.006223568595078012 0.23216525433614835 0.15225097483162
0.9872157824865251 0.005369085469951603 0.22671043737606397 0.12154108131119626
0.98952872147464 0.005830955684108578 0.23314778139274825 0.08286219081272085
0.9873529397681512 0.005177016066353101 0.2269594291100722 0.12367167460608282
0.988029167412626 0.005744645866732437 0.23086050659109425 0.15396239086635324
0.987382366087239 0.006179213534213948 0.23043117854740433 0.1087866108786611
0.9907116980307474 0.006156901279895405 0.23768628756648186 0.1536283185840708
0.9904147032724466 0.006136431520329295 0.23471233886853107 0.06876663708961846
0.9897764808770516 0.005396617586949774 0.23477373919033273 0.14555153362545248
0.9901673256055914 0.005649600596001821 0.2409711809916149 0.19529969028967026
0.9901126431008398 0.004694164314403313 0.2424841565685484 0.12510602205258695
0.9911390424788192 0.0036488263494134335 0.2408269508763627 0.17425510545698025
0.985093696243982 0.0034472348775556627 0.2588938947319235 0.24096926183531522
0.9843553192037353 0.003921803651167657 0.25272116388410176 0.20113636363636364
0.9798425575445061 0.002746689010678956 0.26397923493300857 0.11212378126324714
0.9917340815174213 0.004432698433989471 0.2602062326055306 0.31397043514470124
0.9920094672641023 0.003862930984344185 0.2720305341175931 0.28105621124224844
0.988091326155014 0.00457133288680509 0.2673097974822113 0.2800958275104811
0.9882420698893628 0.004146123289936112 0.2802950713114197 0.21890547263681592
0.9845355573865827 0.004438961386193851 0.27663998493266784 0.3639434241080853
0.9856983191024506 0.005198883719357494 0.28134878026941595 0.35380348652931853
0.9890712636625317 0.005688388445679978 0.2829060358851241 0.2861060329067642
0.9939531884712103 0.006087403642668344 0.2841521354963872 0.21601080898496874
0.9842365296699074 0.005983490634419676 0.2853956823048383 0.3560928433268859
0.9872467908756379 0.005951990842082727 0.29412656158392564 0.3528085991678225
0.9881126972220108 0.007534562084103384 0.3006426626137004 0.29540229885057473
0.9864765463519408 0.007772532487502217 0.30095254882660927 0.2437519284171552
0.9903387810691181 0.006598388952819332 0.31391748046721724 0.26666666666666666
0.9837931399993255 0.008432548852859071 0.312406694676636 0.3987103707684041
0.9873019093078759 0.007558801080731788 0.31733941497273177 0.32558139534883723
0.9911036584567051 0.008076162268445179 0.3264986425389817 0.3187749184487133
0.9896677701584299 0.007956119151709344 0.3189907978966164 0.2681516748852236
0.986801659541132 0.00756914884718063 0.32242993280969817 0.23814118025406014
0.9873358704330748 0.007636977287095735 0.33844203724299105 0.22706561360874847
0.9810918768792787 0.00693805912145858 0.35538546973465 0.24582518429366632
0.9948708266465276 0.007397971065209647 0.3555171264137141 0.27668539325842695
0.9862751164906415 0.007269135625792207 0.3582074316874372 0.24758220502901354
0.9902596126047991 0.007554814937964685 0.36330028185007196 0.16760392546035946
0.9871087556453365 0.006608090330922226 0.38090631430457234 0.1811722912966252
0.9897333156180873 0.0069952389482793855 0.3546634618876934 0.2065380616841862
0.9919308127578048 0.006311961411724681 0.3698216955801727 0.11689545934530095
0.9845711503617316 0.006300823883620076 0.37873997738261556 0.26534859521331944
0.9892676790112049 0.006796294872680224 0.37984347838562277 0.1757659281246687
0.9886579443988293 0.006645764735205762 0.3874781245298259 0.19579804201957982
0.987942338566251 0.007471645327807673 0.38691257205924845 0.23842823842823843
0.9851651273305613 0.0074562956175879555 0.3844356938389808 0.24839788241850097
0.9848913073455826 0.008782781456953643 0.3947922424548714 0.25164660458778104
0.9845418973808806 0.008145783559865352 0.4033816691970923 0.2941812935801875
0.9878119236226772 0.010189206797328845 0.41537678352185775 0.3449421965317919
0.9920464269787511 0.010912721638836288 0.4238411697479311 0.3706847764572722
0.9862896377182916 0.01278594307576886 0.4209928844781068 0.19916688362405624
0.9842300167104722 0.014085064740387933 0.43381143243767234 0.3043579044969866
0.9914356533761889 0.014080576776871976 0.4333110756370767 0.228404614518852
0.991242312247945 0.014423933219205808 0.4455231835922014 0.16216216216216217
0.9914585000672838 0.014894988378784032 0.4517763353682568 0.1436759485007913
0.9919547448506478 0.015341314149746781 0.46174133553301455 0.12975659302789566
0.991473716687607 0.01738248287501241 0.45402188255992965 0.09301847521648637
0.9899986772595158 0.01600635069784773 0.46602014722474566 0.07459433276822475
0.9928957283847569 0.015833624091483162 0.4754590680466687 0.07771724152551356
0.984202050723492 0.01690532586552981 0.4828246778595823 0.09567924108797154
0.9930723910386582 0.015881004032547018 0.46543257674748745 0.06516674319337448
0.9899847858239678 0.019507939206969985 0.562766480086981 0.07061370047726345
0.9903007122193759 0.01615310871461791 0.4886047121868312 0.09740308618742943
0.9922308782877112 0.016979439307772726 0.553270743058899 0.15855969677826912
0.9856867932179755 0.01433285320298263 0.44795912651735204 0.20627325890483786
0.9881114894498246 0.01545654434469237 0.48667753475885855 0.2261153311222852
0.9901720371740901 0.016386998856086726 0.4977896338419638 0.26377477042049297
0.9915547887435631 0.015583561841210665 0.4638050133465804 0.24085383586343279
0.9919057847317007 0.0146357165634796 0.46287446107832064 0.1998502664376624
0.9862358006595823 0.016324193729115085 0.472140341071929 0.1742904058174994
0.9917578635416189 0.017117882724292825 0.4785036505634842 0.24220661772528992
0.9917567025844374 0.016828793178435133 0.4768575489606884 0.25364336007859833
0.9916453768390007 0.016457703987693386 0.49772056021341465 0.315900826446281
0.996356195430147 0.018083725108917714 0.47986989958113546 0.3237964595989287
0.9900489103199703 0.017053533653769687 0.48782601869075026 0.23954116059379219
0.9887395887481337 0.017447119594469748 0.48549044950621906 0.19025725232621785
0.9893828555756263 0.01687185378384108 0.5019135761754537 0.24505312408616825
0.9866258398240085 0.01732590934604697 0.528007553783562 0.2733495014820803
0.98300964821137 0.018647265539963855 0.5256131854335365 0.2814393148109463
0.9944778355809216 0.020803045914550664 0.5440835451967257 0.2878603329273244
0.9908457706639894 0.020794634123620103 0.5673050108015042 0.2839248434237996
0.9841604545471023 0.02069003166284529 0.5579552400374173 0.35494836764800203
0.9810064885426159 0.02168033878342542 0.5717020380755908 0.33290139454523016
0.9833077772667942 0.02277203735109773 0.5714215698096415 0.35885045778229907
0.9883778248948912 0.026747475996845963 0.5950610041686052 0.4042950513538749
0.9869467236578365 0.026216650318304564 0.60025405548838 0.3909915748541802
0.9833612619536595 0.02358776918652949 0.6096220307201153 0.48320560900048914
0.9896623412953226 0.0245515205687322 0.6271493964084341 0.438220640569395
0.9853772521159474 0.025655504533395837 0.636350058936478 0.5003295435821388
0.9768147041166928 0.0239028751460994 0.6529553699305781 0.537347294938918
0.9776662526049429 0.029047221275940435 0.6643652106932074 0.4382553132379497
0.9856755262379612 0.022780830764356823 0.6818380650761398 0.4748796630565584
0.9844249159720705 0.023649666974573387 0.6825560352510748 0.4854818242890199
0.9938734811120782 0.026314670860719543 0.7130986155565235 0.4618014372427266
0.9825741446589313 0.02986474842981203 0.7260114556557095 0.5117866004962779
0.9893910666941785 0.03515925019201229 0.7438910677930939 0.48112947658402205
0.9874951914512394 0.04105473522069369 0.7672491158890096 0.4856963875548131
0.9811376306508701 0.040592597679049644 0.7718130581676467 0.5232218981377609
0.9903248748329713 0.050137797365141394 0.8045580306171131 0.4338180462341536
0.9888127352492045 0.046094024943991896 0.8178465980526549 0.45252906063462145
0.982271771563826 0.060721708862344424 0.8403370233056573 0.4218895619757689
0.9917875022501287 0.07936087942221767 0.8718045690837448 0.5211855705387091
0.9937397776507588 0.12479439537008834 0.9249214774797412 0.582258064516129
0.9937938553918247 0.11052400244610916 0.9162054003759755 0.4653484111441026
0.9897362365959663 0.11501257496614432 0.9175378642508285 0.5900260058130641
0.9913759047279291 0.11876472551141132 0.9227129766933885 0.6702024219923981
0.996865267767386 0.12135702213611443 0.9265452574908093 0.6517194875252866
0.988622336843064 0.12630311040996015 0.9254186811772708 0.6541720990873533
0.9915831138998039 0.1310800649067954 0.9219742137367661 0.6966602494350046
0.9902951938966585 0.14699233122035552 0.9310484086164199 0.6917192097519966
0.9895500578947495 0.14008414302161679 0.9283217048414925 0.6913829340058848
0.9908523658090007 0.16761545384556997 0.9305406960414254 0.6840611697934731
0.9905371099750716 0.15893805309734513 0.9275394894824032 0.7346871929249918
0.9924249091845113 0.1639907610838826 0.9333815472838052 0.7332641825580467
0.9855102632627056 0.16548893960674158 0.9279503541965889 0.6874133527909522
0.9916871730936293 0.17251070187712703 0.9361315221559379 0.6980713810684992
0.9944852092851539 0.19547487503288608 0.9399936089474735 0.6902072909220872
0.9888116793971612 0.21062579759697575 0.9389792145701811 0.736849914682098
0.987944402133446 0.1942705853664201 0.9372029362604585 0.7587510395403342
0.9932353858287937 0.20729212247359768 0.9375457116048385 0.6013219690380935
0.9907817203475828 0.20957569169710683 0.9428005924244284 0.6217183770883055
0.996932901722002 0.21285902439613819 0.9365662532371484 0.473665791776028
0.9917404000690528 0.2161965040670507 0.9419949890060038 0.7238421955403087
0.9927536934234407 0.22663687585000972 0.9431315428963756 0.7777090209020903
0.9874838220522331 0.24892469861270977 0.9396268506512512 0.7445362473347548
0.9914546670387083 0.21230390494492382 0.9430059272484539 0.7722725107193902
0.9913295247210839 0.23453277616186763 0.9439312742429494 0.7657078472958643
0.9890511469547685 0.22811801984312502 0.9411543504934736 0.6385856792186766
0.9935052383804007 0.22144315949683244 0.9446597946193724 0.7761943624835206
0.9913845161427023 0.22851393707998505 0.9429286906944262 0.7380897317298798
0.9853157757441836 0.23419093022339546 0.9425340110592699 0.7918484357472267
0.9880479811237143 0.2693017056851685 0.9472439501997221 0.7895677027509825
0.9916851713624526 0.2507176139170372 0.9464106745835178 0.7289458419026525
0.9867851521511017 0.284770668378629 0.9466604994919462 0.7021127815793416
0.9882767102049856 0.2869019393276187 0.9524548007810056 0.799539299960672
0.9924077105986963 0.2887884863632618 0.9510648107145725 0.8169942001238808
0.9963363127279599 0.30491046141780315 0.9564338044753656 0.8136672784195185
0.9918472047310355 0.30976965845909454 0.9532348183541979 0.7503623369483733
0.9882458169516851 0.27999885199322677 0.9504411768357948 0.7872752279557842
0.9913033804994096 0.2849045795773162 0.9545015396618554 0.8000402131295868
0.9896634842503808 0.29660730214388975 0.9538592860622666 0.7997079581406669
0.990938770531326 0.29007597859494205 0.9546426286556025 0.7964122604642403
0.9870523280260214 0.28200622083981336 0.9529442999168456 0.849165782621275
0.9868835093981175 0.2981151864762316 0.9504771745740954 0.8166855588301972
0.9909920166704617 0.28997307450461923 0.9568951691047239 0.8548772639514572
0.9905046811302618 0.2756729304215338 0.956120370161551 0.8683880784032937
0.9915311971703372 0.2957693869265124 0.9559920795794538 0.8398197811628406
0.9914676804863032 0.30669166764326733 0.9579983025385678 0.8844149481092156
0.9912587432703139 0.32645900937258066 0.9590818354906349 0.8618906350224503
0.9915078464368176 0.33717471456815634 0.9634701281623356 0.8656279287722587
0.9920132641172537 0.31151966842215334 0.9647283422513696 0.871022749292718
0.9876617263300291 0.30611447548349285 0.961372114873562 0.847629917608874
0.9880174130852943 0.3173221378444568 0.9633350380011745 0.8531456131640542
0.9793170430964823 0.3185611639219887 0.9581410830965403 0.8918899733806566
0.9945709022524932 0.2910005157297576 0.9667385548270435 0.8872307380646904
0.9847002004330786 0.25570431399473625 0.9605088021065596 0.8792170066679871
0.9891183405525031 0.26711654024234066 0.9645719001373692 0.8864699295171596
0.987964026491361 0.2527124019362377 0.963265152203388 0.9013461240909795
0.9842632363422849 0.2376108754338604 0.9643333974033541 0.9043731601468847
0.9912614421570024 0.2210667561221067 0.9584224201738976 0.8757676090217053
0.9924971328210271 0.2571223306743299 0.966540287881026 0.8815753536898454
0.9914101781035337 0.21271629370274522 0.9667561553717409 0.9257963187479334
0.9892800876772382 0.25787169744239274 0.9600501235335532 0.9118973561430793
0.9832579505144353 0.2300237972571821 0.9602163740520261 0.9201139050621647
0.9880390626385908 0.3314833021470933 0.9708765477885524 0.9327009607199319
0.9880510955577902 0.23779969197526607 0.9597633554479812 0.9024197909156453
0.990599218215225 0.2643248514115899 0.9629701221471367 0.9151798513552257
0.9863435877774883 0.24845422511801077 0.9577543074757111 0.9134677402575786
0.9896045853053437 0.23622961804779988 0.9610507069784079 0.8993103448275862
0.9825348038749127 0.28825759516368665 0.9627416363746313 0.9252054954237189
0.9873422037451369 0.21296213208901651 0.962028428504769 0.9339964171083078
0.9867912275161907 0.26674482924482923 0.9680378153487386 0.9211763245179942
0.9924108765401491 0.16008006227065497 0.9629770484321817 0.9096552545197885
0.9899241731151716 0.23757527830159986 0.968120444104764 0.906024400239589
0.9901106022002621 0.2017324451699534 0.9662772474128513 0.9184928340268146
0.9903531174701794 0.22688432597882924 0.9652430890905922 0.9332080381668353
0.9887005437558206 0.2579149783668704 0.9704820093061886 0.9185414516683866
0.9906084296054356 0.22221493242356646 0.9705854433075677 0.920278707809248
0.9930852313494911 0.14739171990542785 0.9660953112242915 0.9388786764705882
0.9908346057732417 0.17664956967747544 0.9670322107930648 0.9280263266533775
0.9892760025674301 0.11793821471240826 0.9717970097059085 0.9353405450059725
0.9927204287354855 0.11102054823902878 0.9715235800882512 0.9122141329384666
0.9873517405623111 0.11791432958355529 0.962342767166786 0.9102294417825562
0.989350410460837 0.16259078628820042 0.9671655466055409 0.9262980036364304
0.9932871184530495 0.13511142305667662 0.9716236660260866 0.9421805676816991
0.9928858933576895 0.09857310264010477 0.9676466592534076 0.9321733247529
0.9911244535999598 0.08459515177365465 0.9643467953602574 0.9288666716406775
0.9888642817149256 0.13345633456334563 0.9648846112022987 0.9421079958463136
0.9886179614121131 0.14064793636705014 0.9645573731409292 0.9535449581937594
0.9868727688507563 0.11285567120173351 0.9621226875241804 0.9508485024294727
0.9942629097049837 0.1540750537278889 0.9674232641523668 0.9630093515684237
0.9904684706222202 0.10642749215450777 0.9640222373623327 0.9525906236367141
0.9891800230154169 0.11482551257161798 0.958965444922608 0.9220731549001965
0.9900332267257363 0.10873551288704376 0.9578697424508898 0.9483584333533233
0.9856545521811785 0.09742715207236598 0.953643436372234 0.9494364480999162
0.9857308161156385 0.07162921348314606 0.9437183541053962 0.9357125910862566
0.9955276101367597 0.10511396284236736 0.9510753734887137 0.9389541970661862
0.9908664397352712 0.08737181607674495 0.9316829862050311 0.914367816091954
0.9938354619440973 0.0645693089710125 0.9306751713028746 0.923796255484654
0.9960940302627531 0.059954061782215344 0.9323842696442023 0.9285794836768608
0.9871945137302235 0.0002496047924120143 0.7264697733869799 0.8153979241053335
