0.9851751128005835 0.0015538843636168792 0.1811250120761279 0.0010744023636852001
0.9812599410949977 0.0018998840239483536 0.18972865804016972 0.009512485136741973
0.9854837228175879 0.001793026310866063 0.1961040993639264 0.00017271157167530224
0.981645023464804 0.003466724378299755 0.19426448330698878 0.03857566765578635
0.9815118620296612 0.004567428682762092 0.20326119801030565 0.04020877633868162
0.9822061544941078 0.0031056877947846476 0.18010811034283175 0.0592901878914405
0.9862086939264934 0.0034281093244573624 0.1830244834933969 0.018154311649016642
0.9728956050689418 0.0031985431453119165 0.17571602249007065 0.06136560069144339
0.9851484602690992 0.003950310775183231 0.1878560879050603 0.09488725161866488
0.9792662496727511 0.0036424453510869106 0.19913995785438543 0.18986301369863012
0.9868813386549925 0.004701438365631558 0.19076917353200376 0.11536620392532312
0.9789175330623989 0.004064163815863318 0.1970922223894246 0.043912591050988554
0.9871442200274837 0.004125247834656733 0.19455511852711196 0.04445980188896568
0.9769087083608479 0.00414009503266748 0.19721955039275893 0.15841371918542335
0.9871479594101948 0.004164441336358799 0.20491502059942227 0.10309421395865132
0.9772157908191214 0.004029389236080358 0.1884131568236001 0.04903612202882276
0.9853572856225697 0.005541096382777796 0.19675986616838523 0.02547513141932875
0.9866454449174191 0.005942480822488421 0.19657477552757915 0.07644659314095785
0.985577486341411 0.004744720193083194 0.20625849436029853 0.12362450753973644
0.9804861527238621 0.004909689712480291 0.20879179328894013 0.14656627288069582
0.9812276880434361 0.005733950835731028 0.21220729366602686 0.06995500466932676
0.986854370044805 0.005828761160488328 0.19954966293295126 0.015788047160861907
0.9859278824310019 0.005978538047607648 0.21728417830668828 0.07846332945285216
0.9898783396001222 0.007187021361511667 0.22367715434747512 0.07576751987165463
0.9905592186555501 0.00595758715632717 0.2212043503446301 0.037535730404693844
0.9918922149712003 0.006496103587698961 0.22071238396072573 0.04915783857937657
0.9835553378134793 0.006163020405674353 0.22405181737534785 0.11021106674272675
0.9875065149181423 0.007248803044433906 0.23342692140143603 0.029371089891340137
0.9876352613088477 0.006515357927436061 0.22777923625275148 0.02517399674218866
0.9905806378331562 0.007085662881858548 0.23481903617823266 0.02775154758157591
0.988138247060598 0.00669714720660766 0.22875793961925067 0.05477687313202102
0.988411328887502 0.006824217602681625 0.2298581891849774 0.048677007299270075
0.9886608913066833 0.007266082766787122 0.2307820807985483 0.03473657024793388
0.9920009035197989 0.007575314028865285 0.23640584654016536 0.057291887536576054
0.9909389503485444 0.007873661523549926 0.2348223495951913 0.0356544467528986
0.9904858041378227 0.006806613952688454 0.2354655531504907 0.08456465990963488
0.9909998335568893 0.007180506243783615 0.23981604982752683 0.03881010447716256
0.9911279527052763 0.006156350172700842 0.24353660633459295 0.08336827979535352
0.9917459371098074 0.004853525322740814 0.2394713064043543 0.05883676092544987
0.9842115582987357 0.004943787773893912 0.2585211010267823 0.10495720975294688
0.9856664013432153 0.00602751352986655 0.2532337821489118 0.10166763247698152
0.9806690756727187 0.004626157206125391 0.2642844975175151 0.09885097798438733
0.9922102678063959 0.005927433965662773 0.26031969193632176 0.2534230944774076
0.9919891503418324 0.005822116435989997 0.2718913792242799 0.21362866134107963
0.9888516697659017 0.005792880969789781 0.2673703209126774 0.3033673154155082
0.9886150568090545 0.0058123343474121925 0.27992175819302734 0.1693894220951603
0.9853955124205185 0.006405531552920815 0.27737421389600897 0.2759176587301587
0.9866938245931167 0.006208340021458321 0.2813572786764917 0.3015295887662989
0.9891348752334178 0.007061187764993485 0.2831796171680594 0.18748931806528799
0.9948262165870567 0.007784529653708372 0.28429567817233975 0.17946275481044008
0.9833643143946232 0.007511567814434229 0.2846600633709119 0.29084836339345355
0.9881830640744452 0.00709976352317713 0.29399514030954216 0.2617789985210226
0.9881112197945883 0.009293723602419009 0.3007081508997304 0.23693379790940766
0.9876668983720551 0.009106515714237626 0.29921766643720726 0.11554532792345425
0.9913824441615694 0.008467091842015082 0.3113152615915047 0.1339646610463102
0.9844141835023422 0.009336907416607932 0.31020245219329795 0.22131946701332467
0.9876594597689086 0.009493185804568852 0.316164760243684 0.20966143682906688
0.9917753501073635 0.010163069396432071 0.3248323671509171 0.21163343698554965
0.9902224019314008 0.009861027703612288 0.3166190123195312 0.19818731117824773
0.9874833427402451 0.009889649192166155 0.3200333636394466 0.18059585308895337
0.9875809840811431 0.010009108128605301 0.33568281084120666 0.2132997656046532
0.9813573880174011 0.008609780090756195 0.3513531186351193 0.17444190040068688
0.9949135655730541 0.00950293593287427 0.3520321396402988 0.17014904582810977
0.9863998041941249 0.009289617486338797 0.35679135179461813 0.20139805825242718
0.9902831012215497 0.00978245751405037 0.36046054543072165 0.17243960530792787
0.9872301281147509 0.008842210247520878 0.3779010041968863 0.18618714194780395
0.9892891974938214 0.00888022416197771 0.35217051738860616 0.21109471424738396
0.9923517424613718 0.00781530733812023 0.3674583895127758 0.15180485543774264
0.9848166076751447 0.008164138305197922 0.3749432762969484 0.15904263585971093
0.9897592809108021 0.0093436155650517 0.3733571390759073 0.13433330570978702
0.9890185140038147 0.009139142826802034 0.3813389784307756 0.1250051877982984
0.9879568156205772 0.009144173704075283 0.37966463557292945 0.13585374207912312
0.9854456535145861 0.00942243664055395 0.37915213014569044 0.15926906779661018
0.9850952084032807 0.011050462676052608 0.39155037450555513 0.19112527290965953
0.9849339735173321 0.010342649613137533 0.3946570583629961 0.13899483007034494
0.987142672483048 0.011840157199290541 0.4051213307659562 0.11654162200785995
0.9923801261544579 0.013474984959725104 0.417243214475785 0.1699588686335246
0.9863328342683286 0.014448478674028866 0.41082879704127584 0.10304264966813433
0.9857101213176152 0.015043389224537823 0.4200527855462017 0.11943063273861752
0.9920351722212012 0.016284336094122068 0.4191921820661248 0.10963255494505494
0.9918962376660595 0.0165191853262197 0.4293690222120007 0.08544129777288974
0.9924526520181542 0.015937769523654974 0.42677949220436767 0.07322269181871285
0.9927809190984573 0.016442068484440686 0.43985186501461965 0.0748659377393969
0.9921787840572485 0.0186205987076355 0.4338403306969903 0.06318271354384289
0.9908766450776141 0.01726330591660281 0.4427423806324069 0.05482202241655376
0.9931749678313954 0.01715556982638013 0.4603794480226153 0.06300034806822137
0.9850885586426512 0.018506393946677052 0.4651296141054777 0.06711318278499344
0.994176707063969 0.01784458165618039 0.4484357983716227 0.05140926844716563
0.9905164111415392 0.022186239073656293 0.5442699046163426 0.05516879022724287
0.9909334941582707 0.018519960825709204 0.46950612858138346 0.06579551683778538
0.9927396393171349 0.019586781145130343 0.5427058806488526 0.11308214826760495
0.9866318371915712 0.01611883925413183 0.44235932523680055 0.10894539241473888
0.9884959112045255 0.01729892284632777 0.46554394998691073 0.10226192739022999
0.9904002811423079 0.01822189707949098 0.48857640729868484 0.103887946737014
0.9921207905161135 0.01676962885582892 0.4581223044914252 0.10148843992622142
0.9929586796771473 0.01703714283566494 0.46017846617645636 0.1119180881307747
0.9875605249169195 0.017845275460635874 0.4658140528906029 0.10399447637227627
0.9929704434984754 0.018697391494116148 0.4730464697779165 0.1306953534441686
0.9926342646762276 0.01841582823739905 0.4697911479867293 0.15964427560006908
0.992389811567583 0.01782172218714323 0.4897881728583468 0.1807376784445449
0.9971208139653752 0.019483866005153647 0.46768639564778774 0.16044330775788576
0.9913046997472947 0.0184580007728602 0.48022996502743004 0.13338478979232496
0.988430051979379 0.018589516052610867 0.4761316712995696 0.12356889877275348
0.990189101260675 0.018302142289008526 0.4956229540217681 0.14058183809073488
0.9861726728475311 0.019185499670021876 0.5225824648697124 0.17022905258199375
0.9836610271738292 0.02070150890921497 0.5181754570877012 0.15703608454552762
0.9954084860029776 0.022470185319478926 0.5422125556200115 0.1765798045602606
0.9915437893669908 0.022658736884847423 0.5646302472004665 0.1883170559960812
0.9852963389479052 0.022498330187837944 0.5559480052223215 0.29322332437192916
0.9815042900213431 0.02402897506883642 0.5661595419342443 0.19059623971084044
0.9836311866490975 0.026142413487133986 0.5673080465807225 0.19605536958291866
0.9886561181460928 0.02843796985942386 0.5940091383372733 0.25028679931959336
0.9869398690590744 0.02868918937405583 0.599425854322223 0.2338545441993718
0.9840680468899617 0.025840097791697294 0.6091820001951047 0.32489776280971855
0.9900456078740018 0.026744403566751885 0.6216394601830165 0.2561246405300135
0.9863191020397762 0.027296581212977705 0.6341021528382801 0.3058808222742649
0.9779090560735726 0.026798094757882984 0.6510610931495847 0.4382517790792871
0.9789186720516012 0.030673873066547182 0.6588957588550373 0.3056785453294932
0.9868392459215807 0.02501700220114518 0.6766521462125392 0.3224657787643359
0.9866028670775381 0.027382716649255363 0.6778042688206991 0.33286281429201586
0.9936006246605106 0.028962342051950602 0.7068011532188968 0.3144327704283466
0.983973234797352 0.03346805142133719 0.7204532652742077 0.3299828065070758
0.9904474179738041 0.038450689009458874 0.7353876488129251 0.2673554718545907
0.9886737992213398 0.043335969219932616 0.7591124145627643 0.28205128205128205
0.9822385904545384 0.0414374607014132 0.7649567947924546 0.3191584058264212
0.9916856360199082 0.05104178150148826 0.8009561080417434 0.31973497791482625
0.9892851582340675 0.0485666873022424 0.8138978255641247 0.3359526790725789
0.9835673007919221 0.06452486780980665 0.8386898528379375 0.3439581351094196
0.9915851685608109 0.08155742148441736 0.868549393570635 0.3971325167037862
0.9944025650477607 0.12846522049088502 0.9230897426524634 0.48912978379349586
0.9947323445034487 0.11940613431032168 0.9184570958861544 0.5385680379746836
0.9909220453246725 0.11815899905992266 0.918402898252482 0.6162689804772234
0.9922282956120756 0.12667835392114143 0.9189377805051198 0.4763799104922924
0.9977772600857875 0.13019172636548096 0.9267214678203244 0.6289885297184568
0.9896966762853391 0.12274158057290588 0.9202540493926211 0.7194768580155063
0.9926805207523258 0.12845043627782757 0.9164463276654868 0.747383791676807
0.9900021621517154 0.1451245744836372 0.926699077906604 0.7390381317873765
0.9911256349149034 0.13975930971843778 0.9257685226801964 0.7254183266932271
0.992250910063337 0.16565840634833187 0.9280277626203016 0.6368310669102226
0.991439001682571 0.16089543250511365 0.9239540497980748 0.5755756339259691
0.99395816654288 0.164766539991555 0.928669852179078 0.5361710941950184
0.9868272578320674 0.16370753829040816 0.9201497437226238 0.4666992926102238
0.9919610157692424 0.16975978147344742 0.926635053986144 0.4445434109513509
0.9940201995693185 0.19428298621471624 0.9334137318283673 0.4909205890324329
0.9899063449115036 0.20647186380572427 0.9307305531381181 0.4612143428980744
0.9889939303244488 0.19144296649948928 0.9279306363175304 0.44873687664041995
0.9946771753315452 0.20530712997246747 0.9210446210288432 0.2869878365106147
0.9917360405596689 0.21224014932624205 0.9232949423816642 0.2651301608356823
0.9977966619795806 0.20554225763042883 0.9179971488241895 0.25558388355015144
0.9925525461271659 0.2179906013620486 0.9207154891035048 0.2755971116459915
0.9938537847746388 0.2244017976436293 0.9423966055873599 0.770532319391635
0.9895121571316969 0.23267192492248198 0.9339518739243238 0.5715378729915838
0.9933462888093068 0.2027900397531888 0.935399553407862 0.5379656797368187
0.9929088366161021 0.22612326291518664 0.9306542367453619 0.40554661058719155
0.9905039063800244 0.22038479682778495 0.9266416094794373 0.36002977503308337
0.9944871011923467 0.22242857707353697 0.9250147347580732 0.3116516918371248
0.9926405239683256 0.22750578460244006 0.9334306844025589 0.44095020439694854
0.9870295006334349 0.23319822791969083 0.9316760980978014 0.4315035799522673
0.9902005605358882 0.25364188681821287 0.9408404303500519 0.5605740482359977
0.9933732381762309 0.23948971508181496 0.935894587147809 0.44401922664788906
0.9885586792028769 0.2715203984132959 0.9326527496412941 0.3952073829374443
0.9904564291168088 0.27281532826830523 0.9427695178469727 0.5047908544241062
0.9944745011912719 0.26605517337224655 0.9417508358975251 0.5218320610687023
0.9982372142618816 0.28795953391744195 0.9471808036935875 0.504450476611325
0.9933121392449287 0.2919958564603658 0.9494045052634372 0.6295953757225433
0.9893490273055162 0.2693946255139129 0.9437353001054337 0.5713891856497915
0.9927718354184699 0.2809811838682392 0.9482738870950338 0.5712808539026017
0.9905703204754476 0.27743803792143923 0.948958031789763 0.6432501834189288
0.9924808482579021 0.27391918349006644 0.9475655649377296 0.5799569387355646
0.9884730484038019 0.2716984217842833 0.9476775471894879 0.662095879130715
0.9880855884899508 0.2661062638572089 0.9425155873306177 0.5894954227414234
0.9919639972358634 0.26077439934844576 0.9543414640655663 0.7821184051550544
0.991823822179603 0.27082829110271256 0.953849275706027 0.6850686692375346
0.9929547258272434 0.2795585820000369 0.9580721488358395 0.7898246951219512
0.9928542931562632 0.2753620473237537 0.9531165989214845 0.6460567823343849
0.992172128035127 0.27232456377289177 0.9535092286976851 0.6936515748031497
0.9925511075508658 0.31127690802348335 0.9604890019768059 0.6862109605185621
0.9934150657229525 0.3180989312836138 0.9577810772717685 0.5699154649428145
0.98932640497964 0.30770333556341395 0.9615524929573567 0.7145573449338827
0.989159503179917 0.28596759099640445 0.958928622483388 0.6394031997123854
0.980329871578098 0.2834658229867333 0.955492615143452 0.7343638593389042
0.995095495385492 0.2559204533954053 0.9627343941476835 0.7125378274026922
0.9854417743676355 0.23873425139173748 0.9577196912191287 0.708819496546193
0.9897570900246886 0.2518530250237567 0.9651942775861893 0.7703885389375105
0.9879252006727229 0.23284882796348716 0.9609272881051849 0.7322566415057348
0.9843811105957938 0.22142334489231064 0.9592648117620507 0.7546660117878192
0.9919057320019148 0.14152525651144435 0.9571553405619788 0.7975369704236611
0.9926436287442534 0.21493813960592636 0.9651218165831764 0.7958754412262463
0.9916337112418755 0.1899613371197865 0.966835194200057 0.8175007135381981
0.9891659624763198 0.20655355756018878 0.9609986364970055 0.8027455357142858
0.9834038039801292 0.25299290570499555 0.9649147716271997 0.8581198967129597
0.9882312249459009 0.3271415270018622 0.9702020907606043 0.8034047452609071
0.9886570925228018 0.24573585923279176 0.964261801858555 0.8149531225170825
0.9909486625610523 0.2527349620775226 0.9672611753172075 0.8268040436967615
0.9863422068800791 0.28004782333497436 0.9658796532381438 0.8534849568851903
0.9897649917843779 0.24936144126962503 0.9700722926618043 0.9072381613450563
0.9827451535666245 0.30114316820903647 0.9680289493453531 0.9050583657587549
0.9881193543418734 0.24481312119723367 0.9721899641935882 0.9285209288834907
0.9875732222059407 0.2267850046363757 0.9713829349233356 0.8799477314454902
0.9934037685530293 0.1990484429065744 0.9756043424699469 0.888465236023529
0.9901085232145417 0.16213270142180095 0.9719409440073054 0.872529761904762
0.9901241022468986 0.19032941629743788 0.9707993571908358 0.8415998894722299
0.9898745549819006 0.03375645138792021 0.9710440027527021 0.9057419363720213
0.9881494347518138 0.079023998393413 0.9712905059693008 0.8956457153467645
0.9905624117077007 0.08533905667126578 0.9750279564954077 0.9245701749910719
0.992843699280433 0.04392603947116306 0.9727522633851078 0.8936277572204334
0.9906094601938576 0.00022616759018432659 0.9692083765852778 0.8570139343998109
0.9886438011689191 0.001815896074870792 0.9738900313930515 0.9027928792239633
0.9917922839045297 0.0 0.9766843379291621 0.8700192786491383
0.9864425479031665 0.009317256498590666 0.9691104155529348 0.8655301807989821
0.9884682728850699 0.015133972874627854 0.9692652543077989 0.860617296491941
0.9921147378134565 0.0252389486260454 0.9718687396188287 0.8780711616679343
0.992109298126919 0.0 0.9727771791422951 0.8874584230091959
0.9900695982244351 0.01616665326148154 0.973245503598642 0.9156946343817874
0.9877945444138106 0.007264336381505854 0.9743379321416739 0.9399404184564223
0.9874359480932601 0.006236831015592078 0.9755771281884411 0.9570994161264688
0.9858177605927263 0.03496562133154452 0.9721038566466094 0.9453231989187831
0.9931808026075168 0.00020406775049316373 0.975162180820455 0.9558975212111129
0.9892283536725823 0.0006813978389954249 0.9732527150765177 0.9454567328176928
0.9879223874667925 0.0 0.9637178670027005 0.9147254063000722
0.9884867233951473 0.005433455433455433 0.9628080912362271 0.9372197495944429
0.9844892232816845 0.0 0.9559076519802816 0.9393294966519999
0.9847482231630482 0.0 0.9458337848404886 0.9236844298501492
0.9943468846244382 0.0006095330976472023 0.9521809240692529 0.9248185989240534
0.9896859136706323 0.0 0.9369907653023813 0.9063094252527533
0.9930416585876249 0.001052430156907769 0.9371714073387476 0.9161450551668608
0.9947051662935312 0.0 0.9403929388082395 0.9283804976539534
0.9867855412932913 0.0 0.769150048997817 0.8546493277776747
