0.9865209264129589 0.00029189601353444373 0.18121097544753528 0.0
0.9821824173847848 0.00011724398473222777 0.19016179171683295 0.0
0.9865010045764037 0.0002944152165115338 0.19575151221173212 0.0
0.9823326299859525 0.001593889786705084 0.195399468505259 0.0
0.9822516848293242 0.0010615495576030312 0.2032201980497392 0.0
0.9832214330839646 0.000986633188095414 0.18078476029424737 0.0
0.9871042941851569 0.0010010430790677396 0.1828535659732611 0.0
0.9734833252031553 0.0009538084207657719 0.17575110504394736 0.0007866273352999017
0.9858590189640809 0.00158137194177764 0.1879525017025104 0.0
0.9800597114723955 0.0012701860097243717 0.19964675878462224 0.0
0.9876840195105616 0.0015186286077108393 0.1909432334062508 0.0
0.979496499747303 0.0017142292764544302 0.19785917905671088 0.0
0.9878128502631569 0.0012107242791481627 0.19544257596349496 0.0
0.9778531173489653 0.002456959200001565 0.19755506302812023 0.0
0.987454896573496 0.0010973801772160628 0.20529770055243401 0.017615325333039746
0.978044745577847 0.0016315867400215078 0.18871576187550507 0.0
0.9856698121206983 0.003553424114577222 0.19672336236534674 0.0
0.9869351602630759 0.004104925216860703 0.19711344925843194 0.0
0.9861932514420634 0.002712811953264826 0.2069698762405054 0.025110132158590308
0.9806894983603955 0.003076149970449022 0.21041590457256462 0.005686013882735194
0.9816929737837929 0.003155656805110705 0.21183389995454224 0.013254292265533247
0.986668366404143 0.0031037158375722047 0.2002460312338668 0.0
0.9857976696650913 0.0034023323128769363 0.21854405684848396 0.00321590410758661
0.9898549930707644 0.004824308153206303 0.22352265046685096 0.018196687793907176
0.9911563575936845 0.003665699111640241 0.22087681246050586 0.005557854904511323
0.9922113553355871 0.003287246505931336 0.2214162208344352 0.007280080889787664
0.9836499352930301 0.003500947426772025 0.2251092054469679 0.02010775447373485
0.9878398720207453 0.004875834462880488 0.23539039653736873 0.00426429455729286
0.9876253321969959 0.004126855073084732 0.22859372866442643 0.0
0.9905865203609684 0.005253175168713585 0.23659709309006047 0.002874625272062749
0.9883357075307947 0.004483731652423679 0.22981583199741967 0.0061068702290076335
0.9888196804586301 0.004439937427428055 0.23114016781223565 0.009354883527068958
0.988527316146487 0.005048342477918612 0.23170085899734114 0.0038925322614766235
0.9920719685530421 0.005453287140299514 0.2375551170821338 0.019109566903684552
0.990844668973109 0.005700361568714942 0.23577141716098707 0.008680943414291641
0.9902817245155886 0.004686002961414511 0.2358157869889529 0.03384506257283275
0.9906774911217114 0.005142417753915285 0.24159879053709618 0.015600720989495928
0.991017483695153 0.004142861881110125 0.24452569370286817 0.015534225814599647
0.9918410788300618 0.0030667920588625217 0.24235504415747414 0.04336744255781701
0.9845295145191115 0.003213619026155436 0.2600670416328697 0.02873492493231602
0.9855320411877536 0.003883919794007156 0.25366866466162824 0.061527057079318014
0.9809119856343128 0.0022634158441247414 0.26537239741166896 0.03763980979170853
0.9921198758268321 0.004036725713345304 0.2604088163699867 0.13836310317248735
0.9919120463483483 0.003581051845378962 0.2723281940472473 0.11516694963214488
0.9886605921506793 0.003947317447038413 0.2676404992313251 0.1406998158379374
0.9883794603556075 0.004065372461262354 0.2796396508359673 0.08254604446989217
0.9851441876295678 0.0041654288369035505 0.2777081124252568 0.13475244702081154
0.9866084956604844 0.004353319974833856 0.28191644181825193 0.13964625009654746
0.9895512984862911 0.005297377437080367 0.28412916209293815 0.07296867907399002
0.9949711031852259 0.00573460173897521 0.28433185564349756 0.05027743177443098
0.9835127179793639 0.0051833175595759244 0.2846474451776108 0.1293443210318882
0.9884228353074498 0.004963506523762596 0.2940365578991942 0.17966472303206998
0.9877856462004502 0.0067954057413791 0.3009439058632683 0.12266061735396581
0.9874743928139279 0.006815431683330731 0.299786174499486 0.06428571428571428
0.9915928482676283 0.005900710919310485 0.3108188320801451 0.08586275557282308
0.9845455639821837 0.007085414755844658 0.3101093608117178 0.16476645825671202
0.9875037265821577 0.007148724161890891 0.31522333463065677 0.15532040846529524
0.9919134801927902 0.0072645585342517045 0.3240638118423583 0.14189499464258382
0.990249433374675 0.007578111615872209 0.31530195417519363 0.09518655653659926
0.9873019144319527 0.007469179610970754 0.3201123787866063 0.11036447693796365
0.9873595489249323 0.007684259760720792 0.3356208588074981 0.1393730576949061
0.9813085303810278 0.0062810875690411045 0.3521804535536977 0.13289058390320885
0.9945970698104721 0.006939393442808936 0.3532467490249716 0.11866658614650644
0.9862012274811699 0.006812440442309783 0.35691130235282714 0.1193967102843029
0.9900075504160822 0.007673145409393446 0.3599939768352339 0.1135319876108085
0.9868567941810719 0.00623733207949145 0.3766583144582094 0.10699720478394355
0.9892598678460301 0.0063852349332188755 0.3531039661000732 0.13486842105263158
0.9919589434769304 0.00581071461731299 0.36925870722088683 0.10079141271718366
0.9846738101664629 0.0065542386427149876 0.3774714511542221 0.10475231574708015
0.9893067449125006 0.007204996159508834 0.3762511567506483 0.09895176544766708
0.9884107958748791 0.006831679138234162 0.38459160117075847 0.10272704317818365
0.9876725826414006 0.006550697382855352 0.380681218521437 0.09613883830688617
0.9851000257474237 0.007358313396428158 0.37975435313520883 0.11386544489992766
0.9846981967830359 0.008888841731666267 0.3915464142804888 0.14784710017574693
0.9846780529174766 0.007654241205801081 0.395794728462931 0.12023716104281106
0.9874987010538984 0.009524417872961552 0.4082334895233326 0.10234204382860156
0.9924143465854317 0.009998551933857855 0.4161423953462335 0.12906709869042798
0.9862087709234519 0.011447128238605888 0.4124924875465495 0.09424950167362443
0.9854281362071654 0.012103097310658914 0.42463226539754706 0.1155669249868332
0.9918770311897654 0.012610232547523744 0.42425891063403537 0.10199183317228266
0.991776208440482 0.012639304359107803 0.4318334042741152 0.07325581395348837
0.9923511664471169 0.012866194289017445 0.43312564658526376 0.06944021904472163
0.9929021189955508 0.013613603090655837 0.44707659825864626 0.07204787391622065
0.9920098542393759 0.015611529230840925 0.43569292042920227 0.05742206676485027
0.9907888098496173 0.014374806277658681 0.44230763008548335 0.04837561957108505
0.9932886537109866 0.013760955913731412 0.45821819998853713 0.054556541963298066
0.9851118427139733 0.015266110861122227 0.4681767531127102 0.0643583597849323
0.9940010795699634 0.014374359743962834 0.4531917764718145 0.050621578758888834
0.9905223090716219 0.017150735480469977 0.5489979424515049 0.05475458706520162
0.9910803396163943 0.01424714309910233 0.47371289353092905 0.06592593783666446
0.9926756903804872 0.014972743926545021 0.5476320975192637 0.11774734642248254
0.986419539357605 0.012832236807977388 0.4454393729213245 0.12524745573679075
0.9883959377450986 0.013962726834675272 0.4716102043407334 0.11427165099349758
0.990762022578004 0.014781901888780726 0.4939981451079031 0.13134251732694446
0.9924447653360211 0.013640272023762995 0.4606159451191547 0.10151981485457973
0.9931429700384413 0.012024972160230494 0.46193605635472207 0.11890986203104956
0.9875737840473375 0.013623994957492275 0.4677103811768006 0.11663175957001186
0.9929137623719333 0.014531724751493807 0.47632884496070177 0.15035624141346368
0.9927973565356806 0.014247379056076617 0.4738198322795575 0.1574094401756312
0.992292210644182 0.013390574671506724 0.49247445275798835 0.1831995103157743
0.9968730268498752 0.015434357001914662 0.4734291744806737 0.18120033458803847
0.9908273807327382 0.014429212104797789 0.48307447808718157 0.1431753633680459
0.9882630472194119 0.014980333082266298 0.4806270596231715 0.13023298988211268
0.9900496042066637 0.013172891316235037 0.4995541205412054 0.14188646942378685
0.9868135917598322 0.013948367422782102 0.522802820054254 0.15128923766816144
0.9834958454608825 0.01542003895260766 0.5210733558117933 0.16376398719492496
0.9954334934076097 0.01757537608475787 0.5451068493502904 0.1663961297304179
0.9913221948862244 0.017597690244795208 0.5658169651511489 0.19106691608414558
0.9850909130456323 0.01876285876876833 0.556383692035614 0.2855711900787026
0.9818895663500877 0.019070111145165627 0.5709329705734046 0.23246361102508517
0.9837713007875108 0.01882706042556345 0.5681418874315753 0.20521065756660978
0.9885313229661817 0.022961612596084625 0.594348624197341 0.2332846041394168
0.9871195233758195 0.021947285802084923 0.6005890940638162 0.236642625846335
0.9842481390578618 0.020190834726713857 0.608702362056473 0.33359817786959056
0.9903117653565512 0.020673805192829804 0.6223017457107735 0.2686242084459323
0.9861754674745735 0.02117004373675938 0.6333717111819048 0.33969659947057623
0.9783279281948967 0.02029113166423869 0.6506257017811271 0.42045454545454547
0.9786818408020663 0.025007132867787035 0.6579028034170091 0.2933374056459706
0.9864353470501477 0.020372608799909955 0.6763465657401548 0.3069901843867535
0.9867666370364971 0.019915833489693623 0.6773113357944063 0.32902579969968604
0.9942332735544326 0.021541814190530233 0.7062151983269453 0.29959754289345475
0.9838412207417377 0.025579393288499074 0.7210028428065786 0.3435408541576388
0.990173597187562 0.032966239176039656 0.7372367988906324 0.29694305694305695
0.9880851569196452 0.03704024895850358 0.7603000817823371 0.304322695181867
0.981978660624564 0.03465201389391917 0.764761430767554 0.32602383531961
0.9913913059134295 0.04310460588156305 0.7984938613136843 0.29720688404336787
0.989731911493264 0.03958200300295118 0.812000717861876 0.3080225711481845
0.9832388237841758 0.054997982650796855 0.8351803934593371 0.294034632695095
0.9916912632450373 0.07018699609568592 0.8652937146904722 0.337979523868262
0.993810489383313 0.11103133494025334 0.9169530090063522 0.35324605692328315
0.9945376073645847 0.10461755579828522 0.9154366558264296 0.4483226025076245
0.9907435202833607 0.10239217638274822 0.9161621066541422 0.561519124940553
0.9917171351990031 0.11108274270307808 0.9183918965750448 0.4980385056430684
0.9978047658677119 0.11160877418277111 0.9252690413946849 0.5770449794321937
0.989751492876257 0.10735130913724363 0.9214141286642024 0.7071747061207945
0.9924293158780337 0.11737756255980514 0.9192702016623878 0.7313849437648797
0.9899675530976765 0.134774092739717 0.9286168575879364 0.7245971719829004
0.9909378904265895 0.1270869806567317 0.9260932097602712 0.6999363766502307
0.9920352703093379 0.14933663119297902 0.9284192783877746 0.665429403202329
0.9912242348908329 0.1426857882387601 0.9255234707539818 0.6856674038667333
0.9937628859764405 0.15105519389258049 0.93076677451805 0.6301508811969063
0.9866001768516792 0.1521979163250358 0.9238781475645637 0.5832515160265666
0.9922398759930247 0.15249137911083338 0.9330913723064365 0.696240082787168
0.9943477522089523 0.17028521747530612 0.9364596014634388 0.6213281862597262
0.989705585303577 0.18421278526493923 0.9358953797789028 0.6637346066850968
0.9885614960790602 0.17727187690005144 0.9326792414401054 0.6339579716218643
0.9941263243903096 0.19111004324843825 0.9308179852241393 0.4198817019652738
0.991172823112926 0.19364581592915805 0.9307535317322602 0.3571827836780324
0.9975667344475815 0.19785992217898832 0.9259610215375388 0.312847155055683
0.9924248687025871 0.19898664789157383 0.936442185717363 0.5394047173343317
0.9937592835352187 0.1997186018957346 0.9416420329168815 0.8026593931128537
0.9890685971487077 0.20959413155735726 0.9362778616712759 0.6985174959486226
0.9928104362927445 0.19344654632482114 0.9398909343388075 0.658483268875063
0.992560705979192 0.21734321140093635 0.9382560565254177 0.5599401533570226
0.9900545419097753 0.20265124252456915 0.9336672469285372 0.4844361673824636
0.9941372898721208 0.20378779784164974 0.9382262092587568 0.524373576309795
0.9921649596182301 0.21512039423603413 0.9415740170761536 0.6798749231084683
0.986398313709068 0.22189425928203446 0.940747198943639 0.7146423531965701
0.9895223986352576 0.23677132544560112 0.9418403026862172 0.6317121428242765
0.9930388269662974 0.2213491229041005 0.9409159093204287 0.580735149327207
0.9884680329846107 0.2566529207582995 0.9409603464769168 0.5421838526807218
0.9898793731319622 0.26466010165184245 0.9493062620225026 0.6578900709219858
0.9940868090894058 0.24537379718726868 0.9458941697755802 0.6557398573241717
0.9976318687472002 0.2706652528698539 0.9514005748239044 0.6235176282051282
0.9925879757141879 0.27977279899021773 0.9503031727418452 0.6639849151477059
0.9892597735712471 0.25563613192948387 0.9468241256918843 0.6722403821976364
0.9922826005086994 0.26288509507920566 0.9531587437232535 0.765581095398222
0.9900817838040876 0.26053709453656604 0.9512403636098034 0.7528538812785388
0.9916315584151055 0.2603681743192695 0.9516953278105327 0.7259986572675394
0.9877283392757302 0.2518861769576928 0.9516095341209916 0.8502463054187193
0.9874810742350537 0.2422762380736029 0.9484922903899219 0.8014235785525531
0.9914974161068423 0.23741897260751377 0.9548600106311563 0.8472197469256817
0.9912617673069887 0.2485171102661597 0.9582601783052254 0.8661262050832603
0.9926599275626601 0.26913034363147764 0.9598835344585656 0.8574763380162133
0.9920422821831273 0.26435326237486645 0.9593556925562347 0.8144655360828915
0.9924353135305936 0.2621081548940654 0.9585693306409893 0.840587967183227
0.992552335638645 0.2895917744957086 0.9637388253970108 0.8145052287116739
0.993222048850885 0.3027471862519666 0.9636350123340498 0.7093422336975346
0.9889436545694686 0.29512563715068774 0.9620871869244705 0.7427898583967948
0.9888899126503934 0.28205605983975296 0.9629082796207059 0.7103109182935647
0.9801823446415721 0.2686244632220529 0.9583347953289657 0.8041774631865006
0.9947755498900502 0.24920944812604834 0.9662306832006814 0.7637531257103887
0.9845032945179356 0.22534303936094827 0.9622058598540911 0.7952639222311135
0.9891942462869839 0.23446432799972938 0.9668276098070896 0.8016638250338056
0.9874574825209005 0.2262381454162276 0.9655280954850685 0.8046589109181277
0.9836628487893653 0.21794250086595082 0.9623606346116277 0.802609338685823
0.9912631086767751 0.1358242671305793 0.9587933057926826 0.816166210140059
0.9918145865906374 0.20509737114607343 0.9671360533690961 0.8193318440802189
0.9907805954327875 0.1808697562047002 0.9686105481907606 0.8502855147993915
0.9885216073284953 0.18804755944931165 0.9634874247865074 0.8551454541094083
0.9824193119371868 0.2554459432252869 0.965964257272725 0.8701215153681201
0.987620238681266 0.3278927123401601 0.9736046265312555 0.8546276889134032
0.987685102586976 0.24514155693983364 0.96681869717584 0.8445477088499448
0.9903086309252398 0.24383971750978736 0.970939134272747 0.8807400895809787
0.9861541857136681 0.23726434776011834 0.9686184449321723 0.9046468551179834
0.9890847959238859 0.23460874039769178 0.9705340031238128 0.9073317775184753
0.9821551897244349 0.18793778938620445 0.9658330001060206 0.9029700007481111
0.9875055699973782 0.2403927903417786 0.9737093292110051 0.934970885236235
0.9871999847505403 0.1401463937712714 0.9711678952489322 0.9001844640295142
0.9929933929452541 0.1830332537203748 0.9749683983961053 0.8749939278138511
0.9897826924081432 0.016618824595860403 0.971717208034431 0.895200135424201
0.9893987815594272 0.08817110432125709 0.9747581775301637 0.9078448483389504
0.9896475795600377 0.0002444390124663896 0.971550224131128 0.9104991634132739
0.987942005477038 0.017241379310344827 0.9717967963327693 0.8992535813355131
0.9901602116159408 0.04277836573274662 0.974920519076229 0.9196368054223416
0.9923445899694825 0.006209612277867528 0.9740938360390579 0.9133787240352417
0.9899600827176921 0.0 0.9731334244938258 0.8851167358600063
0.9882996673822755 0.0 0.9760669241209589 0.9100428572970756
0.9913820611067006 0.0 0.9797125223323047 0.8832774393268906
0.9858071666706824 0.0015992003998001 0.9721357179959506 0.8775767142078659
0.9879569136096112 0.0030959752321981426 0.9730508593129611 0.8815715981288836
0.9918146760979213 0.016572137539879475 0.9746640609563533 0.8909339246418846
0.9916199427973843 0.0 0.9740391521488584 0.8865927498623889
0.9896922885606511 0.007302823758519961 0.9739243399838604 0.9088334476868951
0.9871708507731859 0.002743773744195863 0.9752211408050634 0.9352991737370376
0.9870808112269852 0.0 0.9748581255374033 0.9440221282134722
0.9849623685142421 0.018689842070834503 0.9714683107841278 0.9389130823838215
0.9930279645237592 0.0 0.977394109131826 0.9584550868818451
0.98850337129018 0.0 0.9739375785377151 0.9433840799472919
0.9871643347527592 0.0 0.9640219456544664 0.9135739188454723
0.9891643025975287 0.00013234515616728428 0.9648900239816159 0.9397725606818991
0.9840896305669838 0.0 0.9579854526795528 0.94122196149195
0.983918197412357 0.0 0.9495596757873784 0.9253766462516891
0.9939424122364752 0.0 0.9556635066238047 0.931011279254176
0.9888126115494882 0.0 0.9327306988263163 0.8962130303956428
0.9920851245464801 0.0 0.9361790971778444 0.9125626820242188
0.9942119128296315 0.0 0.942139396039087 0.9288267123069236
0.9862824191384707 0.0 0.7538186145940124 0.8383824710183877
