0.985627594646058 0.0015658132752785073 0.1807484976632107 0.0037511212590720052
0.9816499083254505 0.001715284770335192 0.19003970354473695 0.007259786476868328
0.9858197093947332 0.0015417891633669276 0.19584251488113158 0.00403828896201017
0.9816063177487591 0.0032861784181440544 0.1942688323785385 0.038461538461538464
0.9815374873205083 0.004414558503556003 0.2029551717099556 0.0353906650709523
0.9823849752886132 0.0029976661870531897 0.1799062112759625 0.0462815756933404
0.9865529662258045 0.0028758902902558704 0.18292303192885673 0.030100971613640694
0.9730703426350945 0.0031589382776343864 0.17554835098852895 0.043733549301478034
0.9854694645593858 0.004093931314756133 0.18751572102440525 0.06033273201042293
0.9796088187249796 0.0035109843092485946 0.19921965132798952 0.14593817397555714
0.9871078303433808 0.004078507647081001 0.1905002459972185 0.09413815646110264
0.9793169680790235 0.004233314368969747 0.1967307052221142 0.05003523608174771
0.9874347516608668 0.004153467020832263 0.19425679593411335 0.037997957099080694
0.977142210668444 0.004137342175294352 0.19695549629264233 0.1193003144654088
0.9872268107478797 0.004030778703560718 0.2045009617771159 0.07653890824622532
0.9773639432388247 0.0038872890612678813 0.1886362613887928 0.02563689132537891
0.9852979298147857 0.005391573622459834 0.19653995647556974 0.005791855203619909
0.9865492738483214 0.005907790961178787 0.19626832750267725 0.05077951002227171
0.9853824553601848 0.004959992607220415 0.20663310194175527 0.09439983528927322
0.9806056687296162 0.004802486088318247 0.20959483277927757 0.08735177865612648
0.9814511787124092 0.005568538781774423 0.21200861945398913 0.05788916343099188
0.986788829450057 0.005174404472532815 0.20027669679047905 0.011930079360962706
0.9857477189378129 0.005890063940043585 0.21767577649825642 0.06141029455519191
0.9898468460068068 0.007108383252929087 0.22338566099185547 0.06331090821720327
0.9902423801585396 0.0059357775179555705 0.2206015761971249 0.028586460890915467
0.9918817509420998 0.006529145178934209 0.22114730396325905 0.03250456835926685
0.983373775189499 0.006085391065506022 0.22443891286298298 0.09033391915641477
0.9873680430377326 0.007376183231913455 0.23380800686800993 0.029852891849154246
0.9872967980006846 0.006208866649695138 0.22846823875887118 0.02480335304587472
0.9902492874206223 0.006883565226488126 0.23498301401850216 0.03305173823334761
0.9880532265864789 0.006537144832795002 0.22892741331802433 0.04393175649476541
0.9880758453633057 0.006885493109370763 0.22967489568429428 0.04175439848684915
0.9882563650525833 0.007257219964193632 0.23128125223585153 0.030298880482043204
0.9917468392346154 0.007853104616626925 0.23705758181760467 0.04825754843785857
0.9907968411908322 0.007717392304695369 0.23508154992211547 0.03468272867348368
0.9901141169428826 0.006701808925232592 0.23600174494140855 0.06408648648648649
0.9905371848736925 0.007024220737584545 0.24122258770614452 0.03348636240885768
0.9909254920308698 0.006058453199225761 0.24479024579474476 0.06419286491439043
0.991589481658887 0.004643336496500681 0.24155303665716088 0.04925464679058108
0.9841054262508344 0.004824930328983143 0.2595660566435778 0.08165474114605255
0.9853671818180704 0.00600119141300111 0.25366602584850934 0.10071381440825386
0.9805473816424883 0.004690176241776184 0.2648241390029129 0.09426351956976396
0.9919792943128063 0.005996943391996882 0.260104511782005 0.18275692509424685
0.9916826542709021 0.005683373043335852 0.2721344390424026 0.16808395151076533
0.9886886127024803 0.005720025320031598 0.26777898237532227 0.26441881100266196
0.9882137032567501 0.005907333862854117 0.28035735187485084 0.14744616479800676
0.9850437047159838 0.006147519431209836 0.27734463738879955 0.24039320822162646
0.9864721725843628 0.006218291939669787 0.2817654200461547 0.18888369192391644
0.9888892181735952 0.007037051972942742 0.2839878485678887 0.12942238267148015
0.9948597455922255 0.007719101564946722 0.284819711860066 0.11752734673111168
0.9834408624026326 0.007760990264148432 0.2848109528051906 0.20923702556158016
0.9882146129208932 0.007031610030118311 0.2937824623844285 0.2071844362745098
0.98776033154768 0.009204917869100897 0.30067214790977825 0.17494617654094569
0.9876325716478421 0.009005884577871607 0.29930098522554827 0.09969927111473571
0.9912452934790141 0.008322226681493424 0.30944182861191816 0.1086105675146771
0.9842794970113227 0.009472960401245803 0.30943537403128674 0.19748754298547266
0.9874950803248774 0.009496140584066469 0.3152130704721826 0.17750558300060906
0.9916955371700039 0.010043550524421392 0.3238118701796093 0.19173363949483352
0.9901316450607979 0.009935318351485341 0.3152226007018492 0.14326530612244898
0.987226912011129 0.009612156762019677 0.3193190417364646 0.1563569961196074
0.987158987077405 0.009859598142398117 0.33497654062813864 0.18846397633636172
0.9811683810557112 0.008391100455745454 0.3513979700410177 0.16785532348446255
0.9946569368924232 0.009297343831809577 0.35186053020391955 0.1577355751784202
0.9858698814543204 0.009220638905987797 0.35611485878132226 0.16742969260954874
0.9898931618990356 0.009616226883698403 0.35989309823636534 0.1479415374316635
0.986961958318021 0.008558903993270693 0.3775308043061726 0.15846344742012203
0.9891556688872003 0.008788117687868562 0.35241705100148757 0.18934980191097647
0.9917420199045108 0.007609226412493252 0.36784102489445336 0.1429449738702736
0.9844182050055044 0.007876429543263617 0.3757335310322424 0.1350435219283562
0.9893517843964372 0.008933503569753505 0.37395297483930034 0.14048283391968944
0.9885441675759071 0.008761725906565196 0.3822050595884374 0.12059432010532255
0.987638775412121 0.008813987539835205 0.38012912852137126 0.13399894902785076
0.9849128588569745 0.009112310989821853 0.37904369938304977 0.15298135762060625
0.9846250696980053 0.010607560022733324 0.3908296874009258 0.18355263157894736
0.9846954587278288 0.009786187403681234 0.39416937336607777 0.1400952419715902
0.9871419388825255 0.011752905311677981 0.4051430008400848 0.11241004155826605
0.9921857772711553 0.012804397002394285 0.4153500793374172 0.14823075273429123
0.98625121296912 0.014014007083851423 0.40995205848054556 0.09613359410260268
0.9852780283690666 0.01466294328348074 0.41992911991488663 0.11371973587674249
0.9917310786359145 0.01589839151212665 0.41914589446927725 0.1021571897358653
0.9917017519710267 0.015899393138327077 0.427435645269547 0.07935486549319164
0.9925646564443972 0.015606117995057988 0.42823525800312146 0.07314019108389509
0.992926887606677 0.01623907475254633 0.4413753088933819 0.0751524551447002
0.9920755491685486 0.018394568380213385 0.4343860952082889 0.0628233776751301
0.9908696110220183 0.017062268853904324 0.44104383351167004 0.05231882185764113
0.9929448869231293 0.016882146228889124 0.45628574225370455 0.05911122009699744
0.9852558989872727 0.018248374855142024 0.46591498290257294 0.06754776875648617
0.9941189642777168 0.017530629330536163 0.4492981147237539 0.05188398906454297
0.9906956480783723 0.021427069517678646 0.5465581513043914 0.05700359983670844
0.9909429544487016 0.01813007308053777 0.47352745219199416 0.07149443561208267
0.9928132256561799 0.019195390586644188 0.5444165409937833 0.1160365383179431
0.9866295132507262 0.01570198502937275 0.4425256593771672 0.11828400786617786
0.9884090295076426 0.016881477069684337 0.4677859473660211 0.11027798098024871
0.9904591147607607 0.017805930602609182 0.4897190913889885 0.11893572409804064
0.9922638299508365 0.01616617082403941 0.45797227106221206 0.10358212265720305
0.9930658873218736 0.01645552106643567 0.4593241310290566 0.11053367979212472
0.9875050324608794 0.01748731712709897 0.4643303609633902 0.10907304990284214
0.9927636783025077 0.01840387048570168 0.4733925259751538 0.1440779735805848
0.9926535580252995 0.01820566085139499 0.4706111716140105 0.16378381613598275
0.9923450761932232 0.01746513192936126 0.4900065573874986 0.18533933006645634
0.9969848182532152 0.01913492770548583 0.46893465397952994 0.16912698892854983
0.9911285321309496 0.018251269968292554 0.48111116397094933 0.14106166658151537
0.9884621907842224 0.01834589655787466 0.47652658470458886 0.12533070171754923
0.9900957091651928 0.018145413178850187 0.49675032099350225 0.1385001970831691
0.9863173732399053 0.019041860561813714 0.5221352575277083 0.15906881128982972
0.9836669453363986 0.02050604262229939 0.5190747392759864 0.15416105432744368
0.9953121598820464 0.022241484013105862 0.5424011947715869 0.15981937311846997
0.9912581506131964 0.02242058870118616 0.5650063204647763 0.17766984644020475
0.9852165674981995 0.02210514051019145 0.5556152333290757 0.27393675027262815
0.9814430215633753 0.023315012474441465 0.5665891853274342 0.18614396956547583
0.9834167577765712 0.025031622395313226 0.5683950930844913 0.19902734446687464
0.9885063782736855 0.0279319671861738 0.5943318652265437 0.2337695947944395
0.9870308936216251 0.027840281511167585 0.5998558151316175 0.22783184644498514
0.983954571340735 0.025272633200221342 0.6088219486998394 0.29930019738022606
0.9898983349099305 0.026879664082150208 0.6221335853461935 0.25569305118254376
0.9861212508074596 0.027391040194416908 0.6343772855702089 0.29664463650228773
0.978229464307383 0.02589941014903868 0.6502971142374703 0.384202962635419
0.9788226986283495 0.030768584393031203 0.6572441611321647 0.2806408333991003
0.9866925212458032 0.02500975324295328 0.6755048032412259 0.29921804121484424
0.9867252490967964 0.02723564297740729 0.6774760192119115 0.3162203005625053
0.993996586268546 0.02894801838863113 0.7074061171034346 0.3193295508683789
0.9840314762924759 0.03320897319316614 0.721006800489611 0.3295369266763784
0.9903786383450324 0.03827575958620151 0.7369992182845231 0.28368585617068237
0.9885227659991945 0.04366687387600017 0.7596655036946179 0.2868124486902008
0.9820273506855592 0.0417256643250897 0.7656510342857099 0.3279245283018868
0.9915930722903187 0.05139178707823143 0.8007098784381139 0.3092097252100499
0.9894140320871996 0.04836511382935271 0.8121676229290906 0.30245348519717596
0.9833394185856195 0.0638070431653593 0.8369550417151487 0.32035455538916097
0.9916891965845944 0.0812465353932178 0.8675677842049436 0.3647446317050218
0.9943159116127348 0.12764050436943636 0.9192776122030658 0.38067755255255253
0.9946653384946489 0.11512835775042722 0.9158949889745237 0.45305646549330963
0.9907173555313108 0.11760485544201198 0.9162866140401102 0.5230816640986132
0.9919457752430753 0.12528633111025522 0.9144732569057827 0.3674110408330106
0.997675136327556 0.12649655714315253 0.9250224072628445 0.5641959798994974
0.9896114198884567 0.11575650279177448 0.9176793263799322 0.6765669197558434
0.9925844673453738 0.12181201749756233 0.9139318269832882 0.739524348810872
0.9898441472791906 0.14075763464173946 0.9245320927562577 0.7219777582206577
0.9909932355985652 0.13343918196978322 0.9223163661133159 0.6954330227585154
0.9919545629758119 0.15803758687338076 0.9253703252839908 0.6451834547203518
0.9911789325352138 0.15592381030656693 0.9234677294102765 0.6099875930521091
0.9938954473275853 0.15884754057536352 0.9273709527087729 0.5624045385118918
0.9867665670550078 0.1595254066744927 0.9190852939412717 0.48113251120040645
0.9920470421873601 0.1625574033617192 0.925573018782371 0.4717758363134308
0.9941904061619552 0.19034997820734825 0.9326472307356479 0.49106002554278416
0.9900006894407909 0.20236690621759806 0.930660763640086 0.47146627439103533
0.9886622719912932 0.1877207188969116 0.927082395012344 0.4695119319898157
0.9943724643371287 0.20473241301059 0.9217508723292386 0.2968668133710573
0.991523937142161 0.21122033085590985 0.9221081378997903 0.26245291902071566
0.9976316848050022 0.20321781890468607 0.9152288006108484 0.24701733640222143
0.9925938533359269 0.21457075994580613 0.9224570635702137 0.30027332084830693
0.9938828620790757 0.21718990640919322 0.9398163232223365 0.731104123836014
0.9894672274163615 0.22296119622053023 0.9326793362550267 0.6000201602741797
0.9932497113719454 0.2004168613217379 0.9349035433593916 0.560375255433773
0.992787998502086 0.22402958858019345 0.933758299617401 0.47846871356393317
0.9903612509926437 0.2102653726496362 0.9259624796547862 0.3778241828359291
0.9944242524857849 0.2213149299336213 0.9295870139023975 0.35973762472553433
0.9926934952449451 0.2249556008682497 0.9345144078936067 0.46193578879848757
0.9870460139061754 0.23159612635213508 0.9315236952118331 0.42995031488338237
0.9903128080228891 0.24811274642915332 0.9397200831696513 0.5454439885422312
0.9935318884101595 0.22909392516488072 0.9374293963112067 0.49943211151264844
0.9886422036606709 0.25722025480762445 0.9341894864312068 0.4422153483576374
0.9903060314529413 0.25557189233255206 0.9426479419971315 0.5560554519185047
0.9942800249200868 0.253428847173325 0.9405992372381368 0.5293122496892695
0.9981474676419293 0.28252999431529185 0.9476620376318727 0.5270350761085374
0.9933563994563482 0.2885270672402362 0.9489972045086004 0.6248945147679325
0.9896972157772622 0.2593075559332464 0.9437692622730413 0.6015830172162241
0.9929049497332548 0.2731325224479399 0.9494838116051331 0.613448101995246
0.9906970634798098 0.2716691550675079 0.9478335570380497 0.6331078392359729
0.9925567992856 0.2676510792510411 0.9468596052951948 0.5831364054089536
0.9887743691740832 0.26103862716112863 0.9478763512611771 0.7059227598839872
0.988208934774374 0.2514423971710404 0.9412317627063708 0.6034759106194412
0.992177888363301 0.25071071710935794 0.9532045168046208 0.7719144878010014
0.991931644951084 0.26203437861217793 0.9539783531643012 0.6963633859081204
0.9932826637214525 0.27748564633307937 0.9583653013499777 0.7930744534474851
0.9928868091291873 0.26519563918757466 0.9522640831236573 0.6384840558046836
0.992388450235538 0.2636420026583961 0.9512838619905816 0.6625929081347866
0.9928561234542893 0.2935906963665214 0.9593701388301981 0.6943210612609927
0.993585132858873 0.30957792207792206 0.9579961580423418 0.5773674385752485
0.9894817902207842 0.29010471820214145 0.9602662330041746 0.7077209036316843
0.9891504030776546 0.28038324530156 0.9575200242805173 0.6214730032346355
0.9806079397295855 0.2657623383097631 0.9545037871691245 0.7279829146293486
0.9950233626105527 0.24547702401645163 0.9603052787788848 0.6885510019132011
0.9854417743676355 0.2176941641070645 0.9551204298816538 0.7004726018648614
0.989794327583711 0.22327210644059814 0.9629949817634932 0.7744074768447268
0.988036257803648 0.21890845809955295 0.9600550575823364 0.7479069302476695
0.9844934767066154 0.2111725177416316 0.9586377034198998 0.7524302672072688
0.9920192455409524 0.13477655337552227 0.957057645907886 0.8070708847400558
0.9926025159866987 0.20060056523787093 0.9639502413965612 0.7999322542401587
0.9915971965574398 0.18114968773084414 0.9662404805856061 0.8184775382277519
0.9891003358925674 0.19561642197171306 0.9615998177829046 0.8233548652164981
0.983471202079344 0.22730186578494552 0.9623239757769331 0.8535598705501618
0.9881542803553495 0.30137047653170906 0.9697474716994146 0.8150101081678164
0.9884022357082252 0.2319266176130927 0.9628672839824785 0.8075303101873721
0.9905268050786319 0.2395435931538973 0.9681315678802658 0.8558639930952812
0.9860517693725741 0.2691107917703551 0.9667069122411404 0.8804830299858503
0.9899669092097331 0.23510012579471662 0.9701755943698179 0.9158522605840409
0.9827749485871327 0.2852852852852853 0.9676304327059245 0.9062894717289546
0.9883086726745792 0.24029365019299176 0.9725003858555774 0.9344214461566518
0.9874878350643178 0.20052851794758864 0.9705950153060592 0.8806096247825727
0.9934434831375485 0.19636394242908847 0.9752590303672561 0.8837865447292893
0.9899134029332008 0.13813275463508987 0.9711853296406155 0.8708272643500491
0.9899866472265995 0.1542491538782512 0.9704016809848378 0.8524952754252118
0.9895643583081992 0.01953596287703016 0.9708871669330528 0.910570118953651
0.9880614831739613 0.06936561354161434 0.9712121652521025 0.8977269706234215
0.9905657643217797 0.07358691788126555 0.974398398747971 0.9207217058501913
0.9928919582737504 0.0536468025234875 0.9729956525808565 0.9030294192701688
0.9905443987171407 0.00032030749519538755 0.9685439668912701 0.8595686342242757
0.9880552430659187 0.0017258042247687423 0.9740404323578432 0.9106891323749207
0.9912826263623687 0.0 0.9769924592082169 0.8712852011564182
0.986404745721445 0.006760349411317888 0.96896671601134 0.8680691167896047
0.9885432203722189 0.007309347843742386 0.9698370518761851 0.868468499260867
0.9922332765210726 0.0231497969940879 0.9709648069596719 0.8750865337069392
0.9918578839820906 0.0 0.9721328105676219 0.8810517789270359
0.9897364792054437 0.013636363636363636 0.9727359198237528 0.911387519389442
0.9877420225662765 0.008430832759807294 0.9738909525639383 0.9362342241635098
0.9871028074772711 0.005856391105075539 0.9742635034410579 0.9487288025215557
0.9855708924051422 0.033389121338912135 0.9694400536475547 0.9296336149870346
0.9927850921105327 0.00013956734124214934 0.9735761092385496 0.9462847745648897
0.9891985377248074 0.0 0.9719730800792227 0.9375328865723505
0.9879676455911159 0.0 0.9632143412732547 0.9119724933179936
0.9881285333227168 0.004724315273292669 0.9610550908271752 0.9317692567818349
0.9842710772034271 0.0 0.9540426541408678 0.9341881171848155
0.9847359608337675 0.0 0.9446542232295946 0.9214898782202647
0.9941009674807668 0.0 0.9492817184180262 0.9179713398392518
0.9896139472998099 0.0 0.9301484507215441 0.8923782421656148
0.9929745016237548 0.00019423132951345052 0.9333328704876889 0.9096222327960248
0.9946144576701723 0.0 0.9366284222234118 0.9227229594531189
0.9864275361053385 0.0 0.7621597405922007 0.848231906478727
