0.986490871975015 0.0007515825926720201 0.18128392679207408 0.0
0.9821579554637904 0.0005772011556048136 0.1900328240625443 0.0
0.9862475830371354 0.0006778632132739781 0.19532143715597916 0.0
0.9821985102564372 0.0023646807177264404 0.19429220488978674 0.0002740727206285401
0.9818870066302515 0.002298180547826122 0.2030695296050717 0.00036447576236180293
0.9831731985275519 0.002250764935306501 0.18042858041997598 0.001521001521001521
0.9867888438594604 0.0015875855502342764 0.18302587915698107 0.0
0.9732049161798475 0.0013878575119977655 0.1756837574638814 0.00011168192986374804
0.9858909053488868 0.0025532985346833534 0.1878162769704531 0.0003729951510630362
0.9799873645810031 0.00198070260549128 0.19984077478280274 0.0
0.9876396997087205 0.0025384393628362415 0.19082865908457033 0.002827521206409048
0.9793258299856008 0.0023582715004062445 0.19801862379274135 0.0
0.987693224044121 0.0022809311246155175 0.19528131625790068 0.0
0.977860495544185 0.0031977178989106643 0.1971476083401787 0.0003255208333333333
0.9872960048142494 0.0022687839357492996 0.2053521345608515 0.009980489269098005
0.9777771015039654 0.0022014094865163668 0.188861370961921 0.0
0.985503858127506 0.0043045890979974 0.19647743863902606 0.0
0.9868534148543429 0.004798328605306282 0.1972384805221471 0.0
0.9859400926727333 0.0034758554695470635 0.20724713056096924 0.01937838853400612
0.9807672494952306 0.003699466366455462 0.21020092982803937 0.005412514542971319
0.981439145055826 0.0038529490313700516 0.2119566178657855 0.011003016270869621
0.9866391746789905 0.003915560095335376 0.1998073657879047 0.0
0.9859894371720904 0.004545734023495672 0.21811127395843985 0.005203171456888008
0.9899913748892722 0.0054563839587749175 0.22301621273025432 0.01480449809140617
0.9912700190195917 0.00450728123387085 0.22117639382236234 0.005562643531513141
0.9922044099572792 0.004957007989591847 0.2213347225107255 0.005446892795246348
0.9836315988944454 0.004585321077739929 0.2249856013829171 0.006535516239767626
0.9877786704508751 0.005752407498855334 0.2348993507792527 0.0060185185185185185
0.9873499780784534 0.004948137006048071 0.22850098978637617 0.0
0.990526188752112 0.005628339011594965 0.23558067330287127 0.001859018134911602
0.9882136341653778 0.005039477451608451 0.22842757999329882 0.0025198992040318387
0.988558366241133 0.005295388530632466 0.2306787643773116 0.0055422692935504685
0.9881842322131673 0.0056548488668847555 0.23105540855291304 0.004260432597771466
0.9917638739869037 0.005843672507597597 0.2379043727038571 0.016870311527500247
0.9903533698706206 0.006122929265023381 0.23607133009134626 0.004831525705226603
0.9899652426027085 0.005237055651912007 0.23605584769041463 0.031538461538461536
0.9903592577680911 0.0055127430449214065 0.24118445620195314 0.01431297709923664
0.9907207352861923 0.004474282203071069 0.24543663312633524 0.006879505664263646
0.9918383010760048 0.003424232006991356 0.24238519212746018 0.032192477126397834
0.9842644287404112 0.003642106448983409 0.2603246051933995 0.02980148522059894
0.9854461567895451 0.004499097027021913 0.25401771407386 0.04350940017905103
0.9808165007531118 0.0026909414233990073 0.2659545556777289 0.030256331227205013
0.9920680226392374 0.00447688462485656 0.26063673720308184 0.10126829268292684
0.9913586082771312 0.004132135257362118 0.272123064224662 0.07078153307927781
0.9884007947627175 0.004380556817444351 0.26836834487045874 0.0917201209172012
0.9880909242768847 0.004419666988161227 0.2803473420133327 0.05518541797611565
0.9852615076786617 0.00476406008231319 0.27809823337929357 0.09708065936831509
0.9866521637790382 0.00485535399483392 0.28240350837259764 0.10005175090564085
0.9892698802911357 0.005921406782702315 0.2847388495273298 0.06030627456294891
0.9947283106995434 0.006559658366618509 0.2848247821521625 0.044551120094323736
0.9832141213444976 0.006610718255182745 0.28460170220904657 0.0983365048186115
0.9883572577846483 0.005735828438737878 0.29464115342631053 0.097265625
0.9875111663397861 0.00741998420949185 0.30011904493810515 0.0847828465156985
0.9873837028972982 0.007510346515643842 0.2990394216575181 0.05569715850089682
0.9909430861099765 0.006442260306465059 0.31020007653892256 0.07829618036462078
0.984320981115359 0.007728618548453294 0.3099521289598828 0.13708781030011116
0.9875286056198789 0.007790610504615096 0.3139165105059607 0.11608263896815432
0.9920290019043219 0.00802250147223647 0.32301119059225053 0.10831601998989275
0.9900236580472239 0.008108714653563583 0.3153862506804441 0.07458637253157802
0.9870681125462961 0.007818227700948305 0.3199105109172145 0.08856376071335816
0.9872526693875268 0.008151779364247342 0.3354124230064317 0.10262030995106036
0.9815160630350239 0.006566898611508277 0.35203049999595276 0.09649506586942784
0.9944712112649798 0.007522092683467519 0.3523640313686188 0.08686063279328188
0.9860419043044966 0.007283601476920559 0.3563007944181671 0.09939719849082787
0.9894760329164441 0.008061958744015408 0.3592701645991215 0.078125
0.9868036495380295 0.006585542344638957 0.37690312090174816 0.07830326009682115
0.9889103317111372 0.006688642432747594 0.3528202064953169 0.10371851259496201
0.9916705066287712 0.0060575668665659435 0.36928084630251246 0.07411683214038328
0.984292015058544 0.006587785571887937 0.37803405956988534 0.07449813223190695
0.9891812044601915 0.007237844892892673 0.3766133765932195 0.07267025907997686
0.9882770951002584 0.006984930295068025 0.38495366294796485 0.08003026216242887
0.9874494433056088 0.006850567029018621 0.3812950041553023 0.08478764949963388
0.9846727740853841 0.007501604882488746 0.3801118540104628 0.09089539874990586
0.9843924806674684 0.009208432776451869 0.39085759305802914 0.13593689508323656
0.9843130848811049 0.007925011222855764 0.3952809120641033 0.1018110095033172
0.9874247582172305 0.009666725541078489 0.4073181823964177 0.08088670533917366
0.9919824949935778 0.010373035070671987 0.419377147725206 0.11347103901661026
0.9860473562494062 0.011931709560606102 0.4141949631953911 0.0906613562519652
0.985208179401802 0.012495025640081515 0.42726695542309395 0.11386138613861387
0.9915320891452005 0.013287710293698317 0.4257453877589682 0.09526363328440782
0.9916653018791344 0.013267785034185981 0.4332825555911608 0.07281683234520572
0.99192974379858 0.013152391412279777 0.43401073117232475 0.06721485411140583
0.992424920820451 0.013961797061764147 0.4466638423377682 0.06963968629772121
0.99174590139895 0.016139150093785325 0.4367670130762598 0.05959280041701162
0.9905500142223866 0.01501227775957649 0.44281483136824346 0.04914933837429111
0.9931582924997444 0.01430528327577863 0.45717115782210804 0.05408305021801026
0.9846585924882266 0.015710238541367584 0.4661697520342795 0.06373684455982713
0.9934648302977304 0.01474429418804478 0.45344475739807566 0.052319399428637316
0.9901536765926682 0.017761442311783622 0.5506388770406613 0.05651742094808611
0.9906186843452769 0.015127804725862472 0.47481496859414757 0.06629435270328823
0.992455402121733 0.015531798082915393 0.5456474592911202 0.10525671173819322
0.9861148495222014 0.013158635400773253 0.44184002839132713 0.11559675195342424
0.988336429733535 0.014401823595146617 0.4686407780954497 0.1025153587573896
0.9906112096538997 0.015385677607271829 0.490284309086754 0.11497017992281862
0.9921066698699661 0.013952020676338665 0.45801201414166265 0.09849059204631608
0.9925562916141125 0.013042515800553867 0.4589684438003386 0.10636808957312806
0.9870205166962587 0.01422401674064446 0.46598826856771447 0.10310352471735756
0.9923824245095613 0.015225052957709212 0.47447140668052745 0.13428043756215371
0.992427132887397 0.014999217832198935 0.472110637760182 0.137691275902658
0.9918396453509628 0.014167069866073924 0.49209871776667724 0.15490213983502268
0.9964521521605793 0.016237815863630062 0.4726074979423736 0.15703792534852345
0.9904274326307658 0.015095805818254779 0.48248269878756456 0.12600890280291543
0.9877199037422627 0.01573142520695857 0.4788780887030773 0.11842773685547371
0.9896984972147876 0.014333183566459462 0.4978771995416211 0.12399521923554639
0.9864501770262912 0.014780085925082767 0.5212112300560924 0.13612591647273728
0.9829329609270258 0.01686717810778319 0.5197771323820483 0.14560446729118284
0.9951689484643728 0.018696790746493358 0.5440526098406746 0.14475901118630025
0.9908466432664428 0.018488103858873766 0.5648739853805104 0.14935199049930295
0.9846776444657658 0.019395267197556135 0.5555103087341448 0.22039595183570954
0.981673077746317 0.019596751915419007 0.5691192364531243 0.17672209026128266
0.9830461832529462 0.019958232122756086 0.5662232481708988 0.17471662292701992
0.9880920439328952 0.02406757956596339 0.5921426664547662 0.18735012923920152
0.9869979883680117 0.02296239777751692 0.5985632450313068 0.18874466571834994
0.9837466800389072 0.0211651328598843 0.6052311365032275 0.2474769291183978
0.9898272501535258 0.0210635215360405 0.6187760786358731 0.21918526529675875
0.9858797838713829 0.022171571985581756 0.6308070225029804 0.24853790277519092
0.9780942089518686 0.020749313358865627 0.6487096801200092 0.32410797090838095
0.9785628664378436 0.025261883787389854 0.6547321874873989 0.24817357465398876
0.9861948891772098 0.020446496703124695 0.6744752354320367 0.27570268582136165
0.9867660439101283 0.020583207103300815 0.6744242297804859 0.2688062681282254
0.9938851500045058 0.02200880245595444 0.7032681124303368 0.25699140924876623
0.9836290052248957 0.026157804459691254 0.7183610414575797 0.27047995740473113
0.9898258058571694 0.03295645609064304 0.7339456238565177 0.24767636242059513
0.9876346390176902 0.0375348702344013 0.7571404528309359 0.2564622757004442
0.9816048695251445 0.035624321576870725 0.7640251144650597 0.3086450232481587
0.9913397978343065 0.04397595354914089 0.7973369528999301 0.2646346313772282
0.9896812733747751 0.03956083761686273 0.8113464228413936 0.2859373809705188
0.9828724523968998 0.053992514193311136 0.8332880426391299 0.27590183430033516
0.9914220912284939 0.06852669125204039 0.8642585170418496 0.32238689547581906
0.9936941495514644 0.11129629250935563 0.9173799318434045 0.36284127718648773
0.9943788878646733 0.10370377526179528 0.9136255072115214 0.4025631933539334
0.9901121530934336 0.10077406020901575 0.9138874745417516 0.48348596750369277
0.9914765041216849 0.10756178983798352 0.9155734708390896 0.4191014120667522
0.9973867857344441 0.11041401340376224 0.9236531757806895 0.519010592052899
0.9892886503795351 0.10793347509425047 0.9205052029676482 0.6558590173939579
0.9922000549680693 0.11481986218545462 0.9182918299832429 0.7212472451228471
0.9896811197833301 0.13202773305293597 0.9270985087119769 0.6650914634146341
0.9905394898064808 0.12431196545008044 0.92409769376278 0.6357448041132595
0.9915413896116412 0.14834624569137844 0.9267343668197313 0.6060968320382546
0.9907524169819252 0.1416993821768006 0.9242677613659879 0.6304983388704319
0.993358862566556 0.14812611540749554 0.928273605995529 0.5428018789720918
0.9862121903006489 0.14758026913609698 0.9209840561087143 0.5146335146335146
0.9918727940873668 0.1469890834946563 0.9279426185694633 0.5163963963963965
0.9940106385819756 0.1719208477823314 0.9338683460386887 0.5156015601560155
0.9889000032657722 0.18372867249271743 0.9327627221232926 0.5541327735502493
0.9880719859293162 0.17653247299761538 0.9293245472142563 0.5181894054690952
0.993643000083178 0.18832129074143092 0.927139003956415 0.36337861004879335
0.9905100570249333 0.19136105371900827 0.9264261588808688 0.3059108581732124
0.9968818362682794 0.19656223332926978 0.9210317994947349 0.27138741398604727
0.9920710951176814 0.19744813774514125 0.9326653597502715 0.44681839294008363
0.992963292326257 0.1990594833362285 0.9412651964161544 0.7951531470885224
0.9887146320965233 0.21186717474142625 0.934968786874957 0.6270004325259516
0.992237834483306 0.1887636746231952 0.9373076725406176 0.5849274489129889
0.9920318629767572 0.21397626913831005 0.9357261638785543 0.5023925453324378
0.989671749953637 0.20027974926177278 0.9311825781547152 0.4386953965344309
0.9938443915303761 0.2033794244834766 0.9359387881913843 0.47524938123453087
0.9915975783886608 0.21216846594695454 0.9394203501728015 0.620380687093779
0.9857649705274413 0.2194802537343974 0.9379096471103263 0.619999064152356
0.988659496078938 0.23750576334651335 0.9404994272172592 0.597371046809249
0.9924538544424568 0.22034604382481185 0.9394702829124182 0.5470895378070005
0.9877469865127858 0.2562507441362067 0.9381556373351494 0.4865713522180652
0.9894910962832403 0.26285551942927493 0.9470890378576778 0.5994822634793512
0.993663987553887 0.24502666553796665 0.9436322661467405 0.5864886095836607
0.9975169774334322 0.27289971241510125 0.9484715947680734 0.5472283970219823
0.9922525337406508 0.2792564961750016 0.9478703646253438 0.5955555555555555
0.9886866568212429 0.25496880231319435 0.9444336190682213 0.6066123803061148
0.9918410718196576 0.262667978769742 0.9509127883099506 0.6791206988475578
0.9896162913153389 0.2619629874421679 0.9494534215602896 0.697226753670473
0.9910262503466712 0.2600328947368421 0.948953741745538 0.6430724572959696
0.9873181764021154 0.25311382722208364 0.9513052233900026 0.8459307764265669
0.987034295043764 0.24496730763036687 0.9450323629292079 0.6926915825662637
0.9911603035878565 0.2427088738972496 0.9541885655285222 0.8224969738889849
0.9907169181957809 0.25307660267333104 0.9568397592118144 0.8181141439205956
0.9921563275235029 0.2707619700083733 0.9584907267316614 0.8115259151866618
0.991515687951589 0.2644271334105135 0.9559158442685175 0.715819791629627
0.9919234668222369 0.26335133513351333 0.9552179415202141 0.7316626730564431
0.9918330235422074 0.29299376933466953 0.9616385463361808 0.7539554087530966
0.9923844278324574 0.3064317308389529 0.9602085308689787 0.6401170720618322
0.9882558463696981 0.30197465519873784 0.9587770749633148 0.672132967063459
0.9884622078440607 0.28617808292085795 0.9595685793363198 0.6422023141013922
0.9794949499528541 0.2685274834711887 0.9564615068582375 0.7634125153521253
0.9946836001334471 0.25450488145048816 0.9646228491328814 0.7137434971865378
0.9839596356831836 0.23385201651317877 0.9598507908036689 0.7448085165214987
0.9886949771170743 0.23916463067706417 0.9660917123855468 0.7929662542835569
0.9869387192879947 0.2305669506679289 0.9646463440427375 0.7905065324480617
0.9830514449510712 0.21612658052926137 0.9609143816404226 0.7783976048517106
0.9906351551289002 0.1345865051007198 0.9579426636113688 0.8091938741594866
0.9912095632151302 0.20107845421562426 0.9662602569059586 0.8142739664581724
0.9903258216357251 0.18144074586641415 0.9678518754219323 0.8409705491912091
0.9879877988826322 0.1896551724137931 0.9629896291039621 0.8481818397738878
0.9819336481801757 0.2536447845348369 0.9650550884936754 0.8598313088833024
0.9871031977018146 0.329205473749935 0.972610180346369 0.8409268250390151
0.9873232384620617 0.2430133203984926 0.9661041982055164 0.8362194996396581
0.9903822658034991 0.2400076350448559 0.9701174689650159 0.865034332469882
0.9863174710817902 0.2489406779661017 0.9684255530681615 0.8930113195535838
0.9889106117287225 0.23208705562295504 0.9702702611449592 0.9051851276876504
0.981889559044077 0.20179619490290307 0.9656503145242227 0.8959867896172329
0.986903629572237 0.2510877370844422 0.9735028961427792 0.9368215411268177
0.9869183379210906 0.136408197563139 0.9711762737512218 0.9048101526678229
0.9919379393425912 0.19206842923794712 0.9747149688899724 0.8793946979178519
0.9894842981230638 0.022401928775930485 0.9713866938567423 0.8912973495010195
0.988864916078801 0.08127761928735247 0.9742994664499602 0.9032614704256495
0.9897616403289025 0.0 0.971174567658932 0.9029355075779636
0.9876761246506295 0.0114167966139452 0.9716451929571176 0.8984203480589023
0.989869020730822 0.042555593182074726 0.9747629435753653 0.9174420830940073
0.991812470393705 0.0024476059354443937 0.9730046097937588 0.9032198847156442
0.9895059665201296 0.0 0.9720848676700035 0.8779359351825206
0.9883880208699027 0.0 0.976023250181642 0.9081096818020078
0.9915420935935124 0.0 0.9797106015842363 0.8853282659954433
0.9852859680914875 0.0010257462303826033 0.9714673492178648 0.872409380866544
0.9872054229877292 0.00040330711837063924 0.9713829817858802 0.872485945474486
0.9912347825209991 0.01769598301185631 0.9730064394476964 0.8795168696346576
0.9914424796269017 0.0 0.973007841955086 0.8788192686631099
0.9891443889228049 0.010391923990498812 0.972963189231517 0.9028387049994562
0.9865522524977066 0.002710874778438119 0.9743138802740898 0.93214404340124
0.9867546437565917 0.0 0.9748713306563577 0.9440048374826885
0.9843488930008928 0.021335550013854253 0.970696741627951 0.9372982228749116
0.9928375607880562 0.0 0.9767367111387399 0.9560162145029721
0.9879281040461708 0.0 0.9734901499769721 0.9417029559912504
0.9865993780144882 0.0 0.963396617253195 0.9108567800869389
0.9890937538539348 0.0 0.9638889120685227 0.9356254480585519
0.9835109084834929 0.0 0.9572854737292459 0.9392707656507351
0.9831347548803022 0.0 0.9488095527970274 0.9251430084213278
0.99346613919096 0.0 0.9544410205817246 0.9276267808370857
0.9882800545478138 0.0 0.9305820495192354 0.8920847103090614
0.9914803839071208 0.0 0.9331042306152408 0.9075162712576107
0.9937676819523065 0.0 0.9406186666666667 0.926519267804326
0.9855845321960588 0.0 0.7506929666699933 0.8356822779231949
