0.9843759996184729 0.0018027201440589562 0.1803177043835742 0.0
0.9805965721973345 0.002174916101085056 0.18909464347412544 0.01062730627306273
0.9848499294236928 0.0021486141640769093 0.1956614384236137 0.0018910091112257178
0.9811323178243431 0.003954522488138446 0.19445061735303193 0.020840450973693202
0.9807331488343731 0.004953955504693728 0.203116434426752 0.03786878027300748
0.9814579306434137 0.003483779236754412 0.1799893475789591 0.05985191279308926
0.9854148808862014 0.0042838073643989925 0.18338666719277133 0.0
0.972475612469378 0.0036707144627316063 0.1752090134783403 0.035190026141162276
0.9845602936276143 0.004447502652845455 0.18778014195412118 0.0492903720751822
0.9790473919552408 0.0036293983220636113 0.1989051320200268 0.14303390249938133
0.9863433455048641 0.004874254100934941 0.19062324427998528 0.08722592945662536
0.9787500906880858 0.004294369625942167 0.1966515533839649 0.043679437349620584
0.9868327556058106 0.004311521990505354 0.19414669359370013 0.05352913311226907
0.9762027147006525 0.004371835497116854 0.19696635827390455 0.11584179814134428
0.9866770270603616 0.004361548369335444 0.2047062939986159 0.12255566311713456
0.9765176203061109 0.004016521447232074 0.18822435554729086 0.03943437562238598
0.9846716654755127 0.005676106496163582 0.19676192860439826 0.0010570824524312897
0.9858868956099109 0.005839813220949328 0.19618189172556963 0.03961316719360238
0.985214878611846 0.005095381526104417 0.2057681242807825 0.12108262108262108
0.9806249378283256 0.004950821367834264 0.20838031233226512 0.13936305732484078
0.9812865497076023 0.0058761286247746855 0.21118152341406562 0.05184510250569476
0.9865595987995799 0.006058496315013474 0.19920347299955596 0.0029045952185894094
0.9858081609175368 0.005951254017954666 0.2159574786184915 0.05348373235113567
0.9900520301551115 0.007097688002557048 0.2226246418523796 0.06445235270858046
0.9902848869315836 0.006022644391647181 0.21967750214413806 0.022003336245928987
0.9920175386675858 0.006627114233671611 0.21959150120661378 0.034448076439527284
0.9834420251339197 0.006524479932758983 0.22354065280937999 0.07367641614216956
0.9870367455445371 0.0075866735492479305 0.23201565108244154 0.01700116105490131
0.9873354653861844 0.0065042311911147075 0.22687974469319666 0.0
0.9905084408854056 0.007069336166226119 0.23269418238360337 0.017059301380991064
0.9881896927356913 0.007038843186788443 0.22803394668197036 0.032699261122465025
0.9880103956666179 0.007158990575142194 0.22785468639551415 0.03327911372928298
0.9883632199120679 0.0076249500036732 0.22998730858164312 0.02059485832238694
0.9916975721260378 0.007906899848331284 0.23527072133022284 0.04554106785952222
0.9907360986183406 0.007952554528151839 0.2333037634812063 0.027642898107436437
0.9903049215034732 0.006757552091596459 0.23476209572046178 0.06638100079889607
0.9908747443618868 0.007287348955479983 0.2390979854097545 0.03091844040877433
0.9908987248906586 0.006262875125516299 0.2424182562322494 0.059287828504798634
0.9914799625186765 0.0048640486508289464 0.23796051505411112 0.052259155707431566
0.9842333810408356 0.004916224602779456 0.2582045341691769 0.0860597439544808
0.9855011675595063 0.00606497239518625 0.25249997852419853 0.10856956131035046
0.9805314836280228 0.005254285900110993 0.26364673799817784 0.07862266857962698
0.9924464713766609 0.006425747384468475 0.2597468479918461 0.21009463722397476
0.9917391925209174 0.0062379172029466455 0.2713621814435111 0.17629102009666753
0.9888338669947602 0.006380964832004184 0.26731480514291855 0.23213239601640304
0.9885656341851167 0.00629901587140268 0.279553879644051 0.160774502338736
0.9851786720368625 0.006594526984060248 0.2771803727464195 0.2506999236446933
0.9862566360222711 0.006287262987078117 0.28045936073128275 0.26650276582667487
0.9887062808183339 0.006996820398675538 0.283040048244125 0.19832926600337902
0.9944354747191301 0.007894613960912162 0.283703643388259 0.19530829656730872
0.9831755097058988 0.007582869238419442 0.28390574976419153 0.2273714699493121
0.9878398126250911 0.007183636762495785 0.2931227683731676 0.25106805762543466
0.9877314390295935 0.009144539174007992 0.3003129904988344 0.2157293497363796
0.9879169930770353 0.009234344628478301 0.2980972101765214 0.11661928863620606
0.9909289194946165 0.008583908045977012 0.3095014415245848 0.11569141193595342
0.9842877986064631 0.00980385362597051 0.3089451645506003 0.2041975698279943
0.987680340069846 0.00947454352372086 0.3148350193484995 0.16918824556299097
0.9917553397364519 0.010530559013575197 0.3236856076476063 0.17338032896945282
0.9902974487503843 0.010152655459588114 0.31598119171030165 0.1837328163553049
0.9874284978249287 0.010414204009504364 0.3188454956384655 0.16895306859205775
0.987359710972554 0.010141245159134248 0.33417227735731825 0.17323425654882535
0.9813516354991231 0.008954401957102108 0.3504121384707774 0.16463245492371706
0.99504624552956 0.009772474553075014 0.35168376577324545 0.18357780130046877
0.9862450990805436 0.009456225550570832 0.35619375660162417 0.20095351609058404
0.9899525608251618 0.009911175371669077 0.3599833305252431 0.14774763245456873
0.9872144219102097 0.009032613941943046 0.37759355651656085 0.18960627844094177
0.9890989379737027 0.009294713789134062 0.35086631556936604 0.18881704980842912
0.9922544335336362 0.007997692502823207 0.3663335871876522 0.13752150507797326
0.984635676348489 0.008215777265206229 0.37454602835890954 0.16764463942966823
0.9897403275845525 0.00938647431056483 0.3720182574635716 0.14219721149000503
0.9893256083817636 0.009308702365317416 0.3805070737885893 0.12114851485148515
0.9878932850202079 0.009447068630175049 0.3797827398435277 0.14031851718553176
0.9854322717393257 0.009744288839921015 0.37800045222482714 0.14946513470681458
0.9850184661134826 0.011646023368822069 0.39135415683234864 0.18428368794326241
0.9850041141388236 0.011379814176532294 0.3942402823210561 0.1318455207344096
0.9866765385813914 0.012112850691378022 0.4052196649240861 0.12542558603686454
0.9920588160876748 0.014147191342139088 0.41802288377601404 0.1777719252041085
0.9866235335854775 0.014825681978602965 0.41284888453744684 0.12481185138239721
0.9855641533201368 0.015174221495847694 0.42015604216712 0.12389986644293004
0.991814793287128 0.016409817148564834 0.42223918774829106 0.1215495608531995
0.991953722930881 0.016816338056340762 0.43249736086979945 0.09656613606460102
0.9923110336784752 0.01656954040252328 0.43311968226803793 0.0839356307151699
0.9926042091322759 0.017026817700731615 0.4454800575807366 0.0841331346249379
0.9919042731032056 0.01923407977443924 0.4400407722748531 0.07349472807991121
0.9907712837561016 0.01804499345761702 0.4480827470757412 0.05972814498933902
0.9928875141321286 0.01778212353637744 0.4648675540886532 0.07075631608685123
0.9849866661357325 0.01904054980995901 0.4688212461167839 0.07343448184774892
0.9942285639530978 0.018844214970871794 0.4493610724614897 0.05167847169788708
0.9907506719773382 0.022525120915204054 0.5465519694255654 0.05786783961760444
0.990917475670754 0.019036562786707692 0.4755530121987096 0.07521114091052956
0.9930586341535114 0.020045137198198216 0.5458703640540836 0.12841798244383992
0.986867832890061 0.016569680990363576 0.44158809574807734 0.11185899659981959
0.9885339963319262 0.01765760904069583 0.46983739941530395 0.11666344480958825
0.9905388945269029 0.018543883341299194 0.4888557780938191 0.11026949270639005
0.9916345689454247 0.01697646884045901 0.4586797136938187 0.10695723534239081
0.9928755914921504 0.017448335044101756 0.4603018211738098 0.1160676433181026
0.9872422750311892 0.01845163388865192 0.46529822184996533 0.10427505089346302
0.9925378992356751 0.018867982503983003 0.47264503498160276 0.14275839185975778
0.9919181893266485 0.01882626397806078 0.46960971212979286 0.1748701774506993
0.99183796126441 0.018295433713525103 0.4905405814151558 0.20487822960299515
0.9968068908618147 0.019948598138028302 0.4682486955114052 0.16811786327618933
0.9910702063660787 0.01917154381964948 0.4799116944434373 0.14330470198156803
0.9882301734045089 0.018985807209918094 0.4742442220387949 0.1225016518004625
0.9899940418207439 0.018898049090577587 0.49424970158010806 0.1446041677439371
0.9860592023406185 0.019857780271038183 0.5218436841577204 0.17620845453982795
0.9834222782729719 0.021430211539822764 0.5163892378769573 0.1547094720084903
0.9952784238642841 0.02299217486539252 0.5406068844650159 0.18141977786698782
0.9912310974461944 0.02330426816666015 0.5632347548480339 0.19285196507926503
0.9848165723517819 0.022916981193851212 0.5547409765747073 0.27728742462640915
0.9810858512039667 0.025064869810415166 0.566151547051677 0.19117466174661746
0.9829655257048011 0.026799081744685097 0.5673100803921123 0.20127527216174185
0.9884839007978156 0.029292308643549703 0.5939527795120226 0.2593877551020408
0.9866996251289405 0.029436987577821754 0.5982170167954403 0.24459707289007157
0.9835186295805384 0.02618647807344194 0.6085621064283531 0.3170823352590296
0.9896881917716602 0.027399025055167912 0.6221030703768565 0.26669957847567693
0.9856531998715669 0.027795831477649757 0.6323268397186912 0.30738418669453155
0.9775013667274669 0.027454042607773996 0.6495165005944133 0.3594586249485385
0.9786269952039627 0.030739115320095097 0.6569347797075477 0.2783102728607869
0.9863401925977551 0.025658202439879953 0.6763201816893143 0.31735492086592687
0.9863318210095867 0.02876518351375837 0.6781381933482221 0.3327585444577088
0.9929735538722495 0.029948448955971905 0.7080090671835194 0.3399178832116788
0.9835124798581496 0.03537092189747132 0.7222636681744214 0.35013731787925334
0.9898958569899101 0.04000827881612929 0.7390283206996018 0.3076372884049909
0.9880670845682773 0.04463342874789966 0.7616166444342806 0.31477066073954335
0.9815856679275716 0.042172749968235654 0.7668141359676632 0.35360208529953707
0.9910039328053583 0.051882542268179156 0.8019830923842071 0.33868258178603006
0.9892126594266066 0.05032319620416373 0.8153249604906003 0.3739950897800029
0.98311531343246 0.06518404139051266 0.8397851059845647 0.38031649479636936
0.9916989944924206 0.08440608807120804 0.8703304692766479 0.4305625188007621
0.9942424291159395 0.13239135959339263 0.9250582828477413 0.5665834373699542
0.994631801661126 0.12130894246909812 0.9182082897635698 0.5398049294846448
0.9906864240522737 0.12106399248855376 0.9165791234833492 0.5265230769230769
0.9916991684803038 0.13028347125832102 0.9172703192259128 0.42862101452868545
0.9975705507031952 0.1331109826112098 0.9270827139443281 0.655331745000361
0.9892826840387132 0.1315078623296324 0.922519055546347 0.6555848223820033
0.9922438756859964 0.13741972586983608 0.9188476341589805 0.6463987656918437
0.9901748043901661 0.15071874238620353 0.9272798052285788 0.675758253223042
0.9907673642997531 0.14673083446404342 0.927684005346135 0.7144415867820123
0.9917305496263389 0.16857253660632868 0.92471489836343 0.5248634184412978
0.9913405623815622 0.16463972392000334 0.9178456502774527 0.39498395340544395
0.9936203896734956 0.16949970808820228 0.927329396193956 0.4710863560204682
0.9862234493710862 0.17172367860769305 0.9183401584449461 0.3949851509341754
0.991495054419545 0.17786232732381174 0.9248859918727038 0.38169901506373116
0.9939442178868221 0.20258832261849177 0.931751119332529 0.43551914741321035
0.9899136021829873 0.2182436123080658 0.928945942506537 0.39538994300555513
0.9887837934682663 0.20507672619257275 0.9280020806756452 0.4092131809011432
0.9944396810583442 0.21375737891467722 0.9174964642252946 0.2561027453963708
0.9912422079527915 0.21875516351665672 0.9196410761332863 0.23985800132589125
0.9977070867528313 0.21662779195720933 0.9180390208205844 0.2440884663083919
0.9925355261542277 0.22338597190395537 0.9140143076251357 0.23260684092143025
0.9939555553401681 0.23210393554233097 0.9402985434184017 0.625256990131579
0.9893479321320074 0.24134593280015487 0.9347848600428217 0.5409984187937655
0.9927401510414161 0.21221936780967274 0.9342657027279294 0.4745292600984452
0.9927891949190564 0.23662833092402358 0.9317618167081628 0.39417543636537056
0.9903315311202727 0.23174874901237819 0.929258602893922 0.36510681019577224
0.9944195091871765 0.22755440265167892 0.9226759325551486 0.2929793379249056
0.9928747747249319 0.2315745393634841 0.9325269585191213 0.42186160440906306
0.9869359183869229 0.23566418589709268 0.9269157436436721 0.3668500242679178
0.9898041865974162 0.26035906887842175 0.9402225611385396 0.5362340928141431
0.9931169049936363 0.24304302662511618 0.9357721074774662 0.44029012776546994
0.9881921376116937 0.2758856876375348 0.9285504968212469 0.34794489092996556
0.990145061339824 0.2793169756172602 0.9413650361363157 0.45925770476076266
0.994100672844696 0.2672104859513351 0.9397369841422266 0.4776631240731587
0.9979021672549077 0.2888689809630459 0.9476108528610467 0.5168308571061836
0.9931124856219945 0.29606768314216836 0.9496854093495196 0.6211611830922071
0.9895242647263548 0.27269339137434967 0.9429648004053658 0.546691970420784
0.9927938847091077 0.28102622468819655 0.9466360391513986 0.5292916163773095
0.9908733514767865 0.2784263348052991 0.9479765129330365 0.6046871773693991
0.9925602516050408 0.2782831704248524 0.9454406348920293 0.5225516410542709
0.9884650284593458 0.27162584679520585 0.9445896065767765 0.5754010361400662
0.9878495429618193 0.2633691529709229 0.9356112161965536 0.4737503078059591
0.9917161341652841 0.258972554539057 0.9505561474038807 0.6598651042376346
0.9917366463218097 0.2707336816542792 0.9503899874542481 0.6029083107363151
0.9928620415203484 0.28143034553290963 0.9530665644366917 0.6452392011147237
0.9928448838225128 0.27336284818299206 0.9444829590356206 0.4950669826377134
0.9923236163580271 0.273677417041645 0.9470470883925332 0.5575548434804043
0.9924887060109918 0.31433303708491556 0.9573879960664812 0.616465810500778
0.9933943836749701 0.31772117842249226 0.9550772741590655 0.5224434080309407
0.9891664495843445 0.30733211247363174 0.9599140872271477 0.6705605581244423
0.9889968388519766 0.28955389974840334 0.955130534554056 0.5771784136383613
0.9803983122783675 0.2868281526146169 0.9507465272401466 0.6359660975310159
0.9954413808623944 0.264948954788527 0.9599501136864967 0.639660043428518
0.9856968053812583 0.24874835309617918 0.9535775116935836 0.6190754301630801
0.989605480483407 0.25599344737422425 0.9626217234851715 0.7128367915763394
0.9877241118837617 0.24852979613173026 0.959704330363819 0.6881309937216843
0.9843524682538196 0.23466578205340852 0.9592739869350607 0.7289792633273364
0.9917843994874712 0.14263905645975428 0.9553204420362429 0.7607872823618471
0.9924618494009813 0.22225355643291345 0.9655653303449065 0.7865059211619242
0.9910782651801165 0.1913796029187171 0.9662855917142688 0.8060759138426998
0.988063891920071 0.20879315956093375 0.959673522081616 0.776843146956952
0.9834359206981459 0.2550580431177446 0.9644942199392514 0.8424104085825154
0.9880849837315906 0.33248081841432225 0.9662038514276844 0.7322527390064536
0.9886236044319217 0.24690907885577912 0.960749254928833 0.7542937967266115
0.9908371099299162 0.25299793246037217 0.9638103746279099 0.762555529785374
0.9857736474730313 0.27948910593538695 0.9617163495137707 0.7883226845358683
0.9896901878433967 0.2523785844521797 0.9680742601525173 0.8718531662415437
0.9824019350675277 0.29144133142597956 0.9657867095202528 0.8825089773896097
0.9875033067033491 0.24632459970887918 0.9706835200133492 0.9118891060956105
0.9862205850115802 0.22312538102011786 0.9688847438260199 0.8515911236260659
0.9925902480588062 0.20075803395024394 0.9740047963213898 0.8792720602432902
0.9898839472041164 0.17939156927834113 0.9665244553920431 0.8012341802394637
0.989887237792276 0.19374313940724477 0.9663459576128536 0.7922394879983383
0.9896389887653035 0.07556526090714707 0.9693006045917871 0.8766427638418681
0.9872130634717052 0.0921575194985406 0.9675625833664376 0.8585056450589877
0.9904593621762233 0.09704269486878182 0.9725397089814025 0.8986078081648831
0.9921820530111669 0.05858558312880647 0.969464651515396 0.8654278034419763
0.9897904510163623 0.003986989822683874 0.9645666595507293 0.8214388785817357
0.9883310476797958 0.0017791159162446968 0.97088328748703 0.872126126681672
0.9914222630625111 0.0005331627212625293 0.9712507293984556 0.8233418542645886
0.9861318237615526 0.006679675773041129 0.9645189352579514 0.8289783500154327
0.9875548594497419 0.018009118541033434 0.9652582816907208 0.835457382164559
0.9912109855117407 0.02175670214199111 0.968451210260731 0.8558457030621116
0.9918830002910629 0.0 0.9696829383470336 0.8688375226822042
0.9895214770158252 0.014568764568764568 0.9723530803284782 0.9091172549701502
0.9876333677857667 0.007419989272304667 0.9742384878562876 0.9368293372111455
0.9868913904502811 0.0066254031906546945 0.9750908853054986 0.9537506459863803
0.9854525821760154 0.021899104530543487 0.97038199339442 0.9332314446555652
0.9927456691169017 0.0 0.9746708886272264 0.9540559347869308
0.9889916001962361 0.0 0.9730599859046816 0.9432834331337325
0.9875369763264618 0.0 0.9644161184812275 0.9157240390913847
0.987888356399576 0.0014311492750917801 0.9618591759144611 0.932820760440268
0.9837842064500755 0.0 0.9550288236644277 0.9366957617205075
0.984484055876209 0.0 0.9447385436424761 0.9225278430096027
0.9938486031819185 0.0 0.9504717247207548 0.9209516388395189
0.989454575722634 0.0 0.9359596138211821 0.9038519737582568
0.9929830979732202 0.0 0.9385189816262026 0.9177950811057002
0.994679596160067 0.0 0.9382587962059595 0.9238214956498303
0.9864010134906976 0.0 0.7698129463028315 0.8561972282494946
