0.9849936547854317 0.0010659298451424267 0.18113115788931258 0.0
0.9811523472854312 0.0013345289323267592 0.19018719303049 0.0009468416069254701
0.9852882014933877 0.0011603838675280688 0.19587748006876216 0.0
0.9815934085182011 0.002573810770532082 0.1943749360842665 0.005071599045346062
0.9813476241849993 0.0030934897670240893 0.20313261842922928 0.015397215397215397
0.9820790976138012 0.0022762528981893266 0.18008460430556747 0.029010533586599895
0.9862170294823346 0.002423706013545791 0.1830008953285288 0.0
0.9728704582824699 0.0024413525618633292 0.17575603259166406 0.029201430274135878
0.9850602368310796 0.0032023298109639187 0.18774218022126013 0.022376543209876542
0.97935208390436 0.0027376872613335945 0.19926952651840796 0.07643467643467644
0.9867828176629618 0.0032174422494252496 0.19056571499778252 0.04596386919734736
0.9790621691381267 0.0030603466374758683 0.19728730914337297 0.007917383820998278
0.9872306454622635 0.002541452535634636 0.19472355797062296 0.013399954576425165
0.9767215078265168 0.003693133799892723 0.19694613688472384 0.07549800796812749
0.9871030045300434 0.0031402826844694723 0.2049266519487544 0.05696594427244582
0.9770862828114862 0.003341531379433225 0.18858666410304517 0.010587693724106183
0.9851453005947695 0.004764489238282577 0.1967708184156632 0.0
0.9860936634084709 0.005317380203075827 0.1965079900985569 0.010174880763116057
0.9855779346225206 0.004199198736623844 0.2065413509428764 0.06965554948059048
0.9809287861167626 0.004358240464445933 0.2093308929892119 0.06421190749548958
0.9812251826113124 0.005128757676974464 0.21213712375652752 0.032220309810671255
0.9864484921067467 0.004940771489318619 0.20007283891697736 0.0012856474988312296
0.985710534021874 0.005364528732449205 0.2174087864321262 0.03578620332547034
0.9899272223750402 0.006586461545535199 0.22378962770281255 0.03690665455371338
0.9904793396100544 0.005401783058129449 0.22068248885437855 0.010003744717273846
0.991993147926563 0.005950917689214808 0.22076169094965692 0.013693520886615516
0.9835736735071178 0.005618987635913995 0.22436055016173354 0.04640511579675078
0.9875126797019833 0.00666094068751895 0.23368773590353137 0.009031406971434371
0.987297185149065 0.005786812411700505 0.22814834589233637 5.960185957801883e-05
0.9904409650614255 0.006525792417650715 0.23480798142530535 0.010102769552342798
0.9881058692555394 0.005926596631306012 0.22903604842816983 0.028633975481611208
0.9880826127072846 0.00627402964653629 0.2295089150560079 0.026320722882531587
0.9884277260890744 0.0068022696692073515 0.2311000571210967 0.015607170464166084
0.991786293876609 0.007070158117994179 0.23671705818544575 0.02569414280463764
0.990795137433968 0.007400347878727144 0.23502438302709058 0.019229689517713772
0.9904069885107099 0.006393289707970827 0.23563768935227783 0.04702209648309839
0.9908926254986905 0.0066812887721050766 0.24042742724621408 0.025001992719929856
0.9909083895333815 0.005659529342562561 0.2438755779871651 0.040694693668290184
0.991457627118644 0.004261778089556315 0.24036864934808314 0.039561311531158785
0.9839322267534818 0.004329827274194782 0.25877337295345554 0.06187831029582741
0.9854590053351322 0.005540957806142121 0.2533728772765795 0.06811010771406811
0.9806576805653173 0.004149129621882817 0.26440243032739663 0.05370196135195773
0.9923077980041246 0.00537732390678188 0.26005485771329057 0.15483218080620678
0.9917320172639321 0.005351204496533446 0.271785448880958 0.11733086190917516
0.9887790712484398 0.005334552500198778 0.2674899629318455 0.18232113667798316
0.9884527656949736 0.00524397567710413 0.27973673980124886 0.11769487851142625
0.9854490090062216 0.00587051219219775 0.27754510577860236 0.1813840155945419
0.986669756986886 0.00568560495238055 0.2815453652214856 0.16222343835509342
0.98891981393431 0.0064685730296057935 0.2836171833346028 0.11894359308770786
0.9946779014915288 0.0072155403798457515 0.2846362700264641 0.10453977509371096
0.983231331348384 0.006783619705127215 0.284245147154011 0.16055180510713238
0.9881401576432759 0.006493144850857508 0.29349525836001733 0.17573398764700907
0.9878070994046401 0.008548165689928966 0.30062525180524996 0.15151515151515152
0.9879868282970939 0.008559862359837444 0.2993499904179351 0.08102333735071765
0.9908828853801553 0.007845113081208423 0.30975282645406194 0.0801023610641688
0.9842376641935061 0.008841315092174552 0.3090698935697536 0.15743283982045958
0.9874160053241353 0.008769630137659669 0.31514685274504983 0.1389257085148015
0.9918717971010005 0.009483047007157956 0.32350164247917224 0.13766716196136702
0.9902506848521464 0.009219200294561239 0.3151886752241576 0.101575142949617
0.9875300215112691 0.009026861991858265 0.3195973444276096 0.12089846876167103
0.987488025285004 0.009419928151840095 0.3351851672149389 0.14303236797274277
0.9814929871334184 0.008095968393095638 0.3504650139120532 0.1270728190338861
0.9949884936933788 0.00893644703877955 0.3517212582351304 0.1260537936571658
0.9865279554449273 0.00852639914174053 0.35670927844454253 0.15259781911481718
0.9900552498962403 0.00934648057861619 0.36012222610526073 0.1287627332036168
0.9873458826737976 0.008353574977215714 0.37759028890823443 0.14769662315244364
0.9892922391454299 0.008422895442832656 0.3523238234893363 0.17351944866253943
0.9924326276393175 0.007385345506120961 0.3675805826750383 0.11645735613052907
0.9849242559069549 0.007774660086904002 0.3760909236279132 0.12435140454464126
0.9899606837870077 0.008799663385193378 0.3743577932322923 0.12251994272857435
0.9893404078608516 0.008795173930202401 0.38163032977237354 0.10668541080912215
0.9878672703400407 0.00882607005008051 0.3804075418016526 0.11854326218021835
0.9855112551204541 0.00898082416402595 0.3793278642455342 0.13372573819137035
0.9852810156878592 0.01041038919756561 0.3917326751904938 0.17085513830582552
0.9853720529094936 0.00938752836136563 0.3951181554095066 0.1323181049069374
0.9868100838062709 0.011051591287963118 0.4042547630249545 0.10604520763974067
0.9923279141998645 0.01225736894790687 0.4179950891834813 0.16865372441443344
0.9865419513268643 0.013489223576852985 0.4130123189889572 0.10615797010979326
0.9855890806665994 0.013830826056806442 0.42215691835666236 0.11444095133952979
0.9920670724430123 0.015149853671041108 0.4234862876125614 0.1176282153954576
0.9920092367242854 0.015553207333908288 0.43316988078682306 0.08978383482632775
0.9925424224969074 0.015349977380088165 0.4305902642774518 0.07536280923377697
0.992949490593626 0.01587470684594803 0.4444508185727375 0.07589453860640301
0.9920239223672727 0.018007895912995977 0.4369651817085662 0.06469924154489513
0.9908087094852198 0.016486464146154484 0.44515122536307056 0.053339071439420786
0.9931392711503884 0.01636498640348936 0.4623743528184982 0.063827494920889
0.9852173536228727 0.017859511147067016 0.46862070189707145 0.06889812275198318
0.9942840104325649 0.01717802802036542 0.45126533546752684 0.05184215078208011
0.9907063481505115 0.0210746343555998 0.5477537211793387 0.05552510484251316
0.990889118024056 0.017398353497408897 0.47730495711436144 0.07377838953888506
0.9929497664936112 0.018540202243277393 0.5460278827198078 0.12077677327725125
0.9867551553512374 0.01536657898593309 0.44280269729826166 0.11373736387166089
0.9884923407238316 0.016491963661774984 0.4694893509468491 0.1109217065616672
0.9904979804174003 0.017122138887060972 0.4906501650776715 0.11641338129848518
0.9919274030963978 0.01521118129961882 0.4586513528601015 0.10001994194677716
0.9929045462704296 0.01571451562201536 0.4596906186179227 0.10389016018306636
0.9874665056285009 0.016948319905678914 0.4649812288589373 0.098587828913949
0.992589729964736 0.017501829834607553 0.47201310455865386 0.12623344751776674
0.9921355111917726 0.016747104469010884 0.4690567130691633 0.15304207213190493
0.9919358245142729 0.016159063386989466 0.48980274075966657 0.17841934077725247
0.9967927017429087 0.018115105566277892 0.4676912746730426 0.1534469557326376
0.9912213876754234 0.017443451585392244 0.47991816569832635 0.12623797564327346
0.9883949970175167 0.017604547587066754 0.4752815472083348 0.11408730158730158
0.9902399349328995 0.017346380239624308 0.49562696170174103 0.1273517657232337
0.9861334087525059 0.017877906221137066 0.5227082392313888 0.15698183564507473
0.9837190992422434 0.019653001423654785 0.5166777934972713 0.14115917472341274
0.9953290528343774 0.0213543983001193 0.5418852039913946 0.15956870068068188
0.9914143772678292 0.021305544734934123 0.5642829868324043 0.16451899577871584
0.9849845749315146 0.021244514049496475 0.5548690338709882 0.24757500102320631
0.981364742719456 0.022236111580346184 0.5671263962356557 0.18098260531121824
0.9833547576163636 0.02388623979461607 0.5676109371647138 0.1898090335942497
0.9884976282676058 0.02722686151704941 0.5946253345751552 0.22313600463734512
0.9867646725825808 0.027151355906025968 0.5995348978433555 0.23129036787419263
0.983597882264596 0.023700547243197437 0.6086289598325447 0.3004748951081193
0.989767957571419 0.02515247230753555 0.6221150419679343 0.25437148217636024
0.9862073974218982 0.025399601198537018 0.6342591987049528 0.28836503183907564
0.9776699153137733 0.024408102390570192 0.6502594796699678 0.38859210753058765
0.978576938674472 0.028693969130052087 0.6583437693294454 0.30003026241839953
0.9866217983419979 0.023540717001656046 0.6762226483314473 0.313049887143581
0.9864792581747194 0.02558572665117048 0.6782579463537365 0.3298087739032621
0.9934262245844052 0.0270774480388848 0.706932018855807 0.3167693719680084
0.9836690847672606 0.031892823335355036 0.7206717516940607 0.32563118922294587
0.9901515102358628 0.03731341042649474 0.7379099048876724 0.29380441542288555
0.9884737124740532 0.04217704717445371 0.7602173246273268 0.2927905266824039
0.9819953020091272 0.040785872450453176 0.7662415527122973 0.33344890352778017
0.9912804605151473 0.049101725632337875 0.8016021568616927 0.33161216293746415
0.9892465845207481 0.045826788596019366 0.8149712221819544 0.36089300917604766
0.9833469726919057 0.06320736716309991 0.8390316862311793 0.3439524124256444
0.9916864294296373 0.07879365117638903 0.8682771981420535 0.3701247015123375
0.994503768067177 0.1263676929032784 0.9205802700633899 0.4070828025477707
0.9947942101459184 0.11483639365347513 0.917748475327157 0.5135377903246503
0.9909995719823247 0.11452424586205893 0.9168825266984776 0.5460891121403875
0.9920104197342872 0.12139197483893877 0.9159704277461095 0.40204804287491624
0.9976883901949317 0.1269227980401703 0.9254017686493571 0.5689510669847205
0.9896111459976128 0.12358358746315543 0.9217725046194819 0.6649369903632321
0.9924779276138541 0.13085554264378108 0.9194468409928446 0.7333710956465448
0.9902631369128587 0.14738376802203143 0.9287834017167889 0.7098495103113305
0.9911018729034999 0.14348176397915882 0.9281657485949105 0.6961700140121438
0.9921364935121253 0.1657999784226993 0.9284964864141882 0.6069091860769432
0.9916198997568 0.16004359490274983 0.92378209912331 0.5426907073509015
0.9940713678537194 0.1628567243885127 0.9290932386531634 0.5200816534830314
0.986834079811173 0.16030177012345143 0.9194959817917948 0.4292020656338497
0.99162608623025 0.16997961564293204 0.9299500966065214 0.4921080155938005
0.9941738432009163 0.194748676289258 0.9341718655182422 0.4908269441401972
0.9901361585084856 0.21042482822587535 0.9322094631289577 0.46551129505087085
0.9889635369155478 0.19406087079047485 0.930418986219782 0.4796113058525979
0.9947553495312471 0.20324872610703093 0.9218765807382341 0.2892336938371824
0.9918306087816692 0.21031720519974798 0.9240384185981231 0.26863252618592615
0.9979431467164942 0.20819961292535338 0.9225351437929267 0.2752343399523056
0.992946436929451 0.2185540530331646 0.9234804810277957 0.29480820517933254
0.9941445578190083 0.22915920182862792 0.9420167939066101 0.6877002288329519
0.9897331810355444 0.23562305163692823 0.9360912031203602 0.5849726371838485
0.9933162089748955 0.20401690022178443 0.9362094047955456 0.5336704817673675
0.9929937822210045 0.22941685324648892 0.9346384460895129 0.4569573491548192
0.9907155118713058 0.22509191055357167 0.9291993122130842 0.3685556028973157
0.9948143887963287 0.2203499249031646 0.926614101431636 0.3254679211290161
0.9931160883184209 0.22553393075678024 0.9310514391658983 0.3974534941447887
0.9872980187295445 0.23168610530573722 0.9320762071023893 0.43540314508056444
0.9904823484980467 0.25446957384094104 0.9411156421876194 0.5514364423455332
0.993480918262904 0.23831711473967782 0.9370481665001819 0.45951017811704836
0.9883804082072145 0.27320205980455264 0.934357344748686 0.41404831343201454
0.9905287244843838 0.2770345769445651 0.9446003764342905 0.5163786958145219
0.9946689645936803 0.2646261465634701 0.9416000814501436 0.5060455309195138
0.9984028391895896 0.28915862484921595 0.9473307530848123 0.5028173891144899
0.993649913006942 0.29207605743112147 0.9492765642649452 0.6102709986524929
0.9901220389318113 0.2680705662763043 0.9446000187075407 0.57674111180686
0.9931485182932128 0.27885937150346857 0.9487916377162771 0.5771589253650439
0.9911372073676861 0.2758357676079195 0.9483572645817523 0.6112839514804069
0.9929860376694082 0.2740262472288299 0.9466329205158023 0.5483273669917295
0.988976013491838 0.2706971856425076 0.9475950867003788 0.64554698457223
0.9884945114916722 0.2613066129702432 0.9410019296336356 0.5561941251596424
0.9919910426588773 0.2572870146251662 0.9531733303978057 0.738433418377061
0.9922161313966573 0.267978733327115 0.9537860989988868 0.6753585397653195
0.99345849804638 0.2790491330548264 0.9572745146124726 0.7501627721912754
0.9930260628548437 0.2743480322427691 0.9526009917300086 0.6227896643028883
0.9928140419029383 0.2712382616291767 0.9518934011000953 0.6428469588525478
0.9932220361514424 0.314022807053985 0.9610535121677942 0.6839866212885811
0.9939665870024819 0.31351201734557366 0.957840025519025 0.5642376930085946
0.9897331486991057 0.3052266820675715 0.9612253920370322 0.6890775010435508
0.9895963080885122 0.29068748905072955 0.958363960848364 0.6198482775774158
0.9809635839866548 0.2822526603586458 0.9550151146402782 0.7085795578901292
0.9953491842419419 0.26241337244010693 0.9627883026409998 0.6912381819101067
0.9858635862355912 0.24206086170533292 0.9580543851501829 0.6945757997218359
0.9898898450793311 0.25098253978480767 0.9651810276167525 0.7597161481970459
0.9883306302903735 0.2423351944362817 0.9622363635586593 0.734893888779721
0.984787611526119 0.2308895470731139 0.9604860247287487 0.7497201537937411
0.9921586351305168 0.14100802118993477 0.9576684926511189 0.7976507478286837
0.9929240526806826 0.21932139491046182 0.9661493957802825 0.7957344258344379
0.9916680129151332 0.1881890848952591 0.9671703617420343 0.8163124940707712
0.9888722355927205 0.20277322200685852 0.9614643645064062 0.8058169949252196
0.9839215413599807 0.25534132360604483 0.9652828778628517 0.849418096508579
0.9885599505151348 0.33755355509555673 0.9704441316109087 0.791832346019638
0.9889634273469301 0.24791624313884936 0.9633434657259123 0.7903595873903403
0.9907714296968639 0.2508337965536409 0.9670056113605621 0.8174426631893841
0.9858816680008733 0.2796744530176514 0.9654517914578502 0.8436675706802392
0.9900460818888397 0.2516858524623663 0.969905531236622 0.8971868274193856
0.982864192487402 0.301595452044746 0.9675912690261703 0.8937354648501162
0.988173451344081 0.24682779456193354 0.9712571122939323 0.9067159559226701
0.9869348002696902 0.22296831955922866 0.9700593060187259 0.8635736432850116
0.9933472293761704 0.2011192423590185 0.9748345113971174 0.8787766420533325
0.9899701253278927 0.16165629487793204 0.9712193298554982 0.8614225056197934
0.9903916486256953 0.1749413510796189 0.9688541808634877 0.8177987708327742
0.9897012914135124 0.03719964122173441 0.9711172513623288 0.9037264092589793
0.9880604559849748 0.07697251334783468 0.9704258983951994 0.8879364745477493
0.9906799972780955 0.07782020848384766 0.9744784647139529 0.9173954312472316
0.9928462846525946 0.0378000378000378 0.9725555068040599 0.8953944675831187
0.9904232057703152 0.0013466502076085736 0.9689252972751723 0.8560320072274384
0.9884317192080148 0.0013494318181818182 0.9737240847067951 0.9003588567545759
0.9916469729528321 0.0 0.9762046995657401 0.8602390912230878
0.9865393174933077 0.006356268870173209 0.9690372710095779 0.8626717178218732
0.9884812302881021 0.009327567200881879 0.9687562034969396 0.8546156563872205
0.9923076729134783 0.02120945251724644 0.971349743214719 0.8733016416093693
0.9922401997717039 0.0 0.9721610190742072 0.881195131062823
0.9900240011755678 0.012940877949758945 0.9728847016751014 0.909480100134238
0.9879395201303781 0.005660549621108372 0.9746068191214206 0.9366784988110418
0.9872571412140783 0.007386808029894847 0.9745713604274815 0.9485416450036394
0.9859412212122346 0.026253402405830187 0.9707759565507544 0.9340452520723325
0.993020182273741 0.0 0.9751926893024276 0.9528415761363824
0.9895681710929514 0.0 0.9731253923816657 0.941760875305794
0.988122857912488 0.0 0.9638329744662978 0.91418278829151
0.988229659715009 0.0039360393603936035 0.9620392863612506 0.9333812931793657
0.9843596983895492 0.0 0.9555794455661996 0.9363114130577341
0.9848922670633354 0.0 0.9449763661460906 0.9198995338823975
0.9941579557650909 0.0 0.9509273629779015 0.9214319301617157
0.9898744837480078 0.0 0.9369334496400279 0.9049676783829917
0.9932989030688463 0.0 0.9370444156075673 0.9153065841327711
0.9949619807696751 0.0 0.9386172327987522 0.9245513471168708
0.9867071069299553 0.0 0.7698379663793918 0.8560117888337078
