0.9872811568040868 0.0019032206822604345 0.18031652524684882 0.0
0.9828112920667322 0.0014249610691015931 0.1901108098851892 0.0
0.9870789136195204 0.0009530554431404289 0.19545565363902548 0.0
0.9831209094040647 0.0028826225517607574 0.1947646478367849 0.0016786034019695612
0.9828277261160688 0.00396725920137215 0.2022661169175696 0.0
0.9840955373623698 0.0030316537715603126 0.1798555985480075 0.00962148445760203
0.9881847077795164 0.0019913171922916377 0.18186563810724216 0.0
0.9742435347084075 0.0016321501461343734 0.17486230263901625 0.0011879049676025918
0.9865018773926653 0.003638480852035112 0.18634197577092854 0.0213234282569817
0.9816507447241283 0.0022177859968815754 0.1986888377343969 0.001122894572676232
0.989182275033917 0.002714381481843342 0.18987712679327365 0.002290950744558992
0.9806279857605735 0.002614771356572704 0.19679580294226728 0.00011189437171310283
0.9882497850344439 0.0031559268461395923 0.19385479570517933 0.008191217940110112
0.9792746496279545 0.00387036618941924 0.19665807188735177 0.04153973968429798
0.9882922751210538 0.0036541607043387376 0.2040939024901777 0.02419215482979091
0.9788215129994863 0.002802441055712762 0.18859746826010992 0.0
0.9866243504173077 0.005589438405315091 0.1964717903321499 0.0
0.9871888114578212 0.005713012918873435 0.19638907141895798 0.013593761179079917
0.9871018025201094 0.004984103122701384 0.20627678177892272 0.0260488251848943
0.9810652793202823 0.0050076720625146075 0.20932459870512968 0.01331893448524118
0.9817952122971337 0.005606382651018082 0.2105242895366669 0.024236317352566823
0.9875852890060512 0.004759201629988545 0.19921207315587772 0.010779584301113691
0.9868086663994003 0.006126682023326837 0.2170278915863982 0.022800213960952127
0.9900904240067696 0.006618631919371888 0.2208521993546445 0.0243576017130621
0.9908844983109989 0.004984477063568279 0.21839428501846816 0.020076608109893014
0.9926546964564046 0.005623438223527497 0.21949949897843654 0.021303444180522567
0.9837770382695508 0.006364141788530224 0.22435489228625363 0.047519426180514045
0.9880988609559389 0.006971169612047535 0.23288132430667385 0.023320732771154404
0.9877849370609534 0.007392257610306752 0.22642425159484306 0.010319410319410319
0.9916253336614732 0.006766635387167585 0.23384407394338744 0.014796376961902787
0.9883584519434502 0.006129760507608878 0.22602281148716774 0.02731640356897735
0.9887959348531681 0.006347969472177904 0.22941526031805237 0.029488410368948018
0.988810862680656 0.006625324370159989 0.22877518535254376 0.013763418004038686
0.9924528857768569 0.006714127836747282 0.23610678374167965 0.0315430940862869
0.9906219569251021 0.007116898849182314 0.23338979727319334 0.031127874216122876
0.990350318978973 0.006090865136404239 0.23404069918058398 0.04804116042648153
0.9909848630357363 0.007054587965094325 0.23951266064786872 0.025627044711014176
0.9911222134464792 0.005810074387186341 0.24324383832235977 0.03187276041994091
0.9919253565791852 0.004234892615962543 0.2396420992600318 0.05642402231696405
0.984093321776055 0.005276170218643389 0.25945573517484666 0.041005291005291
0.9861401850019191 0.005187141774517522 0.2532332966556529 0.06203923528676746
0.9817493721058002 0.0035310394931542706 0.2650740639856016 0.0637811877708797
0.9927432600373454 0.005002839902835502 0.26053814923875007 0.1624905087319666
0.9920627198042786 0.0047584605428451785 0.2705885784150818 0.10971418234442837
0.9889484396373631 0.00526811601787789 0.2671639229862835 0.12872218159022045
0.9882502165414538 0.005174139894589083 0.2785017595410183 0.06627208322123576
0.9853987497534443 0.005153092329220898 0.27621823457740885 0.12755383765875208
0.9871563624498083 0.0052804003590037965 0.2814477550418436 0.14654554147740856
0.989528343935096 0.006312457070302257 0.2839109356455732 0.08289405086022128
0.9956041660487913 0.006554075370804515 0.2829791948411152 0.05214869496440812
0.983472849614752 0.00753240254001119 0.28349020209397474 0.1513152400835073
0.9889390163106918 0.006143859419054488 0.2935457568550396 0.1595413269702393
0.9878284454569386 0.008212583449817974 0.2986414016124059 0.11894539111767073
0.9877932165738622 0.0076204959331148455 0.2981970356688717 0.07606981675819695
0.9918350078294446 0.006819430194115392 0.3098475500411579 0.0967531560068943
0.9847853174340422 0.008054192632235042 0.3089499315425508 0.13721388872288293
0.987626109326753 0.008163184028318718 0.3130102843845507 0.12407749077490775
0.9923639031268459 0.0078083434673557805 0.3220014393091316 0.120956561922366
0.9906407470376948 0.007887689321672895 0.31495597731014613 0.09784637111010239
0.9880171153954247 0.0077775810418919825 0.3184095137933824 0.10307332854061826
0.987560353960024 0.007777820167444654 0.33355744826141026 0.11651333710232821
0.9821930114350959 0.006794695942123683 0.3518100397973512 0.12634649910233392
0.9948822140336612 0.00691408633216859 0.3514347235035811 0.09524855085192341
0.9870659597951427 0.007404992072016776 0.35546472075103414 0.10524275190625942
0.9903421853666883 0.009211469349241788 0.35743696680609255 0.09749412685982772
0.987520108353981 0.008744571156192699 0.37462712498990575 0.08358110340270895
0.989636967542684 0.01038181081500686 0.3536811869993141 0.1159589256087171
0.9925287733681021 0.006697133575263792 0.3682672585993935 0.09535044542976855
0.9852634382874802 0.0064474684089716175 0.37543416355511094 0.10884301340317362
0.9899606243247854 0.007101687400568552 0.3757146098276438 0.12649380905129642
0.9889518674271893 0.007141628737703992 0.3836984705512996 0.10917601416884541
0.9876448275406322 0.007332100001697245 0.3788867324606681 0.09652034078078489
0.9855516076456126 0.007305810007266741 0.3783921935298497 0.09913123767154908
0.9852581266765074 0.008927221460345417 0.3913941807967881 0.1345706577356033
0.9847718845603629 0.007796698767566698 0.3980830174560824 0.13017623992760805
0.9873896625683473 0.009785233020881594 0.4112177193213539 0.10735720815612704
0.9923812966979996 0.010963176632480566 0.4190691707635796 0.12115272332971891
0.9865204376287612 0.011987340614512289 0.4164143488449097 0.0816549260839369
0.9849933849027047 0.012269391246710648 0.4274219841362389 0.1427860696517413
0.9915964581237222 0.012754763599636516 0.42383745283615776 0.10151325917104766
0.9919427089822775 0.013045125696450187 0.4347870801864053 0.09273956871251754
0.9923203588396731 0.013358640745133692 0.43582101107068205 0.07894144835061456
0.9927433692964049 0.013490766831385509 0.4455936804329702 0.07043518884536601
0.9924568055333965 0.015746979680214226 0.44349872076393176 0.07249592050017419
0.9910112175416459 0.014576677640278618 0.4465988672744693 0.05205591999691901
0.9931105878150353 0.014063661408860222 0.45860225860903975 0.058367500144366806
0.9851785484229881 0.015831450020673543 0.4700254675833816 0.07189055157704913
0.9940623931926128 0.01442721791559001 0.4626234803580457 0.0675151476292758
0.9904026280620986 0.017288495690039655 0.559893450505587 0.07418147486259567
0.9909114561774898 0.01476639797534948 0.4776846925243158 0.08003439192155715
0.992790533099893 0.015387213322224057 0.5483832645830474 0.14085202208717648
0.9867077410511438 0.01257098315372669 0.4423284605930189 0.15020932355440839
0.9887601267758679 0.014138410780299718 0.47853960665000544 0.15534462230453763
0.9905663646803928 0.014822347093843273 0.4930942398782339 0.18272412612681146
0.9925484298005146 0.014139012583540854 0.4603047461437682 0.1286012049224795
0.9931622448942714 0.0119755697773921 0.4622610696983534 0.11595682613768961
0.9874520411225903 0.014278490506878728 0.4677367085462947 0.1292082252587106
0.9930355624686015 0.01480210249266975 0.4762261358189803 0.17195249738037025
0.9930412106651535 0.014061819230604016 0.47461087479488284 0.20300954433497537
0.992793368885886 0.013731669411296802 0.49812371731472455 0.20729678492668394
0.9973144305161513 0.015585527856165819 0.47754646375049525 0.2082560823338
0.9912404223737634 0.0145678929755232 0.4888525092539576 0.16497292034321184
0.9888623301443069 0.015612704512428853 0.4851542400903262 0.15219614460295547
0.990317958708872 0.014085643080306437 0.5044397143775633 0.15522338111439568
0.9866727831944437 0.014870849733091763 0.5264408109412141 0.15499986512368158
0.9839626170443952 0.01569116763954098 0.5255668298354972 0.16310374313849887
0.9956135814199631 0.01838575250043759 0.5472545086951969 0.16696204852410926
0.991483867853954 0.018069275511651696 0.5687851031158404 0.18993465694898215
0.9850353272132526 0.01780466314343517 0.5585756570181338 0.2715361647132225
0.982302973966328 0.018549502940247552 0.5729666604057838 0.2587339876892364
0.983727995854835 0.0186840584434829 0.5698547911584331 0.25715190123847587
0.9888458068195574 0.023096869073880567 0.5950207916205433 0.26451585836549757
0.987519783407854 0.021939095036793487 0.6010696960192271 0.231441964598055
0.9843930329954995 0.020128357061640217 0.6077085916425922 0.31104064571922746
0.9905476849838647 0.020076340487737834 0.6230904039719597 0.28385761589403974
0.9867075899113754 0.02238061997135178 0.6329692429324757 0.31962754678713007
0.9784338896020539 0.02054941408322253 0.6504342587479292 0.4160206718346253
0.9791219180202666 0.025010518442335563 0.6570041322785837 0.2858762093672833
0.9871297173784177 0.021364357224368514 0.6776200367938205 0.3335091336242029
0.9867495373659922 0.01956361280075614 0.6748474741231179 0.29805091487669055
0.9949299520821031 0.021723033980194643 0.7061129340067988 0.30060391931309316
0.984206241660163 0.026118565850195244 0.7215283810355466 0.34437858776310265
0.9902423768163338 0.03321528402543125 0.7398376890078797 0.34679495866648596
0.9884620945338882 0.037671563969982766 0.7629451108100571 0.36078302197543644
0.9823793339605855 0.03566392337635024 0.7674678940918723 0.39323681279740813
0.9916650376558707 0.0433903871660456 0.7984764187411835 0.28615523601596027
0.9901082374329421 0.0393032507486128 0.8123791874029664 0.32842973828971495
0.9833457765780783 0.052015834194800936 0.831795099892509 0.26384386371154483
0.9911945746203518 0.06886184075207802 0.8651635906040268 0.33999437095412327
0.9941106398138562 0.10824106977795124 0.9127650027690661 0.2904464542061441
0.9946821692745117 0.09690297136891758 0.9104301690252039 0.3474053414469236
0.99053876478318 0.09764725480397056 0.9148693915548094 0.533350003125586
0.9922211128908298 0.10359706345473507 0.9210686795641924 0.64616782793093
0.9978757665672796 0.10506405835266579 0.92590718774605 0.6400287976961843
0.9897420965855716 0.10522721359812678 0.9249823907949778 0.7285772192946899
0.9924304706262175 0.10967735456855086 0.9216339504894029 0.7521008403361344
0.9899891908865285 0.12486207750681168 0.9294074598490212 0.7449282533399307
0.9910341806066763 0.11762641219699463 0.9274487926608197 0.7272800515630036
0.992073778904206 0.1394552941566112 0.9291944185214067 0.6960718794089256
0.9908120110978382 0.12880131711721282 0.9257736304921836 0.7469465648854962
0.9935759784033268 0.14200511544152225 0.9325457716268288 0.70508166969147
0.98636314970822 0.14297366451021798 0.9263383386448972 0.6797964443856982
0.9918911849332984 0.1480488928770645 0.9358368967112856 0.7376105876429547
0.9943213814128704 0.16056622602224987 0.9380962934146249 0.6827956989247311
0.9893584209144888 0.1686347138666534 0.9364436259137743 0.7263986013986014
0.9889307274648658 0.1655224022425999 0.9349040536479014 0.7430306375931548
0.9942001758782599 0.17858568266753747 0.9349025242527098 0.5450907671286356
0.9912376126057535 0.18259826295610443 0.9360268824687332 0.47005659261761973
0.9972028143013454 0.18932617769827073 0.9358795137704469 0.47154904208285575
0.9928005164371188 0.18602934626299647 0.9411290978475985 0.7405764966740577
0.9932068229812198 0.18737965491637196 0.9417645520648494 0.8186798137496576
0.9890809156913387 0.20524033789339913 0.9391499038964739 0.7866772929534436
0.9923369988743614 0.17821383058958154 0.9421618646094293 0.8094108075123737
0.9926300714619857 0.20575520662242955 0.9430502436635773 0.753627662858907
0.9904979849974441 0.1924792340112116 0.9406301513168372 0.6685586336179963
0.9942297772428391 0.18768932509390523 0.943770520411849 0.7580702587230003
0.9923415305402953 0.2027982326951399 0.9431534121744864 0.7740621773545945
0.9859579839108723 0.21022508392493533 0.9418958871727394 0.8356682370443839
0.9889658381788781 0.22460421697806776 0.9449929420395704 0.8161678746785129
0.9926948887620153 0.20208172164005908 0.9448651200995521 0.7700897627698227
0.9878649701278962 0.23977184812123603 0.9473232763872184 0.7890123984608807
0.9896053361683477 0.2452700265599895 0.9524486947956 0.8269411180398433
0.9943115655130653 0.22490315279369733 0.9487883001235368 0.7975896005473396
0.9977402276805193 0.2557882444530946 0.9554086001950832 0.7849290425744553
0.9929802895630555 0.2576765404922557 0.9527141768179255 0.7756413376819354
0.9896566965233461 0.23882391012898155 0.9495408490434458 0.7959925351144288
0.992362520148184 0.2446813778078529 0.9540336368697016 0.8209401499926474
0.9899112568527638 0.24073203492276696 0.9526422589009211 0.8423135166821357
0.9920573637398286 0.23509151414309484 0.9532033421553111 0.8100470957613815
0.9882611330767723 0.23384049659267256 0.9516844277670424 0.8711938248804281
0.987810466396172 0.2219719884271436 0.9494811030682961 0.8592031728862448
0.991783770359486 0.21860243850870392 0.9550875051551878 0.8768214318037831
0.9915600005047024 0.22581390423750025 0.9584599215153272 0.8953127768917243
0.9930554838739275 0.2503163950143816 0.9599196673124457 0.8782866836301951
0.9922473510062851 0.2452374296098087 0.9605941158906317 0.883900795022468
0.9923900387056392 0.24594424168306805 0.9597045371905514 0.8891796518774038
0.9929263551393264 0.2690463865319259 0.9651884378950458 0.8717194570135747
0.9931634498495959 0.2769819003401445 0.966841687643875 0.8143300403010093
0.9888385410239887 0.27458526184408966 0.9639533911764214 0.8102869553771226
0.988953638496985 0.2718125469049671 0.966430505831356 0.8407040926225094
0.9804330432929966 0.24935511607910577 0.9611140019494366 0.8820379906557992
0.9948474764846154 0.24636210794828686 0.9709273929711433 0.8657538608501831
0.9842840173680008 0.2139603429796356 0.9639901274291687 0.8418452417711356
0.988974960911225 0.2155489406408685 0.9682576828389295 0.8458377720286105
0.9874940847398508 0.22376365727429556 0.9679704006089174 0.8604410751206065
0.9837928409567864 0.19263395253946097 0.9640289063831646 0.8440749581584218
0.9912641052359704 0.1245469349162158 0.9592195035224571 0.8300763556360813
0.9919707907873523 0.19145934413819207 0.9679108160012654 0.8302379935161217
0.991153487816267 0.16101568334578042 0.969080215982647 0.8580217581593097
0.9886388744045462 0.15335493709492948 0.9635105687795043 0.8683148456946761
0.9824093787215068 0.23305432463482684 0.9655727653084358 0.8679156356780959
0.9874901747317938 0.2845236056402352 0.9754695701023665 0.8923249222892667
0.9872316938550227 0.2244576823648421 0.9678393702842581 0.8805703716448727
0.9896639169061311 0.19067003175120084 0.9711119729246287 0.8994440569048978
0.9859434050269733 0.12224854784469581 0.9674141932187071 0.9341994020002062
0.9891894877087375 0.15631193779539565 0.9701983153773456 0.9239230603321503
0.9819030418118547 0.02329827346695773 0.9637418551870561 0.9340391192406717
0.9875055553073466 0.18015767027096885 0.9731731934966629 0.942573123186933
0.9865582655826558 0.01832208293153327 0.9706263172008956 0.9287005035176056
0.9926443775581307 0.0197624703087886 0.9743283586995555 0.9023555599853815
0.9895716317293458 0.0 0.9721236761646728 0.9061496205949444
0.9892748397485067 0.027096629716717054 0.9745313935806003 0.914707523411699
0.988868258420674 0.0 0.9728480885238665 0.9385755701860871
0.9876723388010289 0.01141785957736878 0.9727113194056513 0.9106947169045525
0.9896918777389415 0.03351293741488543 0.9758273427756093 0.9264675697865353
0.9925758385835421 0.023053021950486117 0.9759056341615168 0.9328051272993364
0.9902132995544194 0.014898851831601969 0.9763906429206562 0.9145545448232761
0.9878794839401248 0.0 0.9769678817797619 0.9236659618987106
0.9907842389439567 0.0 0.9815140816478987 0.9080362253659334
0.9859339789770558 0.0 0.9750005096777613 0.8984099194859413
0.9873917526425323 0.0007120333638490489 0.9748877079254348 0.9039988554259961
0.991823717019426 0.013853306765347757 0.9767452090632099 0.9042834342983646
0.9916843138267651 0.0 0.9748083617002269 0.8867656236422381
0.9896860597884455 0.007601672367920942 0.9747302688111231 0.9168974661166764
0.9871333569128056 0.00611105257612475 0.9750877058369674 0.9339828646137583
0.9869352892257093 0.0 0.9746563555430309 0.9407749933055104
0.9850795772505324 0.026325247079964063 0.9707356892800109 0.9351207971897627
0.9929597215440283 0.000159655144887044 0.9764618790438636 0.952420798955701
0.9885233225460617 0.0 0.9732174906256742 0.9393342922754687
0.9872365624503416 0.0 0.9629246281838849 0.9080939093365409
0.9887527573483645 0.0023084321898044244 0.9646895481136515 0.9412899413279304
0.984065822853971 0.0 0.9568772770091591 0.9377681670744893
0.9838851203758364 0.0 0.9477102178076007 0.9199741235700089
0.9939220029410061 0.0015728216420257944 0.9522773337256248 0.9232934698952104
0.9890773861620777 0.0 0.909386447083536 0.8495953003843938
0.9920815307252215 0.0 0.9284682364398781 0.9002396942279038
0.9942821634386791 0.0018798675140990063 0.9346357202380811 0.9176763530777677
0.9867153189487754 0.0 0.7625613602622839 0.8474184508582164
