0.9863208573193301 0.0010394969112942779 0.18091697346644342 0.0
0.9820318302635083 0.0005772011556048136 0.19012317509148977 0.000726427429899753
0.9862987418422053 0.0007102387697288547 0.1959729981378026 0.0
0.9818772252070048 0.002608967191482075 0.19489082718113832 0.006288388417665984
0.9820651887118809 0.0026348146847005095 0.20315289987464222 0.0030508474576271187
0.9830637884361768 0.0022898066702550473 0.1803836535218617 0.0047346938775510205
0.9870797141470435 0.0019333870928328813 0.1831192640312363 0.0
0.9735153547883548 0.0016496382474710412 0.17583889988050697 0.006990562740300594
0.9860520384163073 0.002804673229930962 0.18779960449685063 0.01639344262295082
0.9803143363893474 0.002283241497375252 0.19962776324879108 0.0
0.9879881025954168 0.0026618639625017653 0.19080441084830257 0.013910355486862442
0.9799354915663154 0.0025160060603098577 0.19753157808304092 0.0
0.9879010533287859 0.002313765643880022 0.19539974271422592 0.0023182297154899895
0.9779993162830392 0.0033617601976976977 0.1972955798019634 0.011957843534657479
0.9877916591135265 0.002739502184317408 0.20516158344174823 0.038005812653699976
0.97804964150507 0.002655271532196872 0.1889922414495035 0.0
0.9856031882548181 0.004652931879185372 0.19669151034979487 0.0
0.9870938425270872 0.004963742111124861 0.19672902471507053 0.005869692819409118
0.9859503954402441 0.003979807501937141 0.2068234906327156 0.05533558667310478
0.9807007966235571 0.004135203164329378 0.20964301246939895 0.02629516760992599
0.9817794348933049 0.004542985328745165 0.2121216482563137 0.0386310223266745
0.9866566709627921 0.004647698948264332 0.2000360687915586 0.008311071534579995
0.9861439545971649 0.005180202477035061 0.21804981345164867 0.03731635651322233
0.989984369882477 0.006280372033891217 0.22341139234872204 0.045104149581761524
0.9907557906827001 0.005141135771107694 0.22091543966124813 0.022605806731185903
0.9920152175098852 0.005557709706604627 0.2208939789350259 0.02877590577009095
0.9834754575707155 0.00508026118036348 0.22406063418206745 0.06730166687554831
0.9877279155527626 0.006133205051621055 0.23450006419538802 0.019278299555116164
0.9874309894154466 0.005371695425704774 0.22775387700297717 0.007010276427945511
0.9907012680304176 0.006096852315453212 0.23513044516494927 0.017645253682487726
0.9884075597458378 0.005593295049146021 0.22893805677463072 0.02673825794554724
0.9886629267425535 0.005763747998413119 0.23061201659463967 0.022577371892440384
0.9884439214001094 0.006232731544138301 0.2308308575361582 0.012931866435051148
0.9919213370733414 0.006476673286215304 0.23695532310406756 0.03782183800037587
0.9907334152334152 0.006676351434300446 0.23548623313442324 0.027809965237543453
0.9903066574279039 0.005666569697168354 0.2357530742373723 0.07235490498202363
0.9906798473727106 0.006079052512006025 0.24093529631264007 0.03323165261080208
0.9909731177462553 0.005179135512251624 0.243938344709978 0.03786753786753787
0.9918674452219408 0.003801824710204048 0.24182815663220808 0.05794571226669992
0.9842883729087702 0.004067494049642979 0.25981991940415916 0.05367983084373508
0.9857396542589721 0.00477900140206463 0.25335290350378514 0.09041059248361642
0.9810639464359524 0.0033929050253666657 0.26476382850354224 0.07569427377734086
0.9921916767846347 0.004845202892871139 0.2599181310320791 0.22191350567769993
0.9919733887061244 0.0047031058685202765 0.2719157700234961 0.16183035714285715
0.9888338101072678 0.0047557447806119675 0.2676155228608852 0.2025539409951563
0.988197626163085 0.0048749321895978845 0.2797713843903142 0.1262946876044103
0.9853244503114558 0.005302278284870348 0.27743421107376637 0.2062841530054645
0.9869222143669186 0.00539594004651964 0.28203960019888646 0.16144908826851703
0.989362154418178 0.006170185434667907 0.28413675211068506 0.09488612463193317
0.995174533089008 0.0066545790195409885 0.28471586444814184 0.08410974747799267
0.9834777457426307 0.006501421313364427 0.2848386420388479 0.16436037829766054
0.9887951116955359 0.006198622576887181 0.29520101444600055 0.16891018328389992
0.9878626849287728 0.007816403344177113 0.3010352884992581 0.13639500115004216
0.9874928128421179 0.007802815256642892 0.2996599192573372 0.07345575959933222
0.9915644898941641 0.0072398033775772155 0.3104137711854357 0.09108176974750984
0.9844210622615822 0.008090528832480503 0.309331018182048 0.17171066752522002
0.9874384533103742 0.00822005722068611 0.3147017083372179 0.16121028327245157
0.9922006652478841 0.008506924862422901 0.3236178775683118 0.1566377393674245
0.9901725827828664 0.008499717738982962 0.31559110182263933 0.11234116813001035
0.9874845723466192 0.008421903646820618 0.3200109556546448 0.13481808908534512
0.9874717093716275 0.008522370761882968 0.33542368648420595 0.15557375930097617
0.9815206996679011 0.007140469906204292 0.3516180669409659 0.14516437918927547
0.994565572013162 0.007979752040606783 0.3513411381511261 0.1344703561898132
0.9863628596893891 0.007825464401232437 0.35588659619229995 0.146178833988716
0.9898978337801733 0.008619356235789083 0.3596153971417777 0.13040165451181016
0.9869989391134316 0.007249474310231304 0.3765521043567071 0.13133372160745485
0.9890371599381541 0.007602696338844289 0.35220548791061684 0.16589834860243916
0.9920961361232726 0.006708624029633945 0.3684030952848731 0.13392857142857142
0.9847890730244712 0.0069315900362635725 0.3760990041586438 0.12853897238727718
0.98965982494317 0.007827053917242333 0.3747409387650139 0.1303309148823217
0.9885144283684417 0.007765568534619634 0.3818601462850337 0.1163024365737252
0.9875810726704298 0.007322607260726073 0.37958608721308823 0.11118320610687023
0.9850984872162408 0.007824137248570328 0.3783820653182556 0.12279023145616913
0.9847497583799586 0.009551108506638312 0.391173875647652 0.16039810843505994
0.9844911333291695 0.008266478351581941 0.39600917855710616 0.14100082941664363
0.9873078814371272 0.010188542372789256 0.40852421336292305 0.1133744616459085
0.9924267527819784 0.011068295143511589 0.41787156027433603 0.16251830161054173
0.9861378661837527 0.012140526385068899 0.41317503825437996 0.10442661342956962
0.9853292727248738 0.012894382461600767 0.424816196023706 0.1264327485380117
0.9919184107958193 0.013674043978759043 0.42134397466552576 0.10468890892696123
0.9919915323121321 0.013986405543874023 0.4270904555114109 0.07218372516590951
0.9923946518218958 0.013769839657800226 0.4294438459901051 0.0703695745595187
0.9930789569184509 0.014182698251774189 0.4420851353031103 0.0704874953073884
0.9922655952136552 0.016475751495536685 0.43560990670427774 0.05986481161528902
0.9910240937764475 0.015146550745324488 0.4370391594105773 0.04710779519141096
0.9932228446660015 0.014791336502905442 0.4546523068869749 0.05416599861044306
0.985260583744128 0.01622463189588351 0.4664788582623883 0.06646162718054688
0.9940128864369485 0.015221846676090646 0.45241135726235987 0.053291057034801546
0.9906320096552942 0.018863069513754237 0.5497045973747725 0.058016401709174874
0.9911358231705515 0.015914371058745436 0.4746134753939191 0.07234680639563291
0.9928962590678488 0.016481274734893865 0.5450551234511347 0.11769202382835152
0.9866496234646 0.013637723974244629 0.4434493266655881 0.1280890295128471
0.9885625601774767 0.014863706960824992 0.4713613313266294 0.11803058135623917
0.9904702832742357 0.015468479219300346 0.49426206710278603 0.1436771137026239
0.992338250963725 0.014502856850958468 0.45938164443751595 0.11117507195595044
0.9932598319716467 0.013741556393059686 0.4598067520652222 0.12223774776173472
0.9875448550355164 0.015108957200763362 0.46710000286696335 0.12438231641254657
0.992901634870145 0.01575198169347653 0.47558853347595975 0.15711958292603453
0.9931165382985377 0.014946639958526717 0.4727694848453419 0.16870925684485005
0.9924138213971987 0.014150860533935076 0.49290625601417476 0.20533583695184446
0.9969562425289042 0.016403945818156615 0.47466349516832046 0.20751293336421897
0.9911035353745764 0.015580580891451942 0.4842673194409977 0.17525807087908477
0.9883179426486999 0.016435954152423084 0.48097737134400625 0.1509815092971461
0.9903605171321297 0.01507361533068474 0.5008374789417113 0.16754839301550412
0.9868403693539396 0.01600303927640241 0.5248243674299936 0.184024567428345
0.9838070334190719 0.01791993800670095 0.5226603408384446 0.19618942427171063
0.9955753010635393 0.01941613734451714 0.5455836780997735 0.2240239228404161
0.9912861128003166 0.019226534595819165 0.5669801246393905 0.2330435463659148
0.9851791253448436 0.019673530275316358 0.5576698251426934 0.33133384229468865
0.982141415623968 0.019735198131694495 0.5706214777953943 0.25838347288256824
0.9838383187289813 0.020802602916436094 0.568628537619872 0.24246226379225125
0.9888994687469191 0.024858383247434647 0.5958892874327457 0.2846232179226069
0.9872897986293512 0.0238149280132116 0.600879220245526 0.2742164646886753
0.984297395708652 0.021402058967714827 0.6094011482165301 0.3902262005564292
0.9904429162264458 0.022631440928068066 0.6250068347620232 0.3329916032024995
0.9866216176618599 0.023493678883436606 0.6345572271363801 0.38147199643692237
0.9786843785924129 0.020854671545691223 0.6507503846420034 0.4420539486512837
0.9790887633765519 0.02648429357300766 0.6580832196452933 0.29933912142024105
0.9870345629260251 0.021988796545560796 0.6775468845400161 0.33036750483558996
0.9869252551963229 0.02114474802346278 0.6776209247574246 0.3377529017754737
0.9943713327143106 0.022112976335282548 0.7059736970080763 0.3028953229398664
0.9842890737943718 0.026423214275575844 0.7213377955816468 0.3551114151681001
0.9905655357854288 0.03446574336786427 0.7393858154981662 0.3332303073119039
0.9886350727541231 0.03893956917497975 0.7607228654874487 0.30870528388578933
0.9825201680521668 0.03699312797678538 0.7673851872650032 0.37550503821252984
0.9918157594213932 0.04527336874590559 0.8006138964957635 0.3258008658008658
0.990015827631982 0.04069095737343082 0.8133266310061933 0.32887803624212825
0.9836051951714517 0.0561076896715082 0.8348976481593199 0.301272166538165
0.9914712877588265 0.07127317556624525 0.8656628874100568 0.3485915492957746
0.9942909170531483 0.11355611278849598 0.9174018586406542 0.35735386268015396
0.9947614129412999 0.1035968581835045 0.915579446049719 0.4549157144473357
0.990896860013454 0.10308986570893192 0.9164502898692662 0.5736816841527806
0.9920008427726261 0.11148752066284362 0.918983381144801 0.5165133650225322
0.9977330008080988 0.11080976769899965 0.9260476463144118 0.6301848348129822
0.9895885880668372 0.10945562981135268 0.9236193277733882 0.7187982135606983
0.9924557106046114 0.11663356455889404 0.9202062004210458 0.739323258869908
0.9899060539519423 0.13618460579897193 0.9294185272584256 0.7264380890477738
0.9910498277609404 0.12780618878391262 0.9274405016104377 0.7154093097913322
0.9919858822395683 0.1499049367337573 0.9288284513475304 0.6652096022930849
0.9910791602583635 0.14263173500508303 0.9256458686864892 0.6763150570553855
0.9938604518813519 0.15152826492962237 0.9316262914855986 0.6320499086268826
0.9863566212248246 0.15053633711365083 0.9246170237387421 0.6187774524158126
0.9919474641958179 0.1529175050301811 0.9337332158927412 0.7089479543556916
0.9944798981651031 0.1708575820797189 0.9371033098145362 0.6230819750432862
0.9900031327146122 0.18303582450682665 0.9366923548982007 0.683258785942492
0.9887837798443285 0.17863711388823392 0.9346239321954031 0.6775030042375562
0.9943259167026469 0.18882744828749382 0.9319834913857898 0.44416853572572895
0.9914058264963668 0.19373289581198688 0.9336409961652272 0.3982971014492754
0.9975450522043182 0.1981539597563227 0.9288382492416151 0.3421445193627305
0.9927129935810154 0.19769741847136987 0.9387482983643551 0.5982611379771582
0.9939398051335981 0.20101590161268126 0.9426251561449025 0.8070892978868439
0.9896057702523882 0.21247664011016032 0.9387359028578752 0.7542530654169609
0.9929590760576117 0.19208777024846724 0.9421070479214948 0.7398023023023023
0.9927355821284792 0.218974492451848 0.9398831300854037 0.5906355496844269
0.9906786592295658 0.20415132596979885 0.9369917020845983 0.5333250072852921
0.9944882870169988 0.20192179189051934 0.9422978943322572 0.6567118068070645
0.9924780787200256 0.21267793002527605 0.9432938537849156 0.7593353984793016
0.9868097829392801 0.21966555731354684 0.9418745417375433 0.7624420136303762
0.9899059108825108 0.23770514720272878 0.943998556389004 0.6970760820502533
0.9931471594285634 0.22022118223856482 0.9430430055608657 0.637593783494105
0.9884174946993033 0.2550701678348851 0.9449133940301343 0.6553344266654847
0.9902315176934259 0.26235686563813065 0.9526055319180435 0.7776739356178608
0.9944139803039531 0.246063948338429 0.9493472960114187 0.7828521072002488
0.9979316282390491 0.27280871109738203 0.9536773036996085 0.6836681450560919
0.9929593893959072 0.28095283377710156 0.9523673123713192 0.7237539046584273
0.9896337233447715 0.25089949993901695 0.9491580730889874 0.754608938547486
0.9926812593425185 0.2594529429972468 0.9546796593479311 0.822038054138878
0.990306464584548 0.2601734046440554 0.9527780706290973 0.8065209267563528
0.9921045454388531 0.2554127590598588 0.9538106370105784 0.7965709620356511
0.9883229608718367 0.24665436860640616 0.9521177058186964 0.8669097107144548
0.9879496848104545 0.23914069493042558 0.9499964740093003 0.8551286093968197
0.9917424737166457 0.23353366431495515 0.9552875193988741 0.8686941611767891
0.991695352494434 0.24162938993052252 0.9585769424064395 0.8794968774738323
0.9931886421554122 0.2646689258652858 0.9602606119048535 0.8695283338988802
0.9925501899139798 0.2586309523809524 0.9607208440452739 0.8642332044363235
0.992523007458582 0.25906745438229134 0.9596403422958395 0.8815092848676412
0.9928481409655124 0.28598706765612114 0.964987345175677 0.8493145650336286
0.9932565188516435 0.2972953410379521 0.9660190931186262 0.7797947908445146
0.9890293449598055 0.2896848648510942 0.9643411073205093 0.8121025437201908
0.9893051048161153 0.27861839499326624 0.9654809291076737 0.7843502414696506
0.9803797131242754 0.256486060840494 0.9597096986289467 0.8574719551282052
0.9951078378610613 0.25425087782355055 0.9693113651978038 0.8350299861602337
0.9847515656125603 0.223491758681389 0.9631770064320156 0.8253090732359284
0.9893621878789971 0.2341869793273681 0.9681605902570793 0.830735904687406
0.9876463256677827 0.2249558196749714 0.966062218838733 0.8237764943211651
0.9839801178081558 0.20916403134882441 0.9629979780456384 0.8217129071170084
0.9916193436414219 0.13338668456514444 0.9598939856800276 0.8448782036023169
0.9921547682498596 0.20098166688337019 0.9674954452161436 0.8388541189640258
0.9910472632797268 0.17723934331797234 0.9690232016185455 0.8652476916496843
0.9885258342713789 0.18286460925833747 0.9637473664255339 0.8689182977282075
0.9825870729131142 0.24993066286302945 0.965894188278931 0.8748514663244451
0.9877140915445412 0.315003887017362 0.9741542049474834 0.8714279325611556
0.9877718057940632 0.23995589046131227 0.9679236009431303 0.8746047346380651
0.9902001621110461 0.2303434680415498 0.9710730405938841 0.8976401304918866
0.9860887530275847 0.2508989061731199 0.9698625161862964 0.9267513314215485
0.9890563315295247 0.21365942028985507 0.9703650116870257 0.920876147148796
0.9823098315597898 0.18546988331756545 0.9671720419511038 0.9301320068873159
0.9875820505253703 0.23957250384663367 0.9738360151417813 0.9443293630243397
0.9871574322489027 0.12491836925086296 0.9720611613533071 0.9223581409107519
0.9928826650652463 0.18283360036621651 0.9761544446862245 0.8953622519612368
0.9897180573505262 0.015608637111654116 0.9723138790239197 0.9100739012057565
0.9893877360667246 0.10309711286089239 0.9753570186731942 0.9233201100421018
0.9896148767139996 0.0 0.9727445950186502 0.9331976893087847
0.9879107001380526 0.032212427902927415 0.9725526569424897 0.9101621621621622
0.9901377016787078 0.058321556690944666 0.9753676357744381 0.9277893438198782
0.9923611190484355 0.016572111077933712 0.9750001007280624 0.9267536623168842
0.9901272902160796 0.00036834673706182084 0.9738808735211485 0.9028085609392937
0.9881821882860727 0.001006036217303823 0.9761539070285007 0.9198488659501954
0.991331405277224 0.0 0.9801432886541084 0.8951022988390411
0.9856841587335001 0.0024406270534121843 0.9718946504017438 0.8815852704778238
0.9876621150262331 0.004879845318110671 0.9726851322293715 0.8881662102380451
0.991576426095178 0.01813705375461633 0.9752595669926094 0.90348809401797
0.9915697458324356 0.0 0.9746160078176549 0.8981082823330919
0.9893631586946883 0.010545290671473636 0.973816501124248 0.9149986048492503
0.9869946296293982 0.006326649795600545 0.9743614888516904 0.934424523327135
0.9869103071481106 0.001405415534526375 0.9753332479237298 0.950445434298441
0.9847404200561605 0.027105774324562952 0.9712448893863611 0.9413123623479843
0.9928356609296863 7.210845111047014e-05 0.9758625561864729 0.9568697124461846
0.9883615381646169 0.0 0.9731000577125057 0.9430954009576309
0.9871444391474485 0.0 0.9630659311372108 0.9114599894011659
0.9886919265933962 0.002036271078587337 0.9637576912595405 0.9383248103799939
0.9838905156078093 0.0 0.9576789165348127 0.9430186460289459
0.9837289603960396 0.0 0.9480702574288273 0.9241082671018304
0.9936762615734891 0.0 0.9543231184605359 0.93024538840063
0.9887257116205963 0.0 0.9296410229924758 0.8911359383817283
0.991962087296293 0.0 0.9340515506598074 0.9104513832713154
0.9940977082859517 0.0 0.9413635156035031 0.9294026244931408
0.9862293119430586 0.0 0.7455456971218104 0.8296009507362635
