0.9852646786157545 0.0021717876055247576 0.18082091554669552 0.0
0.9814279991918616 0.0013778273016229303 0.19012144275525644 0.005476758882179469
0.985475550160627 0.0007992715499797652 0.19578091431707 0.0007251631617113851
0.9815000566336712 0.002711800915748887 0.19430364817591203 0.01652052357351633
0.9812641454119027 0.004034607288074006 0.20306843523990034 0.021746347941567067
0.9824108572457128 0.002472210990861772 0.18005122209231111 0.03903903903903904
0.986291183534596 0.0023272741484003656 0.18316128391386544 0.0
0.9730441673032032 0.002320826817664752 0.17564140255973032 0.02370275464445868
0.9853897814225056 0.003498599786486779 0.18773125276028574 0.029815684857246116
0.9796579337131338 0.0028364932089690385 0.19945742766409266 0.0941336971350614
0.9871410702766055 0.004038341030937405 0.19097847253487238 0.04309623430962343
0.979361236161613 0.0037212181692309644 0.19718852524204303 0.012095456031382805
0.9875767263506124 0.0034311021312777097 0.19477239680805916 0.011320754716981131
0.9772172227810556 0.0036205966508748065 0.1970551716276046 0.07939739413680781
0.9871338740567451 0.0034171063907662367 0.20479885148800364 0.061161351737267965
0.9772725059405555 0.003267627027053342 0.1886930659454884 0.01858673811118553
0.9849454289971291 0.004677159738599177 0.1964305958310823 0.0
0.9862751863013929 0.005334367877406527 0.19639522463828094 0.007383589377158509
0.9853778552992274 0.004296519086208646 0.20669500826079548 0.07036785402310007
0.9805615985580481 0.004326579079574345 0.20956087511333757 0.06909151303770138
0.98124235869463 0.0053635096606805275 0.21173729885112663 0.03434466843141248
0.9863128249870765 0.004792139797237711 0.19956697860573894 0.001158237273178534
0.9856222365538919 0.005258741316986224 0.21686946974309812 0.03885790494665373
0.989810701909998 0.006850223969723598 0.22279630600998976 0.04825737265415549
0.9904797155865794 0.005591624566823932 0.22047146119464162 0.0170863309352518
0.9918538970496925 0.006450033593924968 0.22075285481239804 0.025407736891764388
0.9832732482898873 0.005746244174896115 0.22393502094595855 0.05675810473815461
0.9871988153744804 0.0069398444688837406 0.23307314595189388 0.012403463608705827
0.9870647465991478 0.005896830505769024 0.2275470604896857 0.0
0.9902102419752736 0.006625925003818223 0.23419043413182114 0.01649928263988522
0.987904789722423 0.006099329886407825 0.22820006646992635 0.032726931732933236
0.9879724691087775 0.006506725499379627 0.22937220765133357 0.02969843385538154
0.9881965708034829 0.007152671303772633 0.23088347172667228 0.012359550561797753
0.9915304903574774 0.007021995746735568 0.2361827941307472 0.03947656352575605
0.9906501747332308 0.0075069486058816194 0.2345835916838549 0.026913064202691305
0.9899986017176794 0.006435922379806462 0.2356363573491018 0.06648902423550311
0.990474815107631 0.006893570551030623 0.2399124012448746 0.027218861868905073
0.9906880528317971 0.005888853330682003 0.24395948530116543 0.04576542491268917
0.9913533154787504 0.004405992895362325 0.2401066534776516 0.05336075332828228
0.9839871478195628 0.004641051320256968 0.25876965382305955 0.0728476821192053
0.9851548050648312 0.006234712661068664 0.25298998819705526 0.10358471156128828
0.9803338570932673 0.005859841887784722 0.2647659585067925 0.07815734989648034
0.9919004671846504 0.005977299458827645 0.2598513776753722 0.18959365708622397
0.991663549134 0.005225532724304275 0.27199464171047416 0.13895402181669894
0.9884644776727717 0.005492459115180529 0.26765055343630795 0.19375764993880049
0.9881967533360494 0.005617912072897281 0.2801756641512844 0.12679203127909142
0.9851736870332934 0.005918068194484462 0.27743986938696386 0.1959268133304291
0.9862787547940842 0.006047414007061301 0.2810925782504392 0.1998428753805362
0.9888207545346427 0.0069190198762641535 0.2835286522764541 0.13318653217786616
0.9948107282776621 0.007587234083210099 0.28423081293676294 0.11647177263223109
0.9831862907121609 0.008344699624080725 0.28482281706490215 0.20947570947570948
0.988201993382314 0.0071835142769480055 0.29380941871454486 0.20945005221023322
0.9877258668809255 0.00885458444695182 0.3003004235988237 0.16795570399015644
0.9878397579475561 0.00868916295406852 0.29854537329930975 0.0977711181869264
0.990914672323974 0.0080714724399125 0.3097690378403268 0.11037823955171609
0.9842138205804114 0.009157361016103089 0.30941912746639694 0.19212318167749923
0.9875899951938959 0.009659207254643849 0.31520204697357984 0.18187614569219734
0.9917874062447153 0.009891701289597939 0.3239893045136072 0.18560701932000337
0.9900425985720079 0.009688930005121174 0.3154191059415601 0.14852121731675955
0.9871543411184037 0.00917993313912866 0.3194887895056947 0.14724264705882353
0.9872032744699498 0.009735626122455 0.3352970133364804 0.17673693586698339
0.9811173782714229 0.008363303530283969 0.35192031267664775 0.1560127019190943
0.9946939184590571 0.009239944137592632 0.3521793194249165 0.16250259533531733
0.9859264527271971 0.009167272072633395 0.3561094969646172 0.15382735658867372
0.989664294815613 0.009631819264926551 0.3603605218181848 0.13742218123126584
0.9869215710293788 0.008447942604932654 0.377492226529975 0.15998658393426127
0.9890265746620626 0.00926001833841823 0.35223384558490184 0.17982171320621052
0.9917631250644879 0.007547631623017764 0.367558126189156 0.13271116735210375
0.9843918515139621 0.007844549055823605 0.37510059688151676 0.13587871982032565
0.9893482432656543 0.008846802607670616 0.37360437656610723 0.14162754303599373
0.9886108322577561 0.009035658792754165 0.3821958490120419 0.12120138560856558
0.9876713052964966 0.00878727971448518 0.37976483847029924 0.12321788239011097
0.9848465434096115 0.009135848413360381 0.37906139763198254 0.14551098376313276
0.9844451852260436 0.010615829331045176 0.3911963556911407 0.175178866263071
0.9847410861540642 0.009685161957058656 0.39469747037464953 0.13369551897389811
0.9869241800580154 0.011781213022569124 0.40579718180889246 0.12043823484501451
0.9920414111704609 0.012776786795714553 0.41814262456055473 0.16781481106270896
0.9863287826747866 0.013987814653149543 0.41114074341936746 0.11097040306823938
0.9853256944894282 0.0146003670949441 0.42184042040051845 0.12441615057260492
0.9915390583039924 0.015565254390446252 0.4221803677020186 0.112168449036312
0.9919019788174563 0.015666265005289278 0.4306036547916486 0.08683798776729411
0.9923878748962761 0.015440122378935916 0.4324968068479898 0.07994913928012519
0.9927655678734658 0.016711690156064277 0.4442270991210437 0.07799934744640424
0.9919523711763498 0.01922229463426745 0.4362857605964827 0.06524597956111859
0.9908368352667127 0.017791553184284586 0.44082584902923516 0.052219478407516715
0.9931592653702058 0.016992785030618147 0.4571300102463242 0.05915134923738757
0.985075570807006 0.01824405526592791 0.4633314130896076 0.06397401707364313
0.9939658078156931 0.01739114857470426 0.4497653228025313 0.05171424735448121
0.9904693842951465 0.021199430860671865 0.5476757371445924 0.058193493039397914
0.9908104451807757 0.01803140708929382 0.4759251342323215 0.07424159978234254
0.9928061817763717 0.019035626990593288 0.5457631888964388 0.12488893824966682
0.986546510938519 0.01562661883068252 0.4422744210270029 0.12209689823122276
0.988581602741177 0.01674040150285676 0.4699747779975826 0.11472120960046975
0.9906238644404919 0.01794186783476538 0.4899626257693628 0.11800937400309194
0.9918027370664539 0.0158246323369398 0.4581731403403223 0.10767294402621767
0.9926791864584826 0.016095717429736263 0.4596316910569498 0.11101013631597344
0.9873218147234738 0.01722285328339422 0.464060641451586 0.10880806116586379
0.9925996594490804 0.018462346953827997 0.4727566036062454 0.1489355313335135
0.9923287399958461 0.01784863730692948 0.46967640631245855 0.16425686715787527
0.9919692332940745 0.017238603119943244 0.49011759276939726 0.19678567497156277
0.9967697787911806 0.01900151667574211 0.47008058002230857 0.17420360882156383
0.9909511741928726 0.018187977422479233 0.48139634901637995 0.14724945533769063
0.9879747826210704 0.018190054989453527 0.47687319838265546 0.12610351393456812
0.9898758239783614 0.01746122011590411 0.4967018277270076 0.14168351547104138
0.9861690520505744 0.01838674699212566 0.5215953082567747 0.16714808969357672
0.9832191732019779 0.020085773455136475 0.517231640684548 0.15572125813449023
0.9953390131217306 0.02182690237627187 0.5409889656213805 0.16473196415925115
0.9910839369685386 0.022195186478319032 0.5640832682251099 0.18804522407331592
0.9850038728918116 0.02216516606132951 0.5557378766190693 0.26660304515681255
0.9813696351472009 0.02310565154787617 0.5675990565814786 0.18829055630602973
0.9829580881523509 0.024486536840704433 0.5679874583578287 0.18975061008273317
0.9883740955480623 0.027682376474908437 0.5939426120762437 0.22351249325903289
0.9869949177275701 0.0279043135507599 0.5990889713650004 0.22403244887611964
0.9837958179829756 0.024581636952124612 0.6072681176692741 0.2804862334092178
0.9898344651682621 0.02614361431364442 0.6207390200421371 0.23994948431909072
0.985861893234807 0.026693349359998977 0.6322390639041764 0.29049926269222665
0.9780814358958638 0.025364716261776474 0.6492109082482651 0.34825744085474436
0.9788278428578191 0.03002977079289234 0.6560329698980439 0.2613836195607438
0.9865587906640624 0.02514369567231049 0.6745215232620692 0.27672981709562583
0.9867468813128684 0.02686855732703761 0.6763450152654584 0.2984284667372364
0.9932689432567346 0.028227904556604476 0.7055664406957084 0.29251233120401066
0.9837480343495396 0.033219035538025486 0.7199868795101684 0.3069208040284656
0.9901242578593907 0.037961960027724354 0.7353952125641623 0.2596522453450164
0.9883846415994547 0.042973981648571136 0.7588599553596979 0.2731679085582001
0.981917284955734 0.041247315522721414 0.7650214911915523 0.31130470016207457
0.991485021946549 0.05007593821069115 0.7997505157312413 0.29406912804399055
0.9892249025608564 0.04736649833458687 0.8112499971188132 0.28409217825099586
0.983179650398602 0.061895677493850096 0.8365715567449667 0.3104294478527607
0.9916110380019475 0.0792082784028317 0.8670445099608043 0.33859762501009777
0.9942189309290288 0.12408358330367583 0.9195514275972276 0.3905426507905524
0.9948625537795879 0.11423334197065231 0.9154066893150963 0.434705311927594
0.9906023922060384 0.11501879043818528 0.9156838659123646 0.5050474702559788
0.9916860001580199 0.12237695053750391 0.9149257488044299 0.3779364865471859
0.9975141316213266 0.12344158842542712 0.9245662751482544 0.5769029557938792
0.98931152255977 0.11472029615137479 0.9160187981201879 0.6438859282730808
0.9923120404295944 0.1207543097634014 0.9135182573013176 0.6947797339893903
0.9900255161215495 0.13779587681343852 0.9234720716699611 0.6755835101545923
0.9909968681618927 0.13159515295987287 0.9216654103695272 0.6811902231668437
0.9918003857083144 0.1564479194603181 0.9243887326018352 0.5943589743589743
0.991457789481673 0.15478064084760582 0.9231066624510231 0.5855655209775477
0.9935975345082039 0.15684203649666825 0.926888598405116 0.5390018090880068
0.9862326494570774 0.15916149885764222 0.918399626593392 0.45409944751381215
0.9915135945919443 0.16192912110618432 0.9248322072674142 0.4532108478748187
0.994056676349746 0.18953968932592277 0.9331216224101314 0.4895833333333333
0.9898011144749909 0.20288879000348772 0.9312496452437885 0.47640885439633124
0.9883877707192051 0.1900160846898849 0.9282887736762614 0.4717138103161398
0.9940737932004574 0.2040435752475598 0.9217529542853365 0.2958990037425544
0.9909693264089642 0.2078660161947392 0.9232802861851258 0.2730056047998815
0.9974343295993738 0.2043465066878312 0.9166469712745368 0.25323951664008043
0.9920358393308695 0.2126081125970399 0.9235660596841304 0.31184447505032314
0.993784726176601 0.21580200019232618 0.9408083121983146 0.7566611945952771
0.9892594515618774 0.2224477088762309 0.9339700443638639 0.6435546342261742
0.9926940232901309 0.2003220611916264 0.935021192154274 0.5692095762872886
0.9924996620122059 0.22416275663464164 0.9343630623188383 0.48863181490673285
0.9900985273208843 0.2090091215794077 0.9269023270141988 0.38534321163973934
0.9942226622949264 0.22055134570159393 0.9326081842976801 0.4059100911662999
0.9923992103748365 0.2238576882207092 0.9370019561917722 0.5157075023741691
0.9866671345685945 0.2300407592246331 0.9338454563607023 0.47846428571428573
0.9897305241840718 0.24822511764545874 0.9404823310642101 0.5734084553380491
0.9931056832194225 0.2276242795632162 0.9392453599568552 0.5401943795675431
0.9882608553139882 0.2564441037869755 0.9340456412821543 0.4409043889463573
0.9899248237747581 0.25748059489245717 0.9437141683264267 0.5671445234601347
0.9939178472696106 0.25183424473084004 0.9420107920362215 0.5526804912715478
0.9976980623121582 0.28021558499887717 0.9488559580082939 0.5500679655641142
0.992774826450751 0.2834741569612545 0.9487433596640452 0.6410399109556368
0.9894027366113118 0.2596592839940308 0.944090281281273 0.6055096621920637
0.9925213935190818 0.26875129360441974 0.9495801942923009 0.6201772775754901
0.9905115578097887 0.2664235911213459 0.94860416853742 0.6521706417876759
0.9922035119294899 0.26533544031030026 0.9476861669992875 0.6082670356278105
0.9882244301256611 0.2559781480120761 0.9474034309721088 0.7085497248275328
0.9877735240781785 0.24850817194584235 0.9406885313164721 0.5918392734962991
0.991670029698155 0.24701496297042672 0.95270646961029 0.7587636191378494
0.9915347653879727 0.26219217769193626 0.9534664635113057 0.6916097426343752
0.9929098593326184 0.27701736465781407 0.9572639351733769 0.7641649914377188
0.9924870044552878 0.2618614155675274 0.9504088454658549 0.6070493753718025
0.9922305429874667 0.2641774583748399 0.9493926398256831 0.6156133828996283
0.9924140931440252 0.29630545424573984 0.9580793906714121 0.6474098562743396
0.9933426785550142 0.31283559788952703 0.9570856338456983 0.5589298448373374
0.9891915854321767 0.2974775504370817 0.9597908807376657 0.6909531456906995
0.988960438442927 0.27512575204655293 0.9562547424517814 0.5983443868906424
0.9800847472033309 0.2690556274256145 0.9521344866654682 0.6844273186287536
0.9950384890231658 0.24255339996080738 0.9590913368244094 0.6616834262618393
0.9850379169183276 0.21668261999179544 0.9535344486713907 0.6722608309921633
0.9892909246823249 0.22692689381409195 0.9622280274835385 0.7492178360584378
0.9875841185135156 0.21631095669437894 0.9596336635438536 0.7296992573347386
0.9839679998942437 0.2144515472442197 0.9580371600296402 0.7383666289129335
0.9913432347312628 0.13334480808478202 0.9559043885216963 0.786861026297646
0.9919708174784866 0.1979644841749215 0.9636692132975428 0.7908529701424419
0.9909886184835119 0.1819792897352144 0.9661502202336018 0.8086639199529134
0.9884426712087422 0.19816703083272638 0.9605855011135281 0.8025278577968334
0.9828929085035489 0.24262066944993774 0.9635920535086225 0.8459859381462249
0.9878206286577748 0.3147281744175166 0.9692625087577031 0.7938322938322938
0.9882225954000995 0.24044569405394148 0.9624295026513624 0.7789606227106227
0.9907440137792838 0.2412510626239728 0.9674628118282793 0.8341770661643513
0.9860132701033648 0.2770046149408711 0.9663081694385715 0.8593918726911054
0.9895532005477119 0.2400434959902134 0.9693967091381269 0.9019186492709133
0.9822110853710057 0.28784307762487643 0.9668901787538475 0.8844243052901676
0.9877960601731831 0.2481796817814077 0.9718985395080096 0.9184436021341189
0.9869503988867391 0.19732516773990183 0.969676975014204 0.8574778446212562
0.9927550970058814 0.19876442575829079 0.9745169713655116 0.8778789588202112
0.9898291372805302 0.09959950414799275 0.9705106606613981 0.8679220105270962
0.9893619632504185 0.1451999804180741 0.9701230357401952 0.8450825357192399
0.9892564780960582 0.0008505812305075135 0.9694745745443019 0.891541517031233
0.9876329554270841 0.058842375053395984 0.9704447727641335 0.8797338725458221
0.9902783536466256 0.0794188105405687 0.9741432674389099 0.9136340662117766
0.9921693334027586 0.04664046593115204 0.9715287570680231 0.883989669987028
0.9896539494867798 0.0002247443532981234 0.9674870015656107 0.8448144139555612
0.9880641004376284 0.00037821482602118004 0.9737721073186887 0.895389752422414
0.9912018407984962 0.0 0.9751160077728457 0.8483955344111905
0.9857196661792847 0.0036587542388006426 0.9689351573919399 0.8566640486584229
0.9876280494979233 0.0031519421525910817 0.9689841245014468 0.8547091913526785
0.9912272850470529 0.02190018725067166 0.9706091666050777 0.8630266174533747
0.9912934680850796 0.0 0.9715261825805859 0.87201367816269
0.9891074570961677 0.010860326754178865 0.9729356647926399 0.9064770611629878
0.9869109096998995 0.003450375482037751 0.9746919601974254 0.935508764193584
0.986804879818095 0.00249514832270585 0.9751522284105788 0.9508148592753037
0.98462445822132 0.02266579610110997 0.9701378640641533 0.9321000035395307
0.9925755094477581 0.0 0.9756340603715581 0.9523977900552486
0.9881659604510981 0.0 0.9735052416429225 0.9424962132384185
0.9869576066351593 0.0 0.9642699171656468 0.9141833212409032
0.988414637941874 0.0 0.9623652721280324 0.9323232323232323
0.9835546124686954 0.0 0.955429387785263 0.937044375350119
0.9837004547040958 0.0 0.9446555414174211 0.9218922295327725
0.9935656598526758 0.0 0.9521445199243358 0.9224854378039593
0.9886192814857977 0.0 0.9348335879176438 0.9004981348091401
0.9921275879563681 0.0 0.9367577162880563 0.9137534191375342
0.9941574520458647 0.0 0.9397226522080548 0.9249759755002904
0.9856376418854947 0.0 0.7539464458913082 0.8395797307476051
