0.9850157554411233 0.003393394970758727 0.18072544249319333 0.006260143751449107
0.981068373872464 0.0030087792738319225 0.1889798410753555 0.041404805914972274
0.9853383515470306 0.0029035300866312387 0.19517655144947552 0.028263002944062806
0.9815993974672607 0.004799217636973897 0.19434111031500295 0.08410212400772367
0.9815364878635682 0.006516141267914318 0.20322686998720332 0.09502262443438914
0.9823555639737275 0.004716457171954086 0.18004655999057334 0.13327330031517334
0.9862864015283292 0.00480803486459711 0.183058667799764 0.049884437596302005
0.9730834943509009 0.004571124403354619 0.17480324479283596 0.10880829015544041
0.9858308249997856 0.005559028203807847 0.18774539390583098 0.13545816733067728
0.9800490415993215 0.004331902723762031 0.19853396862389944 0.2430392922196201
0.9872605191818564 0.006508918019110593 0.19036133350935366 0.17955598926567456
0.979605940284816 0.004893630290226771 0.19610552394906486 0.1265981974428841
0.9874025750945672 0.005608733945664483 0.19393247797277535 0.11370395790436971
0.9768606078194594 0.005082665271999188 0.196732291423924 0.18685407193054981
0.9872828420726797 0.0056420650351203805 0.204648269271344 0.16660929432013769
0.9772162592837413 0.005041163668613505 0.18797192030531934 0.09219047619047618
0.9850738313568254 0.00709791600225212 0.19697425673049193 0.046983996717275336
0.9863449103264887 0.006751351901858204 0.19626655189321024 0.13375912408759125
0.9855934239736615 0.007006595091870603 0.2059092226115401 0.20124333925399646
0.9810216747963436 0.005775071985836793 0.20807413121020427 0.14357120068063384
0.9816851194681268 0.007196123022166885 0.21141829858622582 0.09472817133443164
0.9871432464326105 0.007762697975102307 0.19997218307097278 0.025309602761047573
0.986300892318669 0.007012290223969056 0.216550839285555 0.07522384157898176
0.9904229876269243 0.007968618344736713 0.22374215690659857 0.07733106338397067
0.9904339301976207 0.00743336618741428 0.22097248715409054 0.05069485222156978
0.9920663013946643 0.007808940966985695 0.22040513858239122 0.05537786139855754
0.9836697294349285 0.007965998862150117 0.22379669693460905 0.09145924841386043
0.9873378023899738 0.008948767724510465 0.23315274793091084 0.03932794026135657
0.987634337393881 0.007795054969673162 0.22757657573782702 0.04368695652173913
0.9907320640059065 0.00836007554675291 0.23460378259971737 0.03854349164259671
0.9882304213442122 0.008773823474989206 0.22916237809741913 0.05460183354305231
0.9881065105215359 0.008395149925122119 0.22961986131056486 0.043790353209267
0.9885521252490527 0.008860458737020075 0.2310777647444028 0.03424552820669623
0.9920232159034831 0.00950985987198384 0.2362666802137798 0.04735995619888444
0.9910412255986749 0.009075200209278347 0.23477226911180904 0.03891786179921773
0.9907100500256385 0.007739588033721029 0.23606696050231404 0.08527083071509363
0.9911732308520794 0.008107789800797143 0.23992604811653798 0.040184434003560275
0.9912310460161883 0.007241848135371549 0.243736116459137 0.07873303167420814
0.9915992049967445 0.005770228886090451 0.24020365081732276 0.0534879644776817
0.9844087416279657 0.005793967737965395 0.2590463278185283 0.10215012031359155
0.9857510967534626 0.007069085533520148 0.25339346675436125 0.12261299122612991
0.9807401465279644 0.006265446473008703 0.26420677370184215 0.11694029166284509
0.9926100159516728 0.007669930251473638 0.26010894347189195 0.21993190392932732
0.9918976976926381 0.007313111998252451 0.27222174278872086 0.16584440227703984
0.9891968586574148 0.0076826163553576 0.26766708100332587 0.2956120092378753
0.9886323332116808 0.007134633130434047 0.280078994379363 0.21184378259357978
0.9855630016786008 0.007280793374257367 0.2772297333647536 0.2972972972972973
0.9865389047275025 0.007087774407170738 0.28095594371384996 0.21447401989965134
0.9888349796068273 0.007923476401405224 0.2834865740455624 0.23804390435123482
0.9947153129545759 0.008719860040888601 0.28380369799738797 0.22676579925650558
0.9833351978317578 0.008608946181751094 0.28385912693115395 0.2623200280931757
0.9883521658914064 0.008317884378897474 0.2933409648481044 0.2698817966903073
0.9879510707179081 0.010170483646740324 0.301044220325834 0.21583775953645581
0.9880580217581593 0.0100955637138133 0.29781280772716395 0.1310144927536232
0.9914215894860978 0.009729439106853803 0.30900243309002434 0.13115503256026506
0.9842649639939617 0.011248267898383372 0.30930102303975393 0.2336554860716316
0.9878250664325823 0.010693055883459833 0.3154720175025352 0.20792778649921506
0.991832515354228 0.011621098842749525 0.3237151581885459 0.20696142991533395
0.9904655281258054 0.011600774956279078 0.31585441482200294 0.2082764505119454
0.9877912831682241 0.011763919524095983 0.3192480747074162 0.19718213058419243
0.9878235392151264 0.011164078570762289 0.3335067385313901 0.19871098558910855
0.9815358757389591 0.009930193189239227 0.34997100053798447 0.19492703266157055
0.9950838048716826 0.01078532833195221 0.3518897617958243 0.23261032161555723
0.986569518012755 0.010186536322540485 0.355756508727774 0.24537713941687453
0.9902549505637307 0.01136018491348911 0.36144164992808864 0.19578357658853016
0.9876306958426935 0.010576701299321044 0.37921094638594505 0.2398573339277753
0.9895208045934156 0.011777117051485816 0.35165019782895407 0.23277232971110523
0.9925780361460192 0.00898466814008359 0.3671051844957934 0.17761922643634998
0.9849041794291896 0.009011698002541627 0.3737018316761483 0.19182759585782255
0.9901206957209819 0.010123006833712984 0.37171311449770655 0.15167984189723321
0.9897495462100925 0.010557529823678639 0.38043956920622257 0.13696260912535002
0.9880664531000196 0.010621351680410463 0.37909647676227326 0.15366020524515395
0.985712609352661 0.011290809213674858 0.3770152594568361 0.1537707672204592
0.9852714581891916 0.013106770419776613 0.38924657931239276 0.1770739064856712
0.9852099185068192 0.012442438841059647 0.39079669511770093 0.12301655594947165
0.986997850085755 0.013827834109380635 0.40210161086532026 0.12166921626525312
0.9925010692964331 0.015591058356755002 0.41485525425078645 0.16080356740687357
0.9868801754761498 0.016077254952967905 0.4091093520849859 0.11208112282586798
0.9855767731223893 0.016438329068927955 0.41673343125472917 0.11594680404960163
0.9920109702959425 0.017852368084198548 0.4176759904311055 0.1061761745855183
0.9921244799688634 0.017543962830088806 0.42755780901403057 0.08843235568176776
0.9925893923726693 0.017397375454190563 0.42728140223185174 0.0764904386951631
0.993017893562347 0.01780023630816312 0.44092739911867457 0.07640461000205803
0.9922773264510074 0.020085464784539434 0.4347252426239086 0.06704753199268738
0.9911822131907442 0.01898938090635478 0.4420395492822474 0.04927040461809824
0.9931380981251968 0.01878506952915345 0.4570849326874089 0.06288907948980439
0.9853472860681514 0.020062114373265973 0.46466223277140056 0.0644600288437067
0.9944620178573113 0.020110780966762457 0.445134331656642 0.0484863642294811
0.990972004737696 0.023530431697029813 0.5432595345556096 0.05663278790936832
0.9910944770621589 0.020011352785321478 0.4717567971076481 0.07107794714366043
0.9932070274255452 0.021127946595302476 0.54369268457782 0.11782402840797002
0.9869057768492048 0.017481426261927054 0.44281392762537164 0.11022881393008706
0.9887233257560429 0.018575261864222547 0.4672126417897769 0.11024623413072554
0.9906511334350181 0.01970218264720123 0.490374135244271 0.10480492813141684
0.9921124086889658 0.01798768324399236 0.4604140129447746 0.10594767098734399
0.993045508371772 0.018505693077116067 0.46004885334811396 0.11492030663399501
0.9877763165983421 0.019464055916597518 0.4645248011388229 0.10784008630526337
0.9930258171568521 0.020009890528436804 0.4722009131835063 0.14794330183435242
0.9925062427851757 0.019719874921749564 0.4702218482484215 0.18280339766329287
0.9923665596174711 0.01933297646586499 0.49180061439624734 0.2229038854805726
0.9970487994362173 0.021040753199313707 0.4708479127838233 0.19813664596273292
0.991538022951729 0.020513741520817308 0.4836957574114594 0.1653945497286473
0.9885384746743575 0.02000712648548701 0.4764757932197161 0.14164909707580897
0.9903321448499579 0.019998128714870316 0.496677143994743 0.17035950110051357
0.9863102255010077 0.02093602238066156 0.5237411596939857 0.20217077694579927
0.9838557790848322 0.022772458355481612 0.5185305001886444 0.17923624827916443
0.9952047423510951 0.02417547173801183 0.5420747971443831 0.21876478939895883
0.9915219264268287 0.024695700071271594 0.5664780492483276 0.23231237021655296
0.9850702261277688 0.024604888645895582 0.556552902459367 0.32814890362060173
0.9815835662347034 0.027100154210239334 0.5689453735865586 0.22716610988698557
0.9833150906699624 0.028290296537288394 0.5697130898450472 0.24574100879634783
0.9889394032044906 0.030776987088848195 0.5965458180491692 0.3093143348952855
0.9870640094400149 0.030450864974865148 0.6003277512947888 0.3076854967239242
0.9840742663326967 0.02760460735324638 0.6118740434329788 0.4675049545547735
0.9901383379106907 0.029040422391043916 0.626368704038652 0.34723375164802966
0.9863953898743886 0.029622435352676946 0.6356696967809745 0.4158312568812656
0.9781399406556996 0.02910283676782029 0.6522060248520186 0.4619993487463367
0.9791694117978168 0.033128562602725356 0.6607614113967354 0.3357741064482175
0.9871142869266784 0.027491316930221464 0.678037323631458 0.34655054977133404
0.9863695623323193 0.03080174817453596 0.6798007696433136 0.3719582850521437
0.9936448866603991 0.03240929798416394 0.7100881012411986 0.374565843008832
0.9841350167282517 0.03780340869880022 0.7246901525625056 0.4062716655111727
0.9903915906952601 0.042633428060961424 0.7411858063383908 0.34269883512935734
0.9887706153893817 0.047474583190884136 0.7641182122472878 0.3555096356857284
0.9823780538540806 0.04547824178236295 0.7695125169729771 0.4058728065726747
0.9916560674202098 0.05462926213950856 0.8033362774087016 0.36363636363636365
0.9894835316444872 0.05393252641921491 0.8155232560375697 0.36274329783327214
0.9835471565084921 0.0683899408876866 0.8391098772394049 0.3486590038314176
0.9918152421455264 0.08811625532937008 0.8695394257340073 0.3736249458640104
0.994570804062805 0.1382179062633322 0.9233702696130701 0.47354846105347626
0.9948278556047637 0.1263090444812119 0.918235580668758 0.5080348380765456
0.9908284865495722 0.12537986566788611 0.9125747652288011 0.3942567104119987
0.9920223909363635 0.13482260980215918 0.9164782689676877 0.39648756580141586
0.9977711354839794 0.13593568722471483 0.9262950048921201 0.6193227626981994
0.989739447641463 0.13320951711675535 0.9205151959071545 0.610732538330494
0.9925953039585721 0.14027028572517775 0.9178298692771636 0.591586048879837
0.9902435665761526 0.15360013378345894 0.9253114716406329 0.5939299812334174
0.9912303507378253 0.14646339703547942 0.9260773483316218 0.7080845199816261
0.992264141852173 0.17388031614602936 0.924163075052571 0.489054854493948
0.991572671705158 0.16772914157564683 0.9139183686556157 0.3282672780871274
0.9941631168305037 0.1740011418719984 0.9257340629771038 0.42263204723772546
0.9866076691906615 0.17301611203132058 0.9159695945297044 0.36106279204611347
0.9918097488807263 0.18547353318201598 0.9214078238182566 0.3180614087898856
0.9942663305243287 0.2073099099747066 0.926046784571451 0.3333030358116706
0.9902341316735147 0.2223111337431346 0.9269146278859869 0.3566650508967523
0.9889793008117639 0.20871438775629692 0.9273075759426322 0.3896884614024541
0.994689373610272 0.22005419412857496 0.913447430421972 0.22764501068291526
0.9915811708641025 0.22483948178260704 0.9160679448449233 0.21731438570851683
0.9978479214100028 0.22259708737864078 0.9130785496436465 0.21690022626085687
0.9927968605253368 0.22701167247602863 0.9024274307517242 0.18074147276375288
0.9943153869825754 0.2349371053790808 0.9378175606840189 0.5266244125382659
0.9895269185357244 0.2445440632418688 0.9324287635207537 0.4774742676167854
0.9931239740976568 0.21616384596517046 0.9334824433079847 0.4599330650923175
0.9931529056780753 0.23963666391412056 0.9298336638471811 0.366404599859188
0.9906287298439825 0.2358214849921011 0.9290227209445237 0.36079366384389816
0.9947159653502037 0.2301763553233181 0.9263932213997242 0.3236050871131368
0.9932126137558165 0.234016682791622 0.9322014881062067 0.41297803213210527
0.9873558687181455 0.2382183869541331 0.9301447935921133 0.4068427478188369
0.9904086860847024 0.2602672551183033 0.9407679919989868 0.5531018337885291
0.9935335651018393 0.24469481513891927 0.937939602714 0.47851377405967127
0.9885169927909372 0.27943704653398993 0.930325452290813 0.36742260099186286
0.9907667200932537 0.2826819251534309 0.9436354445577841 0.5007979156489171
0.9945653502944399 0.27139381397169865 0.9442336600698198 0.5659410546207799
0.9981929833157182 0.293136903695743 0.9511130325968438 0.591801660145537
0.9938275473844261 0.30129395692950006 0.9522306904071095 0.686454711044875
0.9901555780610688 0.27483118660201683 0.9467782102327801 0.6387307371137934
0.9933731631066296 0.2839154193395106 0.9520027653001364 0.654863239132902
0.991198274451606 0.28143346576378053 0.9502051019847344 0.6587473002159827
0.9931505982294204 0.28186258756989524 0.9479392697170957 0.5723887490841908
0.9890802727697681 0.2767599314789135 0.9486198156970651 0.6698397873410447
0.9885275683740807 0.26784723433264107 0.9410923879627157 0.5599261737224593
0.9921438523402906 0.26250504235578864 0.9534703587004153 0.7449368052383127
0.9922473506906728 0.2793045532566767 0.9549351577486804 0.7077744272295587
0.9937551825103822 0.2873632495023104 0.9578524899977885 0.7703793381759484
0.9929488274216343 0.2827868091035764 0.9506774342022679 0.5922068233336203
0.9927184940814751 0.27943482289216737 0.9515546731392073 0.6415903002960666
0.9933038309038907 0.3243890072000811 0.9596384330422247 0.6601469056932991
0.9941148218705261 0.328191249436175 0.956801897307399 0.5484848484848485
0.9898256943206695 0.3125492742197282 0.9619033223749124 0.7198860202055091
0.9897134953072017 0.2864240378443911 0.9572937952579895 0.6247949495451608
0.9811491600757479 0.29178376168821213 0.9541971622364311 0.7045934101606882
0.9953235637225202 0.2634483099915871 0.9623566226315302 0.7081612232855273
0.9862215600875986 0.2534005763688761 0.955519826236727 0.6528631663251124
0.9898478796577876 0.2548819360628849 0.9631911471731276 0.7329928390901432
0.9883006376219147 0.25376160157116157 0.9610460038816283 0.7166135401303583
0.9850387828326616 0.23519001190591113 0.9600071472566819 0.7474654822825142
0.9922881953063517 0.1422886537901582 0.9569123624573291 0.797694978698254
0.9929396278346198 0.2217343578485181 0.9662954478636885 0.8037446153105672
0.9914854583357308 0.18558944765045343 0.9671074183526036 0.8223684210526315
0.9880330912195181 0.20283595237418658 0.9599933332297048 0.7899459836208399
0.9832858197663061 0.24521860303083087 0.9647824491841737 0.8606405198421908
0.9876941152997772 0.318007493938726 0.9692120394273644 0.7892723392260299
0.9877286318544961 0.23642342624491075 0.9617967638476934 0.7822335987864998
0.9888816116711567 0.2330164545368411 0.9667738615899151 0.8340906442968659
0.984983479212005 0.2710381086111746 0.9659386848698971 0.8732649827214235
0.9896123262152992 0.24450514547071528 0.9694002551601354 0.908029029354882
0.982427512473437 0.2888767980412827 0.9673398671489178 0.919415362677774
0.9881523023473184 0.24181974248927038 0.9711205291466491 0.9372403236387492
0.9853985732102294 0.21176787500962058 0.9698711326776795 0.876996569102221
0.9914180703114094 0.18678581892762966 0.9743044273619421 0.8988003286770748
0.9893429056125825 0.17648783347991792 0.9692540066193108 0.8543728774201039
0.9901646265282629 0.21064704609391907 0.9683899288957227 0.8233140395746399
0.9895673660740947 0.08546236559139785 0.9698047246315036 0.8963286760900945
0.9874524838526431 0.09129015178256265 0.9680594186261624 0.8741809158233492
0.9904241886582271 0.1092664827323756 0.9737549964768821 0.9174895376329132
0.9925490748889727 0.08270959648756011 0.97052075108547 0.8850795913518651
0.9897560720468338 0.01645033994199591 0.9655766017925345 0.8392730880040524
0.9881298295113918 0.004682868998221695 0.9711666918555361 0.892664588686239
0.9913006320435224 0.0002960331557134399 0.9728591901815755 0.8451802920806986
0.986443953546764 0.010955271788430674 0.9664834384433165 0.8513839293806305
0.9877362858682643 0.02228065319678937 0.9663805253676164 0.8484392628807822
0.9909563866894753 0.02813251897094207 0.9704094600626205 0.8743351173322355
0.9918387093116573 0.001211430200242286 0.9716709169067613 0.8897931902178187
0.9899918880296953 0.018502943650126155 0.9725519225146569 0.9144623840604603
0.9882922098453917 0.014985175094158186 0.9740321646469082 0.9394531520669632
0.9871043859835499 0.01161320903776268 0.9741093693645614 0.9524579644858834
0.9862695321267013 0.03282203529605806 0.9704980859597856 0.9340541501273772
0.9927409214600732 0.0011734028683181225 0.9730541144862085 0.9484124361008285
0.9897340694422655 0.0016747301823595087 0.9721539603884835 0.9399578073802174
0.9883334988332257 0.0 0.9625779530699194 0.9103589500732283
0.9878172071224012 0.006011315417256012 0.9610693687250977 0.9321105849754968
0.9841439429191872 0.0 0.9546148593539576 0.9353411227756738
0.9850388722049196 0.0 0.94234966170712 0.9172741238184032
0.9939391998265527 0.0009848792074619082 0.9487645568633964 0.9187169551465353
0.9900073806338533 0.0 0.935539451679927 0.9030919579063278
0.9934252241179168 0.0021357600520011144 0.9372190819348698 0.9164406679493325
0.9951036060901559 0.0 0.937186297660428 0.923154089300248
0.9867111529690067 0.0 0.7613532194717983 0.84716543557182
